raw-data-f/2018100812f3.json
{"header": { "discipline":0, "disciplineName":"Meteorological products", "gribEdition":2, "gribLength":75252, "center":7, "centerName":"US National Weather Service - NCEP(WMC)", "subcenter":0, "refTime":"2018-10-08T12:00:00.000Z", "significanceOfRT":1, "significanceOfRTName":"Start of forecast", "productStatus":0, "productStatusName":"Operational products", "productType":1, "productTypeName":"Forecast products", "productDefinitionTemplate":0, "productDefinitionTemplateName":"Analysis/forecast at horizontal level/layer at a point in time", "parameterCategory":2, "parameterCategoryName":"Momentum", "parameterNumber":2, "parameterNumberName":"U-component_of_wind", "parameterUnit":"m.s-1", "genProcessType":2, "genProcessTypeName":"Forecast", "forecastTime":3, "surface1Type":103, "surface1TypeName":"Specified height level above ground", "surface1Value":10.0, "surface2Type":255, "surface2TypeName":"Missing", "surface2Value":0.0, "gridDefinitionTemplate":0, "gridDefinitionTemplateName":"Latitude_Longitude", "numberPoints":65160, "shape":6, "shapeName":"Earth spherical with radius of 6,371,229.0 m", "gridUnits":"degrees", "resolution":48, "winds":"true", "scanMode":0, "nx":360, "ny":181, "basicAngle":0, "lo1":0.0, "la1":90.0, "lo2":359.0, "la2":-90.0, "dx":1.0, "dy":1.0 }, "data":
[rows 0 to 25 of 181, columns 0 to 57 of 360]
1.3132129,1.2032129,1.0832129,0.9732129,0.8532129,0.7432129,0.6232129,0.50321287,0.39321288,0.27321288,0.15321289,0.04321289,-0.07678711,-0.1967871,-0.3067871,-0.4267871,-0.5467871,-0.6567871,-0.7767871,-0.8867871,-1.0067871,-1.1267871,-1.2367871,-1.3567871,-1.4667871,-1.5767871,-1.6967871,-1.8067871,-1.9167871,-2.026787,-2.1367872,-2.256787,-2.3567872,-2.466787,-2.576787,-2.6867871,-2.796787,-2.8967872,-3.006787,-3.1067872,-3.206787,-3.316787,-3.4167871,-3.516787,-3.6167872,-3.706787,-3.806787,-3.9067872,-3.996787,-4.086787,-4.186787,-4.2767873,-4.366787,-4.446787,-4.536787,-4.626787,-4.706787,-4.786787
1.0232129,1.0032129,0.9732129,0.9532129,0.9232129,0.9032129,0.8732129,0.8432129,0.8132129,0.7732129,0.7332129,0.69321287,0.6532129,0.6132129,0.5632129,0.50321287,0.4432129,0.3832129,0.3232129,0.2632129,0.1932129,0.12321289,0.053212892,-0.036787108,-0.10678711,-0.1967871,-0.2767871,-0.3667871,-0.4567871,-0.55678713,-0.6467871,-0.7367871,-0.8467871,-0.9467871,-1.0567871,-1.1567872,-1.266787,-1.386787,-1.4967871,-1.6167871,-1.7267871,-1.8567871,-1.9867871,-2.1267872,-2.266787,-2.4067872,-2.556787,-2.706787,-2.8667872,-3.016787,-3.1867871,-3.3567872,-3.536787,-3.716787,-3.8967872,-4.0667872,-4.246787,-4.426787
-0.09678711,-0.09678711,-0.08678711,-0.08678711,-0.08678711,-0.09678711,-0.08678711,-0.07678711,-0.05678711,-0.02678711,0.01321289,0.063212894,0.11321289,0.1632129,0.2232129,0.27321288,0.3432129,0.4032129,0.4532129,0.50321287,0.5432129,0.57321286,0.6032129,0.6232129,0.6232129,0.6232129,0.6132129,0.5832129,0.5432129,0.50321287,0.4432129,0.3832129,0.30321288,0.21321289,0.11321289,0.0032128906,-0.116787106,-0.25678712,-0.4067871,-0.5667871,-0.7567871,-0.9367871,-1.136787,-1.3467871,-1.5567871,-1.7867872,-2.016787,-2.236787,-2.466787,-2.706787,-2.946787,-3.1867871,-3.4167871,-3.6467872,-3.8767872,-4.116787,-4.356787,-4.596787
-0.38678712,-0.3367871,-0.2667871,-0.2267871,-0.1667871,-0.116787106,-0.05678711,0.01321289,0.08321289,0.15321289,0.2232129,0.2932129,0.3532129,0.4032129,0.4432129,0.4732129,0.49321288,0.5132129,0.5332129,0.5632129,0.5932129,0.6232129,0.6532129,0.6732129,0.7032129,0.7332129,0.75321287,0.7732129,0.7932129,0.8132129,0.8332129,0.8532129,0.8732129,0.88321286,0.9032129,0.9232129,0.9132129,0.8932129,0.8532129,0.7732129,0.6732129,0.50321287,0.3232129,0.10321289,-0.13678712,-0.3967871,-0.67678714,-0.9567871,-1.2367871,-1.5267872,-1.7967871,-2.056787,-2.3367872,-2.6167872,-2.8867872,-3.1667871,-3.4167871,-3.6867871
-0.5767871,-0.4667871,-0.3767871,-0.2967871,-0.23678711,-0.17678711,-0.10678711,-0.01678711,0.08321289,0.18321289,0.2832129,0.39321288,0.50321287,0.6132129,0.7132129,0.8132129,0.9032129,0.9632129,0.9732129,0.9532129,0.88321286,0.7632129,0.6132129,0.46321288,0.33321288,0.2432129,0.21321289,0.23321289,0.3232129,0.4532129,0.5932129,0.75321287,0.9032129,1.0432129,1.1732129,1.2732129,1.3432128,1.3932129,1.4032129,1.3832129,1.3432128,1.2532129,1.1532129,1.0232129,0.8732129,0.7232129,0.5632129,0.39321288,0.2232129,0.03321289,-0.1667871,-0.3767871,-0.5967871,-0.8267871,-1.0567871,-1.2967871,-1.5467871,-1.7967871
-1.3467871,-1.2267871,-1.0967871,-0.99678713,-0.9367871,-0.9067871,-0.8967871,-0.8767871,-0.8167871,-0.7167871,-0.5867871,-0.41678712,-0.2267871,-0.02678711,0.18321289,0.3832129,0.57321286,0.7732129,0.9632129,1.1432129,1.2932129,1.4132129,1.4532129,1.4232129,1.3132129,1.1332129,0.9332129,0.7232129,0.5432129,0.4232129,0.3532129,0.3432129,0.3832129,0.4732129,0.6132129,0.7832129,1.0032129,1.2532129,1.5032129,1.7432129,1.9432129,2.0832129,2.1532128,2.173213,2.1632128,2.1232128,2.0832129,2.003213,1.9232129,1.8132129,1.6732129,1.5232129,1.363213,1.2032129,1.0432129,0.8932129,0.7332129,0.5632129
-0.006787109,-0.6867871,-1.1767871,-1.516787,-1.6867871,-1.7467871,-1.7467871,-1.7267871,-1.7267871,-1.7267871,-1.7067871,-1.6567872,-1.5367872,-1.3567871,-1.136787,-0.8867871,-0.6467871,-0.3967871,-0.15678711,0.08321289,0.3532129,0.6432129,0.9532129,1.2732129,1.5632129,1.8232129,2.033213,2.1632128,2.213213,2.173213,2.053213,1.8532128,1.6032128,1.3432128,1.113213,0.9532129,0.9032129,1.0232129,1.3032129,1.7032129,2.1532128,2.553213,2.8432128,3.033213,3.1232128,3.183213,3.233213,3.283213,3.293213,3.273213,3.203213,3.1032128,2.993213,2.8832128,2.783213,2.683213,2.5732129,2.453213
4.2232127,3.6132128,2.8232129,1.8932129,0.94321287,0.10321289,-0.5667871,-1.016787,-1.3167871,-1.4867871,-1.5967871,-1.6867871,-1.766787,-1.8167871,-1.8167871,-1.7567871,-1.6467872,-1.4567871,-1.1667871,-0.7667871,-0.2667871,0.2632129,0.7932129,1.2832129,1.733213,1.9232129,1.9432129,1.8432128,1.7432129,1.6932129,1.7632129,1.9232129,2.1132128,2.243213,2.263213,2.1532128,1.9132129,1.6432129,1.483213,1.5232129,1.7732129,2.1432128,2.5632129,2.9032128,3.203213,3.533213,3.6532128,3.803213,3.963213,4.133213,4.2432127,4.293213,4.273213,4.193213,4.113213,4.043213,4.023213,4.0332127
6.083213,5.983213,5.813213,5.553213,5.143213,4.613213,4.023213,3.463213,2.933213,2.473213,2.0832129,1.7832129,1.5732129,1.4132129,1.3032129,1.2432129,1.1932129,1.1332129,1.0632129,0.9532129,0.8332129,0.7032129,0.6732129,0.7232129,1.1032128,1.6832129,2.3632128,3.283213,3.953213,4.313213,4.143213,3.6232128,3.003213,2.483213,2.253213,2.273213,2.423213,2.5632129,2.5632129,2.433213,2.273213,2.193213,2.233213,2.3932128,2.6232128,2.8632128,3.1232128,3.3732128,3.6632128,4.0132127,4.403213,4.833213,5.2432127,5.573213,5.793213,5.873213,5.873213,5.833213
6.713213,6.623213,6.563213,6.4932127,6.4532127,6.333213,6.163213,5.9532127,5.713213,5.543213,5.443213,5.383213,5.583213,5.613213,5.363213,5.133213,4.903213,4.593213,4.1832128,3.8132129,3.6032128,3.553213,3.523213,3.423213,3.253213,3.173213,3.3132129,3.723213,4.2632127,4.773213,5.2232127,5.593213,5.903213,6.0132127,5.963213,5.663213,5.143213,4.373213,3.453213,2.6032128,1.8832129,1.4432129,1.2532129,1.2032129,1.3032129,1.5332129,1.8032129,2.173213,2.513213,2.8432128,3.273213,3.6632128,4.0332127,4.403213,5.0132127,5.843213,6.5332127,6.623213
6.253213,6.383213,6.5332127,6.503213,6.4532127,6.903213,7.353213,7.4732127,7.213213,6.833213,6.663213,6.873213,7.103213,7.173213,7.2632127,7.713213,7.9532127,7.9932127,7.2032127,5.843213,5.4932127,3.953213,2.1232128,1.9432129,3.053213,4.273213,4.7632127,4.863213,5.393213,5.443213,5.633213,5.833213,6.053213,6.403213,6.893213,7.5332127,8.213213,8.713213,8.713213,7.813213,6.043213,3.9032128,2.193213,1.7132128,2.003213,2.3232129,2.0832129,1.5132129,0.9932129,0.8332129,1.0532129,1.4632128,1.7832129,1.8232129,1.9632128,2.503213,3.173213,3.943213
5.663213,6.133213,6.2032127,6.293213,6.293213,6.003213,5.553213,5.233213,5.003213,4.343213,3.1332128,2.253213,1.9532129,1.7832129,1.4532129,0.4132129,-0.1967871,1.1332129,2.683213,2.173213,1.6432129,2.1632128,3.4032128,4.7032127,5.653213,6.173213,6.5332127,6.803213,7.063213,7.2232127,7.323213,7.403213,7.523213,7.7232127,8.013213,8.413213,8.903213,9.403213,9.903213,10.483212,11.153213,11.773212,12.143213,11.853213,10.833213,9.363213,8.093213,7.353213,7.093213,7.083213,7.143213,7.2232127,7.343213,7.4532127,7.483213,7.403213,7.2232127,6.943213
4.503213,4.273213,3.743213,3.3932128,3.5732129,3.773213,3.3832128,2.693213,2.4132128,2.3932128,1.7732129,0.6132129,0.14321288,0.6832129,1.0332129,0.8132129,0.9132129,1.4032129,1.8132129,2.023213,1.1532129,0.6732129,1.2532129,2.003213,3.1632128,3.043213,2.683213,2.5932128,2.953213,3.6632128,4.553213,5.443213,6.2032127,6.823213,7.313213,7.713213,8.033213,8.313213,8.633213,9.003213,9.353213,9.823213,10.333213,10.903213,11.503213,12.143213,12.6932125,13.063213,13.113213,12.843213,12.363213,11.863213,11.473213,11.083213,10.653213,10.033213,9.393213,8.633213
1.6732129,1.6932129,1.1732129,0.7132129,1.0232129,1.8432128,1.8832129,0.4232129,-1.3767871,-1.9367871,-1.4167871,-0.74678713,-0.3267871,0.07321289,0.4732129,0.7332129,1.2532129,1.7132128,2.173213,1.7032129,1.3332129,1.363213,1.6832129,2.1332128,2.6532128,3.203213,3.783213,4.133213,4.063213,3.763213,3.5832129,3.743213,4.193213,4.773213,5.323213,5.7632127,6.093213,6.393213,6.663213,7.153213,7.553213,7.833213,8.243213,8.573213,8.913213,9.263213,9.603213,10.003213,10.473213,10.903213,11.293213,11.653213,12.003213,12.303213,12.493213,12.583213,12.703213,12.923213
-1.4167871,-2.286787,-3.226787,-3.1167872,-2.1567872,-1.3767871,-1.516787,-2.1667871,-2.456787,-2.3767872,-2.226787,-2.1167872,-2.206787,-2.476787,-2.496787,-1.8267871,-0.67678714,0.17321289,0.5232129,0.6632129,0.8532129,1.1732129,1.6032128,2.0632129,2.3932128,2.533213,2.6132128,2.4132128,1.5432129,0.50321287,0.17321289,0.6732129,1.2832129,1.7132128,2.0732129,2.553213,3.1632128,3.773213,4.313213,4.813213,5.303213,5.7832127,6.2232127,6.573213,6.843213,7.163213,7.523213,7.873213,8.213213,8.543213,8.853213,9.113213,9.413213,9.823213,10.243213,10.483212,10.753213,11.023212
-5.596787,-5.8167872,-5.516787,-5.346787,-5.7367873,-6.446787,-6.936787,-6.926787,-6.496787,-6.126787,-6.376787,-7.126787,-7.746787,-7.916787,-7.866787,-7.676787,-7.2567873,-6.5667872,-6.136787,-5.626787,-5.016787,-4.346787,-3.6267872,-2.8767872,-2.0967872,-1.3167871,-0.5867871,0.04321289,0.57321286,1.0932128,1.613213,2.0732129,2.503213,2.8732128,2.943213,2.8432128,2.9032128,3.0932128,3.283213,3.543213,3.8932128,4.2432127,4.5332127,4.853213,5.343213,5.913213,6.383213,6.7232127,7.133213,7.633213,8.123213,8.683213,9.253213,9.533213,9.973213,10.1932125,8.153213,8.253213
-7.326787,-7.746787,-8.236787,-8.536787,-8.8067875,-9.036787,-9.396787,-9.726788,-9.786787,-9.576787,-9.236787,-8.916787,-8.686787,-8.546787,-8.456787,-8.396787,-8.3067875,-8.126787,-7.7567873,-7.196787,-6.7967873,-6.416787,-5.956787,-5.386787,-4.726787,-3.976787,-2.996787,-1.7167871,-0.25678712,1.1732129,2.523213,3.6332128,4.383213,4.9332128,5.553213,6.613213,7.823213,8.363213,7.7432127,7.233213,7.193213,6.903213,6.293213,5.733213,5.853213,6.0332127,6.153213,6.583213,7.303213,8.003213,8.4432125,8.573213,8.643213,8.733212,8.703213,5.7232127,3.703213,3.453213
-8.846787,-9.396787,-10.316787,-11.3067875,-11.966787,-12.276787,-12.656787,-13.376787,-14.196787,-14.576787,-14.166787,-13.386787,-12.5567875,-11.656787,-10.466787,-9.026787,-7.606787,-6.5067873,-5.676787,-5.056787,-5.0067873,-5.5267873,-6.0667872,-6.386787,-6.2567873,-5.626787,-4.5067873,-2.986787,-1.266787,0.3832129,1.8332129,3.1232128,4.373213,5.643213,6.573213,6.883213,7.053213,7.823213,8.503213,8.843213,9.453213,9.583213,9.483212,8.953213,8.883213,8.963213,9.073213,8.833213,8.583213,8.573213,8.083213,7.7632127,8.343213,7.463213,4.4332128,3.3132129,3.4032128,5.2832127
-8.716787,-9.576787,-12.016788,-14.3067875,-13.416787,-8.626787,-1.5667871,3.703213,2.4132128,-4.476787,-9.396787,-9.006787,-6.336787,-3.8567872,-3.016787,-3.1067872,-2.526787,-2.036787,-2.5867872,-3.066787,-3.1367872,-3.1067872,-3.0867872,-3.3567872,-2.9167871,-1.4567871,-0.1467871,0.69321287,1.3032129,1.8032129,2.463213,3.423213,4.4332128,5.273213,5.903213,6.483213,7.093213,7.7032127,8.383213,9.123213,9.743213,10.1932125,10.633213,10.743213,9.743213,9.573213,9.253213,8.713213,8.103213,7.7632127,8.123213,8.263213,5.073213,4.523213,5.693213,6.153213,6.663213,7.0332127
-6.406787,-1.7067871,4.603213,6.0332127,4.633213,3.923213,4.613213,5.503213,6.103213,7.2232127,9.173213,10.493213,8.293213,1.5032129,-3.9367871,-3.576787,-0.7867871,0.9532129,3.1232128,5.7632127,5.863213,3.683213,2.8832128,3.3532128,2.943213,2.3132129,2.303213,1.8432128,3.1232128,5.813213,6.2632127,6.123213,7.093213,7.803213,7.7832127,7.7232127,7.843213,7.9732127,8.073213,8.283213,8.593213,8.983212,9.413213,9.703213,9.933213,10.293213,10.503213,9.993213,9.523212,9.103213,8.983212,8.853213,9.263213,9.163213,6.063213,4.803213,4.523213,6.143213
5.573213,4.413213,3.6032128,4.173213,4.293213,4.573213,5.413213,6.2232127,6.673213,7.093213,7.753213,8.603213,9.093213,10.203213,12.223213,13.583213,8.813213,2.3332129,1.1932129,0.94321287,2.3332129,1.2532129,0.07321289,1.733213,2.303213,0.5532129,0.8032129,1.8732129,1.1832129,1.2932129,4.4532127,6.7232127,7.133213,7.753213,8.903213,9.213213,8.793213,8.173213,7.863213,7.893213,8.063213,8.363213,8.723213,8.9432125,8.573213,9.183213,9.653213,10.143213,10.603213,10.863213,10.4432125,9.723213,9.593213,9.773212,9.933213,10.183213,9.293213,9.563213
5.553213,5.9332128,5.523213,5.963213,6.543213,7.063213,7.733213,8.123213,8.063213,7.9732127,8.393213,9.323213,9.933213,10.903213,11.673213,10.743213,11.1932125,8.953213,1.0232129,0.01321289,0.12321289,2.973213,4.343213,3.3332129,3.3632128,1.483213,-0.06678711,0.10321289,0.2832129,0.30321288,0.2632129,1.0432129,1.7732129,1.863213,3.203213,4.273213,5.023213,8.063213,8.063213,7.573213,7.713213,7.943213,7.2032127,6.813213,6.963213,8.203213,9.003213,9.243213,8.913213,5.2032127,7.653213,9.833213,10.083213,9.113213,7.673213,7.9332128,8.733212,7.963213
8.413213,9.053213,9.723213,10.063213,10.353213,10.563213,10.643213,10.843213,10.963213,11.133213,11.223213,11.273212,11.243213,11.283213,11.573213,12.013213,8.223213,7.983213,5.2632127,2.8232129,2.0932128,2.423213,2.4032128,2.283213,1.8032129,0.5532129,0.03321289,-0.1967871,0.03321289,0.8932129,0.2532129,0.07321289,0.9632129,0.9232129,0.7632129,1.5432129,3.0732129,4.2232127,5.153213,5.503213,8.293213,8.733212,6.603213,5.503213,4.503213,3.233213,4.2832127,7.403213,7.793213,7.803213,5.313213,4.643213,4.823213,4.643213,5.113213,5.373213,5.643213,4.7232127
13.923213,13.653213,13.503213,13.433213,13.263213,13.133213,12.973213,13.003213,12.853213,12.583213,12.563213,12.393213,12.423213,11.723213,9.143213,2.0932128,2.4032128,5.083213,3.9032128,3.9032128,1.9332129,2.1132128,1.7932129,1.9932129,1.8732129,0.6032129,-0.25678712,-0.2267871,-0.1667871,0.3532129,0.1932129,-0.09678711,1.0732129,2.1632128,0.94321287,0.7832129,1.3832129,2.8732128,3.543213,4.353213,4.6832128,5.313213,8.1932125,8.243213,7.893213,4.213213,7.163213,7.273213,4.5132127,5.043213,4.583213,4.343213,4.303213,4.363213,4.073213,3.763213,4.213213,4.043213
15.273212,15.213213,15.103213,14.783213,14.4432125,14.133213,13.713213,13.333213,13.053213,12.893213,12.853213,12.903213,12.183213,9.303213,5.623213,5.123213,6.713213,6.213213,4.153213,3.8632128,3.933213,1.1532129,1.5032129,2.8232129,2.523213,0.4532129,-0.02678711,0.01321289,0.4832129,1.0132129,1.483213,2.6632128,1.5432129,0.8332129,1.0732129,6.043213,7.543213,7.123213,6.7632127,7.143213,8.143213,5.9932127,2.1432128,2.683213,2.253213,1.4032129,1.5832129,1.8232129,1.8232129,1.8832129,1.8132129,1.8732129,1.7832129,1.6332129,1.4932129,1.4032129,1.3932129,1.4132129
14.203213,14.123213,13.783213,13.4432125,13.253213,13.073213,12.983212,12.843213,12.923213,12.753213,12.433213,11.743213,5.4732127,5.133213,7.313213,7.343213,5.133213,3.043213,3.1032128,3.533213,3.6432128,3.6232128,8.003213,9.183213,8.393213,1.1632129,-0.25678712,0.07321289,0.2432129,0.6632129,1.1532129,1.1932129,0.9132129,1.1332129,1.0132129,5.4332128,7.303213,2.8532128,6.2232127,7.653213,6.673213,1.9632128,2.043213,2.243213,1.733213,1.5732129,1.7732129,1.9432129,1.8432128,1.6432129,1.6732129,1.6732129,1.613213,1.2132128,0.5632129,0.15321289,-0.2967871,-0.23678711
