raw-data-f/2018100706f3.json
{"header": { "discipline":0, "disciplineName":"Meteorological products", "gribEdition":2, "gribLength":75242, "center":7, "centerName":"US National Weather Service - NCEP(WMC)", "subcenter":0, "refTime":"2018-10-07T06:00:00.000Z", "significanceOfRT":1, "significanceOfRTName":"Start of forecast", "productStatus":0, "productStatusName":"Operational products", "productType":1, "productTypeName":"Forecast products", "productDefinitionTemplate":0, "productDefinitionTemplateName":"Analysis/forecast at horizontal level/layer at a point in time", "parameterCategory":2, "parameterCategoryName":"Momentum", "parameterNumber":3, "parameterNumberName":"V-component_of_wind", "parameterUnit":"m.s-1", "genProcessType":2, "genProcessTypeName":"Forecast", "forecastTime":3, "surface1Type":103, "surface1TypeName":"Specified height level above ground", "surface1Value":10.0, "surface2Type":255, "surface2TypeName":"Missing", "surface2Value":0.0, "gridDefinitionTemplate":0, "gridDefinitionTemplateName":"Latitude_Longitude", "numberPoints":65160, "shape":6, "shapeName":"Earth spherical with radius of 6,371,229.0 m", "gridUnits":"degrees", "resolution":48, "winds":"true", "scanMode":0, "nx":360, "ny":181, "basicAngle":0, "lo1":0.0, "la1":90.0, "lo2":359.0, "la2":-90.0, "dx":1.0, "dy":1.0 }, "data":
[rows 78 to 103 of 181, columns 59 to 117 of 360]
-4.395967,-6.115967,-8.165967,-8.135967,-6.7359667,-5.975967,-3.1159668,8.004033,7.254033,5.9940333,5.2240334,5.384033,4.694033,4.854033,5.774033,6.3240333,7.7440333,0.0640332,0.1140332,0.7040332,-3.015967,-1.7459668,-3.9159667,-2.9859667,-0.025966797,1.6740332,1.8840332,0.3240332,-0.6859668,0.5240332,0.7440332,1.8940332,1.4040332,6.834033,5.044033,6.944033,6.114033,6.214033,4.4340334,1.6140332,-0.3059668,0.5540332,-0.0559668,2.6440332,0.9340332,-0.4559668,-1.5459667,-2.3259668,1.3440332,-0.6059668,-1.7959667,-7.375967,-6.415967,-5.3559666,-4.975967,-4.1559668,-3.6559668,-3.6159668,-3.1859667
-5.375967,-6.1959667,-6.7159667,-7.365967,-7.185967,-1.6159668,5.1640334,10.594033,7.2040334,7.964033,7.104033,6.354033,6.1640334,6.464033,6.694033,6.2640333,6.6840334,3.6040332,-1.2859668,0.43403322,-1.0659668,-2.8159668,-2.9059668,-2.8059669,-0.0559668,2.0840333,1.4840332,0.8240332,1.1440332,3.3040333,4.3940334,3.9040332,5.874033,3.6740332,7.1640334,7.634033,6.0740333,6.2640333,4.7640333,3.244033,0.6140332,0.7740332,0.3640332,1.9740332,4.0740333,0.2640332,-1.9259667,-1.5359668,0.3540332,0.7940332,-9.215967,-7.9059668,-6.4659667,-5.875967,-5.145967,-4.4659667,-3.0559669,-2.7959669,-2.1459668
-5.2159667,-6.2559667,-6.645967,-5.9259667,-3.8759668,2.0340333,5.4340334,7.874033,7.294033,7.4540334,7.6440334,7.5340333,6.814033,6.294033,6.114033,5.374033,6.5740333,6.6440334,0.60403323,0.5240332,0.9140332,-2.3259668,-2.005967,-2.8959668,-0.2359668,0.7140332,0.044033203,-0.28596678,-0.0659668,-1.0959668,0.46403322,1.6740332,2.3540332,7.084033,7.7640333,7.884033,5.5140333,6.004033,4.834033,2.234033,0.8740332,1.5240332,0.8240332,0.6840332,1.8140332,2.504033,0.6840332,0.9740332,-1.3459668,-4.225967,-6.9059668,-6.915967,-6.5859666,-6.2759666,-4.265967,-4.1959667,-3.505967,-2.1459668,-2.1759667
-4.915967,-4.845967,-4.9659667,-4.6559668,-2.265967,1.3340333,3.7640333,5.814033,6.254033,6.964033,6.654033,6.6840334,6.8440332,6.5740333,6.5340333,5.5740333,4.4940333,3.8940332,1.6340332,0.094033204,-0.7459668,-1.2659668,-4.2959666,-2.765967,-1.9259667,-1.3959668,-0.7159668,-0.5759668,-0.18596679,0.6540332,1.4740332,1.9740332,6.124033,8.584033,8.834033,8.394033,6.864033,6.3040333,5.064033,0.9940332,-1.7059668,0.5140332,0.7240332,0.3440332,0.9640332,0.7740332,0.1940332,-2.1159668,-3.255967,-4.2759666,-5.685967,-5.7959666,-4.8359666,-4.635967,-3.6459668,-2.4759667,-2.2959669,-2.0459669,-3.1259668
-4.4859667,-5.055967,-4.385967,-2.8759668,-1.1759667,0.9240332,2.9440331,5.2240334,5.7840333,6.1640334,5.9540334,6.104033,5.8940334,6.624033,5.754033,4.0740333,1.5840333,0.5040332,-1.0659668,2.0840333,-0.8659668,1.1540332,-1.4359668,-3.4759667,-2.9759667,-2.995967,-2.6159668,-1.1459668,0.85403323,2.2940333,2.4640331,4.124033,7.8240333,8.604033,8.494033,6.7240334,4.404033,5.734033,4.484033,2.2640333,2.0340333,0.9440332,0.9240332,0.8140332,0.024033204,0.60403323,1.3340333,-0.89596677,-2.025967,-3.1759667,-3.8259668,-3.8459668,-4.095967,-3.6859667,-3.995967,-3.6859667,-2.8759668,-1.3359668,0.17403321
-3.1159668,-3.3359668,-2.9359667,-2.4159667,-1.2459668,1.2240332,3.0340333,4.134033,4.944033,5.274033,5.6640334,5.9140334,5.814033,4.7040334,3.0140333,0.8840332,-0.1059668,-0.8559668,-3.4859667,-3.0359669,-2.4559667,0.1940332,-0.8059668,-2.9059668,-3.5959668,-3.8959668,-3.2259667,-0.5859668,1.8140332,2.7940333,3.984033,6.4340334,8.774034,9.724033,8.664033,2.8940332,2.0340333,2.6240332,0.5040332,2.744033,1.6340332,-0.21596679,-0.045966797,-1.6659667,-0.7959668,-0.6759668,0.5040332,0.1340332,-0.4559668,-1.8559668,-2.3459668,-3.3559668,-3.9159667,-4.0659666,-4.635967,-4.915967,-5.2359667,-5.0859666,-1.0259668
-1.1859668,-1.7059668,-2.0759668,-1.1859668,0.3340332,1.7340332,2.8040333,3.734033,4.524033,5.3440332,5.4940333,5.9740334,5.3440332,3.494033,1.4440331,-0.2359668,-1.3559668,-2.9059668,-3.4259667,-5.645967,-5.135967,-1.7759668,2.234033,1.6240332,-1.6159668,-3.4659667,-1.1859668,0.2040332,2.2140331,4.634033,6.064033,7.484033,8.574033,9.184033,8.454033,4.7240334,0.2740332,0.2740332,0.9640332,1.5440332,0.2040332,-1.3959668,-0.5659668,-0.2759668,-0.4959668,0.014033203,-0.1359668,0.6740332,0.7240332,-0.7759668,-2.9259667,-3.8559668,-3.7059667,-4.325967,-4.9059668,-5.0859666,-5.5859666,-3.6459668,-0.3759668
0.2440332,-0.0559668,0.014033203,0.60403323,1.6940331,3.2040331,4.3240333,5.124033,5.904033,5.5740333,5.2640333,5.134033,3.8240333,2.9240332,1.0040332,-0.7859668,-1.4359668,-1.9959668,-2.7159667,-2.8059669,-4.0259666,-4.185967,-3.1559668,-1.9859668,-0.6359668,0.9840332,2.0740333,2.9640331,4.9940333,6.5740333,6.624033,6.874033,8.934033,8.874033,8.054033,4.084033,-0.025966797,-0.7259668,-1.0159668,1.1140332,0.5640332,-2.3959668,-0.8459668,-0.7959668,-1.4159667,-2.3359668,-1.1759667,-0.2259668,0.5040332,-0.2259668,-1.0759668,-2.1359668,-3.495967,-4.185967,-4.8159666,-5.075967,-4.0059667,0.3540332,0.49403322
1.0240332,1.6840332,2.0740333,2.4540331,3.474033,5.084033,5.404033,5.544033,4.9140334,4.4540334,3.7640333,3.6640332,3.1940331,2.5240333,0.6340332,-0.4359668,-1.3259668,-2.495967,-3.4259667,-3.4259667,-2.9859667,-2.9859667,-2.4259667,-1.3659668,-0.64596677,1.2640332,3.6940331,5.0340333,5.834033,6.044033,6.854033,7.7040334,7.714033,8.614033,7.2840333,6.0140333,1.5040332,3.3540332,0.2540332,-0.5459668,0.3040332,-0.9459668,-0.015966797,-0.5359668,-0.5459668,-4.495967,-1.8759668,-1.1859668,-0.0559668,-0.3459668,-1.0159668,-2.1959667,-2.6359668,-3.2859669,-3.3959668,-1.4859668,-0.7659668,0.2540332,0.5840332
2.8340333,2.4240332,2.6940331,2.7840333,3.4140332,3.984033,4.6440334,4.9540334,4.9140334,4.8240333,4.084033,3.5240333,3.3040333,2.2840333,0.3540332,-2.015967,-3.5759668,-3.525967,-3.3559668,-3.3259668,-3.245967,-2.745967,-1.9559668,-0.5859668,1.4240332,2.4340332,4.564033,5.854033,7.0540333,7.024033,6.6640334,6.6840334,5.674033,4.314033,4.3940334,3.6440332,3.0140333,-0.21596679,1.0240332,0.0640332,-0.5359668,-1.0559669,0.17403321,-0.6159668,-0.7759668,-4.0259666,-3.4859667,-0.31596678,-0.4459668,-0.6259668,-0.3759668,-1.4659668,-1.9059668,-3.2859669,-1.2659668,-0.7159668,-0.2959668,0.024033204,-0.3759668
4.0540333,3.2940333,3.2940333,3.974033,4.924033,5.2640333,5.0540333,5.274033,5.254033,5.0540333,4.4340334,3.7040331,3.004033,1.9240332,0.4840332,-0.1759668,-1.5059668,-3.2259667,-4.725967,-4.4659667,-3.495967,-2.745967,-1.0859668,0.4840332,1.1840332,2.8440332,3.7640333,4.814033,6.794033,7.0140333,6.694033,5.774033,4.8440332,2.6640332,1.8940332,1.3140332,1.5440332,1.3340333,0.5640332,1.5640332,0.1040332,-0.025966797,-1.3059669,-1.0459667,0.2940332,-1.4459668,-1.2159668,-0.2959668,0.014033203,-1.8459668,-1.7659668,-0.7359668,1.0040332,0.2940332,-0.18596679,0.2740332,-0.28596678,-0.8259668,-0.7659668
3.3540332,3.6740332,4.4340334,5.024033,5.214033,5.2440333,5.4940333,5.5140333,5.2240334,4.864033,4.4140334,3.8640332,3.4640331,3.484033,2.0740333,0.6440332,-1.0859668,-2.4759667,-4.435967,-5.615967,-5.115967,-3.5559669,-0.7459668,2.0240333,2.3540332,3.0440333,4.774033,5.4740334,6.654033,6.5340333,5.6840334,3.234033,3.224033,4.1640334,-1.1759667,-0.3359668,1.1240332,1.0940332,2.2040331,0.024033204,1.5040332,-1.5759668,-0.1259668,-0.3859668,-1.4559668,0.7040332,1.0940332,1.1840332,0.7840332,-1.1859668,-0.8059668,-0.64596677,-0.7159668,0.1840332,-0.3459668,-0.0359668,-0.0559668,-0.1259668,0.3340332
3.5440333,4.3940334,4.6840334,5.0140333,5.3240333,5.484033,5.4740334,5.4540334,5.314033,5.174033,5.084033,4.9740334,4.7040334,3.8240333,2.1140332,0.9740332,-1.1459668,-3.0959668,-4.915967,-5.6759667,-4.955967,-3.7259667,-2.0759668,-0.1559668,1.6640332,2.0140333,3.2740333,4.504033,4.634033,4.8040333,5.964033,4.374033,-2.8659668,-1.8059669,-0.2359668,1.6040332,1.1740332,1.4240332,1.5240332,1.5740333,3.0940332,0.9640332,-0.7059668,0.6440332,0.7140332,0.5640332,2.9140332,2.9040332,2.6840332,1.2540332,-1.7359668,-1.0459667,-1.0359668,-1.0059668,-0.3659668,0.9540332,0.8640332,0.9040332,-0.045966797
3.8740332,3.9340332,4.464033,4.9940333,5.2640333,5.584033,5.524033,5.464033,5.524033,5.234033,5.114033,5.0140333,4.874033,4.374033,3.5840333,1.5440332,-0.6959668,-2.525967,-3.9559667,-4.765967,-5.415967,-4.345967,-2.8559668,-3.1659667,-0.9959668,0.6340332,2.3240333,2.8640332,3.3340333,4.234033,4.7840333,1.5440332,-3.2859669,-2.4559667,-0.8259668,1.1940331,2.004033,2.1340332,2.2840333,3.5440333,1.6140332,5.114033,-0.7159668,-0.9659668,-0.3559668,-2.2159667,-0.045966797,4.234033,5.3240333,2.4040332,3.3640332,0.8740332,1.1240332,0.4540332,1.0440332,0.2940332,0.014033203,0.4840332,0.6640332
3.6240332,3.9240332,4.3040333,4.5140333,4.944033,5.4740334,5.354033,5.2440333,5.3240333,5.624033,5.5340333,4.904033,3.6140332,2.2640333,1.6840332,1.3840332,-1.3159668,-3.775967,-4.5059667,-4.2959666,-3.765967,-4.325967,-3.495967,-2.8359668,-2.2259667,-0.8159668,1.8340333,0.3440332,3.734033,3.6540332,4.5340333,4.674033,-0.9659668,-1.3659668,1.8340333,2.6840332,3.1240332,2.9040332,3.1640332,4.1640334,5.1440334,4.2440333,1.8140332,0.1040332,-0.1259668,0.0740332,-3.8759668,-0.3459668,5.444033,5.444033,5.084033,2.9340332,0.60403323,0.4440332,-0.2059668,0.2040332,-0.1459668,-0.1559668,4.3440332
4.2440333,4.9140334,5.254033,5.374033,5.544033,5.654033,5.4940333,5.694033,5.624033,6.1440334,6.124033,5.214033,3.7140331,3.7840333,3.5840333,2.484033,0.2940332,-0.24596679,-0.7859668,-2.3959668,-4.1559668,-4.825967,-3.6959667,-3.3159668,-3.8159668,-2.3059669,0.5140332,2.4240332,2.744033,2.7140331,3.734033,4.0340333,5.134033,4.004033,3.4540331,3.6240332,3.6540332,4.424033,4.8940334,4.834033,4.834033,5.964033,7.464033,1.2740332,0.7240332,0.7140332,1.2740332,3.8040333,5.064033,2.0640333,3.8340333,4.8440332,2.8540332,2.3440332,2.5240333,2.1240332,0.9140332,0.43403322,3.974033
4.7040334,5.194033,5.544033,5.834033,6.044033,5.4140334,5.524033,5.024033,5.124033,5.564033,4.924033,4.694033,4.254033,4.4740334,5.8940334,4.3440332,0.60403323,-0.18596679,-3.3159668,-5.5059667,-4.4059668,-4.1059666,-3.9559667,-4.1059666,-4.245967,-4.0659666,-4.095967,-1.7759668,-0.045966797,1.5540332,2.984033,3.0840333,2.8640332,3.6740332,4.1440334,4.1640334,4.694033,4.924033,5.114033,5.1440334,5.444033,5.9940333,7.4940333,8.164033,0.024033204,1.1840332,2.254033,2.0240333,2.6740332,3.0740333,3.3540332,3.754033,3.6340332,4.3940334,5.7840333,7.1440334,2.6140332,5.234033,6.274033
4.8440332,4.814033,4.9140334,4.874033,5.1840334,5.2640333,5.234033,5.104033,4.924033,2.1140332,2.984033,3.2840333,5.1440334,5.864033,5.254033,5.4740334,-0.9159668,-1.6959668,-1.4559668,-2.2959669,-2.7359667,-3.1459668,-3.265967,-2.2359667,-1.8359668,-1.5359668,-1.2359668,-1.2059668,-0.2659668,2.5140333,2.7740333,3.5340333,4.0740333,4.3240333,4.314033,4.154033,4.7840333,5.064033,5.0940332,5.234033,5.124033,5.634033,6.504033,7.3940334,8.714033,0.4140332,0.2840332,-0.24596679,0.7440332,2.0940332,2.5940332,2.2040331,2.224033,2.494033,3.5740333,4.504033,4.124033,4.174033,5.134033
4.384033,4.654033,5.084033,5.024033,4.5740333,5.2240334,5.7240334,5.734033,4.0740333,2.7140331,3.6840332,4.504033,5.0740333,5.3440332,4.4540334,3.9140332,3.484033,0.9740332,-1.0559669,-2.0459669,-2.4259667,-3.025967,-3.1659667,-2.245967,-1.3859668,-0.2659668,0.5540332,1.2940332,1.5740333,2.0540333,2.484033,2.7040331,3.0940332,3.3040333,3.6240332,3.7940333,4.0140333,4.4540334,4.7440333,5.1440334,5.044033,5.0540333,5.124033,5.5140333,6.404033,6.9740334,5.4140334,-3.525967,-3.8359668,-2.6959667,-2.015967,-2.2859669,-0.8059668,-0.085966796,2.4640331,3.5440333,3.2640333,3.5540333,4.544033
4.9940333,4.9340334,4.9140334,4.694033,4.194033,5.364033,6.2840333,5.9140334,3.0240333,3.8140333,4.214033,5.084033,4.904033,5.124033,4.3940334,2.3840332,1.4040332,-0.09596679,-0.8359668,-1.7359668,-2.495967,-2.6959667,-2.2359667,-0.9459668,-0.6259668,0.124033205,0.60403323,0.9740332,1.1840332,1.5840333,2.1240332,2.8640332,3.1640332,3.4340332,3.3740332,3.4240332,3.6440332,3.9640331,4.2840333,4.3240333,4.3040333,4.404033,4.3040333,4.124033,3.9540331,3.7040331,5.314033,8.604033,0.6940332,-0.015966797,-3.275967,-3.0959668,-3.3259668,-4.055967,-0.1259668,1.6440332,2.0240333,2.4440331,2.6840332
5.2040334,5.084033,5.0340333,5.214033,4.734033,5.4940333,6.364033,5.174033,3.474033,4.104033,4.404033,4.814033,4.8040333,4.614033,3.504033,2.0340333,0.8140332,0.094033204,-1.3459668,-0.9759668,-1.4959668,-1.2559668,-1.2759668,-1.1859668,-1.0059668,-0.3359668,0.2440332,0.2440332,0.60403323,1.0440332,1.8740332,2.4640331,2.8140333,3.3040333,3.7140331,3.7140331,3.6040332,3.6240332,3.6740332,3.6740332,3.7040331,3.8740332,3.744033,3.504033,3.6040332,3.5540333,4.064033,5.364033,5.4140334,3.744033,4.654033,6.674033,4.154033,5.4140334,-0.1059668,-0.9359668,-2.8459668,5.444033,-1.5759668
5.154033,4.774033,4.8440332,5.134033,5.214033,6.0340333,6.404033,5.504033,4.584033,3.754033,3.5640333,3.8740332,4.1440334,4.214033,3.8140333,3.234033,2.0240333,0.7840332,0.1340332,-0.7859668,-1.7159668,-2.0959668,-1.8759668,-1.7559668,-1.3659668,-0.7959668,-0.2059668,0.124033205,0.8140332,1.2440332,1.5240332,1.9240332,2.3740332,2.5840333,2.8440332,3.3940332,3.754033,3.6240332,3.6440332,3.724033,3.474033,3.7740333,3.7840333,3.474033,3.4040332,3.5140333,2.9540331,2.9440331,2.9340332,2.5540333,2.994033,3.7140331,3.504033,2.6540332,2.8640332,3.0640333,2.7040331,4.834033,2.3040333
5.194033,5.174033,5.0540333,5.254033,5.3240333,6.2640333,6.294033,6.404033,5.214033,4.584033,3.6640332,3.2740333,2.974033,3.5440333,3.6640332,2.8540332,2.0840333,0.8440332,-0.2659668,-0.8459668,-1.1059668,-1.6059668,-2.2159667,-2.3359668,-1.8359668,-1.1259668,-0.3859668,0.2740332,0.60403323,1.1240332,1.9440331,2.0740333,2.1840332,2.3940332,2.494033,2.6040332,3.1640332,3.254033,3.3240333,3.6340332,4.2040334,3.6640332,3.3440332,3.5940332,3.3440332,3.0640333,3.1240332,2.4140332,2.724033,2.6440332,2.8040333,3.6140332,3.5840333,3.0840333,2.0440333,1.9140332,2.1140332,2.5240333,3.0840333
4.6640334,5.114033,5.524033,5.614033,5.5340333,5.884033,6.944033,6.124033,6.0940332,5.524033,4.4940333,3.474033,2.8840332,2.7140331,2.9140332,3.0340333,2.6740332,1.4740332,0.7040332,-0.2659668,0.3740332,0.0640332,-0.6559668,-1.2959667,-1.0459667,-0.4359668,0.3340332,0.9440332,1.4440331,1.8140332,1.4340332,1.3340333,1.7340332,2.0240333,2.2840333,2.3940332,2.484033,2.994033,3.2640333,2.9440331,3.1140332,3.5840333,3.9140332,3.3640332,3.2040331,2.8640332,2.6140332,2.6140332,2.6240332,2.8040333,2.9240332,3.0640333,3.734033,3.8540332,3.2840333,2.5240333,2.254033,2.6540332,3.1240332
5.5340333,5.154033,5.354033,5.524033,5.4940333,5.634033,6.484033,7.1640334,6.384033,6.384033,4.5140333,3.974033,3.0840333,2.3740332,2.3140333,2.5840333,2.9140332,1.1940331,0.9540332,-0.0759668,0.2140332,-0.0559668,-0.4059668,-0.4859668,-0.21596679,0.2440332,1.0040332,1.6340332,2.0740333,2.1840332,1.9740332,1.8940332,2.3740332,2.984033,3.7140331,4.024033,4.1440334,3.9240332,3.1440332,3.2640333,2.7140331,2.3040333,2.3140333,2.254033,2.494033,2.8440332,2.6340332,1.9740332,1.9940332,2.5940332,2.9640331,3.1540332,3.3240333,3.754033,3.8640332,3.6340332,3.5140333,3.5840333,3.8240333
4.5340333,4.604033,4.7040334,4.9740334,4.964033,5.4340334,5.9140334,6.2440333,6.4740334,6.5940332,5.424033,4.2040334,3.3340333,2.9340332,2.8340333,2.8040333,3.2640333,3.3740332,2.9140332,2.1340332,0.7940332,0.3040332,0.5140332,0.8940332,0.8940332,0.7740332,1.2140332,1.5440332,1.9840332,1.8940332,2.1340332,2.1540332,2.0740333,2.8140333,3.734033,4.294033,4.6840334,4.7240334,4.4740334,3.4340332,2.9640331,2.1340332,1.5940332,1.4940332,1.7140332,1.7540332,2.1640332,2.2640333,1.9840332,2.3340333,2.8640332,3.2040331,3.4440331,3.7740333,4.2440333,4.564033,4.654033,4.5940332,4.564033
