raw-data-f/2018100806f3.json
{"header": { "discipline":0, "disciplineName":"Meteorological products", "gribEdition":2, "gribLength":75563, "center":7, "centerName":"US National Weather Service - NCEP(WMC)", "subcenter":0, "refTime":"2018-10-08T06:00:00.000Z", "significanceOfRT":1, "significanceOfRTName":"Start of forecast", "productStatus":0, "productStatusName":"Operational products", "productType":1, "productTypeName":"Forecast products", "productDefinitionTemplate":0, "productDefinitionTemplateName":"Analysis/forecast at horizontal level/layer at a point in time", "parameterCategory":2, "parameterCategoryName":"Momentum", "parameterNumber":2, "parameterNumberName":"U-component_of_wind", "parameterUnit":"m.s-1", "genProcessType":2, "genProcessTypeName":"Forecast", "forecastTime":3, "surface1Type":103, "surface1TypeName":"Specified height level above ground", "surface1Value":10.0, "surface2Type":255, "surface2TypeName":"Missing", "surface2Value":0.0, "gridDefinitionTemplate":0, "gridDefinitionTemplateName":"Latitude_Longitude", "numberPoints":65160, "shape":6, "shapeName":"Earth spherical with radius of 6,371,229.0 m", "gridUnits":"degrees", "resolution":48, "winds":"true", "scanMode":0, "nx":360, "ny":181, "basicAngle":0, "lo1":0.0, "la1":90.0, "lo2":359.0, "la2":-90.0, "dx":1.0, "dy":1.0 }, "data":
[rows 25 to 49 of 181, columns 171 to 227 of 360]
-0.98215574,-1.6721557,-1.1121558,-3.7421558,-3.6521559,-2.1521559,-3.8021557,-5.612156,-5.1621556,-5.4921556,-5.982156,-5.462156,-5.5821557,-4.6221557,-1.5721557,-0.95215577,-1.1221558,-0.43215576,-0.06215576,0.34784424,1.1778443,1.4278443,0.70784426,-0.43215576,-1.3621558,-1.5221558,-0.8121558,-1.1121558,-1.5121558,-0.92215574,-0.38215578,-0.22215576,-0.55215573,-0.7521558,-0.5021558,-0.27215576,-0.73215574,-0.40215576,0.11784424,0.66784424,0.42784423,1.1278442,0.39784423,0.097844236,0.08784424,0.5078442,0.69784427,0.77784425,-0.53215575,0.22784424,0.79784423,0.23784424,0.07784424,0.32784423,0.38784423,-0.31215575,-0.58215576
-0.9421558,-1.3421558,-1.1621557,0.25784424,-1.5021558,-1.9021558,-3.3621557,-2.6321557,-4.0821557,-5.6221557,-5.132156,-5.0421557,-4.5621557,-3.9321558,-4.0821557,-4.9321556,-3.5721557,-2.6621559,-2.1221557,-1.5621557,-1.0221558,-0.44215575,0.96784425,2.2178442,1.9278443,1.2478442,1.9078442,-0.5621558,-3.3621557,-1.2421558,-0.22215576,-0.71215576,-0.8821558,-0.84215575,0.097844236,-0.17215577,0.37784424,0.057844236,0.83784425,1.0778443,0.85784423,1.7978443,1.2478442,1.9878442,1.6078442,0.72784424,0.38784423,-0.37215576,-0.34215575,-0.012155762,-0.60215575,-0.5621558,-0.55215573,-0.32215577,-0.07215576,-0.04215576,-0.45215577
-0.52215576,0.21784423,-0.6921558,-0.86215574,-0.8821558,-1.7521558,-0.8121558,-1.3321557,-1.3521558,-3.8821557,-4.092156,-3.9321558,-4.0621557,-4.462156,-4.802156,-4.802156,-4.5421557,-4.152156,-3.6721559,-3.2621558,-2.3221557,-1.5221558,-0.60215575,0.63784426,0.66784424,-0.35215577,-1.5521557,-1.4021558,-0.67215574,-0.53215575,-0.5121558,-0.0021557617,-0.37215576,-0.30215576,-0.8121558,-0.20215577,0.19784424,1.1478442,1.8778442,0.6278442,1.3678442,2.6578443,1.9178443,0.71784425,-0.43215576,-1.2721558,0.17784424,-0.28215575,-0.55215573,-0.48215577,-0.6821558,-0.8721558,-0.18215576,-0.67215574,-0.23215576,0.08784424,0.04784424
-1.8121557,1.3378443,1.0278442,-0.052155763,-2.0521557,-4.6621556,-5.4121556,-5.8521557,-5.672156,-5.282156,-5.8121557,-6.0821557,-6.422156,-6.772156,-6.8721557,-6.7221556,-6.4721556,-6.1021557,-5.692156,-5.342156,-4.7221556,-4.2021556,-4.022156,-3.1921558,-1.5821557,-1.3021557,-1.4321557,-2.0921557,-1.0521557,-1.0621557,-0.8221558,-0.64215577,-0.7521558,-0.25215575,0.34784424,1.7478442,2.1378443,1.7778442,0.027844239,-0.92215574,1.0678443,1.8578442,2.2778442,1.6178442,0.47784424,1.1978443,-0.14215577,-0.80215573,-0.032155763,0.60784423,0.13784423,-1.2021557,-0.61215574,0.23784424,-0.07215576,-0.19215576,-1.1821557
-0.60215575,-1.7521558,-3.9221559,-5.462156,-6.942156,-7.612156,-7.5821557,-6.962156,-6.962156,-7.692156,-8.992156,-9.502155,-8.862156,-8.972156,-9.002155,-8.942156,-8.772156,-8.222156,-7.8921556,-7.5421557,-7.032156,-6.2921557,-5.5121555,-4.822156,-3.3521557,-2.3721557,-1.5121558,-1.0321558,-0.73215574,-1.2021557,-1.4321557,-0.60215575,-0.5621558,-0.17215577,0.6278442,0.83784425,2.9778442,1.2078443,0.49784425,1.3378443,2.6878443,2.1078444,-0.19215576,-0.89215577,0.8678442,-0.082155764,1.5278442,1.4778442,1.3878442,1.7978443,0.9278442,-0.6921558,-0.86215574,-0.8821558,0.007844239,-1.0421557,-1.7221558
-4.422156,-7.5821557,-6.282156,-7.7021556,-7.902156,-7.6221557,-7.592156,-8.342155,-9.312156,-10.702156,-11.582156,-11.642156,-11.742156,-11.772156,-10.742156,-10.712155,-10.322156,-10.192156,-9.942156,-9.452156,-8.952156,-8.502155,-7.1221557,-5.342156,-6.232156,-4.192156,-2.9321558,-2.6621559,-2.1321557,-1.4621558,-0.48215577,-1.3821558,-1.0321558,-0.6221558,0.77784425,1.7178442,2.9978442,-0.112155765,-0.86215574,5.0478444,1.8678442,1.6278442,4.767844,7.9178443,9.4478445,6.1078444,5.427844,3.7278442,0.29784423,0.04784424,-1.6321558,-0.54215574,-0.48215577,-1.1621557,-1.3421558,-0.43215576,-1.3121557
-4.7021556,-5.7221556,-6.112156,-6.442156,-7.1421556,-7.9321556,-9.112156,-10.512156,-11.592155,-12.692156,-13.712155,-14.132155,-14.652156,-14.092155,-13.282156,-11.642156,-11.502155,-11.292156,-10.5521555,-9.612156,-8.462155,-8.282156,-7.9921556,-7.4121556,-6.8521557,-6.302156,-6.4521556,-6.232156,-2.1021557,-1.5621557,0.10784424,0.69784427,-0.19215576,-0.5621558,1.0678443,2.0678442,7.967844,11.097844,10.787845,13.367845,13.367845,11.6978445,9.587844,8.807844,8.897844,7.887844,6.5278444,5.1078444,3.6078444,3.2178442,1.3278443,-0.33215576,-0.13215576,-0.39215577,-1.0721557,-0.71215576,-1.3121557
-3.1721559,-4.212156,-4.712156,-5.772156,-7.2221556,-8.862156,-11.022156,-13.022156,-15.572156,-17.032156,-16.582155,-15.932156,-15.772156,-15.692156,-15.562156,-14.962155,-14.222156,-12.352156,-12.132155,-11.382155,-10.312156,-9.592155,-8.772156,-7.772156,-7.052156,-6.7221556,-6.3521557,-6.1221557,-4.902156,-4.502156,-4.112156,-3.6221557,-2.2221558,-0.64215577,1.8278443,3.6278443,1.4178443,3.7778442,6.407844,7.977844,9.517844,10.247845,9.147844,7.927844,6.217844,4.097844,1.7978443,-0.09215576,-2.4121559,-4.9721556,-7.2921557,-6.9121556,-5.672156,-1.2321558,-1.3321557,-0.84215575,-1.4921558
-2.4521558,-3.0021558,-4.0621557,-5.032156,-6.232156,-8.332156,-11.502155,-13.352156,-12.812156,-12.412156,-12.602156,-12.082156,-10.822156,-9.502155,-9.002155,-9.562156,-11.402156,-12.162156,-12.012156,-10.902156,-10.912156,-9.872156,-8.8021555,-7.402156,-6.502156,-5.632156,-4.7921557,-4.5121555,-4.712156,-3.1721559,-3.1121557,-2.2621558,-0.26215577,2.2478442,1.8178443,1.2678442,3.7578442,1.7078443,2.1878443,3.9778442,4.5478444,5.247844,5.347844,4.807844,4.247844,3.1978443,3.1578443,5.3778443,7.247844,8.037845,9.187844,7.4178443,-2.2621558,-4.8921556,-1.5221558,-1.4821558,-1.8321557
-1.4321557,-1.7921557,-2.5021558,-2.8421557,-3.7821558,-5.782156,-8.392156,-8.812156,-10.522156,-12.972156,-13.702156,-12.112156,-10.442156,-8.662156,-6.8121557,-5.192156,-4.9321556,-7.032156,-10.002155,-10.632155,-11.472156,-11.272156,-9.902156,-8.222156,-7.3321557,-6.7621555,-5.152156,-5.0621557,-3.6221557,-3.7021558,-0.33215576,0.85784423,1.3078443,2.3478441,3.7178442,4.5878444,5.7078443,6.657844,4.617844,3.7978442,3.4878442,3.5078442,3.7778442,4.037844,4.907844,5.577844,6.677844,8.507844,9.737844,9.727844,9.407845,9.237844,10.267844,5.7578444,-6.282156,-3.0421557,-1.6821557
-0.112155765,-0.26215577,-0.13215576,0.16784424,0.10784424,-1.5821557,-3.4421558,-4.3321557,-4.3521557,-2.7021558,-3.6021557,-5.1021557,-4.502156,-4.092156,-4.152156,-4.2421556,-3.0921557,-2.9721558,-5.522156,-9.212155,-10.602156,-12.062156,-10.0521555,-9.102156,-6.8121557,-4.4121556,-5.732156,-4.2621555,-4.5121555,-2.2921557,-2.2921557,-1.6121558,-0.20215577,1.1378442,2.5678442,3.6578443,4.0878444,4.517844,4.7578444,4.2978444,3.6878443,3.2478442,3.8378441,4.5078444,5.557844,6.8578444,8.047844,8.877844,9.357844,9.617845,9.407845,9.107844,7.997844,7.1878443,7.907844,-0.70215577,-1.8721558
0.6278442,0.94784427,1.7978443,2.9478443,4.227844,4.1478443,2.2178442,0.63784426,2.3778443,4.2578444,3.2178442,2.9078443,1.5878443,-0.22215576,-1.1121558,-1.7821558,-1.9121557,-1.8321557,-1.5021558,-5.902156,-8.5521555,-10.922155,-7.632156,-6.6621556,-8.492156,-6.9121556,-6.132156,-5.0821557,-3.9121559,-2.9421558,-1.8521558,-1.4821558,-1.1621557,0.007844239,1.4878442,2.5678442,3.1578443,3.4878442,4.0278444,4.8978443,5.1078444,5.0878444,5.597844,6.617844,7.467844,7.9178443,7.947844,8.647844,8.637844,8.167844,8.287845,8.167844,7.4178443,6.327844,5.517844,4.9378443,2.2078443
1.3078443,1.6478442,2.5478442,5.037844,6.5878444,9.4478445,10.277844,9.127844,8.267844,8.707844,8.657845,5.617844,2.9378443,1.6278442,0.6778442,-0.70215577,-1.2121558,-0.64215577,-0.28215575,-0.84215575,-8.062156,-10.192156,-10.322156,-9.542156,-8.272156,-7.252156,-6.3121557,-5.3721557,-4.4121556,-3.5421557,-3.0821557,-2.5821557,-1.7921557,-1.0721557,0.027844239,1.2478442,1.9478443,2.4178443,2.9678442,3.8278441,4.5878444,5.477844,5.657844,6.1878443,7.1478443,7.657844,7.9378443,8.107844,7.947844,7.4178443,6.7078443,6.137844,5.9378443,6.057844,5.8578444,5.5678444,5.0278444
1.8578442,2.3478441,3.9578443,4.347844,5.407844,6.997844,8.657845,9.607844,9.117845,6.7078443,5.5678444,2.9778442,2.4578443,1.1678443,1.1178442,0.70784426,0.8178442,0.83784425,1.1878443,1.7378442,-3.9521558,-9.232156,-9.902156,-9.992156,-8.942156,-7.842156,-6.482156,-5.7621555,-4.7621555,-3.7321558,-3.1921558,-3.2621558,-2.9121559,-2.4721558,-2.0421557,-1.2921557,-0.23215576,0.63784426,1.3278443,2.0778441,2.8578444,3.2578442,4.3378444,5.537844,5.977844,6.577844,6.9378443,6.997844,6.7078443,5.997844,5.5078444,6.327844,7.197844,7.787844,8.147844,8.597844,8.797844
2.5878441,1.9978442,1.6378442,2.0178442,2.9478443,3.3878443,3.5578442,3.4978442,3.4078443,4.2578444,4.477844,4.1878443,3.5478442,3.2578442,2.9778442,2.6278443,3.0178442,1.9178443,2.8878443,2.4578443,2.2478442,-8.192156,-8.522156,-9.622156,-9.372156,-7.942156,-6.902156,-6.4521556,-5.962156,-5.2221556,-4.882156,-4.7421556,-4.6221557,-4.5121555,-4.282156,-3.8321557,-2.9621558,-1.8621558,-0.59215575,0.6178442,1.8478442,2.4978442,3.1478443,4.0878444,5.227844,5.8578444,6.117844,6.0278444,5.6678443,6.1878443,7.3778443,8.597844,9.307844,9.537845,9.867845,9.787845,9.797844
5.5278444,5.7078443,4.467844,4.227844,2.7478442,-0.022155762,1.0478443,3.7578442,4.8578444,5.307844,5.5478444,5.217844,4.3578444,3.6478443,2.9778442,2.6378443,3.4078443,2.9078443,3.1978443,2.8978443,4.8578444,-3.6821558,-6.732156,-7.612156,-8.522156,-7.9321556,-7.0821557,-6.532156,-6.4321556,-6.232156,-6.152156,-6.172156,-6.3121557,-6.342156,-5.982156,-5.2921557,-4.482156,-3.6421556,-2.6221557,-1.2321558,0.24784423,1.6178442,2.5678442,3.3078442,4.197844,4.767844,5.177844,5.8378444,6.927844,8.437844,9.707844,10.427844,10.627844,10.587844,10.397844,10.167844,9.437844
5.5278444,6.097844,6.287844,6.5078444,8.347844,8.957844,9.157845,8.147844,7.0478444,6.697844,6.177844,6.0478444,5.057844,3.8878443,3.3078442,2.8378441,3.3678443,3.4978442,3.5278442,3.5878441,4.537844,-0.42215577,-4.5121555,-5.2421556,-6.7621555,-6.5121555,-6.152156,-5.802156,-6.2621555,-6.172156,-6.342156,-6.4921556,-6.692156,-6.692156,-6.152156,-5.212156,-4.022156,-3.4021559,-2.5821557,-1.5821557,-0.46215576,1.3278443,2.5278442,3.2978442,4.137844,4.9578443,6.517844,7.9578443,9.287845,10.137844,10.617845,10.847844,10.957844,10.937844,10.667844,10.487844,9.627844
4.967844,6.347844,7.407844,7.497844,8.747845,10.107844,10.587844,9.137844,8.407845,8.057844,7.557844,7.2578444,6.1878443,4.887844,4.1678443,3.5378442,3.5178442,3.8578444,3.8878443,3.5978441,4.407844,-1.7021557,-2.8421557,-4.6821556,-4.9321556,-6.152156,-6.4121556,-5.4921556,-5.482156,-5.2421556,-5.7221556,-5.712156,-5.362156,-5.3721557,-5.132156,-4.712156,-3.3221557,-0.5721558,1.4078442,1.9478443,2.5478442,3.4178443,3.9578443,4.847844,5.887844,7.1678443,8.437844,9.467844,10.217844,10.607844,10.867845,10.907845,10.797844,10.647844,10.1978445,9.707844,9.177844
7.947844,8.737844,9.627844,10.397844,10.917844,11.007844,10.407845,9.897844,9.317844,8.357844,7.517844,7.0278444,6.537844,5.5078444,4.887844,4.6078444,4.2578444,4.8778443,5.017844,4.3378444,4.8178444,-3.4521558,-2.4821558,-4.732156,-4.172156,-5.752156,-6.552156,-5.822156,-5.112156,-4.9121556,-5.362156,-5.4321556,-4.532156,-2.9721558,-2.0721557,-2.1321557,-2.4221559,-2.1821558,-0.73215574,0.40784425,1.5178442,3.2478442,4.5478444,5.697844,6.997844,8.077845,9.107844,9.707844,10.327845,10.357844,10.617845,10.427844,10.127844,9.987844,9.597844,8.677844,8.147844
9.677844,9.997845,9.847844,9.797844,9.647844,9.617845,9.147844,8.527844,8.177844,7.4178443,6.5878444,6.427844,6.537844,6.5478444,6.117844,5.617844,5.347844,5.5478444,5.4378443,5.767844,7.1278443,3.1878443,-1.9721558,-4.7621555,-4.212156,-5.922156,-6.3321557,-5.802156,-5.842156,-5.8521557,-5.612156,-7.7021556,-6.802156,-5.522156,-4.842156,-4.032156,-3.5121558,-2.6921558,-1.5221558,-0.18215576,0.9978442,2.4578443,4.0278444,5.387844,6.807844,8.147844,8.977844,9.417844,9.607844,9.837844,9.9478445,9.847844,9.657845,9.687844,9.577845,8.877844,8.337844
7.8178444,8.397844,8.627844,7.8778443,7.517844,7.267844,6.7378445,6.3378444,6.6878443,6.677844,6.1478443,5.847844,5.997844,6.847844,6.057844,5.597844,5.787844,6.1478443,6.197844,6.1478443,7.467844,6.0878444,-0.09215576,-4.302156,-4.272156,-5.572156,-5.6021557,-5.8321557,-5.5821557,-7.732156,-9.242156,-10.392156,-7.6621556,-4.9521556,-3.0121558,-1.5621557,-0.25215575,1.1178442,2.1078444,2.9978442,4.037844,4.887844,5.597844,6.1878443,6.717844,7.447844,7.997844,8.297844,8.497845,8.6978445,8.977844,9.107844,9.167844,9.077845,8.857844,8.177844,7.077844
5.7978444,5.9878445,6.0478444,5.367844,4.4178443,5.057844,4.4378443,4.0878444,4.557844,5.1478443,5.3978443,5.1878443,5.1278443,5.807844,5.8378444,5.427844,5.6878443,6.267844,6.727844,6.577844,7.3778443,6.767844,2.5578442,-2.8321557,-3.2321558,-3.9721558,-5.342156,-5.5121555,-6.572156,-4.7021556,-4.482156,-4.3921556,-3.4421558,-3.1221557,-2.6821558,-1.5421557,-0.47215575,0.21784423,1.0478443,2.0178442,2.8178442,3.8778443,4.7378445,5.4878445,6.157844,6.6078444,6.697844,7.117844,7.477844,7.767844,8.047844,8.237844,8.167844,7.8778443,7.427844,6.747844,5.4178443
3.2378442,3.4278443,3.6678443,4.677844,4.9378443,4.7578444,2.8378441,3.0378442,2.8378441,4.537844,3.6578443,4.097844,5.017844,4.747844,5.387844,5.617844,6.327844,6.727844,6.947844,7.0278444,8.467844,6.447844,3.3478441,-0.92215574,-1.4921558,-1.6321558,-3.8721557,-1.9721558,-5.362156,-4.4521556,-4.462156,-4.1821556,-4.382156,-3.8221557,-3.3821557,-1.8421558,-1.2121558,-0.72215575,0.22784424,1.2378442,2.0278442,2.7678442,3.3878443,4.0478444,4.6878443,5.177844,5.5678444,5.9178443,6.217844,6.477844,6.5878444,6.597844,6.5678444,6.387844,5.847844,4.887844,4.5278444
2.1978443,2.4778442,2.4978442,1.7978443,1.8778442,1.9878442,1.6578442,3.1378443,3.4578443,2.3478441,3.4278443,3.9078443,3.9778442,4.7078443,4.6878443,5.657844,5.8378444,6.017844,6.847844,8.227844,9.607844,7.727844,3.7478442,0.8678442,0.26784423,0.34784424,-0.5621558,2.8478441,-4.022156,-5.6421556,-4.842156,-4.1821556,-4.8921556,-4.9721556,-4.0121555,-2.7321558,-2.5421557,-1.8321557,-0.91215575,-0.18215576,0.27784425,1.0778443,1.8078443,2.6878443,3.4478443,3.9978442,4.3178444,4.4878445,4.7578444,4.8378444,4.807844,4.7378445,4.577844,4.4878445,4.287844,3.5478442,3.6078444
-0.7621558,-0.07215576,-0.46215576,0.24784423,1.4378443,2.5978441,2.1778443,1.9478443,1.9378443,2.4878442,2.4378443,2.4178443,2.7178442,3.9178443,4.7778444,5.6478443,6.017844,6.617844,7.1678443,8.907845,8.727844,8.227844,3.8878443,2.1178443,1.4378443,1.5278442,2.3678443,5.517844,2.9078443,-4.5821557,-5.0621557,-5.2421556,-4.9921556,-5.1221557,-3.5621557,-3.0421557,-2.6921558,-2.3621557,-1.6521558,-1.4121557,-0.96215576,-0.37215576,0.28784424,0.94784427,1.3478442,2.0878441,2.4878442,2.7978442,2.6478443,2.5778441,2.5278442,2.3978443,2.3278441,2.4578443,2.5478442,2.3378441,2.0278442
