raw-data-f/2018101000f3.json
{"header": { "discipline":0, "disciplineName":"Meteorological products", "gribEdition":2, "gribLength":75121, "center":7, "centerName":"US National Weather Service - NCEP(WMC)", "subcenter":0, "refTime":"2018-10-10T00:00:00.000Z", "significanceOfRT":1, "significanceOfRTName":"Start of forecast", "productStatus":0, "productStatusName":"Operational products", "productType":1, "productTypeName":"Forecast products", "productDefinitionTemplate":0, "productDefinitionTemplateName":"Analysis/forecast at horizontal level/layer at a point in time", "parameterCategory":2, "parameterCategoryName":"Momentum", "parameterNumber":3, "parameterNumberName":"V-component_of_wind", "parameterUnit":"m.s-1", "genProcessType":2, "genProcessTypeName":"Forecast", "forecastTime":3, "surface1Type":103, "surface1TypeName":"Specified height level above ground", "surface1Value":10.0, "surface2Type":255, "surface2TypeName":"Missing", "surface2Value":0.0, "gridDefinitionTemplate":0, "gridDefinitionTemplateName":"Latitude_Longitude", "numberPoints":65160, "shape":6, "shapeName":"Earth spherical with radius of 6,371,229.0 m", "gridUnits":"degrees", "resolution":48, "winds":"true", "scanMode":0, "nx":360, "ny":181, "basicAngle":0, "lo1":0.0, "la1":90.0, "lo2":359.0, "la2":-90.0, "dx":1.0, "dy":1.0 }, "data":
[rows 26 to 51 of 181, columns 232 to 289 of 360]
2.1921046,1.6421045,0.22210449,-0.007895508,0.6521045,0.8821045,2.6221044,3.7021046,4.9121046,4.8621044,5.6821046,6.1121044,6.2321043,6.6621046,6.7021046,6.9521046,5.9121046,5.6321044,3.6921046,2.8521044,2.5521045,2.0721045,1.0021045,-0.3478955,0.7821045,1.0821044,0.24210449,-1.1278955,-1.9378955,-1.5178955,-3.7678955,-2.8678956,-1.9978955,-2.9078956,-2.9178956,-2.9478955,-3.6678956,-4.1478953,-3.9578955,-5.0878954,-7.3578954,-6.7178955,-3.8078954,-2.6678956,-3.0278955,-4.8078957,-2.4278955,-4.8478956,-7.6978955,-6.9078956,-6.9278955,-7.4778957,-8.457895,-8.797895,-9.097896,-7.7578955,-3.6378956,-3.4678955
2.5421045,1.4521044,1.2621045,0.8821045,1.0421045,1.0121045,3.2321045,3.5321045,2.6821046,4.0621047,6.3421044,5.1821046,4.5821047,5.3221045,5.2321043,4.8321047,4.0521045,3.5221045,2.3021045,2.8421044,2.9321046,1.7921045,1.0221045,0.35210449,0.10210449,-0.6178955,-1.5778955,-2.2878954,-1.7178955,-3.3678956,-3.0678954,-2.3678956,-3.3678956,-4.0578957,-5.0978956,-4.6478953,-5.2978954,-6.0578957,-8.997895,-8.427896,-7.7378955,-6.6878953,-6.1178956,-6.0078955,-6.8078957,-5.9778957,-5.9978957,-7.0478954,-6.5378957,-6.4878955,-6.5578957,-7.6278954,-8.247895,-8.927896,-10.267896,-11.097896,-9.9678955,-5.0878954
-0.1278955,-0.9078955,-0.22789551,1.2321045,-0.2078955,2.5821044,2.6821046,3.5021045,5.2021046,5.4121046,5.2621045,4.5021043,4.2621045,6.1321044,9.7821045,5.8421044,8.182104,3.1421044,2.7821045,2.9721045,2.2721045,1.8921045,1.1021045,0.10210449,-0.48789552,-0.9478955,-1.1178955,-1.6378955,-1.9778955,-2.1378956,-2.2078955,-2.3178954,-2.6978955,-2.9078956,-2.7178955,-5.1778955,-7.1478953,-7.8978953,-7.9678955,-7.3878956,-6.4378953,-5.8778954,-5.9978957,-6.1678953,-6.6578956,-6.9778957,-7.0278955,-6.9678955,-4.0378957,-4.8178954,-4.4878955,-3.7578955,-3.9578955,-4.6078954,-5.5878954,-6.6078954,-7.2378955,-6.8078957
0.10210449,0.7321045,1.7221045,2.2921045,0.7021045,4.1121044,4.7521043,4.2321043,3.5521045,5.0621047,4.1121044,3.9121046,8.292105,7.9921045,6.8521047,2.4121046,2.7421045,2.7721045,2.5321045,2.3221045,1.7021044,1.2821045,0.62210447,-0.2078955,-1.0978955,-1.5578955,-1.8978955,-2.1178956,-2.4478955,-2.5278955,-2.4178956,-2.3278954,-2.6678956,-2.7678955,-4.9278955,-6.7678957,-7.0778956,-6.7578955,-6.5878954,-6.5978956,-6.4578953,-6.0078955,-5.0678954,-3.6078956,-4.3278956,-4.8778954,-6.4978957,-7.1078954,-5.3678956,-5.4378953,-5.6178956,-4.0678954,-3.2478955,-3.6778955,-3.9378955,-3.6978955,-2.9578955,-3.2778955
0.5521045,0.7221045,1.6721045,0.3021045,1.5221045,2.4921045,2.1121044,3.0621045,3.2221045,5.1921043,5.4921045,2.8921044,3.5221045,2.2921045,2.9921045,2.7721045,2.0921044,2.1421044,1.6821045,0.8521045,0.87210447,0.68210447,-0.4378955,-0.9478955,-1.5578955,-1.5678955,-3.0278955,-2.6378956,-3.3078954,-3.1778955,-2.9478955,-3.0078955,-4.1678953,-4.0778956,-6.1578956,-5.8478956,-5.9778957,-6.4578953,-6.6678953,-6.6678953,-6.4678955,-4.4678955,-3.7578955,-3.7178955,-3.7278955,-4.7578955,-4.2578955,-5.3878956,-6.4278955,-6.2078953,-6.1278954,-2.8878956,-1.9278955,-3.1278956,-2.5778954,-2.4378955,-1.9878955,-1.5578955
0.68210447,0.42210448,0.56210446,0.42210448,1.0121045,1.1621045,1.7521045,1.6321045,1.7821045,1.7421045,2.0021045,3.8121045,7.0321045,3.2321045,1.0521045,1.3521045,1.5221045,1.3821045,1.8621045,1.4821045,0.9021045,0.26210448,-0.4178955,-0.3078955,-1.3478955,-2.3678956,-2.6378956,-3.0678954,-3.2878954,-3.0578954,-2.5778954,-2.9178956,-3.9378955,-3.2578955,-5.1878953,-5.8178954,-6.3578954,-6.4378953,-7.0078955,-7.2978954,-6.7978954,-4.9778957,-5.1278954,-4.4578953,-4.2378955,-4.9978957,-5.6078954,-7.2278957,-6.8178954,-7.6678953,-4.3178954,-1.5278955,-1.2378955,-1.3178955,-1.7278955,-1.8178955,-1.9178956,-2.0378954
0.3321045,0.8221045,0.092104495,0.3421045,0.16210449,1.3721045,2.1121044,2.1721046,2.7821045,2.5821044,1.7121044,1.9021045,2.6421044,1.8421044,2.2421045,3.0621045,2.2221045,1.4621044,0.9121045,0.5221045,-0.4378955,-0.9278955,-0.5878955,-1.1078955,-1.6078955,-2.1478956,-3.2678955,-1.9878955,-2.1778955,-1.7278955,-1.4378955,-1.3378955,-1.2978956,-1.2178955,-2.0378954,-2.7378955,-6.5578957,-7.3878956,-7.0178957,-5.5578957,-5.2378955,-6.9078956,-5.7778955,-5.0678954,-4.7878957,-4.9978957,-6.2378955,-7.4878955,-7.2478957,-8.097896,-8.877895,-4.8178954,-2.2378955,-2.9478955,-1.8878955,-1.3078955,-2.7478955,-3.2778955
-0.3178955,-0.087895505,0.062104493,-0.017895509,1.1321045,1.8321044,1.8421044,1.7221045,2.0321045,1.9921045,1.2021044,1.9221045,2.6421044,1.7521045,0.9821045,0.3621045,0.8421045,0.7721045,0.5221045,-0.14789551,-0.5278955,-0.7178955,-1.2178955,-1.3678955,-1.0978955,-1.6078955,-2.0378954,-1.2278955,-1.1178955,-2.0478954,-1.6378955,-1.4778955,-1.2178955,-1.5478956,-2.1478956,-2.0378954,-4.1878953,-3.6278956,-5.1878953,-8.797895,-7.3478956,-6.7978954,-5.9478955,-6.1878953,-5.7078953,-5.3078957,-5.3578954,-6.0478954,-6.1178956,-6.6278954,-5.6478953,-5.0078955,-2.0978956,-2.3878956,-3.0078955,-3.2078955,-3.0178955,-2.7978954
0.6321045,0.9621045,0.32210448,0.062104493,0.3721045,0.092104495,-0.87789553,-0.39789551,-0.45789552,0.2721045,0.8421045,2.9521046,2.5021045,1.8521045,1.4821045,1.1821045,1.4521044,0.5021045,0.5821045,0.11210449,-0.6378955,-1.0178955,-1.4578955,-1.4378955,-0.6778955,-0.48789552,-1.4778955,-1.6378955,-1.3578955,-1.3478955,-1.4978955,-0.9878955,-1.1278955,-1.3578955,-1.0978955,-1.1578956,-1.8378955,-1.6978955,-1.6178955,-2.1478956,-1.9878955,-6.0478954,-8.387896,-7.8078957,-7.3978953,-7.8378954,-7.1478953,-6.7378955,-6.5278955,-7.0178957,-6.4778957,-5.8278956,-2.9078956,-1.0978955,-3.7778955,-2.0178955,-2.0978956,-1.7778955
-0.09789551,0.2121045,0.5421045,0.42210448,-0.93789554,-1.3778955,-0.7278955,-0.4378955,-0.21789551,0.8021045,1.6721045,2.1921046,2.9121046,3.5421045,1.7421045,1.7721045,1.2521045,0.7121045,-0.037895508,-0.09789551,-0.9778955,-0.81789553,-0.3178955,-1.5478956,-0.93789554,-1.4178956,-1.8678955,-1.4478955,-1.6178955,-1.6678956,-1.9078956,-1.7178955,-1.4478955,-1.4078956,-1.8978955,-1.8078955,-2.0978956,-2.1478956,-1.7778955,-1.6178955,-2.2678955,-3.6578956,-3.4978955,-2.4878955,-3.7178955,-4.6978955,-7.9478955,-8.237896,-7.7078953,-6.3678956,-2.8878956,-1.2478955,-1.5078955,-1.7878956,-1.7178955,-3.1478956,-1.2978956,-0.7178955
-0.13789551,-0.1878955,0.3121045,-0.047895506,-0.3178955,-0.057895508,0.35210449,-0.9078955,-0.5978955,0.032104492,3.4521046,2.5921044,1.2721045,1.2321045,2.0221045,1.6921045,1.5621045,1.3621045,0.6021045,-0.057895508,-0.4378955,-0.9678955,-0.9078955,-1.5478956,-1.5678955,-1.2178955,-1.1478955,-1.7578955,-3.4978955,-1.7278955,-2.3378954,-2.0578954,-2.2878954,-2.5978956,-1.9078956,-1.9078956,-2.5378954,-3.0278955,-3.0878954,-2.0778954,-2.9578955,-2.9778955,-2.8478956,-3.1078956,-2.7578955,-2.6578956,-5.6078954,-5.8578954,-5.8378954,-4.5778956,-0.7678955,-1.0378956,-1.4178956,-1.5578955,-1.4378955,-1.3978955,-1.9078956,-1.8778955
-0.6978955,-0.62789553,-0.2778955,-0.4178955,-0.16789551,-0.4478955,-1.1078955,-0.4678955,-0.4178955,0.42210448,-0.9578955,0.6921045,2.0321045,2.0921044,2.3421044,1.2621045,0.45210448,0.4421045,0.42210448,0.7921045,-0.3178955,-1.1778955,-0.8378955,-0.6778955,-0.16789551,-1.3778955,-1.1078955,-2.4678955,-4.3978953,-3.2078955,-5.9178953,-1.9378955,-2.1378956,-2.0278955,-1.8978955,-4.2278957,-2.2878954,-2.2478955,-2.2078955,-3.4278955,-2.9578955,-2.8078954,-2.2978954,-1.8678955,-1.6378955,-1.3878955,-5.2878957,-4.2878957,-5.7578955,-5.2178955,-0.81789553,-1.0178955,-1.9178956,-1.4878955,-1.2178955,-0.9078955,-0.7078955,-0.5878955
-0.1878955,-1.0478956,-0.087895505,0.6421045,-0.3078955,-1.1778955,-1.1078955,-0.6778955,-0.087895505,-0.6378955,0.6121045,0.042104494,0.7221045,2.2221045,1.4321045,0.8321045,0.3721045,-0.4378955,-0.5978955,-0.8378955,-1.7278955,-2.1378956,-1.6078955,-2.0078955,-2.5078955,-3.2278955,-1.8578955,-0.6978955,-4.4678955,-1.7178955,-5.4478955,-5.7978954,-2.5678954,-2.8778956,-2.2978954,-2.1978955,-2.0678954,-1.8278955,-1.7078955,-1.8078955,-1.8678955,-1.8978955,-1.9478955,-2.1178956,-2.1878955,-4.2678957,-3.9078956,-6.1778955,-6.4878955,-6.7478957,-1.6178955,-1.9078956,-1.4878955,-0.7978955,-0.9978955,-0.1578955,-1.3278955,-1.2978956
-2.8078954,0.3121045,-0.4678955,-1.4278955,-1.2178955,-1.2778955,-1.3578955,-1.7178955,-0.7978955,-0.56789553,-0.7078955,0.08210449,-0.3378955,0.8621045,0.5121045,-0.9278955,-1.3178955,-0.047895506,-0.4978955,-1.1378955,-1.5978955,-1.5978955,-2.5778954,-2.0078955,-1.7078955,-2.4478955,-2.4078956,-1.3178955,-2.3578956,-3.4678955,-3.6978955,-5.1378956,-2.4078956,-2.6078956,-2.0578954,-2.3278954,-2.3578956,-3.6178956,-2.7878954,-3.0878954,-3.0178955,-3.4978955,-2.8878956,-2.7578955,-2.2078955,-2.0278955,-1.9478955,-1.4378955,-0.7578955,-1.2078955,-1.9278955,-2.4278955,-1.4378955,-1.7578955,-2.0678954,-1.9378955,-2.2278955,-1.5778955
-8.507895,-1.7578955,-0.6678955,0.9721045,-0.3678955,-0.8678955,-1.4078956,-1.1778955,-0.9478955,-0.6678955,-0.16789551,0.042104494,0.9221045,0.022104492,-1.6378955,-4.2578955,-3.3078954,-2.5378954,-1.1778955,-0.3778955,0.14210449,-0.6078955,-1.1378955,-1.5778955,-2.1578956,-2.5378954,-2.5078955,-3.2678955,-4.3378954,-4.2378955,-5.0178957,-4.9178953,-3.8578956,-2.7378955,-3.0878954,-3.0578954,-3.3678956,-3.0978956,-3.1478956,-3.5578954,-3.6778955,-2.3778956,-2.2578955,-1.5678955,-1.3778955,-1.5278955,-1.7478955,-1.8378955,-1.9078956,-2.1378956,-2.1378956,-2.3378954,-2.3378954,-2.1978955,-2.0778954,-2.5378954,-2.5478954,-1.4978955
-10.937896,-8.457895,-0.19789551,-0.39789551,0.26210448,-2.0678954,0.3021045,-0.8278955,-1.3478955,-1.5778955,-0.21789551,-0.7378955,-1.6278955,-1.4478955,-2.5078955,-4.1378956,-5.7578955,-0.087895505,-0.9978955,-0.9278955,-0.39789551,-0.56789553,-0.4178955,-1.6878955,-1.8478955,-2.5378954,-2.9278955,-3.9078956,-5.0978956,-5.0178957,-5.8778954,-5.8078957,-4.0978956,-6.7878957,-3.1778955,-3.3278954,-3.3178954,-3.2678955,-3.2578955,-3.6778955,-3.6378956,-3.9378955,-3.0978956,-2.4778955,-2.4178956,-2.2978954,-2.2578955,-2.0578954,-2.6078956,-2.7378955,-2.7478955,-2.5378954,-2.9378955,-2.7578955,-2.6778955,-2.4478955,-2.4378955,-2.1978955
-10.477896,-9.867895,-4.5578957,-3.8878956,0.3621045,1.2921045,-0.2878955,-0.087895505,-2.4078956,-1.4978955,-2.1678956,-1.8178955,-1.5378956,-1.6278955,-2.7878954,-3.1478956,-2.0878954,-0.6778955,0.81210446,-0.6978955,-0.9978955,-1.6178955,-2.1678956,-2.0378954,-2.7678955,-3.3978956,-5.0678954,-5.2278957,-5.4778957,-5.9778957,-7.4478955,-6.5078955,-6.1578956,-7.3578954,-3.9678955,-3.6478956,-3.3278954,-3.0378954,-4.0878954,-6.8678956,-7.3778954,-6.9178953,-4.1778955,-3.6878955,-2.5278955,-2.6078956,-2.6578956,-2.5878954,-2.6478956,-2.7678955,-2.8978956,-2.8178954,-3.1878955,-3.0578954,-2.6378956,-2.6578956,-2.7978954,-1.4778955
-9.607896,-10.167895,-7.5078955,-2.2278955,-1.0478956,-0.2578955,0.012104493,-0.42789552,-3.0178955,-4.3078957,-4.2278957,-3.2378955,-1.5178955,-1.3478955,-0.7878955,-1.1278955,-3.4278955,-0.2078955,0.062104493,1.0621045,0.24210449,-0.26789552,-0.7878955,-2.4678955,-2.5778954,-3.5878954,-4.4278955,-5.7678957,-6.9278955,-7.5078955,-7.6478953,-7.1878953,-5.7378955,-5.0878954,-4.4778957,-4.2178955,-2.9978955,-6.0978956,-6.6878953,-3.6578956,-3.7178955,-4.6278954,-7.1278954,-4.5578957,-2.1878955,-2.7478955,-2.7178955,-2.6678956,-3.2778955,-2.9678955,-2.8478956,-2.8778956,-2.7678955,-1.8478955,-1.3878955,-1.7778955,-0.2578955,1.3321044
-9.407895,-9.017896,-8.457895,-3.7778955,0.5721045,-1.2978956,-0.48789552,-2.1178956,-5.2078953,1.3721045,0.6121045,-0.9878955,-0.11789551,-0.9078955,-1.9878955,-1.6478955,-2.0978956,-0.2578955,-0.4778955,-1.0778955,-1.0778955,-0.5378955,-1.0578955,-1.7578955,-3.4378955,-4.6978955,-5.7578955,-6.9578953,-6.9378953,-7.9478955,-7.8278956,-7.0378957,-7.5078955,-7.5378957,-6.3478956,-5.3078957,-3.8878956,-3.3878956,-2.7878954,-2.4578955,-2.6478956,-4.0378957,-3.5378954,-3.3478956,-1.3778955,-0.1878955,0.2721045,0.29210448,0.3821045,0.42210448,-0.6178955,-0.9578955,0.8321045,1.0721045,1.1621045,3.1921046,3.0821044,2.4521046
-9.787895,-8.9678955,-8.497895,-5.2378955,-1.4078956,-0.39789551,-0.1278955,1.2021044,-0.8378955,-1.0278955,-2.6278956,-2.0678954,-3.6378956,-1.8878955,-1.6078955,-2.6378956,-2.5378954,-1.1878955,-1.4078956,-6.5178957,-1.5878955,0.7121045,-1.9278955,-2.5078955,-3.4478955,-5.6478953,-7.3478956,-7.9978957,-6.4478955,-7.9278955,-7.8678956,-8.067896,-6.4878955,-7.3278956,-6.1878953,-4.0778956,-3.1878955,-1.3778955,-0.7678955,-0.8878955,-3.3278954,-6.5778956,-5.0778956,-0.45789552,-0.2578955,6.5721045,7.1021047,4.2621045,2.3521044,1.7221045,1.7221045,2.6721046,3.3621044,3.3521044,3.3321044,4.2121043,3.1521044,1.5221045
-10.2178955,-9.287895,-8.327895,-5.6978955,-1.4278955,-0.3578955,-0.007895508,-0.9978955,-2.8878956,-5.4078956,-2.9178956,-3.4378955,-0.8678955,-2.5478954,-2.0978956,-1.5078955,-3.8478956,0.11210449,0.2721045,-2.3578956,-0.4678955,-0.5478955,-3.4278955,-5.2478957,-2.1078956,-7.1578956,-7.7678957,-6.8178954,-6.5078955,-7.2178955,-6.6478953,-7.1278954,-8.487896,-6.2878957,-4.6978955,-1.2978956,-0.68789554,1.2621045,0.8021045,-1.9378955,-2.0778954,-3.4378955,2.0021045,2.2321045,3.1121044,5.1421046,7.7921047,3.6121044,3.0821044,2.4921045,2.3121045,3.7621045,5.3321047,3.4321046,0.8221045,3.1221044,1.6621045,0.7221045
-10.187896,-9.327895,-7.9078956,-5.9578953,-0.39789551,-1.0278955,-1.3978955,-2.7678955,-6.2578955,-6.5878954,-7.3478956,-5.4178953,-3.4578955,-1.3378955,-0.22789551,-0.9278955,0.9221045,-0.5378955,0.3821045,0.3121045,1.0321045,-4.4178953,-0.29789552,-0.6078955,-1.7778955,-6.4478955,-7.3978953,-7.4678955,-7.6878953,-7.1478953,-7.9578953,-5.5778956,-4.6078954,-4.6978955,0.2121045,3.0721045,4.6121044,3.5621045,3.4821045,4.5021043,4.0421047,7.4521046,4.3321047,4.0121045,4.4521046,4.2621045,4.6121044,3.5421045,3.7821045,4.2421045,4.2221045,4.7321043,5.0921044,3.3021045,0.6521045,1.3321044,1.8721045,1.9321045
-10.497895,-9.617895,-9.487896,-13.2178955,-1.9978955,-1.7978956,-0.7378955,-3.0278955,-3.7778955,-7.9778957,-5.9878955,-8.427896,-3.7678955,-4.5478954,-2.5678954,-3.4978955,-2.6478956,0.6121045,-0.26789552,-3.1678956,-3.9378955,-3.5178955,1.1221045,-1.4178956,-3.2878954,-6.9078956,-7.9178953,-8.547895,-9.507895,-9.517896,-7.5478954,-6.6678953,-3.9878955,4.4421043,5.7921047,6.7521043,6.3721046,4.9621043,5.0721045,6.0921044,5.3121047,7.7221045,4.3221045,4.6721044,4.8221045,7.2721043,7.7721043,6.0121045,4.3621044,2.9621046,2.2521045,3.4521046,2.6121044,1.6221045,1.8021045,2.3921044,2.4521046,2.3221045
-11.087895,-11.867895,-12.357896,-15.437896,-1.7678955,-2.6578956,-2.3878956,-1.2878956,-3.9378955,-4.5478954,-5.1778955,-4.8478956,-3.3078954,-0.4078955,-3.8278954,-3.7578955,-1.2378955,1.3921045,1.6821045,1.6221045,-3.0578954,-0.21789551,-0.81789553,-3.5278955,-6.0278955,-6.3978953,-6.8378954,-8.427896,-8.977896,-7.8778954,-5.6678953,-3.7278955,-1.3478955,7.2121043,7.7821045,7.4121046,6.7621045,6.5721045,7.5821047,6.6721044,6.2221045,4.8921046,4.4921045,4.4621043,4.2221045,5.1221046,4.9721045,3.4021044,3.1421044,3.0621045,1.4221045,1.0821044,1.5521045,1.3521045,2.4721045,3.0721045,4.2921047,4.3921046
-11.647896,-12.837895,-14.457895,-14.547895,-6.1078954,-1.5778955,-0.9078955,-1.3878955,-4.7678957,-9.297895,-5.0278955,-5.1278954,-7.2578955,-3.3078954,-5.2278957,-3.0478954,3.7621045,1.4421045,-1.5078955,-0.4478955,0.8421045,-1.4478955,0.26210448,-1.4578955,-2.8178954,-5.6078954,-7.2078953,-6.9378953,-6.5578957,-7.0078955,-4.6478953,-2.3178954,4.1721044,5.4621043,6.0721045,5.7321043,5.7921047,7.4221044,6.9321046,5.9221044,5.5221043,4.6221046,4.5221043,4.0021043,4.3121047,4.2121043,3.5221045,2.3021045,2.1121044,4.0421047,1.1921045,2.5021045,2.8921044,2.7621045,4.2021046,5.2921047,4.8721046,4.9721045
-12.007895,-13.167895,-14.027896,-14.817896,-14.277896,-0.16789551,3.1421044,0.2521045,1.6821045,-8.757895,-9.087895,-6.3678956,-9.307896,-7.8678956,-3.3078954,0.7221045,4.6321044,3.1921046,-0.93789554,0.07210449,1.0821044,0.4621045,3.0421045,-0.6378955,-5.6578956,-7.5378957,-7.9778957,-9.037895,-6.2278957,-3.5278955,-1.6578956,-0.1578955,3.4721045,4.9821043,4.8321047,4.7021046,4.5521045,5.5221043,5.5621047,5.3721046,4.6921043,3.7221045,2.6121044,2.7121046,3.2821045,1.6521045,2.4221046,0.81210446,2.5521045,1.0521045,1.6921045,2.5121045,2.6221044,3.2021046,4.7821045,3.9721045,3.7421045,4.4321046
