raw-data-f/2018100706.json
{"header": { "discipline":0, "disciplineName":"Meteorological products", "gribEdition":2, "gribLength":74456, "center":7, "centerName":"US National Weather Service - NCEP(WMC)", "subcenter":0, "refTime":"2018-10-07T06:00:00.000Z", "significanceOfRT":1, "significanceOfRTName":"Start of forecast", "productStatus":0, "productStatusName":"Operational products", "productType":1, "productTypeName":"Forecast products", "productDefinitionTemplate":0, "productDefinitionTemplateName":"Analysis/forecast at horizontal level/layer at a point in time", "parameterCategory":2, "parameterCategoryName":"Momentum", "parameterNumber":3, "parameterNumberName":"V-component_of_wind", "parameterUnit":"m.s-1", "genProcessType":2, "genProcessTypeName":"Forecast", "forecastTime":0, "surface1Type":103, "surface1TypeName":"Specified height level above ground", "surface1Value":10.0, "surface2Type":255, "surface2TypeName":"Missing", "surface2Value":0.0, "gridDefinitionTemplate":0, "gridDefinitionTemplateName":"Latitude_Longitude", "numberPoints":65160, "shape":6, "shapeName":"Earth spherical with radius of 6,371,229.0 m", "gridUnits":"degrees", "resolution":48, "winds":"true", "scanMode":0, "nx":360, "ny":181, "basicAngle":0, "lo1":0.0, "la1":90.0, "lo2":359.0, "la2":-90.0, "dx":1.0, "dy":1.0 }, "data":
[rows 104 to 129 of 181, columns 59 to 117 of 360]
3.6971729,3.5871727,3.7371728,3.7471728,4.1971726,4.317173,4.587173,4.897173,5.417173,5.337173,6.257173,4.687173,2.857173,2.0371728,1.7571728,2.2271729,3.0771728,3.0571728,2.7571728,2.5971727,1.7971729,2.177173,2.7171729,2.0371728,1.9871728,1.7971729,1.6371728,1.7271729,1.4071728,1.1571728,1.2671728,1.4971728,2.0071728,2.167173,2.397173,3.0771728,3.8271728,4.3871727,4.587173,4.6971726,3.7071729,1.4971728,0.83717287,0.43717286,0.64717287,1.0471729,1.9271729,2.2671728,2.607173,2.5571728,2.417173,2.637173,3.0271728,3.3371727,3.897173,4.257173,4.4671726,4.437173,4.4071727
2.9671729,3.2471728,3.3071728,3.1971729,3.5471728,4.167173,4.727173,5.047173,5.187173,5.507173,6.047173,5.507173,1.7771728,0.46717286,1.6671729,2.167173,1.9771729,2.877173,3.2171729,3.2371728,3.5771728,3.167173,3.2571728,3.157173,2.7571728,1.9871728,1.2171729,1.0671729,1.4471729,1.7371728,1.5671729,1.3771728,1.9871728,2.1971729,2.937173,3.147173,3.4471729,4.0771728,4.547173,4.837173,4.777173,2.9771729,1.3371729,-0.7428272,-0.5428271,0.67717284,1.5371728,2.2971728,2.8071728,3.2071729,3.0771728,3.377173,3.7871728,4.187173,4.587173,4.877173,5.207173,5.307173,5.227173
2.187173,1.8871728,2.147173,1.8771728,1.8871728,3.0771728,4.187173,4.397173,4.3471727,4.377173,5.027173,4.1571727,2.7671728,-0.06282715,0.5771729,1.9471729,2.4471729,1.9971728,2.9571729,2.9471729,3.0471728,3.377173,3.2971728,3.2571728,3.0171728,2.117173,1.6371728,1.3071729,1.1171728,1.5871729,2.1971729,2.5371728,2.7871728,2.8471727,2.5971727,2.8071728,3.3371727,3.857173,4.3871727,4.857173,5.107173,4.247173,2.0871727,1.8471729,1.3571728,1.1271728,2.3471727,2.437173,2.687173,2.8471727,3.357173,3.907173,4.457173,5.127173,5.517173,5.7171726,5.817173,5.737173,5.687173
2.927173,2.367173,2.4971728,2.5971727,1.5171728,2.0171728,3.2571728,3.2171729,2.5571728,2.687173,3.0871727,2.5071728,1.9471729,2.5171728,2.937173,2.9671729,2.637173,1.9171729,1.0671729,0.89717287,1.7371728,2.4471729,2.7071729,2.9971728,2.8271728,2.3471727,1.4971728,1.2671728,1.3071729,2.127173,2.4771729,2.9771729,2.877173,2.417173,2.117173,2.127173,2.5471728,3.187173,3.9471729,4.627173,5.257173,4.8871727,3.127173,1.2871728,1.2971729,1.6871729,1.7771728,2.4971728,3.0271728,3.4871728,3.647173,4.087173,4.9071727,5.5771728,6.067173,6.487173,6.6971726,6.527173,6.1771727
1.7571728,2.2271729,2.8371727,3.7571728,3.7771728,3.187173,3.7071729,4.3471727,2.4671729,1.6471728,1.4271729,1.4871728,1.4971728,1.8371729,1.6471728,2.4671729,2.147173,2.2171729,1.2771728,1.3571728,1.5471729,1.4371729,2.2071729,2.437173,2.5771728,2.2871728,1.5071728,0.89717287,1.2571728,1.6371728,1.6471728,1.6271728,1.8071729,1.7271729,1.6071728,1.6371728,1.7671728,2.357173,3.427173,4.237173,5.037173,5.337173,4.417173,3.867173,2.8271728,3.127173,2.7171729,2.7971728,3.187173,3.627173,4.1171727,4.487173,4.877173,5.607173,6.337173,6.857173,7.247173,7.3871727,6.957173
0.05717285,1.0871729,2.0871727,2.917173,3.437173,3.407173,3.917173,4.307173,2.927173,1.0871729,0.08717285,0.11717285,0.47717285,0.8171728,1.3371729,1.6871729,2.397173,2.2671728,2.127173,1.4771729,1.6571728,2.1971729,2.127173,1.4671729,1.6071728,2.0071728,1.0171728,0.34717286,0.77717286,0.98717284,1.4671729,1.9771729,2.607173,2.5871727,1.4571729,1.4371729,1.2971729,2.2971728,3.5871727,4.4271727,4.757173,5.207173,5.3471727,5.067173,4.747173,3.7671728,3.0671728,3.0471728,3.2071729,3.5971727,4.167173,4.4471726,4.8871727,5.4471726,6.147173,6.727173,7.3471727,7.547173,6.857173
-1.9228271,-0.66282713,0.6371729,1.5671729,2.2471728,2.7771728,3.867173,4.487173,2.387173,0.67717284,-0.77282715,-0.75282717,0.30717286,0.99717283,1.6171728,2.2671728,2.5771728,2.177173,2.377173,0.54717284,0.5771729,1.2771728,1.9771729,1.5071728,1.3371729,1.5371728,0.07717285,-0.34282714,0.04717285,0.41717285,1.5271728,2.3371727,2.7971728,3.8171728,3.7471728,2.5571728,2.377173,2.8171728,3.4971728,4.187173,4.567173,4.567173,4.5971727,4.737173,4.777173,3.907173,2.9971728,2.617173,2.9471729,3.5971727,4.047173,4.497173,4.9671726,5.3271728,5.647173,6.307173,6.957173,5.997173,3.357173
-2.832827,-1.6028272,-0.6828272,0.46717286,1.5871729,2.357173,3.687173,4.397173,2.187173,-1.0328271,-1.1528271,-0.8628271,-0.13282715,0.27717286,0.39717284,1.1471728,1.8671728,2.3271728,1.8371729,1.0071728,0.14717285,0.86717284,1.6971729,1.7771728,1.1771729,1.2771728,0.53717285,-0.41282713,-0.45282716,0.03717285,0.37717286,1.4971728,2.7571728,3.7271729,4.107173,3.647173,2.417173,2.687173,2.9571729,3.437173,3.937173,3.8271728,3.637173,3.907173,4.057173,3.387173,2.2571728,2.167173,2.9771729,3.7371728,4.2171726,4.8671727,5.3671727,5.587173,5.8471727,5.1571727,3.9871728,0.86717284,0.8271729
-3.602827,-2.322827,-1.4328271,-0.08282715,0.59717286,1.5771729,2.927173,4.437173,2.8471727,-1.0628271,-1.5428271,-1.0428271,-1.4728272,-1.1328272,0.28717285,1.2071729,1.6471728,1.6771729,1.2971729,0.83717287,0.60717285,0.47717285,1.1171728,1.8371729,-0.03282715,-0.08282715,0.18717285,-0.43282714,-0.85282713,-1.3228271,-0.9928272,0.7571728,2.5071728,3.9571729,4.317173,3.9971728,1.9471729,0.96717286,1.8071729,2.7671728,3.5971727,4.727173,4.877173,4.537173,3.9471729,2.9971728,2.2771728,2.5471728,3.0571728,3.8171728,4.3271728,4.917173,5.4671726,5.797173,6.377173,5.017173,3.2671728,2.687173,1.2171729
-4.6728272,-3.352827,-2.092827,-1.3228271,-0.39282715,0.53717285,1.6171728,3.0871727,2.917173,0.54717284,-1.0128272,-1.8528272,-1.8128271,-1.3428272,-0.76282716,-0.19282715,0.48717284,0.85717285,1.2571728,0.45717284,-0.36282715,-0.51282716,0.64717287,1.5871729,0.13717285,-1.0128272,-0.24282715,-0.05282715,-0.36282715,-2.5428271,-1.6928271,0.34717286,2.0171728,3.0071728,3.5271728,2.0071728,1.8571728,0.86717284,1.5671729,2.137173,3.3471727,3.5371728,4.3271728,4.557173,3.5471728,2.3371727,2.5371728,3.2271729,3.897173,4.397173,4.557173,4.707173,5.267173,6.007173,6.837173,5.357173,3.5471728,1.5371728,-0.29282716
-4.3628273,-3.4428272,-2.4728272,-1.8528272,-1.3728272,-0.7328271,0.42717284,0.8271729,1.4571729,1.1671729,-0.56282717,-1.6228272,-1.6928271,-1.5828271,-1.6928271,-1.2228272,-0.72282714,-0.30282715,0.27717286,1.1271728,0.34717286,-0.8628271,-1.4828272,-0.17282715,-0.83282715,-1.2428272,-0.6128271,0.92717284,0.6271728,-0.51282716,-0.58282715,0.33717287,1.5771729,2.857173,4.187173,1.2371728,0.17717285,0.27717286,1.9571729,2.687173,3.0171728,3.7171729,3.927173,4.377173,2.0371728,3.387173,3.887173,3.7671728,3.907173,4.547173,5.1571727,5.277173,5.767173,6.007173,6.047173,5.607173,3.5171728,2.5171728,-0.22282715
-2.112827,-2.1628273,-1.7228272,-1.8628272,-2.592827,-1.3128271,-0.66282713,-0.88282716,-0.6828272,-0.35282716,-0.6828272,-1.7728271,-1.9128271,-1.8728272,-2.092827,-3.1728272,-2.2428272,-1.3428272,-0.84282714,-0.27282715,0.72717285,0.48717284,-1.7028271,-1.2928271,-0.69282717,-2.362827,-1.9828272,-0.35282716,0.65717286,0.77717286,0.52717286,0.40717286,0.9571729,3.387173,4.607173,2.2671728,1.7471728,2.167173,2.617173,2.637173,2.5071728,3.7071729,3.627173,4.317173,2.0771728,3.647173,4.897173,4.437173,3.6971729,4.6971726,5.6971726,5.687173,6.317173,7.027173,6.4271727,5.817173,3.7571728,2.0471728,0.107172854
-0.6128271,-0.91282713,-1.3128271,-1.3128271,-2.2428272,-1.2028271,-0.81282717,-2.7128272,-2.4628272,-2.1828272,-2.2628272,-1.7028271,-1.2328272,-1.2828271,-1.5228271,-2.322827,-4.0928273,-2.572827,-1.8128271,-1.1128272,1.1171728,0.89717287,-0.59282714,-0.88282716,-0.70282716,-1.8428272,-1.8428272,-1.6528271,-0.38282716,0.13717285,0.66717285,-0.06282715,0.35717285,2.4971728,4.307173,3.3071728,1.4371729,2.667173,2.6971729,2.4971728,2.387173,4.337173,3.9471729,3.5871727,3.4971728,3.927173,5.707173,5.087173,3.687173,4.917173,6.527173,6.747173,6.6971726,7.787173,7.707173,5.537173,3.8271728,2.4971728,0.54717284
-1.1328272,-0.63282716,-0.9228271,-1.2428272,-1.1628271,-0.5428271,-0.59282714,-2.0428271,-3.4028273,-3.7528272,-3.602827,-3.342827,-1.9228271,-1.4028271,-0.32282716,0.26717284,-5.852827,-3.7828271,-2.4528272,-1.7828271,-0.9328272,1.0971729,1.5171728,1.0171728,0.90717286,0.03717285,-0.12282715,-0.11282715,-0.31282714,0.07717285,0.33717287,0.53717285,0.77717286,1.5371728,2.927173,3.687173,2.117173,1.1071728,1.1371728,1.6071728,2.2571728,2.8471727,5.237173,5.2171726,5.647173,5.1771727,5.817173,4.787173,4.417173,5.707173,6.4271727,6.837173,7.527173,8.457172,8.277173,8.287173,6.3671727,3.9771729,-0.49282715
0.26717284,0.60717285,1.4571729,1.0971729,0.07717285,0.33717287,-0.29282716,-0.66282713,-2.112827,-2.9528272,-5.122827,-4.412827,-3.5128272,-2.5028272,-1.5028272,-1.2928271,-4.8428273,-4.3828273,-3.4228272,-2.562827,-1.6728271,-0.8728272,-0.24282715,0.32717285,0.5671728,0.45717284,0.08717285,-0.27282715,-0.47282714,-1.3428272,0.5171729,1.3971728,1.6671729,0.71717286,1.9971728,3.0071728,2.857173,0.60717285,-0.51282716,0.8771728,1.8071729,1.8671728,4.067173,5.0971727,4.8271728,4.647173,4.057173,3.8271728,4.517173,5.497173,6.3871727,7.087173,7.877173,8.927173,8.567173,8.767173,7.047173,8.437173,-0.8728272
0.08717285,1.1071728,1.5071728,1.4571729,2.397173,4.107173,-2.2228272,-1.3328271,-0.50282717,-1.6928271,-2.2528272,-4.3228273,-4.742827,-4.272827,-3.5528271,-3.0528271,-4.2828274,-4.832827,-4.1528273,-3.4828272,-2.872827,-2.0128272,-1.1928271,-0.6728271,-0.49282715,-0.43282714,-0.6728271,-1.2228272,1.1771729,-0.96282715,-0.10282715,1.0071728,1.6971729,2.0871727,1.3571728,2.5371728,3.867173,2.2371728,-1.5428271,-1.1228272,0.36717284,1.4371729,0.7671729,2.5071728,3.9571729,4.977173,5.167173,4.047173,4.517173,5.257173,5.9471726,6.997173,7.897173,9.397173,8.767173,8.907173,6.277173,8.677173,-1.9928272
1.2271729,0.97717285,0.7071729,0.33717287,0.36717284,1.2671728,2.9971728,-3.9428272,-2.4328272,-0.45282716,0.07717285,0.09717285,-0.88282716,-4.042827,-4.892827,-4.812827,-4.232827,-3.7928271,-3.7928271,-3.7028272,-3.5528271,-3.4428272,-2.7928271,-2.2628272,-1.6828271,-1.4628272,-1.8128271,-1.8328271,-1.0828271,-0.9328272,-0.6828272,0.01717285,1.0971729,1.7371728,1.6671729,2.2271729,3.4771729,4.6771727,-1.4228271,-1.1628271,0.80717283,1.1071728,1.9771729,0.47717285,2.7071729,4.067173,4.037173,3.7471728,4.3271728,4.7171726,5.547173,6.7171726,8.017173,9.577173,8.657173,8.457172,6.8471727,4.087173,7.3671727
-0.72282714,-0.41282713,-0.32282716,-0.29282716,-0.09282715,-0.15282714,-0.23282714,-0.66282713,-1.7128272,-1.3128271,-1.2228272,-0.94282717,-0.77282715,0.01717285,-2.0528271,-4.502827,-3.9228272,-2.5328271,-3.5428271,-2.892827,-2.832827,-2.7428272,-3.7128272,-3.5428271,-3.2328272,-3.2528272,-3.382827,-3.4428272,-3.0428271,-2.5528271,-2.0428271,-1.2528272,-0.14282715,0.98717284,1.0571729,1.4871728,2.4871728,3.7371728,-0.15282714,0.11717285,1.4871728,1.3271729,2.0771728,0.19717285,2.357173,3.177173,3.897173,3.8471727,4.4671726,5.067173,5.227173,5.997173,7.9071727,9.727173,7.9471726,7.627173,9.867173,0.91717285,-0.09282715
-1.9528271,-1.4428271,-1.4328271,-2.0128272,-1.8828272,-1.8228271,-2.572827,-2.092827,-1.3028271,-1.0228271,-1.2128272,-1.6628271,-1.8728272,-2.142827,-2.612827,-4.5528274,-4.5928273,-3.5328271,-2.0428271,-1.5028272,-0.75282717,0.29717284,-0.42282715,-3.7028272,-4.482827,-3.822827,-3.832827,-4.5328274,-4.622827,-4.012827,-3.2328272,-2.392827,-1.6028272,-0.96282715,-0.15282714,0.32717285,1.0671729,1.4571729,1.3371729,0.31717286,1.0571729,1.4271729,1.4671729,0.38717285,1.4171729,2.367173,2.937173,2.9671729,4.3271728,5.277173,5.4271727,5.767173,6.6571727,9.057173,6.9271727,6.917173,6.6371727,0.5671728,0.78717285
0.11717285,0.19717285,0.92717284,1.5971729,1.8171729,0.89717287,-3.112827,-4.5528274,-3.9328272,-2.4928272,-1.7428272,-2.5528271,-2.6628273,-2.892827,-3.1628273,-3.562827,-5.312827,-4.462827,-2.7128272,-2.2528272,-2.132827,-1.9828272,-2.2928271,-0.35282716,0.5771729,-1.5428271,-5.5528274,-5.242827,-5.472827,-5.2828274,-4.452827,-3.5328271,-2.7228272,-2.4728272,-2.1728272,-1.3328271,-0.58282715,-0.6228272,-0.66282713,-0.7928271,-1.0328271,0.46717286,0.47717285,0.41717285,1.1871729,2.397173,2.9971728,3.2171729,4.397173,5.037173,5.737173,5.957173,5.547173,7.797173,6.127173,5.557173,5.227173,1.0371728,1.6671729
1.6371728,1.0271728,0.47717285,0.38717285,0.47717285,0.12717286,-1.1028272,-3.082827,-0.88282716,0.60717285,-1.3128271,-3.4628272,-4.662827,-4.3228273,-4.082827,-3.582827,-3.372827,-3.892827,-3.832827,-3.0528271,-2.4228272,-1.8628272,-1.3728272,-1.4728272,-1.1528271,-0.9328272,-0.45282716,-3.6628273,-5.142827,-5.0928273,-5.0728273,-4.512827,-3.7228272,-3.132827,-2.832827,-3.2128272,-2.2828271,-1.8928272,-2.312827,-2.2028272,-2.9028273,-1.7728271,-1.0728271,-0.46282715,1.6471728,1.8771728,1.5671729,2.5971727,3.3471727,4.517173,4.777173,5.377173,5.5771728,5.6571727,6.9471726,5.857173,5.307173,0.90717286,0.79717284
1.0771729,0.66717285,-0.05282715,-0.75282717,-0.9328272,-0.35282716,-2.632827,-3.2928271,-1.6428272,-0.41282713,0.21717285,-2.132827,-4.432827,-6.8028274,-6.312827,-5.712827,-5.4228272,-5.042827,-4.942827,-5.6728272,-4.832827,-3.9528272,-3.2128272,-2.342827,-1.7928271,-1.3628272,-0.64282715,-0.77282715,-2.6728272,-4.6528273,-5.692827,-4.6728272,-4.012827,-3.2528272,-2.6528273,-2.7028272,-3.7528272,-3.2628272,-3.0428271,-3.9128273,-3.7828271,-3.2328272,-2.2128272,-1.2328272,0.41717285,2.0571728,3.2971728,-0.84282714,1.6571728,3.2271729,3.2671728,4.3471727,4.997173,5.557173,5.227173,5.357173,3.927173,4.0971727,2.687173
-0.9228271,-1.4828272,-1.3928272,-1.8228271,-2.312827,-2.822827,-3.392827,-2.852827,-2.6928272,-2.072827,-0.97282714,0.067172855,-0.37282714,-6.7828274,-5.352827,-4.562827,-5.6128273,-6.392827,-6.142827,-5.3628273,-6.042827,-5.452827,-4.6128273,-3.092827,-3.2828271,-2.6928272,-1.1628271,-0.012827149,0.83717287,-3.2328272,-4.0328274,-4.622827,-3.612827,-2.332827,-2.0128272,-2.2928271,-2.822827,-3.3028271,-3.632827,-4.2828274,-4.602827,-4.3028274,-3.4628272,-2.1628273,-0.9928272,0.28717285,0.93717283,2.3271728,-1.2628272,-0.33282715,2.2171729,2.9471729,3.2571728,4.237173,5.007173,4.3471727,5.147173,5.397173,3.5371728
7.317173,2.4871728,-1.0128272,-1.6928271,-2.2928271,-3.1828272,-4.3028274,-5.1728272,-5.062827,-4.292827,-3.562827,-2.0528271,-2.2028272,-2.9928272,-4.3428273,-4.5928273,-4.512827,-4.3228273,-4.262827,-4.082827,-2.9528272,-5.222827,-5.3028274,-3.392827,-2.2828271,-2.2928271,-1.9628272,-0.8728272,0.30717286,-0.45282716,-2.7928271,-3.7428272,-3.062827,-2.6828272,-1.9028271,-1.5528271,-2.092827,-2.5328271,-3.062827,-3.9928272,-5.1128273,-5.4228272,-4.942827,-4.212827,-2.0528271,-1.3228271,-0.70282716,0.03717285,1.7371728,-0.39282715,-1.6328272,1.5171728,2.877173,3.0471728,3.7071729,4.127173,4.537173,5.1171727,3.7371728
10.377172,9.607173,6.377173,0.48717284,-3.612827,-4.2828274,-4.852827,-5.492827,-5.542827,-4.9028273,-4.852827,-5.192827,-4.462827,-4.012827,-4.0528274,-4.952827,-5.792827,-5.3228273,-5.252827,-4.602827,-3.9628272,-3.9428272,-3.7028272,-4.042827,-2.822827,-2.0328271,-1.8628272,-1.0928272,-1.4528271,-1.2528272,-1.6128272,-2.0328271,-2.4028273,-2.082827,-1.7328272,-1.5728271,-1.7228272,-1.9328271,-2.4928272,-2.362827,-3.102827,-3.9428272,-5.702827,-6.3828273,-3.7728271,-2.6928272,-1.7628272,-1.8828272,-0.45282716,0.46717286,-2.7128272,-1.7528272,0.93717283,2.167173,2.5471728,2.5671728,3.5871727,4.087173,3.6971729
10.797173,10.127172,9.797173,9.667172,4.757173,-2.7128272,-5.482827,-6.1728272,-6.892827,-6.412827,-5.6328273,-5.562827,-6.262827,-6.472827,-5.852827,-6.012827,-6.5928273,-7.0728273,-6.852827,-6.4028273,-5.9028273,-5.462827,-4.9028273,-4.102827,-3.2728271,-2.322827,-1.3428272,-0.72282714,-0.66282713,-2.072827,-2.632827,-2.612827,-2.332827,-1.9028271,-1.6928271,-2.0128272,-1.6628271,-0.9928272,-0.90282714,-1.4128271,-2.2628272,-1.9928272,-2.4628272,-5.332827,-6.292827,-4.752827,-3.9728272,-2.642827,-2.0428271,-1.4928272,-1.2128272,-3.4928272,-1.8628272,0.01717285,1.0971729,1.2071729,2.387173,3.0471728,3.647173
