raw-data-f/2018100800f3.json
{"header": { "discipline":0, "disciplineName":"Meteorological products", "gribEdition":2, "gribLength":75293, "center":7, "centerName":"US National Weather Service - NCEP(WMC)", "subcenter":0, "refTime":"2018-10-08T00:00:00.000Z", "significanceOfRT":1, "significanceOfRTName":"Start of forecast", "productStatus":0, "productStatusName":"Operational products", "productType":1, "productTypeName":"Forecast products", "productDefinitionTemplate":0, "productDefinitionTemplateName":"Analysis/forecast at horizontal level/layer at a point in time", "parameterCategory":2, "parameterCategoryName":"Momentum", "parameterNumber":2, "parameterNumberName":"U-component_of_wind", "parameterUnit":"m.s-1", "genProcessType":2, "genProcessTypeName":"Forecast", "forecastTime":3, "surface1Type":103, "surface1TypeName":"Specified height level above ground", "surface1Value":10.0, "surface2Type":255, "surface2TypeName":"Missing", "surface2Value":0.0, "gridDefinitionTemplate":0, "gridDefinitionTemplateName":"Latitude_Longitude", "numberPoints":65160, "shape":6, "shapeName":"Earth spherical with radius of 6,371,229.0 m", "gridUnits":"degrees", "resolution":48, "winds":"true", "scanMode":0, "nx":360, "ny":181, "basicAngle":0, "lo1":0.0, "la1":90.0, "lo2":359.0, "la2":-90.0, "dx":1.0, "dy":1.0 }, "data":
[rows 75 to 99 of 181, columns 0 to 56 of 360]
3.8361864,2.2561865,3.7761865,3.0361865,-0.43381348,-1.1138135,-1.5038135,-2.6738136,-2.9038134,-1.7038134,-1.4338135,-0.8438135,-2.6838136,-3.1638136,-2.5938134,-1.8938135,-3.1638136,-2.9438136,-2.2038136,-3.3638134,-2.9138136,-3.3738134,-3.4838135,-2.6138134,-3.3038135,-2.3138134,-1.3438134,-0.7238135,-0.033813477,-0.16381347,0.48618653,0.70618653,3.4361866,-0.7638135,1.0961865,4.1261864,0.13618653,2.3561866,0.7361865,-1.3538135,1.1661866,-2.0038135,-0.61381346,1.7761865,-1.9838135,1.3761865,1.6061865,-1.8138134,-0.7138135,0.036186524,0.4761865,1.6561866,1.4461865,2.2261865,2.1961865,2.1161866,1.1761866
1.5761865,2.2661865,3.5061865,-0.013813477,1.0861865,-0.62381345,1.2361865,0.19618653,-2.9538136,-1.7838135,-0.85381347,-0.42381346,-0.19381347,0.04618652,0.4461865,1.5161865,0.9761865,0.6161865,-0.20381348,-1.8938135,-3.2638135,-2.6238134,-3.6338134,-1.5238135,-2.8538134,-1.8638135,-1.6038135,-1.6138135,-1.0238135,0.42618653,2.5761864,2.4261866,1.7261865,-3.4738135,0.0061865235,1.4461865,-1.6838135,-0.32381347,-2.2538135,-1.0238135,0.15618652,-0.023813477,-3.0638134,-0.22381347,-2.0438135,-0.06381348,-0.15381348,-0.13381347,-0.40381348,-2.7738135,-0.9038135,0.14618653,1.0961865,1.8561865,2.4961865,2.9161866,2.4461865
1.0761865,1.6961865,2.8461866,0.5861865,2.8961866,2.0161865,0.9161865,-1.5738134,-1.5738134,-1.1638135,-0.85381347,-1.1838135,-1.2338135,-1.2438135,0.33618653,0.93618655,1.9361866,1.4961865,1.7761865,0.9761865,1.2261865,0.07618652,-0.38381347,-0.73381346,-2.2138135,2.1261866,-0.74381346,0.7961865,0.6661865,2.1861866,2.6661866,2.6161866,2.4161866,-3.3738134,-0.9138135,-2.1438134,-1.9438134,-0.6638135,-0.60381347,-0.32381347,-0.6938135,1.2161865,-1.8738135,-6.1338134,-2.3438134,-2.6838136,-7.8338137,-6.5338135,-5.5038133,-3.8938134,-2.8238134,-1.3338134,-0.08381347,1.4061866,2.5661864,4.3761864,4.1961865
2.4361866,1.6861866,1.1561866,2.0361865,1.5961865,1.4661865,0.76618654,1.3161865,1.5761865,0.62618655,0.6061865,1.4761865,1.4261866,2.4961865,2.6461866,2.4861865,2.8361864,1.2661865,0.5961865,1.4961865,0.8361865,0.6561865,0.106186524,1.3961865,2.3761866,3.6061866,2.9761865,2.6261866,2.7161865,1.1861866,1.6661866,0.056186523,1.0461866,-1.4638134,-3.0038135,-1.8538135,-2.0838134,-3.1538134,-1.3138134,-1.2538135,1.4861865,-0.74381346,-1.4938135,-2.2138135,-7.4038134,-7.7238135,-7.9138136,-6.8338137,-5.1638136,-4.2038136,-3.1038134,-1.4338135,0.56618655,2.4261866,4.8061867,4.4361863,5.8361864
1.2861866,1.0361866,1.2261865,1.1061865,0.95618653,0.026186524,-0.013813477,0.51618654,1.4761865,0.5261865,1.2361865,1.5761865,0.9261865,1.3961865,1.2061865,1.5161865,1.2561865,0.7461865,0.106186524,1.1661866,0.7361865,0.21618652,0.9661865,2.3661866,2.9661865,3.3061864,2.8461866,2.0561864,1.9461865,2.2761865,-0.40381348,0.25618652,1.1761866,-1.5038135,-1.3438134,-0.73381346,-1.2838135,-0.9438135,0.18618652,-1.4138135,3.4661865,-1.1738135,-3.3038135,-3.2238135,-5.5438137,-7.9438133,-6.5638137,-3.1938136,-0.7138135,-0.25381348,0.75618654,0.7861865,2.0461864,3.1061866,4.1761866,4.7461867,6.4161863
0.8661865,0.13618653,0.68618655,1.6961865,1.0961865,0.20618652,-0.40381348,-0.28381348,0.5361865,-0.09381348,0.9961865,1.3561865,-0.5738135,0.5261865,1.2161865,1.7761865,0.29618654,0.22618653,1.1761866,1.1561866,0.7861865,0.49618652,0.26618654,1.2361865,1.3861865,0.7461865,2.4961865,1.5661865,1.7161865,1.1561866,0.21618652,-1.1338135,0.46618652,-1.6838135,-1.0238135,0.07618652,-1.8238134,-0.9038135,-0.10381348,-0.08381347,2.6961865,0.3561865,-1.4438134,-2.4038134,0.70618653,0.25618652,-0.86381346,-1.2738135,-2.6838136,-1.4638134,-1.1938134,0.6561865,2.3061864,4.0661864,4.7461867,5.7861867,7.1661863
0.18618652,-0.04381348,0.70618653,0.6661865,1.5761865,0.9761865,0.64618653,0.27618653,0.87618655,0.40618652,2.0261865,0.48618653,1.0461866,0.8461865,0.4161865,0.3561865,0.95618653,0.4461865,1.7761865,1.2661865,0.76618654,-0.09381348,-0.033813477,-0.79381347,0.94618654,1.1961865,1.5061865,1.7261865,1.2561865,0.49618652,0.23618652,-0.6438135,0.51618654,-1.4738135,-1.6138135,0.3861865,0.37618652,-0.55381346,-0.61381346,-0.3038135,0.7461865,-0.25381348,0.28618652,-0.35381347,1.2061865,2.1361866,0.4161865,-0.25381348,-1.1638135,0.3861865,0.40618652,3.8161864,2.7761865,3.4261866,5.0761867,5.9461865,7.3461866
-0.74381346,0.30618653,1.0261865,0.5961865,0.26618654,1.1361865,1.0261865,0.31618652,0.87618655,1.8461865,1.1161865,-0.60381347,0.9661865,0.3861865,-0.44381347,0.57618654,0.7361865,1.3061866,0.8061865,0.8461865,-0.31381348,-0.5138135,-0.5038135,-0.5038135,-0.14381348,0.16618653,1.6561866,1.7161865,1.2061865,1.2561865,0.9861865,0.43618652,0.40618652,-1.3938135,-1.0838134,-1.6338135,-0.79381347,-0.55381346,-2.6538134,-1.8738135,1.9361866,1.4061866,0.8561865,2.3361864,2.5561864,2.6561866,-0.9438135,0.19618653,2.6561866,2.4261866,3.9161866,3.8961866,5.2561865,3.2961864,4.2061863,5.6561866,6.9861865
-0.8238135,0.3861865,1.0361866,0.57618654,-0.26381347,0.42618653,1.0961865,0.3861865,0.82618654,2.7761865,0.04618652,-1.5138135,-0.18381348,-0.06381348,-0.7238135,0.16618653,1.5661865,0.9661865,1.0561866,0.106186524,-0.34381348,-1.0438135,-0.37381348,-0.8238135,-0.55381346,0.23618652,0.5461865,1.3161865,1.4461865,1.5161865,1.5961865,1.3661865,-1.4338135,-0.8238135,-2.4538136,-1.2338135,0.29618654,-0.5738135,-0.68381345,-2.4638135,1.9061866,2.3061864,0.7861865,1.1561866,2.2861865,1.8461865,3.9261866,2.5061865,2.4661865,2.8661866,5.1461864,5.4561863,4.7761865,4.5161867,4.0761867,4.6761866,6.3561864
1.9261866,2.0861864,3.2761865,2.1861866,1.8861865,1.0561866,0.3561865,0.64618653,0.88618654,0.17618652,-0.86381346,1.0961865,1.1061865,0.16618653,0.20618652,1.2361865,1.0861865,0.93618655,0.9661865,0.75618654,-0.81381345,-0.3038135,0.21618652,-0.3038135,-0.23381348,0.13618653,0.5361865,0.89618653,0.9861865,1.6061865,1.8161865,1.1561866,-0.6538135,0.42618653,-0.04381348,-1.4838135,-0.2738135,0.07618652,-1.4438134,1.0961865,0.8561865,1.9161866,1.7761865,2.2361865,0.4761865,1.0261865,3.5861864,3.5961866,3.8861866,5.9261866,5.2761865,4.8961864,4.6861863,4.5561867,4.9161863,4.6661863,5.5761867
4.3961864,2.8361864,3.0561864,2.5461864,1.8861865,2.3761866,0.5961865,1.4861865,0.016186524,-0.81381345,0.3861865,1.0261865,1.6061865,1.0361866,1.1561866,1.0661865,0.5461865,0.7861865,1.0061865,-0.15381348,0.15618652,-0.3638135,0.096186526,0.08618652,-0.32381347,0.5361865,0.7961865,0.33618653,0.5861865,1.0161865,0.57618654,0.51618654,-0.17381348,0.9261865,-1.3238134,-1.5138135,-2.5238135,-1.5338135,-2.6138134,1.3561865,0.7361865,1.4261866,0.016186524,1.6361865,2.1361866,0.4161865,3.5261865,3.3961866,3.6961865,5.2661867,4.7161865,4.9261866,5.1861863,4.8661866,4.8661866,5.0161867,5.7661867
3.4461865,3.5761864,3.4461865,3.6461866,3.4561865,1.5661865,2.5261865,2.5661864,2.4861865,3.9661865,-0.74381346,0.27618653,0.6161865,0.7261865,1.0161865,0.8561865,0.42618653,0.51618654,0.25618652,0.87618655,0.07618652,0.0061865235,0.17618652,0.5261865,0.34618652,-0.17381348,0.39618653,-0.32381347,-0.04381348,0.25618652,0.23618652,-0.7738135,-2.6538134,0.8361865,-1.4738135,-7.0738134,-3.4038134,-4.7038136,-4.9038134,-1.7838135,-2.1838136,-0.32381347,-0.3638135,-0.0038134765,0.7761865,2.4861865,3.5961866,3.0961866,4.9861865,4.0861864,4.3961864,4.6861863,4.8961864,4.7561865,5.1361866,5.3761864,6.1361866
2.6461866,3.1861866,2.7261865,2.8961866,2.3861866,2.4361866,1.9961865,1.9861865,2.6661866,5.0061865,0.43618652,1.7061865,0.8661865,0.9861865,1.0861865,0.8561865,0.75618654,0.6161865,0.26618654,0.6561865,0.19618653,0.45618653,0.12618652,0.46618652,0.6761865,-0.49381348,-0.42381346,-0.79381347,-0.43381348,0.11618652,0.026186524,0.066186525,-2.2838135,0.16618653,1.4461865,-2.3638134,-5.4038134,-8.053814,-6.6538134,-4.5438137,-2.0538135,-1.6438135,-0.49381348,-0.9438135,0.94618654,2.3361864,1.6461865,4.3161864,3.8761866,3.8761866,4.1261864,4.1961865,4.2861867,4.4761868,5.1561866,5.9161863,6.3761864
2.1761866,2.0061865,1.8261865,1.7061865,2.1761866,1.9761865,2.4061866,3.1061866,3.5161865,3.9861865,1.2461865,1.1361865,1.4761865,1.0361866,1.1361865,0.94618654,1.0661865,0.8461865,0.31618652,0.18618652,0.096186526,0.13618653,0.6561865,0.37618652,0.76618654,-0.3638135,-0.6638135,-0.9138135,-0.61381346,-0.3038135,-1.1738135,0.7461865,-0.9038135,0.39618653,1.3261865,-0.06381348,-2.5438135,-3.2138135,-5.5738134,-3.4038134,-2.6338134,-1.8038135,-1.5338135,-0.14381348,0.63618654,0.7261865,2.4661865,2.8361864,3.1061866,3.5161865,3.7261865,3.7561865,3.6161866,4.2061863,5.0061865,5.7261868,6.2761865
1.8661865,1.3061866,1.4561865,1.9761865,1.4061866,1.4661865,2.8561866,1.8561865,3.2861865,1.2561865,0.4161865,1.0561866,0.88618654,0.9961865,0.9961865,0.93618655,0.6561865,0.7261865,0.19618653,0.08618652,-0.04381348,0.50618654,0.75618654,0.36618653,0.6561865,0.49618652,-0.18381348,0.056186523,-0.5338135,-0.7238135,0.8061865,0.5461865,-0.35381347,-0.23381348,-0.80381346,0.46618652,2.6361866,-0.81381345,-3.8538134,-3.1338134,-1.4538134,-1.5738134,-0.81381345,-0.09381348,-0.31381348,0.20618652,1.0761865,1.9061866,2.4861865,3.1261866,3.2061865,3.3761866,3.2461865,3.8561866,4.3961864,5.0461864,5.8761864
1.2261865,1.1661866,1.1061865,1.2261865,1.4261866,1.8461865,1.4261866,1.5161865,2.5661864,0.5561865,0.15618652,1.4761865,1.3361865,0.63618654,0.93618655,1.0961865,1.1761866,1.0061865,-0.54381347,-0.20381348,-0.49381348,0.26618654,0.9161865,0.89618653,-0.3338135,0.95618653,-0.26381347,-0.9638135,-0.32381347,-0.9638135,0.64618653,1.1761866,1.3361865,-3.2838135,-1.0938134,-1.2938135,0.64618653,0.14618653,-0.5138135,-1.7838135,-0.5938135,-0.81381345,-0.55381346,-1.0638134,-0.55381346,-0.67381346,0.036186524,1.0661865,1.9161866,2.3761866,2.1961865,2.5661864,3.1461866,3.2261865,4.0461864,4.6961865,5.2261868
0.69618654,0.48618653,0.51618654,0.7161865,0.8661865,1.3261865,1.0961865,1.1061865,1.8661865,0.23618652,-0.033813477,0.57618654,1.9061866,0.27618653,1.1661866,2.2961864,1.1061865,0.9761865,0.5261865,-0.29381347,-0.54381347,0.12618652,1.0261865,0.69618654,0.9161865,0.39618653,0.036186524,-0.44381347,-0.9438135,-0.12381348,1.2761865,1.4861865,3.2261865,-4.8238134,1.3361865,-1.3538135,-1.3638135,-1.9638134,-1.5238135,-1.0338135,-0.023813477,-0.13381347,-1.1938134,-1.2338135,-0.60381347,-1.1038135,-0.5838135,0.106186524,0.9961865,1.4661865,1.5161865,2.1261866,2.8661866,3.1461866,3.6561866,4.5761867,5.0461864
0.30618653,0.16618653,0.26618654,0.43618652,0.49618652,0.95618653,1.2161865,0.95618653,1.2261865,1.4961865,-0.09381348,0.37618652,1.5161865,0.9761865,1.6261865,1.8261865,1.5061865,0.9761865,0.6561865,0.14618653,-0.3638135,0.62618655,0.68618655,0.016186524,-0.15381348,1.2261865,-0.06381348,-0.61381346,0.016186524,0.64618653,0.9061865,1.0561866,2.2461865,-3.6238134,-0.9138135,-2.1338134,-2.2538135,-3.0738134,-2.0738134,-1.0638134,0.5561865,-0.56381345,-1.8938135,-1.5638134,-1.4338135,-1.5138135,-1.2638135,-0.8238135,0.04618652,0.7261865,1.7261865,1.4261866,3.0261865,2.3461866,3.9961865,4.0461864,3.9661865
-0.2738135,-0.08381347,0.036186524,0.36618653,0.16618653,0.7161865,1.1761866,1.3061866,1.2061865,1.4161866,2.0661864,0.6061865,0.82618654,1.1861866,1.6161865,2.3561866,1.6661866,0.9761865,0.6661865,0.4161865,0.19618653,0.42618653,0.64618653,0.066186525,0.17618652,0.7761865,-0.48381346,-0.47381347,-0.7038135,1.3361865,0.27618653,1.5761865,-1.2638135,-0.5238135,-0.8238135,-2.6338134,-0.8838135,-0.8938135,-1.0138135,-0.7038135,-0.0038134765,-1.6338135,-2.4038134,-2.1938136,-2.3938134,-1.8238134,-1.7538135,-1.1538135,0.036186524,0.7961865,1.5261865,1.4761865,2.7861865,1.4561865,0.88618654,0.63618654,-0.13381347
-0.86381346,-0.5938135,-0.13381347,0.106186524,0.29618654,0.43618652,1.0661865,1.7461865,1.8261865,2.4661865,2.4761865,2.1561866,1.1561866,1.5861865,2.6261866,2.2861865,1.6361865,1.9261866,2.1161866,0.93618655,0.50618654,0.7461865,0.23618652,0.7361865,0.106186524,0.89618653,0.12618652,-0.6538135,-0.3038135,0.76618654,-0.04381348,0.88618654,-0.48381346,-2.5338135,-2.3238134,-2.0738134,-1.4538134,-2.6838136,-0.34381348,0.43618652,-0.44381347,-1.8838135,-2.5038135,-2.6838136,-2.5638134,-2.5838134,-2.0538135,-0.7038135,0.12618652,-0.21381348,-0.28381348,0.28618652,1.5061865,-1.2138134,-1.7738135,-2.2138135,-1.8738135
-1.4838135,-1.2638135,-0.7638135,-0.21381348,0.43618652,0.88618654,1.8661865,2.0061865,2.0261865,2.5661864,3.4261866,3.1261866,2.7261865,1.5061865,2.0261865,2.2761865,2.0261865,1.2561865,1.0861865,0.63618654,0.8461865,0.5461865,-0.0038134765,0.69618654,0.6761865,0.5561865,0.11618652,0.096186526,0.30618653,-0.7738135,-0.24381347,0.46618652,-3.0738134,-2.0338135,-1.6038135,-3.4438136,-2.1838136,-1.9138135,-0.55381346,1.9861865,-0.9138135,-2.0738134,-2.9938135,-2.9938135,-2.8338134,-2.7838135,-2.3238134,-0.9538135,-2.0638134,-3.4138136,-2.4138136,-3.1838136,-4.8038135,-4.2038136,-3.6838136,-2.3338134,-1.8838135
-1.9638134,-1.3838135,-0.9038135,-0.23381348,0.9661865,1.7761865,2.0461864,2.5661864,2.5461864,2.8361864,3.3761866,3.2361865,3.4061866,2.0261865,1.8161865,2.3661866,0.036186524,0.3561865,1.8161865,1.6361865,1.3861865,0.6561865,0.5961865,0.45618653,0.6161865,1.0461866,0.056186523,0.5261865,0.24618652,-1.0238135,-1.1038135,0.066186525,-3.6338134,-1.5738134,-3.9038134,-1.5438135,-1.6538135,-1.2438135,-0.29381347,0.26618654,-1.8138134,-2.2738135,-3.1038134,-3.6438134,-3.2538135,-3.0038135,-2.4338136,-2.1638136,-3.3238134,-4.9038134,-5.2638135,-5.6938133,-5.3238134,-4.3438134,-3.7238135,-2.5038135,-2.3838134
-2.4238136,-1.0838134,-0.113813475,0.5961865,1.1661866,1.7161865,2.1861866,2.7461865,2.7161865,2.7261865,3.0061865,2.9561865,2.8561866,1.2961866,1.4561865,1.8461865,1.4561865,0.23618652,0.8561865,1.6061865,1.2161865,1.3961865,0.82618654,0.64618653,0.23618652,-0.67381346,0.75618654,0.93618655,1.1961865,-0.9038135,-2.5938134,-3.3738134,-2.1938136,-2.9438136,-1.6438135,-1.4938135,-1.4338135,0.25618652,0.20618652,0.6061865,-2.5738134,-2.6138134,-2.2438135,-3.7638135,-3.6238134,-3.3238134,-2.8038135,-2.7838135,-4.6938133,-5.5138135,-5.9538136,-6.1138134,-5.5838137,-4.6938133,-4.0738134,-3.1138134,-2.6438134
-1.7638135,-0.40381348,0.7161865,0.63618654,1.6961865,1.6461865,2.0461864,2.4961865,2.4261866,2.6461866,2.9361866,3.0961866,2.8161864,1.3261865,0.9161865,0.7861865,1.3761865,0.6161865,-0.0038134765,2.0561864,1.2061865,0.7961865,0.9161865,0.76618654,-0.17381348,0.57618654,0.7261865,-0.2738135,0.62618655,-0.5138135,-0.17381348,-1.8938135,-2.7038136,-2.1038134,-2.0238135,-1.1538135,-0.67381346,-0.93381345,-1.1038135,-0.19381347,-3.1538134,-3.0438135,-2.2838135,-2.9138136,-4.2338133,-3.6338134,-3.0138135,-3.1338134,-4.7338133,-5.6038136,-6.1538134,-6.3738136,-5.7438135,-5.0838137,-4.7338133,-4.1238136,-3.2438135
-0.6538135,0.106186524,0.8661865,1.4861865,1.5561866,1.2961866,1.5961865,2.0761864,2.1461866,2.3961866,2.5161865,2.8161864,2.3461866,1.0161865,0.63618654,1.5261865,2.4161866,1.9061866,0.7761865,0.9161865,1.7661865,0.62618655,0.70618653,1.1661866,0.43618652,1.3761865,-0.3938135,-1.2638135,-2.0138135,-1.7338135,-3.0938134,-3.8738134,-0.98381346,-2.5038135,-0.17381348,-1.3238134,-0.29381347,-0.42381346,-1.9938135,-0.023813477,-4.0838137,-3.5938134,-2.8838134,-2.9538136,-3.5438135,-3.3638134,-3.3138134,-3.2438135,-5.0038133,-5.7638135,-6.4538136,-6.4838133,-5.9738135,-5.4938135,-4.9038134,-4.0338135,-4.0638137
