raw-data-f/2018100918f3.json
{"header": { "discipline":0, "disciplineName":"Meteorological products", "gribEdition":2, "gribLength":75344, "center":7, "centerName":"US National Weather Service - NCEP(WMC)", "subcenter":0, "refTime":"2018-10-09T18:00:00.000Z", "significanceOfRT":1, "significanceOfRTName":"Start of forecast", "productStatus":0, "productStatusName":"Operational products", "productType":1, "productTypeName":"Forecast products", "productDefinitionTemplate":0, "productDefinitionTemplateName":"Analysis/forecast at horizontal level/layer at a point in time", "parameterCategory":2, "parameterCategoryName":"Momentum", "parameterNumber":3, "parameterNumberName":"V-component_of_wind", "parameterUnit":"m.s-1", "genProcessType":2, "genProcessTypeName":"Forecast", "forecastTime":3, "surface1Type":103, "surface1TypeName":"Specified height level above ground", "surface1Value":10.0, "surface2Type":255, "surface2TypeName":"Missing", "surface2Value":0.0, "gridDefinitionTemplate":0, "gridDefinitionTemplateName":"Latitude_Longitude", "numberPoints":65160, "shape":6, "shapeName":"Earth spherical with radius of 6,371,229.0 m", "gridUnits":"degrees", "resolution":48, "winds":"true", "scanMode":0, "nx":360, "ny":181, "basicAngle":0, "lo1":0.0, "la1":90.0, "lo2":359.0, "la2":-90.0, "dx":1.0, "dy":1.0 }, "data":
[rows 52 to 77 of 181, columns 236 to 294 of 360]
-5.019553,1.4804468,0.7604468,1.7704468,1.4704468,-3.3995533,0.79044676,2.1004467,3.4204469,7.1404467,5.460447,4.570447,1.1904467,5.0804467,0.030446777,-1.1295532,-1.2395532,-1.9895532,1.4704468,-0.13955322,-2.5095532,-6.409553,-7.9895535,-6.749553,-6.3195534,-4.949553,5.670447,9.090446,10.320447,8.430447,7.170447,4.730447,5.460447,4.270447,5.800447,5.730447,6.170447,4.6004467,2.650447,2.4404469,2.1404467,2.6404467,2.4404469,3.9504468,1.6504468,1.9304467,1.1704468,1.4104468,3.8304467,0.6304468,-0.76955324,3.0904467,2.9204469,2.1204467,0.55044675,-0.9395532,-1.8495532,-0.57955325,-0.57955325
-1.3595532,5.280447,2.0604467,0.070446774,1.1704468,1.7604468,2.7004468,4.2904468,4.6204467,3.9704468,3.2404468,1.0004468,0.7404468,1.6504468,-0.82955325,-0.95955324,0.72044677,0.3204468,2.3704467,-1.2495532,-3.2195532,-7.7395535,-8.129553,-6.2995534,-3.7195532,-2.1995533,4.460447,6.210447,8.180447,6.380447,5.880447,4.400447,3.9204469,4.400447,6.210447,5.270447,4.6804466,4.500447,3.3604467,1.7704468,3.0604467,3.3304467,3.3404467,3.6704469,1.2504468,1.3304467,0.6804468,0.28044677,1.2504468,1.2204468,1.9204468,3.2704468,2.0604467,0.8804468,0.72044677,0.86044675,0.7604468,1.0204468,0.7404468
-2.9795532,1.4504467,7.130447,2.5304468,-0.23955323,0.5604468,3.8004467,3.3904467,3.0004468,3.0904467,1.8904468,1.1304468,0.5604468,0.40044677,-0.7895532,-2.6195533,-1.5595533,-0.47955322,0.2904468,1.8104467,-3.1995533,-8.349553,-7.499553,-5.619553,-3.3695533,-0.21955322,3.7704468,4.300447,4.690447,3.660447,3.9804468,4.480447,3.8004467,3.9604468,5.570447,5.400447,3.7004468,4.250447,3.3904467,2.3204467,0.79044676,3.3904467,1.6404468,0.6304468,1.3304467,0.5604468,1.0804467,1.5804467,0.6504468,2.3604467,5.440447,3.7204468,3.3704467,3.2204468,2.3704467,1.9604468,1.8804468,1.9504467,0.8704468
-5.1895533,-1.9595532,2.2804468,4.380447,0.80044675,-3.8195531,3.4204469,2.0804467,1.5404468,4.6004467,3.9504468,1.9704468,0.91044676,-1.1795533,-1.4195533,-0.5695532,-1.3495532,-0.21955322,0.49044678,0.59044677,-4.539553,-7.6895533,-6.599553,-4.369553,2.7004468,3.7104468,3.910447,4.820447,2.8804467,1.1704468,3.2004468,2.8304467,4.250447,5.4104466,4.3504467,3.8304467,2.900447,3.6404467,3.1104467,2.1004467,1.9804468,0.6904468,0.030446777,1.5804467,1.5904468,1.4604468,2.2204468,1.4304467,2.9404469,4.7404466,4.7204466,4.030447,3.0904467,2.0804467,1.5304468,1.5004468,1.4204468,1.1904467,0.78044677
-6.0695534,-4.309553,-1.8095533,2.6204467,2.8104467,3.3704467,3.0704467,2.1404467,5.610447,3.0604467,3.0004468,2.2804468,2.9804468,1.0204468,1.2704468,-2.099553,-1.9095532,-0.8095532,1.3804468,-3.2395532,-3.6695533,-4.869553,-3.2495532,-1.6495532,3.3604467,3.2204468,6.0404468,4.4104466,4.610447,1.7704468,3.7804468,3.5204468,4.1404467,4.3704467,3.1704469,2.8504467,1.7004467,1.7504468,1.8304467,1.1504468,4.4677735E-4,0.19044678,0.7004468,1.0704467,1.5904468,1.5704467,1.8304467,4.360447,4.8504467,4.530447,3.6704469,3.2004468,2.6304467,2.0304468,1.3604468,0.73044676,0.25044677,0.8904468,0.25044677
-6.749553,-5.4395533,-2.9795532,0.31044677,1.4104468,1.4404467,1.6704468,0.42044678,1.7304468,4.270447,3.7204468,2.0304468,-0.38955322,-0.21955322,-0.35955322,0.34044677,-1.3095533,0.47044677,1.3104467,-1.8095533,-1.0395532,0.9904468,0.5104468,1.3804468,2.2704468,2.8204467,6.1404467,2.150447,0.27044678,0.2904468,2.6804469,2.5204468,3.650447,4.3104467,3.1204467,2.3304467,1.8604468,1.3504468,0.60044676,0.39044678,4.4677735E-4,1.3904468,2.0604467,1.2704468,1.0704467,2.3104467,3.5104468,3.900447,3.8204467,3.6804469,3.900447,3.8204467,3.3304467,2.8804467,2.5904467,1.7904468,1.3104467,0.42044678,-0.4895532
-7.1695533,-5.329553,-3.5595531,-1.0195532,-0.20955323,0.6304468,1.3104467,-0.09955322,2.2604468,3.650447,3.1804469,0.72044677,0.5804468,-2.099553,-1.0995532,-1.5595533,-1.8795532,-0.5695532,0.59044677,0.8204468,2.1204467,2.0404468,0.22044678,0.2904468,2.2404468,1.3004467,3.6804469,-1.2995533,-2.1195533,0.42044678,0.8104468,1.7504468,1.8904468,1.9504467,1.7004467,0.97044677,0.27044678,0.25044677,0.21044677,-0.109553225,0.5804468,0.5604468,0.59044677,1.4204468,3.410447,3.9504468,4.190447,4.230447,4.070447,4.070447,3.8004467,3.0804467,2.9504468,2.5104468,1.9404467,1.3204467,0.6304468,0.030446777,-1.1595532
-6.5095534,-4.789553,-3.5595531,-2.0195532,-0.58955324,1.1604468,1.8104467,0.20044678,1.4704468,2.400447,3.7604468,1.0504467,0.7704468,-0.05955322,-0.70955324,-0.37955323,-1.5095532,-2.2995532,0.17044678,-0.14955322,-0.13955322,-0.7295532,-2.1295533,-1.2895532,-1.1595532,-3.0795531,-0.6695532,3.0804467,2.410447,1.0104468,1.4104468,1.5004468,3.5104468,1.4104468,0.9604468,0.20044678,-0.58955324,-0.63955325,-0.5495532,-0.69955325,-0.40955323,0.14044678,0.67044675,5.050447,5.1204467,6.130447,6.090447,5.690447,4.8104467,3.6704469,3.410447,3.2004468,2.5304468,2.0904467,1.8504468,1.1704468,0.86044675,0.49044678,-0.29955322
-5.3795533,-4.1895533,-3.2695532,-2.3195531,-1.1095532,1.4704468,2.0604467,1.3704468,-0.34955323,2.2104468,1.3204467,0.9904468,0.9004468,-0.009553223,1.1804467,1.6804467,-0.3695532,-3.5495532,-2.6795533,-0.21955322,1.7404468,1.3704468,0.46044677,-2.5595531,-2.849553,1.4404467,2.5604467,4.550447,3.6804469,2.160447,3.5904467,2.8404467,1.7104468,0.66044676,0.53044677,-0.47955322,-0.22955322,-0.6095532,-0.7895532,-0.4595532,-1.2995533,0.41044676,1.3204467,5.9104466,5.9704466,5.1004467,5.4104466,5.400447,5.690447,5.1604466,4.000447,2.7804468,2.3404467,2.0904467,1.3204467,1.4204468,1.1404468,0.41044676,-0.22955322
-4.7095532,-3.8995533,-3.7295532,-1.6695533,-0.8195532,0.9304468,1.7204468,1.2404468,-0.22955322,-0.33955324,1.9104468,-0.71955323,0.8204468,1.4404467,1.4604468,-0.13955322,0.060446776,-0.9795532,-1.1495532,0.22044678,0.49044678,-0.3695532,1.2204468,-5.3595533,-3.7995532,-0.19955322,2.2604468,4.4504466,4.750447,3.6104467,4.690447,3.4404469,2.7104468,1.6804467,-0.76955324,-1.6895533,-1.5495533,-0.4295532,1.5404468,2.4504468,1.9904468,2.1904469,1.4004468,2.9204469,6.0804467,5.8504467,5.480447,5.730447,5.2204466,5.2204466,5.270447,4.690447,4.4104466,1.9904468,1.8204467,1.0504467,0.6204468,0.39044678,-0.19955322
-4.579553,-3.9695532,-3.3195531,-1.9795532,-1.3295532,-0.18955322,0.45044678,0.16044678,-0.51955324,-1.5495533,-2.9195533,0.3504468,-2.1695533,2.7804468,0.3204468,1.8404468,2.5304468,2.0304468,2.3604467,0.8904468,0.92044675,2.0504467,0.2604468,-4.369553,-6.4595532,-0.6295532,3.3804467,5.110447,4.400447,3.2204468,2.7904468,2.160447,0.46044677,-0.8095532,-2.6695533,-3.6895533,-3.9595532,-2.7095532,1.4204468,4.940447,5.4904466,4.440447,2.3604467,1.9504467,5.610447,6.270447,5.8104467,5.4504466,5.820447,5.280447,6.520447,6.4904466,5.3104467,4.7904468,3.1904469,1.3704468,0.66044676,-0.30955324,-0.37955323
-4.659553,-3.8195531,-3.1695533,-2.5795531,-1.0595533,0.14044678,0.19044678,-1.0395532,-1.1495532,-2.4295533,1.2204468,0.36044678,-3.7795532,0.6304468,1.6604468,1.5604467,2.0804467,4.0604467,0.85044676,-1.0095532,2.2204468,0.22044678,1.3804468,-4.389553,-5.2595534,0.67044675,3.3504467,6.650447,5.3904467,3.2504468,1.4204468,0.34044677,-1.1695533,-2.589553,-3.7495532,-6.5695534,-8.9495535,-7.6895533,-0.27955323,9.890447,10.740447,9.870447,3.8904467,2.8404467,4.7404466,5.590447,4.170447,4.800447,5.420447,4.960447,5.000447,6.2904468,5.5404468,4.570447,4.0404468,2.9204469,0.7404468,0.070446774,-0.9795532
-4.079553,-3.0495532,-1.9695532,-1.1495532,-0.09955322,0.59044677,0.5204468,-0.4295532,-0.7595532,-1.4195533,-2.2295532,-2.1995533,1.1504468,-1.2395532,-0.12955323,-0.05955322,1.8004467,2.2204468,2.8004467,4.9904466,0.60044676,0.8904468,1.7304468,-1.4495533,-4.7795534,-1.5095532,4.960447,5.900447,5.150447,3.4604468,0.9004468,-0.83955324,-2.9695532,-4.219553,-5.619553,-7.829553,-12.929553,-28.579554,28.810448,20.410446,14.720447,12.270447,8.810447,5.4504466,5.1404467,4.000447,4.980447,3.910447,4.110447,4.270447,4.5804467,4.4504466,4.750447,4.710447,4.460447,3.2604468,1.5204468,-0.23955323,-0.96955323
-3.3195531,-2.6895533,-2.0395532,-0.6195532,-0.76955324,-0.009553223,0.22044678,0.2904468,0.08044678,-1.2195532,-1.9795532,-1.5095532,-2.2495532,-1.3495532,0.14044678,-0.57955325,1.0404468,1.3104467,3.3904467,3.8304467,1.6704468,0.7504468,0.9304468,2.0004468,-1.3795532,-3.7795532,5.550447,5.7904468,5.030447,4.0404468,0.8904468,-1.8595532,-3.1495533,-4.8395534,-5.7795534,-6.7395535,-5.889553,-0.6295532,14.290447,20.090446,14.900447,11.120447,9.860447,5.670447,5.000447,4.6404467,3.2804468,2.5104468,2.9304469,3.0604467,4.360447,5.400447,5.460447,3.910447,4.090447,3.6104467,2.3504467,0.5104468,-1.1395532
-3.5795531,-2.7795532,-2.2895532,-2.4395533,-0.94955325,-0.37955323,-0.29955322,-0.33955324,-0.7495532,-1.6595532,-2.3095531,-2.0495532,-2.3695533,0.31044677,-1.2895532,-3.7795532,-3.1595533,2.9904468,1.7304468,4.5804467,3.2504468,1.8104467,-0.109553225,1.2704468,-0.6295532,0.9304468,4.6804466,6.190447,5.270447,4.4504466,2.0104468,-1.4095532,-2.6795533,-2.9895532,-3.4895532,-3.1395533,-0.029553223,5.770447,12.250446,14.460446,13.580447,11.840446,10.220447,10.280447,5.250447,3.2604468,3.0204468,2.2304468,2.3104467,2.3704467,4.0404468,5.9904466,5.4504466,4.840447,4.8304467,3.6004467,2.2804468,0.7404468,-0.64955324
-4.1695533,-3.3095531,-2.4595532,-1.6895533,-1.4295533,-1.0695533,-0.94955325,-0.57955325,-1.1695533,-1.9095532,-2.2495532,-2.6695533,-2.7095532,-3.4495533,-2.1795533,-3.6295533,-1.7995533,2.1804469,2.9904468,0.9504468,3.6104467,3.1204467,1.0904468,0.73044676,-0.9995532,1.6904467,4.550447,5.770447,4.920447,4.030447,2.4604468,0.19044678,-1.0995532,-0.89955324,0.2904468,1.7304468,3.0704467,6.8304467,10.400447,11.180447,8.8004465,7.480447,6.9704466,4.770447,3.1904469,1.3004467,0.6304468,2.660447,2.0404468,2.8604467,3.5304468,5.230447,4.9704466,4.6804466,4.920447,4.940447,2.9304469,0.9604468,-0.4895532
-4.199553,-2.6895533,-1.0095532,-0.7995532,0.09044678,0.5004468,-1.0595533,-2.4295533,-2.5695531,-2.2695532,-2.1695533,-2.4195533,-2.6395533,-3.589553,-4.3195534,-3.2395532,-1.2595532,1.3704468,0.8204468,4.4677735E-4,0.97044677,0.9004468,3.0304468,1.8904468,-1.2695532,0.98044676,2.3404467,4.880447,3.7104468,3.2504468,2.5504467,1.9404467,1.1104468,0.98044676,1.7804468,2.5904467,1.6804467,0.7704468,8.090446,8.910447,6.2404466,8.580447,9.0504465,6.460447,3.8904467,4.4504466,1.7104468,-0.35955322,-0.15955323,2.7904468,2.1804469,3.6204467,4.280447,4.7004466,5.000447,4.0804467,2.2504468,1.4904468,-1.0295532
0.09044678,0.9604468,0.86044675,0.6404468,0.45044678,-0.12955323,-0.88955325,-1.6295532,-1.9895532,-2.589553,-3.1895533,-3.3295531,-3.5495532,-3.3895533,-3.4095533,-3.4895532,-2.8895533,-1.8095533,-2.5195532,-0.37955323,-0.58955324,1.7404468,0.92044675,2.2704468,0.060446776,-2.3095531,0.98044676,3.150447,3.9904468,3.2204468,2.3904467,1.5404468,1.4504467,1.1704468,-0.77955323,0.12044678,0.92044675,2.4604468,7.530447,8.180447,10.620447,11.360447,10.100447,8.760447,6.730447,5.270447,4.3304467,-0.4895532,0.7604468,1.8604468,3.1904469,1.2304468,2.6704469,3.7404468,4.230447,2.9904468,2.1204467,0.80044675,0.030446777
2.2904468,2.7004468,1.3304467,1.0704467,0.8704468,0.85044676,0.47044677,-0.22955322,-1.0295532,-1.9295533,-2.589553,-3.8095531,-3.9595532,-4.349553,-4.349553,-3.9295533,-3.5395532,-3.4095533,-5.7395535,1.0004468,1.0504467,1.2804468,0.05044678,1.2904468,-0.49955323,-1.4895532,-2.089553,-2.0595531,5.1404467,3.4504468,3.4804468,0.49044678,0.05044678,1.3604468,-0.17955323,0.5204468,1.2004467,7.1204467,7.6804466,8.500446,10.460446,11.650447,9.430447,8.420446,7.4104466,5.110447,6.1004467,1.8304467,1.9804468,2.2104468,0.5704468,-3.2495532,-4.869553,0.7404468,3.8404467,2.3604467,1.8504468,0.7004468,-0.019553222
2.8404467,2.5604467,2.410447,2.660447,1.7104468,0.40044677,-0.5995532,-0.05955322,-0.69955325,-1.6295532,-2.6995533,-3.4695532,-3.839553,-4.179553,-4.389553,-4.3395534,-4.979553,-5.3995533,-5.3395534,-4.269553,2.2804468,0.16044678,1.2104468,1.8304467,1.2104468,2.8904467,4.380447,0.23044677,1.0904468,-0.05955322,2.2204468,-0.51955324,-1.7095532,-1.2395532,-0.30955324,0.5704468,1.8404468,6.440447,6.690447,8.210446,10.530447,9.880446,8.810447,6.800447,7.070447,6.7604465,1.9904468,3.3904467,2.8804467,-0.65955323,0.97044677,-2.0595531,2.9404469,0.43044677,-0.05955322,-0.47955322,-0.7295532,-0.12955323,-0.31955323
4.6004467,4.590447,3.9804468,3.3804467,3.3104467,4.230447,3.0404468,0.6904468,-1.8995532,-1.7895532,-2.8195531,-3.849553,-4.4595532,-4.619553,-4.789553,-5.2995534,-5.389553,-5.0295534,-4.949553,-3.9395533,-3.1895533,1.8604468,3.5504467,0.49044678,-0.49955323,4.4677735E-4,-0.3995532,-0.65955323,0.18044677,7.1004467,-1.0995532,0.6504468,0.23044677,-1.1795533,0.7604468,1.1004468,4.380447,4.670447,4.420447,6.880447,9.110447,9.490447,8.230447,7.020447,6.7904468,6.1404467,5.420447,3.3604467,1.1904467,3.2604468,1.2304468,2.8104467,1.3204467,-0.09955322,0.45044678,0.72044677,-0.5595532,1.5604467,-1.0195532
8.490447,6.1404467,5.900447,3.910447,3.4204469,3.3504467,3.410447,2.2704468,2.8404467,0.2904468,-1.8495532,-3.1095533,-4.0295534,-4.619553,-4.519553,-4.469553,-3.8195531,-4.429553,-4.659553,-4.0495534,-3.3695533,-3.2095532,0.47044677,2.6704469,2.400447,1.3004467,1.7304468,1.2504468,2.0304468,7.7204466,2.6804469,1.8004467,-0.38955322,1.2804468,1.3804468,0.43044677,4.0604467,0.8804468,1.1304468,4.4104466,7.8904467,9.060447,7.9304466,7.000447,6.210447,4.630447,2.4504468,0.9304468,1.2304468,2.5704467,1.8404468,1.1704468,0.3804468,0.100446776,-0.8595532,-1.1595532,-0.34955323,-0.069553226,-1.0895532
12.880446,8.570447,6.400447,4.190447,3.9404469,3.8804467,2.9604468,0.6504468,-0.079553224,0.08044678,-0.76955324,-2.7995532,-3.8795533,-4.409553,-4.7795534,-3.6895533,-3.4395533,-4.249553,-4.8595533,-4.2795534,-3.3595533,-2.4195533,-0.8595532,-0.069553226,-0.6195532,1.2704468,1.7404468,1.6604468,3.2004468,6.020447,6.280447,2.1704469,2.7804468,0.5104468,0.47044677,2.4504468,-4.559553,-4.4595532,-3.8195531,-2.099553,5.570447,9.060447,7.630447,6.300447,4.820447,3.160447,1.5604467,0.73044676,0.39044678,1.0804467,1.0804467,1.1104468,1.1504468,0.34044677,-0.6295532,-0.43955323,-0.8095532,-0.38955322,-0.33955324
13.500446,10.210446,9.400447,6.2904468,4.880447,3.9404469,1.8604468,1.3404468,-1.0895532,-1.9695532,-0.88955325,-1.7295532,-3.3695533,-4.1895533,-4.0695534,-3.4495533,-4.3795533,-4.769553,-3.6995533,-2.6695533,-3.099553,-2.6795533,-1.5495533,-1.4095532,-0.5495532,1.5004468,2.2204468,1.7404468,2.1804469,2.8104467,6.690447,5.280447,0.17044678,1.8404468,1.7704468,2.660447,1.7604468,2.1804469,2.2804468,2.0104468,2.3904467,8.660447,6.730447,5.0404468,3.4504468,2.0804467,-0.109553225,-0.7295532,0.16044678,1.0204468,1.1604468,1.1104468,1.0804467,0.8804468,0.6404468,-0.029553223,-0.95955324,-0.95955324,-0.6195532
11.980447,11.020447,9.290447,7.3504467,5.2604465,4.030447,2.910447,1.4904468,-0.6695532,-2.6095533,-2.2995532,-2.9995532,-3.6195533,-3.8895533,-3.4095533,-4.6695533,-4.659553,-2.3295531,-2.7895532,-2.8195531,-1.9795532,-2.0395532,-1.6895533,-1.5095532,-0.30955324,1.1504468,3.1804469,2.6704469,1.2204468,6.570447,8.230447,7.5604467,6.7404466,-0.24955322,2.0304468,1.4304467,1.9004468,3.4304469,3.1204467,1.8104467,2.2004468,6.8104467,5.360447,3.4904468,2.1004467,0.78044677,0.5104468,1.1604468,1.4604468,1.5704467,0.8704468,0.33044678,0.22044678,-0.049553223,0.020446777,0.5004468,1.0004468,1.2004467,0.060446776
10.990447,9.820447,8.880446,7.300447,5.730447,3.8004467,2.650447,0.98044676,-0.019553222,-2.6795533,-4.0495534,-3.5295532,-3.089553,-3.3795533,-4.249553,-4.5895534,-3.6695533,-2.8795533,-3.599553,-0.019553222,-1.2095532,-0.5095532,-1.2195532,-2.2995532,-1.6595532,2.8504467,6.2604465,5.520447,6.9104466,6.730447,8.270447,7.690447,7.7004466,6.690447,5.170447,2.2904468,3.4804468,1.4504467,1.3604468,3.8904467,1.6504468,5.480447,3.1204467,1.4504467,-0.019553222,-0.19955322,0.33044678,0.7404468,2.1104467,1.8904468,0.9504468,0.34044677,-1.2395532,-1.4695532,-1.6895533,-0.5495532,0.39044678,1.5904468,0.9404468
