raw-data-f/2018101012.json
{"header": { "discipline":0, "disciplineName":"Meteorological products", "gribEdition":2, "gribLength":75049, "center":7, "centerName":"US National Weather Service - NCEP(WMC)", "subcenter":0, "refTime":"2018-10-10T12:00:00.000Z", "significanceOfRT":1, "significanceOfRTName":"Start of forecast", "productStatus":0, "productStatusName":"Operational products", "productType":1, "productTypeName":"Forecast products", "productDefinitionTemplate":0, "productDefinitionTemplateName":"Analysis/forecast at horizontal level/layer at a point in time", "parameterCategory":2, "parameterCategoryName":"Momentum", "parameterNumber":3, "parameterNumberName":"V-component_of_wind", "parameterUnit":"m.s-1", "genProcessType":2, "genProcessTypeName":"Forecast", "forecastTime":0, "surface1Type":103, "surface1TypeName":"Specified height level above ground", "surface1Value":10.0, "surface2Type":255, "surface2TypeName":"Missing", "surface2Value":0.0, "gridDefinitionTemplate":0, "gridDefinitionTemplateName":"Latitude_Longitude", "numberPoints":65160, "shape":6, "shapeName":"Earth spherical with radius of 6,371,229.0 m", "gridUnits":"degrees", "resolution":48, "winds":"true", "scanMode":0, "nx":360, "ny":181, "basicAngle":0, "lo1":0.0, "la1":90.0, "lo2":359.0, "la2":-90.0, "dx":1.0, "dy":1.0 }, "data":
[rows 52 to 77 of 181, columns 58 to 115 of 360]
-1.6630273,1.8869727,-0.64302737,-1.6830274,-0.67302734,-0.24302734,-0.9430273,-2.3430274,-1.6130273,0.116972655,-3.2630274,1.3769727,1.1169727,-1.4430274,-0.71302736,2.0969727,6.7069726,1.4069726,-0.32302734,-0.093027346,-0.07302734,-0.65302736,-0.66302735,-1.3630273,-1.9130273,-1.5130273,-1.8530273,-2.6630273,-2.4630272,-0.73302734,-1.7730273,-1.7930274,-2.8730273,1.3769727,-0.5730274,-0.37302735,-3.1830273,-1.3630273,-1.2230273,-0.80302733,-0.76302737,-1.0930274,-1.2430273,-0.5630273,-0.98302734,-0.54302734,-1.1430273,-1.9430274,-2.3530273,-1.5930274,-2.6830273,-3.5730274,-3.4430273,-2.7230272,-2.7230272,-2.0730274,-0.32302734,0.116972655
-2.9930274,-1.9830273,-1.4530274,-2.5430274,-2.2030272,-1.6530273,-2.0330274,-2.0230274,-1.8630273,-1.0730274,1.2469727,-1.4530274,-0.55302733,-0.093027346,2.5569727,4.7969728,3.7169726,3.1569726,-2.0730274,-3.0030274,-1.7030274,-1.7230273,-1.3730273,-2.1730273,-1.5430274,-2.1430273,-2.5130274,-1.2730273,-2.3730273,-3.1630273,-2.7730274,-3.6830273,-2.4930274,-0.55302733,-2.3830273,-2.4230273,-4.303027,-4.8530273,-2.3130274,0.66697264,-2.0230274,0.72697264,-3.0130274,-0.76302737,-0.46302736,-0.58302736,-2.2830274,-1.2530273,-1.7230273,-1.2930274,-1.8930273,-2.3430274,-1.7030274,-2.2430274,-2.8830273,-0.43302736,-1.6530273,-1.2130274
-2.8430274,-0.23302734,-1.4430274,-3.3930273,-4.053027,-1.4230274,-1.8230274,-3.6830273,-2.7530274,-2.6530273,-2.5830274,-2.8930273,-0.16302735,4.1869726,2.1469727,5.3869724,4.6269727,3.5869727,4.0969725,2.4469726,5.526973,0.96697265,-1.7930274,-2.1830273,-2.1230273,-3.7630274,-5.1330276,-5.3930273,-2.4430273,-2.2430274,-2.9830275,-3.9930274,-3.3030274,-3.0830274,-3.1930273,-3.1330273,-2.6530273,-2.4030273,-2.1730273,-0.27302733,0.45697266,-0.023027344,-0.42302734,-1.0830274,-0.91302735,-0.7430273,-1.5630274,-1.3030274,-0.093027346,0.49697265,-0.38302734,-1.5130273,0.57697266,-2.3130274,-2.0730274,1.2569727,-2.4230273,-2.5930274
1.3069726,3.0469728,-0.40302736,-5.4030275,-3.5930274,-2.9830275,-0.013027344,-3.4330273,-2.0330274,-0.59302735,-5.0430274,-1.8530273,4.0369725,2.0369728,2.4369726,0.5069727,1.8969727,1.2169727,0.9369727,-0.49302733,2.8569727,4.256973,3.0969727,-2.0930274,-1.0830274,0.036972657,-1.2230273,-2.0430274,-1.6430273,0.17697266,-0.65302736,0.66697264,-1.2630273,-1.2730273,-1.2730273,-1.8930273,-1.8130274,-3.2930274,-3.7630274,-4.073027,-2.9430273,-2.2630274,-0.59302735,-1.3030274,-0.043027345,-0.89302737,-1.9130273,1.0069727,0.20697266,0.79697263,0.70697266,-0.5030273,1.0169727,0.97697264,-2.2530274,-0.89302737,-1.4230274,0.116972655
-5.783027,-4.6030273,0.076972656,-9.103027,-8.553027,-4.7130275,-5.4630275,-4.6830273,-3.9930274,0.20697266,-0.96302736,4.0669727,2.6669726,2.7069726,-1.6030273,-0.6230273,0.056972656,-0.53302735,2.1069727,-0.22302735,1.0769726,1.2069726,1.0069727,0.13697265,-0.60302734,-1.5030273,-2.3230274,-2.0330274,-0.92302734,1.1169727,1.2169727,-0.61302733,-1.7430273,-0.49302733,-2.5430274,-0.47302735,-1.5830274,-1.6430273,-0.28302735,-0.45302734,-1.7730273,0.65697265,-1.3430274,-2.4130273,-3.4130273,-1.2530273,-0.77302736,-0.96302736,0.71697265,0.34697264,2.0169725,2.3769727,-1.3330274,0.23697266,0.90697265,1.7969726,2.2669725,2.1169727
-6.243027,-5.093027,-2.5630274,-9.9430275,-7.973027,0.9969727,-1.6630273,3.7269726,3.5669727,-0.51302737,7.1269727,1.5169727,2.7469726,2.0069726,-2.2130272,-2.3230274,-0.73302734,-3.4630272,0.31697264,3.1269727,0.29697266,1.9969727,5.2069726,2.4869726,-0.34302735,-0.85302734,-0.13302734,-0.77302736,-0.45302734,1.6069727,0.44697267,-0.66302735,0.76697266,-0.38302734,0.76697266,-1.7830273,-1.5030273,-1.2730273,-0.7430273,0.85697263,1.6069727,-0.8130273,-0.65302736,-2.2230272,-0.77302736,1.0069727,0.8769727,1.0369726,1.5169727,1.1169727,0.52697265,-1.1330273,0.036972657,0.79697263,0.97697264,1.6869726,1.8669727,2.1669726
-5.803027,-5.573027,-1.2630273,-10.003027,-6.073027,-1.0430274,0.17697266,0.52697265,3.3669727,3.9569726,0.84697264,2.3469727,1.0369726,1.0469726,-0.55302733,-1.3330274,-0.5730274,0.25697267,-0.14302735,-0.31302735,3.0969727,1.6769726,3.8269727,2.4669726,1.3469727,-0.35302734,-0.8230274,-1.7630273,-0.80302733,-1.6530273,-0.40302736,-1.5130273,-1.0030273,-0.67302734,1.1969726,1.7269727,1.3869727,2.7569726,1.3469727,1.3269726,1.9969727,1.5969727,-0.61302733,-0.053027343,-0.033027343,2.1069727,0.6169727,0.45697266,0.51697266,-0.47302735,-0.16302735,1.0969727,1.6469727,0.70697266,1.8369727,0.7569727,0.20697266,0.77697265
-6.013027,-5.8630276,-1.4030273,-6.513027,-5.763027,-3.5230274,-1.8230274,-0.27302733,0.8069727,0.6169727,0.35697266,2.8069727,0.6869727,-0.43302736,-1.6830274,-1.4630274,-1.5530274,0.79697263,0.66697264,-0.22302735,0.53697264,1.7669727,3.4669726,4.216973,4.1369724,2.8769727,1.8569727,-0.98302734,-1.8930273,-1.1130273,-1.5830274,-2.0930274,-2.4030273,1.4069726,3.7469726,1.8469727,2.8669727,2.9269726,2.1969726,1.6169727,-0.51302737,-0.013027344,-0.07302734,-0.063027345,0.69697267,-0.58302736,-1.1330273,2.1969726,0.59697264,0.006972656,-0.60302734,0.33697265,-0.25302735,0.38697267,0.23697266,-0.053027343,-0.65302736,-1.2430273
-4.843027,-6.7930274,-5.3730273,-2.6630273,-6.0830274,-3.4130273,-2.5430274,-3.1730273,-1.1830274,-1.7430273,2.3669727,0.09697266,0.72697264,0.5669727,-0.9430273,-1.0630274,-0.33302733,-0.9330273,0.13697265,0.64697266,-0.71302736,0.19697265,1.1169727,-0.42302734,0.98697263,1.7569727,0.69697267,0.82697266,-0.16302735,0.5069727,0.49697265,2.2969728,2.4769726,-0.64302737,-2.1130273,-0.08302734,0.97697264,0.97697264,1.0269727,2.1369727,0.71697265,1.8869727,2.3169727,1.8669727,1.6769726,-0.42302734,1.9869727,0.9969727,-0.0030273437,-0.92302734,0.77697265,0.8069727,1.2469727,0.31697264,-0.13302734,-0.8830273,-0.093027346,1.9069726
-1.2930274,-8.253027,-4.5630274,-3.9430273,-7.973027,-7.303027,-3.0530274,-0.86302733,-4.2930274,-2.2130272,0.21697265,0.57697266,2.6769726,-0.35302734,-1.5330273,-1.7730273,-2.2730274,-1.2030274,-1.6630273,-1.0530274,0.42697266,0.65697265,0.026972657,1.2769727,0.71697265,0.91697264,4.1669726,3.8569727,3.3369727,3.1569726,2.0069726,-1.3830273,4.3569727,4.196973,1.5469726,2.5669727,1.8469727,-0.53302735,0.34697264,-0.5030273,0.66697264,3.8669727,1.6669726,1.1469727,1.2569727,1.1469727,0.51697266,-1.2730273,-0.15302734,0.9969727,1.4469726,0.8669727,0.72697264,-0.28302735,-0.49302733,-2.4330273,-1.7330273,-0.29302734
2.1869726,-8.133027,-7.573027,-6.1230273,-4.4430275,-4.9530272,-3.1830273,0.18697266,-7.013027,0.6169727,-1.7030274,-1.0830274,-0.25302735,-1.2830273,-3.9930274,-2.5730274,-1.0430274,-1.5530274,-1.5730274,-1.1330273,-0.0030273437,-0.20302734,-0.053027343,0.8069727,0.37697265,0.076972656,0.006972656,0.21697265,1.6769726,4.716973,4.8669724,4.506973,2.0069726,3.0569727,3.4469726,-0.40302736,-0.77302736,-0.6230273,-1.6730274,0.97697264,-1.4530274,0.5069727,0.82697266,1.4469726,0.13697265,0.59697264,-0.61302733,2.1469727,1.1669726,0.71697265,0.14697266,-0.23302734,-1.6930274,-0.83302736,-1.5030273,1.2069726,-0.71302736,-1.7430273
-3.3030274,-4.4330273,-4.3330274,-4.4130273,-4.9230275,-8.873028,-8.253027,-8.273027,-5.723027,0.95697266,-0.103027344,-2.2930274,-2.4730272,-3.0530274,-4.073027,-3.3430274,-2.1830273,-1.6230273,-0.7530273,-1.1130273,-0.26302734,0.85697263,0.66697264,-0.20302734,-0.54302734,-0.64302737,-0.39302734,-0.13302734,0.49697265,0.27697265,-0.24302734,-0.9430273,-0.8730273,-1.1430273,-1.7830273,-1.3830273,-0.91302735,0.53697264,1.4569726,-0.40302736,0.57697266,0.72697264,1.4869727,0.95697266,0.64697266,-0.7430273,1.4669727,2.1469727,1.4969727,1.4169726,-0.39302734,-1.0430274,0.036972657,0.14697266,-0.093027346,-1.2530273,-0.29302734,-1.9230274
5.6669726,3.5969727,1.7269727,1.7669727,-0.44302735,-8.063027,-10.623028,-3.6030273,-0.23302734,1.5769726,-1.9230274,-2.4030273,-3.2830274,-3.6730273,-3.4030273,-2.0530274,-0.7530273,-1.4830273,-2.0930274,-0.9330273,-2.3030274,-1.4530274,-0.31302735,-0.32302734,-0.85302734,-0.24302734,0.16697265,-1.4830273,-0.90302736,0.25697267,0.45697266,-0.30302733,-0.6230273,-0.98302734,0.19697265,-0.38302734,-0.053027343,0.60697263,1.0969727,1.2969726,0.70697266,2.0869727,1.5169727,1.1569726,2.7769728,1.9369726,1.9169726,0.5069727,-0.51302737,-1.0730274,-0.55302733,-2.1630273,-0.54302734,-2.1130273,-2.1230273,-2.0130274,-1.9430274,-1.9930273
4.8769727,5.9769726,6.006973,4.966973,3.1869726,-4.513027,3.9369726,2.7569726,0.18697266,2.9269726,-1.9030273,-2.6830273,-3.0330274,-4.4630275,-2.8230274,-1.1330273,-1.9730273,-1.8030274,-1.7830273,-2.3030274,-2.5230274,-2.0230274,-0.013027344,-1.0930274,-0.39302734,-0.7530273,-0.77302736,-0.5030273,-0.5730274,0.22697265,-0.19302735,0.53697264,1.2669727,1.2669727,0.64697266,0.18697266,0.6169727,0.58697265,1.0069727,0.64697266,0.27697265,0.8169727,0.7569727,0.73697263,0.90697265,1.0369726,0.97697264,0.63697267,0.43697265,0.16697265,-0.36302733,-1.3630273,-2.1430273,-2.1430273,-2.6730273,-1.6430273,-0.51302737,-1.7030274
-0.73302734,2.2069726,2.1669726,1.0669726,0.21697265,-0.44302735,-0.33302733,-0.72302735,-0.52302736,0.28697264,2.4169726,1.8369727,1.4569726,0.5069727,-1.4730273,-0.86302733,0.89697266,-0.6330273,-2.6030273,-2.3130274,-2.9930274,-2.4230273,-1.5030273,-1.0130273,-1.0930274,-0.37302735,-1.9130273,-0.58302736,-0.95302737,-1.2730273,2.6369727,1.6869726,1.0269727,0.006972656,-0.18302734,0.26697266,0.33697265,0.09697266,0.17697266,-0.20302734,0.22697265,0.58697265,1.0169727,0.48697266,0.5069727,-0.60302734,-0.76302737,-0.40302736,0.19697265,-0.8130273,-1.8530273,-3.1230273,-1.7130274,-1.9630274,-1.9330274,-1.3930273,-1.2730273,-0.77302736
-7.0630274,-1.5830274,-1.0630274,-2.0730274,-2.1630273,-2.4730272,-1.8330274,-1.0930274,-1.0330273,-0.32302734,-0.31302735,-1.2630273,-1.2330273,-5.1730275,-3.7130272,-1.3230274,-0.23302734,-2.0530274,-1.9230274,-3.3330274,-2.5830274,-0.73302734,-1.5730274,-2.4630272,-2.2030272,-3.6530273,-1.3230274,-0.76302737,-0.7530273,-0.30302733,-0.5030273,-0.7530273,0.116972655,0.95697266,0.6869727,-0.103027344,0.69697267,1.0069727,0.20697266,0.47697267,-0.16302735,0.09697266,0.046972655,0.16697265,-0.20302734,-0.11302734,-1.1830274,-1.0630274,-1.9330274,-3.5030274,-2.9130273,-5.3530273,-2.7630274,-1.5330273,-0.34302735,-4.1730275,-1.5930274,-1.6630273
3.3569727,0.086972654,-2.8530273,-2.6630273,-2.8530273,-2.5330274,-1.6930274,-0.79302734,-0.30302733,-0.64302737,-1.7530273,-3.1430273,-6.243027,-3.3130274,-1.1630273,-0.67302734,-1.3330274,-2.4530272,-1.2030274,-1.1830274,-2.3130274,-3.1330273,-2.4930274,-1.9630274,-2.7330275,0.22697265,-1.6430273,-1.4430274,-4.1030273,-5.323027,-1.5430274,-0.61302733,0.39697266,2.6469727,-0.47302735,-0.38302734,-0.023027344,-0.44302735,-1.5530274,-0.8730273,-0.0030273437,-0.39302734,-0.49302733,-0.77302736,-0.6930273,-0.27302733,-0.67302734,0.49697265,-1.2630273,-2.1330273,-1.5830274,-6.1630273,-4.8930273,-1.5830274,-2.0330274,-2.9630272,-3.2830274,-4.7130275
1.4069726,-1.1830274,-1.9630274,-1.6930274,-1.0630274,-0.91302735,-1.0030273,-1.2630273,-1.5930274,-1.9930273,-2.6430273,-3.1630273,-1.9930273,3.1169727,3.3469727,-0.39302734,-3.2530274,-3.2530274,-1.9030273,-3.3730273,-2.9530272,-1.0330273,-1.5230273,-0.36302733,-1.9530274,-2.3030274,-0.71302736,-2.6730273,-4.263027,-1.7730273,2.7269726,4.0369725,-1.2630273,1.8069726,-0.0030273437,-0.9930273,-0.27302733,-2.6130273,-2.6330273,-0.9930273,-1.2930274,-0.72302735,-0.85302734,-0.73302734,-0.86302733,-0.95302737,0.35697266,-0.39302734,-4.2530274,-2.9030273,-10.113028,-11.513027,-4.9030275,-5.0430274,-7.4030275,-7.3730273,-5.0030274,-5.5430274
-1.2330273,-2.0630274,-1.1730274,-0.51302737,-0.46302736,-0.41302735,-0.36302733,-0.21302734,-0.6330273,-1.7330273,-2.6030273,-2.9630272,-1.6730274,-0.07302734,0.29697266,-1.1330273,-2.6130273,-3.4430273,-3.1830273,-3.4430273,-1.8630273,-1.0330273,-2.2430274,-2.4230273,-3.8730273,-2.2830274,-2.3930273,-4.4630275,-3.6230273,1.7769727,4.0169725,4.986973,8.716972,7.3869724,5.776973,2.3769727,-0.79302734,-2.0830274,-1.9730273,-0.55302733,-0.55302733,-0.23302734,-1.1330273,-0.49302733,-0.8130273,-0.58302736,-0.72302735,-0.44302735,-5.5230274,-5.743027,-11.483027,-10.333027,-5.823027,-2.6630273,-5.1230273,-5.763027,-4.473027,-4.323027
-4.743027,-2.6530273,-0.54302734,0.73697263,2.3269727,3.0169725,2.6469727,1.6769726,0.88697267,0.27697265,-1.1730274,-2.2630274,-2.7530274,-2.5430274,-2.3530273,0.116972655,-2.3830273,-3.0130274,-2.8030274,-1.8530273,-2.7230272,-2.7430274,-2.7330275,-2.8130274,-3.7930274,-4.3930273,-3.7930274,-12.263027,0.59697264,6.276973,6.7969728,7.1669726,7.8869724,9.686973,8.086972,6.8169727,0.49697265,-1.4730273,-0.54302734,-0.20302734,0.41697267,-0.16302735,-0.98302734,-0.12302735,0.036972657,-0.25302735,-0.7430273,1.1869726,-11.343027,-8.663028,-9.273027,-1.7730273,-1.1230273,-4.9630275,-4.593027,-3.9830275,-4.9330273,-5.3630276
-6.493027,-2.8430274,-0.67302734,1.5169727,2.8269727,4.2269726,4.156973,2.5469728,1.3469727,0.27697265,-0.28302735,-1.5230273,-2.7430274,-3.2130272,-3.1630273,-1.7430273,-0.46302736,-1.8830273,-1.8630273,-2.7430274,-2.7530274,-3.9130273,-3.7830274,-1.7030274,-3.3230274,-0.41302735,-20.033028,-25.453028,17.736973,14.066973,10.086972,8.316973,8.906973,10.826973,10.116973,8.746973,6.3169727,-0.70302737,0.36697266,0.10697266,0.6169727,0.39697266,0.88697267,0.54697263,0.7469727,-0.76302737,-0.54302734,-1.5330273,-0.97302735,-8.753027,-10.013027,2.1269727,-4.8530273,-5.1630273,-4.6330276,-5.0230274,-5.8830276,-5.6230273
-8.393027,-4.0430274,0.6869727,4.446973,5.6469727,5.5369725,5.276973,4.216973,3.0869727,1.1069727,-0.22302735,-1.1830274,-2.1530273,-3.2130272,-3.4530272,-2.9630272,0.5069727,-3.3530273,-4.5630274,-2.5630274,-3.4230273,-3.5430274,-3.0730274,-2.2330275,-2.8330274,-1.8930273,-12.503027,-6.6830273,30.886972,14.906973,11.226973,9.176972,9.346972,10.206973,9.636972,8.626972,5.7269726,0.70697266,1.6869726,2.5969727,0.36697266,0.53697264,0.39697266,0.13697265,-0.013027344,0.46697265,0.036972657,-1.1430273,-0.44302735,-2.1030273,-2.5430274,-3.7330275,-3.9230273,-4.6330276,-4.493027,-5.093027,-5.1530275,-4.7530274
-13.773027,-6.1630273,4.426973,9.076973,9.506972,7.236973,5.8169727,5.0569725,3.6669726,1.6169727,-0.21302734,-0.90302736,-2.0130274,-2.7130272,-2.7930274,-2.7530274,0.59697264,-1.9430274,-2.9430273,-3.2530274,-3.9530272,-2.3530273,-2.6130273,-2.6830273,-4.6630273,2.2869728,-1.4230274,3.3369727,12.266973,12.576973,10.606973,8.606973,9.266973,9.146973,9.226973,9.156973,7.6069727,1.8769727,5.0669727,4.0469728,0.5669727,0.27697265,1.6369727,0.5069727,-1.9930273,-0.33302733,-0.48302734,-3.1330273,-1.8830273,-0.79302734,-0.6930273,-3.5130274,-4.4130273,-4.6930275,-4.9630275,-4.4330273,-4.4830275,-4.6830273
-24.163027,6.6269727,17.356972,14.646973,12.126972,9.746973,6.3069725,5.3869724,3.8069727,2.3969727,-0.07302734,-1.7330273,-1.7630273,-2.5030274,-2.8930273,-2.9130273,-2.0930274,0.89697266,-1.0230273,-2.4830275,-3.5530274,-2.6830273,-2.4830275,-4.2930274,-3.5730274,-3.0230274,-0.8830273,1.1369727,7.7069726,10.336972,8.586972,8.196973,9.596972,8.376972,9.226973,9.016973,7.0569725,6.0469728,4.7469726,4.236973,-0.14302735,-0.38302734,-0.12302735,0.6769726,-0.6830273,-0.8230274,-0.8230274,-1.4530274,-0.76302737,-1.0630274,-1.0530274,-2.4430273,-4.3630276,-5.2530274,-5.033027,-4.7530274,-4.743027,-4.6530275
-17.673027,24.476973,21.446972,18.556973,13.336972,11.006972,7.1669726,5.6169724,4.3569727,2.3369727,-0.023027344,-2.0330274,-2.9330273,-2.9930274,-3.1930273,-3.2530274,-3.4430273,0.42697266,-2.8630273,-3.5530274,-2.3630273,-1.9330274,-2.5330274,-0.49302733,-1.6330273,-1.1030273,1.3069726,5.0569725,7.2869725,7.0569725,7.276973,8.926972,10.066973,9.116973,8.856973,7.5469728,7.9369726,6.8269725,5.0469728,4.4569726,1.2269727,-0.013027344,-1.1930274,1.7069726,-1.1030273,-1.6730274,-0.52302736,-0.9430273,0.5569727,0.036972657,-0.42302734,-0.9930273,-5.263027,-5.323027,-4.5830274,-4.7030272,-4.803027,-4.8930273
-0.61302733,11.486973,17.036972,15.3069725,11.926972,10.076973,7.0669727,5.196973,4.0469728,2.8169727,0.6269727,-1.7130274,-2.8330274,-3.5630274,-3.6630273,-3.7330275,-3.9930274,-1.5130273,-1.7130274,-1.5230273,-2.8330274,-1.4830273,-1.9930273,3.5069726,2.4069726,1.8269726,2.7769728,4.5969725,5.6669726,5.8969727,6.986973,8.836972,8.526973,8.296972,7.426973,4.7669725,7.676973,6.0469728,5.0469728,3.5369728,2.6569726,0.22697265,2.3269727,0.89697266,0.89697266,0.6169727,0.016972655,-0.71302736,-0.66302735,-0.46302736,-0.40302736,0.076972656,-4.9630275,-4.6930275,-4.783027,-4.3730273,-4.2330275,-4.473027
