raw-data-f/2018100800.json
{"header": { "discipline":0, "disciplineName":"Meteorological products", "gribEdition":2, "gribLength":74815, "center":7, "centerName":"US National Weather Service - NCEP(WMC)", "subcenter":0, "refTime":"2018-10-08T00:00:00.000Z", "significanceOfRT":1, "significanceOfRTName":"Start of forecast", "productStatus":0, "productStatusName":"Operational products", "productType":1, "productTypeName":"Forecast products", "productDefinitionTemplate":0, "productDefinitionTemplateName":"Analysis/forecast at horizontal level/layer at a point in time", "parameterCategory":2, "parameterCategoryName":"Momentum", "parameterNumber":2, "parameterNumberName":"U-component_of_wind", "parameterUnit":"m.s-1", "genProcessType":2, "genProcessTypeName":"Forecast", "forecastTime":0, "surface1Type":103, "surface1TypeName":"Specified height level above ground", "surface1Value":10.0, "surface2Type":255, "surface2TypeName":"Missing", "surface2Value":0.0, "gridDefinitionTemplate":0, "gridDefinitionTemplateName":"Latitude_Longitude", "numberPoints":65160, "shape":6, "shapeName":"Earth spherical with radius of 6,371,229.0 m", "gridUnits":"degrees", "resolution":48, "winds":"true", "scanMode":0, "nx":360, "ny":181, "basicAngle":0, "lo1":0.0, "la1":90.0, "lo2":359.0, "la2":-90.0, "dx":1.0, "dy":1.0 }, "data":
[rows 0 to 24 of 181, columns 57 to 113 of 360]
-7.460989,-7.4709888,-7.4909887,-7.500989,-7.5109887,-7.520989,-7.520989,-7.5309887,-7.5309887,-7.5309887,-7.520989,-7.520989,-7.5109887,-7.500989,-7.4909887,-7.4709888,-7.460989,-7.4409885,-7.4209886,-7.390989,-7.370989,-7.3409886,-7.310989,-7.270989,-7.2409887,-7.200989,-7.160989,-7.120989,-7.080989,-7.0309887,-6.980989,-6.930989,-6.8809886,-6.830989,-6.770989,-6.710989,-6.6509886,-6.5909886,-6.520989,-6.460989,-6.390989,-6.3209887,-6.2409887,-6.1709886,-6.0909886,-6.020989,-5.9409885,-5.850989,-5.770989,-5.6909885,-5.600989,-5.5109887,-5.4209886,-5.330989,-5.230989,-5.140989,-5.040989
-6.8209887,-6.810989,-6.810989,-6.810989,-6.790989,-6.7809887,-6.770989,-6.7609887,-6.7409887,-6.730989,-6.710989,-6.6909885,-6.660989,-6.640989,-6.6109886,-6.580989,-6.540989,-6.5109887,-6.4709888,-6.430989,-6.390989,-6.350989,-6.310989,-6.270989,-6.230989,-6.180989,-6.1309886,-6.080989,-6.0309887,-5.9709888,-5.9209886,-5.8609886,-5.810989,-5.750989,-5.700989,-5.6509886,-5.580989,-5.5309887,-5.4709888,-5.410989,-5.3609886,-5.3009887,-5.2409887,-5.1909885,-5.1309886,-5.0709887,-5.020989,-4.960989,-4.9009886,-4.8409886,-4.790989,-4.730989,-4.6709886,-4.620989,-4.5709887,-4.5109887,-4.460989
-1.0709888,-0.8809888,-0.6809888,-0.49098876,-0.31098878,-0.14098877,0.02901123,0.19901124,0.35901123,0.5090112,0.65901124,0.79901123,0.9290112,1.0690112,1.1890112,1.3090112,1.4190112,1.5290112,1.6390113,1.7290112,1.8290112,1.9290112,2.0190113,2.1190112,2.1990113,2.2890112,2.3590112,2.4390113,2.5090113,2.5590112,2.6190112,2.6590111,2.6990113,2.7290113,2.7490113,2.7590113,2.7590113,2.7490113,2.7390113,2.7090113,2.6790113,2.6290112,2.5790112,2.5090113,2.4490113,2.3690112,2.2790112,2.1890113,2.0890112,1.9890113,1.8890113,1.7890112,1.6890112,1.5790112,1.4790112,1.3790113,1.2890112
-1.0509888,-0.96098876,-0.85098875,-0.7409888,-0.6109888,-0.47098878,-0.32098877,-0.17098877,-0.010988769,0.13901123,0.28901124,0.44901124,0.60901123,0.7490112,0.8890112,1.0290112,1.1590112,1.2990112,1.4190112,1.5490112,1.6690112,1.7890112,1.8890113,1.9890113,2.0690112,2.1490111,2.2090113,2.2690113,2.3190112,2.3790112,2.4590113,2.5690112,2.6890113,2.8290112,2.9590113,3.1290112,3.2690113,3.3790112,3.4390113,3.4690113,3.4890113,3.5290112,3.5790112,3.6290112,3.7190113,3.8090112,3.919011,4.0590115,4.1990113,4.359011,4.5290112,4.689011,4.859011,4.999011,5.149011,5.289011,5.4290113
-2.5909889,-2.7409887,-2.8909888,-3.0309887,-3.1309888,-3.2309887,-3.3109887,-3.3809888,-3.4009888,-3.4209888,-3.4109888,-3.4009888,-3.3909888,-3.3609889,-3.3109887,-3.2209888,-3.1209888,-3.0109887,-2.9009888,-2.7809887,-2.6709888,-2.5409887,-2.4109888,-2.3009887,-2.1809888,-2.0709887,-1.9609888,-1.8409888,-1.7309887,-1.6109887,-1.5009887,-1.3809887,-1.2509887,-1.1209887,-0.98098874,-0.8209888,-0.65098876,-0.46098876,-0.26098877,-0.05098877,0.16901124,0.40901124,0.64901125,0.89901125,1.1390113,1.4190112,1.7090112,2.0090113,2.2590113,2.4790113,2.6490111,2.7890112,2.919011,3.0590112,3.1890113,3.3590112,3.5490112
-5.020989,-5.120989,-5.160989,-5.180989,-5.1709886,-5.120989,-5.000989,-4.930989,-4.8009887,-4.6709886,-4.580989,-4.4909887,-4.410989,-4.3409886,-4.250989,-4.200989,-4.180989,-4.1709886,-4.160989,-4.1509886,-4.120989,-4.080989,-4.0309887,-3.9909887,-3.9509888,-3.8809888,-3.7909887,-3.6909888,-3.580989,-3.4809887,-3.3909888,-3.2909887,-3.1809888,-3.0609887,-2.9409888,-2.8109887,-2.6709888,-2.5209887,-2.3709888,-2.2209888,-2.0609887,-1.9009888,-1.7509887,-1.6009887,-1.4609888,-1.3109888,-1.1409888,-0.96098876,-0.7409888,-0.5109888,-0.25098878,0.02901123,0.29901123,0.5690112,0.8190112,1.0490112,1.2490113
-4.500989,-4.560989,-4.620989,-4.700989,-4.770989,-4.8409886,-4.910989,-4.9709888,-5.020989,-5.0909886,-5.1509886,-5.210989,-5.250989,-5.290989,-5.3409886,-5.410989,-5.500989,-5.5909886,-5.6509886,-5.710989,-5.790989,-5.8209887,-5.8609886,-5.9009886,-5.9409885,-5.960989,-5.980989,-5.9909887,-5.960989,-5.9209886,-5.9009886,-5.850989,-5.7809887,-5.660989,-5.540989,-5.4209886,-5.2809887,-5.140989,-4.980989,-4.8209887,-4.640989,-4.460989,-4.2609887,-4.040989,-3.7809887,-3.5309887,-3.2609887,-2.9709888,-2.6609888,-2.3609889,-2.0509887,-1.7609887,-1.4809887,-1.2209888,-0.96098876,-0.70098877,-0.44098878
-6.200989,-6.3209887,-6.430989,-6.5509887,-6.6509886,-6.750989,-6.850989,-6.9709888,-7.1109886,-7.270989,-7.450989,-7.660989,-7.850989,-8.040989,-8.180988,-8.270988,-8.370989,-8.470989,-8.640988,-8.500989,-9.160989,-9.650989,-9.9809885,-10.290989,-10.490989,-10.650989,-10.800989,-10.950989,-11.070989,-11.140988,-11.140988,-11.060988,-10.880989,-10.570989,-10.210989,-9.620989,-8.850988,-8.4809885,-8.130989,-7.810989,-7.500989,-7.1709886,-6.8209887,-6.500989,-6.180989,-5.890989,-5.5909886,-5.2809887,-4.960989,-4.6509886,-4.350989,-4.040989,-3.7309887,-3.4009888,-3.0709887,-2.7209888,-2.3709888
-5.520989,-5.4409885,-5.480989,-5.6509886,-5.890989,-6.1309886,-6.3809886,-6.6309886,-6.9009886,-7.1709886,-7.4409885,-7.7209888,-8.030989,-8.380989,-8.770988,-9.190989,-9.650989,-10.130989,-10.630989,-11.150989,-11.710989,-12.290989,-12.870989,-13.420989,-13.900989,-14.290989,-14.590989,-14.850988,-15.060988,-15.240989,-15.360989,-15.430988,-15.430988,-15.320989,-15.030989,-14.600988,-14.080989,-13.570989,-13.140988,-12.770988,-12.350988,-11.790989,-11.020988,-10.110989,-9.070989,-8.260989,-7.8809886,-7.1509886,-6.450989,-5.600989,-5.040989,-4.600989,-4.2809887,-4.000989,-3.7509887,-3.4809887,-3.1909888
-4.020989,-4.4209886,-4.680989,-4.9209886,-4.4909887,-4.730989,-5.020989,-5.580989,-5.7209888,-6.210989,-6.600989,-7.210989,-7.960989,-8.860989,-9.920989,-11.150989,-12.390988,-13.560988,-14.620989,-15.520988,-16.270988,-16.840988,-17.260988,-17.500988,-17.55099,-17.49099,-17.31099,-17.020988,-16.620989,-16.100988,-15.380989,-14.450989,-13.350988,-12.250989,-11.740989,-12.100988,-13.350988,-13.750989,-13.660989,-13.050989,-13.2309885,-12.960989,-12.810988,-12.520988,-12.020988,-11.370989,-10.660989,-9.890988,-9.010989,-8.030989,-7.0709887,-6.2409887,-5.5109887,-4.790989,-3.9009888,-3.3409889,-2.9609888
-5.4909887,-5.000989,-4.6309886,-4.290989,-4.120989,-3.9209888,-3.8209887,-3.8509889,-4.1109886,-4.7209888,-5.7609887,-7.080989,-8.410989,-9.590989,-10.630989,-11.610989,-12.4809885,-13.130989,-13.490989,-13.380989,-12.940989,-12.2309885,-11.370989,-10.520988,-9.750989,-9.040989,-8.440989,-8.050989,-7.9009886,-7.980989,-8.280989,-8.820989,-9.350988,-9.410989,-8.890988,-8.170989,-8.2309885,-8.200989,-7.1509886,-5.7809887,-5.0309887,-6.3609886,-8.660989,-11.090989,-11.610989,-11.300989,-10.760989,-10.020988,-9.250989,-8.800989,-8.540989,-8.130989,-7.460989,-6.7409887,-6.040989,-5.3609886,-4.660989
-3.3509889,-4.4709888,-3.6409888,-2.1509888,-1.0309888,-0.46098876,-0.26098877,-0.33098876,-0.8109888,-1.6409888,-2.6009889,-3.5509887,-4.520989,-5.5709887,-6.560989,-7.230989,-7.330989,-6.8009887,-6.0709887,-5.560989,-5.500989,-5.6709886,-5.8209887,-5.8809886,-5.8609886,-5.770989,-5.640989,-5.4409885,-5.180989,-4.9009886,-4.5509887,-4.1709886,-3.830989,-3.3909888,-2.6209888,-2.0009887,-2.2909887,-3.5009887,-4.270989,-4.1509886,-4.850989,-5.1909885,-3.5209887,-2.580989,-2.4809887,-2.0209887,-3.2809887,-4.890989,-7.0909886,-7.830989,-7.4409885,-6.8209887,-6.3409886,-5.910989,-5.640989,-5.4709888,-5.080989
3.8190112,2.5890112,0.069011234,-1.1109887,0.019011231,1.7290112,2.8790112,3.5890112,3.9990113,4.129011,4.0990114,4.1190114,4.1990113,3.7090113,2.6390111,1.0590112,-1.2409887,-3.4609888,-4.5709887,-4.410989,-3.9209888,-4.000989,-4.5309887,-4.980989,-5.040989,-4.8609886,-4.560989,-4.0709887,-3.4009888,-2.6509888,-1.9509888,-1.4409888,-1.2709888,-1.4509888,-1.8909888,-2.5309887,-2.5509887,-2.0509887,-1.3009888,-0.5009888,-0.08098877,-0.22098877,-0.59098876,-0.41098878,0.19901124,0.66901124,0.51901126,-0.30098876,-1.5309888,-2.9609888,-4.540989,-5.8609886,-6.2609887,-5.6109886,-4.6309886,-3.8709888,-3.3009887
6.789011,7.459011,8.119011,7.2790112,4.819011,3.3990111,4.2590113,6.0790114,7.299011,8.089011,9.839011,11.459011,12.149012,12.289011,12.309011,11.959011,10.699011,7.6190114,3.3390112,0.8890112,0.8290112,1.3990113,1.4390112,0.97901124,0.38901123,-0.10098877,-0.32098877,-0.17098877,0.32901123,0.8090112,1.3090112,1.9490112,2.6890113,3.2290113,2.7790112,1.2290112,-0.65098876,-2.1309888,-2.6109889,-2.0709887,-0.96098876,-0.04098877,0.27901122,0.15901123,-0.03098877,0.24901123,1.2090112,2.2190113,2.669011,2.5890112,0.66901124,-2.0609887,-4.3809886,-5.730989,-5.830989,-4.770989,-3.1209888
8.589011,8.039011,7.919011,8.669011,10.189012,12.439012,12.679011,11.599011,9.809011,8.559011,9.879011,10.559011,11.169011,12.279011,13.379011,14.439012,15.839011,16.36901,15.239011,12.609012,10.369011,9.549011,9.859012,10.239011,10.219011,9.639011,8.499011,7.709011,6.979011,6.589011,6.439011,5.9090114,5.1190114,4.7190113,5.5990114,6.339011,5.229011,3.3990111,2.0190113,0.9490112,0.14901122,-0.22098877,0.23901123,-0.02098877,-1.0709888,-3.080989,-4.3209887,-2.7109888,-0.36098877,-0.110988766,-0.23098877,1.7990112,3.5490112,3.9390113,1.6590112,-0.37098876,-1.2309887
7.8890114,8.719011,8.619011,8.239011,8.569012,8.149012,8.529011,9.469011,10.199011,10.389011,10.419011,11.119011,11.919011,12.679011,13.779011,14.889011,15.949011,17.17901,17.909012,18.589012,18.889011,18.329012,17.559011,16.589012,15.319012,14.829011,14.989011,13.989011,11.169011,8.529011,7.5790114,7.5590115,5.9090114,4.1990113,4.109011,5.319011,6.839011,7.1590114,5.629011,3.3090112,1.9590112,2.3390112,2.6590111,0.6190112,-1.1309887,-1.1609888,-1.1509888,-1.8109888,-2.7409887,-4.3409886,-5.580989,-5.3609886,-4.000989,-2.5909889,-0.26098877,1.0690112,1.1790112
3.7390113,5.2790112,6.2790112,6.4290113,7.1190114,7.6590114,8.569012,9.099011,8.909011,8.749011,8.619011,8.419011,8.909011,9.849011,10.539011,11.459011,12.219011,13.5190115,14.449011,15.669011,16.069012,16.719011,15.969011,14.669011,14.659011,14.839011,13.899012,12.279011,10.169011,8.139011,7.2390113,6.479011,5.7190113,4.609011,3.5390112,3.6990113,4.519011,4.1590114,4.039011,4.299011,3.4390113,3.5890112,3.4890113,3.3590112,3.2890112,2.3190112,1.0690112,-0.28098878,-0.6809888,-0.41098878,-0.42098877,-0.13098878,-0.03098877,-0.24098878,-0.91098875,-1.6909888,-1.6209887
6.249011,6.4890113,7.049011,7.6990113,7.339011,6.839011,6.859011,7.2190113,7.799011,8.429011,8.579011,9.079011,10.459011,9.889011,10.779011,11.439012,12.249011,12.169011,11.749011,11.549011,11.719011,11.609012,10.699011,10.329011,8.799011,9.449011,9.579011,8.949011,8.259011,8.109012,7.5090113,6.3290114,5.539011,4.819011,4.5090113,5.5090113,6.519011,6.1390114,3.7490113,2.2790112,2.4790113,2.919011,2.7190113,2.6890113,3.7090113,3.6790113,2.6290112,2.0690112,2.1190112,2.5090113,1.4290112,-0.09098877,-1.1709888,-1.3009888,-1.1909888,-1.4509888,-1.6509888
8.049011,8.009011,7.859011,7.149011,6.819011,6.8290114,6.7590113,6.419011,5.649011,4.5290112,5.089011,6.839011,4.479011,3.8290112,4.6390114,5.3490114,8.889011,8.329011,6.6590114,8.309011,8.369011,8.219011,7.2190113,7.0590115,7.8690114,9.719011,8.129011,7.709011,7.5790114,7.4290113,6.899011,6.2190113,5.169011,4.359011,5.049011,4.999011,5.0590115,5.879011,4.6390114,1.8390112,1.0890112,1.7490113,1.8190112,2.0290112,3.1790113,2.9890113,1.8190112,2.0190113,1.6690112,1.0390112,1.9990113,2.7590113,1.3590112,-0.98098874,-2.3109887,-0.84098876,-0.14098877
7.479011,7.769011,7.399011,7.0790114,6.209011,4.609011,3.919011,5.4290113,7.749011,8.509011,5.979011,3.8690112,3.6090112,4.0590115,3.9990113,3.7690113,7.499011,7.039011,5.7390113,5.2390113,5.299011,6.769011,5.6190114,5.7390113,6.069011,6.039011,8.489011,7.319011,6.339011,5.729011,6.439011,6.789011,6.439011,5.459011,4.339011,2.9990113,2.7290113,1.7590113,1.9690112,2.1890113,0.019011231,-0.65098876,0.39901122,0.85901123,0.79901123,0.7590112,-0.53098875,0.43901122,2.4690113,3.8290112,2.9090111,2.7590113,3.4390113,3.1490111,0.42901123,-1.0709888,-0.72098875
6.0790114,6.1590114,4.589011,4.549011,5.669011,7.039011,8.179011,6.689011,6.109011,6.209011,6.519011,4.5790114,3.6290112,4.019011,5.419011,3.5790112,7.479011,5.299011,3.3990111,3.6590111,3.7790112,4.1590114,4.1590114,4.539011,4.2190113,4.0790114,4.649011,4.359011,4.2190113,3.7690113,4.229011,4.8490114,6.459011,3.7490113,4.2390113,4.0590115,0.96901125,0.13901123,0.18901123,-0.97098875,-0.49098876,0.39901122,0.46901122,2.1590111,1.4190112,-0.04098877,0.069011234,0.19901124,0.66901124,1.2190112,-0.8609888,-0.9309888,1.9090112,1.8990113,1.0690112,1.7090112,-0.37098876
5.109011,5.899011,6.8890114,8.369011,7.359011,6.939011,6.939011,5.729011,5.689011,7.589011,7.049011,4.959011,3.6490111,2.9690113,3.2190113,2.8190112,6.2190113,7.269011,6.319011,4.649011,4.5790114,3.3490112,2.2090113,1.4490112,1.9190112,3.1790113,3.2290113,2.7190113,2.9590113,2.8590112,2.9890113,3.8690112,0.5790112,-0.9409888,-0.97098875,-1.1509888,-1.6809888,-2.8809888,-1.1709888,-0.48098877,-0.6309888,2.4490113,6.1790113,1.1790112,0.5790112,2.1090112,2.9690113,0.96901125,-0.91098875,-0.5609888,-0.10098877,-0.16098876,0.58901125,0.41901124,0.059011232,-0.6309888,-0.25098878
6.9690113,6.919011,7.8490114,7.8090115,7.709011,7.2190113,6.1390114,6.8890114,4.6590114,4.249011,1.8890113,1.7790112,2.0690112,2.2090113,4.5090113,2.9490113,4.049011,8.249011,4.0590115,2.0590112,3.2190113,3.3290112,2.4290113,2.4790113,2.1390111,2.2790112,2.2190113,2.2190113,2.3990111,2.0990112,1.6490113,1.8690113,1.0890112,-0.65098876,-2.4709888,-2.1509888,-1.9909887,-1.1809888,-1.7709888,-1.0209888,-0.5009888,1.3890113,0.23901123,2.8890111,1.7290112,1.7190112,1.9290112,3.6390111,3.419011,3.4490113,2.8490112,1.9690112,1.6790112,1.3190112,0.5690112,-0.10098877,-0.73098874
5.479011,6.1790113,6.979011,6.799011,6.169011,5.269011,5.2590113,3.0190113,0.9490112,1.0990112,1.7890112,2.3590112,2.3790112,1.9690112,2.2090113,6.8490114,6.769011,2.2090113,1.4990113,1.7790112,1.1790112,0.5590112,1.0290112,1.0690112,1.0690112,1.2090112,1.4790112,1.3690113,0.84901124,0.79901123,-9.887696E-4,-0.6709888,-0.39098877,-1.9209888,-2.4409888,-1.8009888,-1.9809887,-1.5509888,-0.34098876,-0.77098876,0.019011231,0.36901122,0.70901126,1.9290112,-0.38098878,2.6290112,2.9990113,1.8090112,1.7390113,2.6390111,1.0890112,0.9990112,1.5390112,-0.06098877,0.23901123,0.84901124,-0.5609888
3.3990111,2.8290112,2.6390111,3.8090112,3.3590112,2.6790113,2.7190113,2.3590112,2.0690112,1.7590113,1.9090112,1.6490113,1.2990112,1.3990113,0.96901125,0.9390112,0.90901124,1.1890112,1.0990112,1.7090112,1.3790113,0.6190112,0.6190112,0.8690112,0.66901124,0.48901123,0.46901122,0.34901124,0.27901122,0.46901122,0.059011232,0.059011232,-0.9209888,-1.4209888,-1.9709888,-2.7209888,-2.2409887,-0.5009888,-1.5009887,-0.9209888,0.29901123,-0.39098877,-0.8709888,-1.2309887,0.5790112,-0.04098877,2.6190112,2.2590113,0.8690112,1.2990112,1.4990113,0.96901125,2.4090111,1.8190112,1.2690113,1.3090112,-0.5609888
