raw-data-f/2018100712f3.json
{"header": { "discipline":0, "disciplineName":"Meteorological products", "gribEdition":2, "gribLength":75348, "center":7, "centerName":"US National Weather Service - NCEP(WMC)", "subcenter":0, "refTime":"2018-10-07T12:00:00.000Z", "significanceOfRT":1, "significanceOfRTName":"Start of forecast", "productStatus":0, "productStatusName":"Operational products", "productType":1, "productTypeName":"Forecast products", "productDefinitionTemplate":0, "productDefinitionTemplateName":"Analysis/forecast at horizontal level/layer at a point in time", "parameterCategory":2, "parameterCategoryName":"Momentum", "parameterNumber":3, "parameterNumberName":"V-component_of_wind", "parameterUnit":"m.s-1", "genProcessType":2, "genProcessTypeName":"Forecast", "forecastTime":3, "surface1Type":103, "surface1TypeName":"Specified height level above ground", "surface1Value":10.0, "surface2Type":255, "surface2TypeName":"Missing", "surface2Value":0.0, "gridDefinitionTemplate":0, "gridDefinitionTemplateName":"Latitude_Longitude", "numberPoints":65160, "shape":6, "shapeName":"Earth spherical with radius of 6,371,229.0 m", "gridUnits":"degrees", "resolution":48, "winds":"true", "scanMode":0, "nx":360, "ny":181, "basicAngle":0, "lo1":0.0, "la1":90.0, "lo2":359.0, "la2":-90.0, "dx":1.0, "dy":1.0 }, "data":
[rows 52 to 77 of 181, columns 0 to 57 of 360]
-4.9872093,-6.7272096,-6.5972095,-3.8472095,-2.1172094,1.6427906,2.3427906,1.4627905,1.6827905,0.79279053,0.39279053,-0.5672095,-3.2572095,-1.9072095,-2.6672094,-1.0972095,1.6727905,3.8727906,1.1327906,0.37279052,2.8727906,1.8227905,-0.13720948,-1.6172094,-3.0672095,-6.7672095,-5.2472095,-1.0272095,-0.34720948,-0.42720947,-1.9672095,-0.23720947,-0.17720947,-0.15720947,-1.8472095,-0.4372095,2.6627905,1.3627906,2.2727904,2.1927905,-0.30720946,-0.6372095,0.42279053,-0.36720946,0.7427905,1.6227906,-1.3072095,-1.2772095,-0.36720946,3.7227905,2.8627906,1.1127906,-1.2172095,-2.8972094,-3.2672095,-3.8272095,-1.6272094,-1.5272095
-1.8372095,-1.1272094,-4.4472094,-3.7172096,-2.1272094,-2.6772094,-1.7672095,-3.4072094,-2.9172094,-2.7072096,-2.8072095,-2.0772095,-1.9672095,2.3927906,4.3327904,2.5327904,4.6927905,-0.11720947,0.16279052,0.09279053,3.7327905,2.2227905,0.43279052,2.2027905,-2.4772096,-4.3572097,-6.6772094,-3.1672094,1.1427906,2.2027905,1.1727905,1.4227905,0.22279052,0.77279055,1.2427906,0.6227905,2.0727906,0.46279052,1.6027905,2.4127905,1.9527905,1.8427905,2.1827905,1.8427905,-0.04720947,-0.71720946,-3.0972095,-0.29720947,0.28279054,-1.8872094,-0.7372095,1.9527905,0.39279053,-1.3972095,-1.0872095,1.6027905,-3.6272094,-2.7772095
-3.0472095,-2.0372095,-3.2072096,-0.7672095,-0.14720947,-1.1872095,-0.7572095,-1.1472095,-1.0672095,-1.6072094,-0.4072095,-3.4472094,1.5527905,4.5727906,5.1627903,4.5427904,2.6527905,0.45279053,-0.47720948,-0.28720948,3.0027905,1.9427905,0.33279052,-0.19720948,-1.2672095,-3.6472094,-4.3772097,-5.3672094,-2.5172095,-1.4272095,-0.16720948,0.9327905,0.78279054,1.6327906,0.24279052,0.21279053,-0.5772095,1.5227906,1.0227906,1.6227906,1.3927906,0.9827905,-0.007209473,0.6327905,-0.5072095,-2.7172096,-1.7872095,0.032790527,-3.1372094,-1.2072095,-3.5572095,1.3327905,0.38279054,-0.52720946,-2.3572094,-3.2472095,-6.0072093,-3.4572096
-3.4472094,-1.7772095,-2.0672095,-2.5772095,-3.2772095,-3.6572094,-0.14720947,2.2827904,3.6227906,4.4427905,3.0527906,7.1627903,5.5027905,4.0527906,2.6127906,1.7727906,0.16279052,-1.4672095,-2.7772095,-0.89720947,0.39279053,0.33279052,-2.1972094,-3.7072096,1.7727906,-0.47720948,-2.3672094,-7.4272094,-5.4972095,-4.0572095,-1.5972095,-0.15720947,-0.8172095,-2.1772094,4.6327906,0.20279053,0.032790527,-0.77720946,0.16279052,-1.1572095,0.43279052,0.012790527,0.0027905274,1.6827905,1.3027905,-0.89720947,-1.5772095,-2.4072094,-1.1672095,0.12279053,-0.39720947,-1.3072095,-1.0072094,-2.1072094,-1.8872094,-2.3272095,-8.66721,-3.9472094
-0.5172095,-0.6372095,-1.6672095,-0.18720947,-2.0272095,-1.3872094,-3.4572096,-1.0072094,3.2727904,4.2227907,1.6427906,2.3027906,2.6927905,1.3727906,-0.20720947,-1.4672095,-2.6472094,-4.5172095,-2.9472094,-0.91720945,-1.1672095,-1.6072094,-2.3672094,-1.6672095,-1.1072094,-0.39720947,-1.5372095,-2.1472094,-6.5872097,-5.4172096,-4.1272097,-2.1672094,-1.9672095,-0.7572095,-0.107209474,-2.3172095,-1.4772094,-0.08720947,-6.5272093,-3.5272095,-3.3672094,-2.0772095,0.022790527,1.3927906,-0.42720947,-0.21720947,0.26279053,0.37279052,2.9527905,-1.4072095,-2.0372095,-1.6272094,2.1127906,-1.0272095,-1.7272094,-4.6072097,-6.5172095,-4.2272096
1.0527905,-0.5472095,-1.6372094,-1.8272095,-2.3372095,-3.0072095,-4.8872094,-0.6272095,4.3527904,2.8627906,0.17279053,-0.36720946,-2.0172095,-2.8972094,-2.3272095,-4.0972095,-4.9572096,-4.8972096,-2.4272094,-1.9972094,-2.6772094,-3.9172094,-3.1072094,-4.3372097,-2.9372094,-1.8872094,-2.4972095,-1.5372095,-5.2472095,-6.1572094,-5.3972096,-3.8672094,-2.7072096,-1.5772095,-2.0472095,-4.4272094,1.5627905,-4.3272095,-4.1472096,2.7327905,2.6027906,1.6227906,-1.2672095,-1.1472095,-1.7072095,-2.2872095,-2.4772096,1.0327905,1.1927905,0.6127905,1.0027906,1.7827905,-2.0672095,-1.8572094,-2.9272094,-5.1172094,-5.3272095,-6.2772093
5.7627907,1.8527905,-0.097209476,-2.3872094,-4.1072097,-3.5472095,-4.5372095,3.7927904,3.6227906,1.1227906,-1.3572094,-3.1372094,-4.4372096,-4.5972095,-4.7172093,-5.1872096,-4.3472095,-3.7072096,-2.7272096,-3.1972094,-3.0372095,-1.7672095,-0.15720947,-2.7572095,-4.1672096,-3.8572094,-2.9272094,-2.6172094,-3.8272095,-5.9472094,-5.4472094,-4.6772094,-3.2772095,-2.6472094,-3.0772095,-3.4072094,-1.3972095,-0.8272095,1.5827905,3.3027906,2.2827904,0.6827905,-0.5472095,-2.0272095,-2.2672095,-2.0772095,-2.4172094,-3.1972094,-2.3872094,-3.1072094,-0.5472095,-0.6372095,-0.47720948,-6.2472095,-2.3172095,-5.8672094,-5.3672094,-4.5672092
0.8127905,3.7227905,0.64279056,-1.7772095,-1.8772094,-0.9272095,1.8527905,2.1627905,1.2427906,-0.7572095,-3.1872094,-3.9572096,-3.2272096,-0.72720945,-1.7872095,-3.4772096,-4.6472096,-4.1472096,-3.4872096,-2.5872095,-3.3472095,-3.2572095,-0.83720946,0.24279052,-1.1672095,-4.5172095,-5.8172092,-5.7772093,-4.6972094,-4.9072094,-4.7572093,-4.1972094,-5.6172094,-3.8072095,-4.0172095,-3.7472095,-3.3672094,-4.1472096,-2.3372095,2.8827906,3.2127905,0.53279054,0.35279053,-0.30720946,-0.6972095,-1.3272095,-3.2872095,-2.9672096,-2.4072094,-0.64720947,-3.5272095,-0.17720947,-2.0172095,-3.7072096,-2.4772096,-4.5872097,-4.6072097,-3.7572095
4.0427904,2.7727904,-0.12720947,-1.4572095,-0.9972095,-1.2372094,-0.41720948,-0.26720947,-1.6772095,-3.8772094,-4.5672092,-4.9172096,-3.2372096,-2.8772094,-4.6072097,-4.3872094,-2.7472095,-0.25720948,-1.6972095,-3.2572095,-3.6172094,-4.0772095,-3.2672095,-3.7972095,-2.2072096,-2.5572095,-3.9972095,-4.5672092,-4.4872093,-5.6272097,-5.5972095,-5.3472095,-2.9272094,-3.4272094,-5.2472095,-4.0472093,-2.6372094,-0.017209472,-3.1772094,-2.9672096,-0.96720946,-2.3672094,-2.0572095,-1.9572095,-1.7472094,-1.9472095,-2.2072096,-2.7872095,4.3027906,3.6827905,2.5627906,0.71279055,-0.34720948,-2.1972094,-2.6972094,-4.9272094,-4.4372096,-2.7172096
-0.31720948,-2.4572096,-0.84720945,-1.0372095,-1.7872095,-2.6272094,-1.7372094,-3.1072094,-5.0472093,-5.5872097,-5.4472094,-4.7072096,-3.1072094,-2.5572095,-2.5872095,-2.8472095,-1.6372094,-2.7872095,-1.6272094,-2.2572095,-3.1572094,-3.5072095,-3.7272096,-2.4672096,-2.5572095,-2.3672094,-3.2172096,-3.4472094,-4.7372093,-5.2972093,-5.0172095,-4.9972095,-3.9672096,-6.9372096,-4.9572096,-2.8872094,1.2627906,2.2327905,-1.5372095,-1.6472095,0.54279053,0.30279052,1.0027906,0.9927905,1.1327906,-1.0972095,-1.2772095,-1.2372094,1.8327905,2.3427906,2.2627904,0.35279053,-3.1572094,1.0327905,2.3927906,-0.007209473,0.17279053,2.3927906
1.0727905,-0.41720948,-1.2272094,-2.4772096,-2.8472095,-3.0872095,-4.2772093,-5.0872097,-5.2472095,-5.1772094,-3.6872094,-2.4672096,-1.6672095,-1.9472095,-0.6172095,0.15279053,1.4327905,-1.3572094,0.89279056,0.7627905,-0.6872095,-1.6572095,-2.1272094,-1.1272094,-2.2172096,-2.9572096,-4.5272093,-5.3472095,-5.7372093,-5.8572097,-5.0772095,-5.9972095,-6.2972093,-6.2772093,-3.5172095,-0.21720947,3.5227904,2.6227906,2.9427905,2.8227906,-0.31720948,0.7027905,0.8027905,4.6527905,3.8727906,2.1927905,-2.3672094,0.40279052,2.1127906,2.4727905,0.6327905,-0.7972095,0.7527905,1.5027906,0.06279053,0.6327905,0.52279055,1.8027905
-0.13720948,-1.3972095,-2.9372094,-3.7272096,-4.1172094,-4.0272093,-4.4172096,-5.1072097,-5.1372094,-4.5972095,-3.9172094,-3.0972095,-0.66720945,-0.38720948,-1.0472095,0.59279054,2.0127904,1.9127905,2.0427904,1.0727905,0.39279053,-1.1472095,-1.7272094,-2.0572095,-2.6672094,-2.4172094,-3.7872095,-5.2772093,-5.9672093,-5.4672093,-5.5572095,-7.1772094,-7.3472095,-3.1072094,-8.41721,-3.8972094,-2.3672094,1.8127905,2.2227905,1.1527905,-0.11720947,3.8727906,3.7927904,2.5727906,1.4627905,0.90279055,0.7427905,-0.13720948,0.20279053,-0.77720946,-1.6172094,-3.2772095,-2.6472094,-1.7872095,1.4327905,2.3227906,1.3527905,2.2127905
-2.7672095,-4.5672092,-5.2672095,-5.4872093,-4.9672093,-2.8672094,-3.3872094,-5.4972095,-4.6372094,-3.9372094,-4.1172094,-3.3372095,-1.2272094,-0.6372095,-2.2872095,-2.8872094,-0.5772095,0.9427905,0.38279054,0.9427905,1.3127905,-0.36720946,-2.0772095,-3.7072096,-3.4872096,-3.9472094,-4.4872093,-5.4572096,-5.6172094,-6.5072093,-7.0972095,-7.3372097,-6.7272096,-2.5672095,-2.4272094,-6.4672093,-5.9872093,-2.1572094,0.96279055,2.3627906,3.7127905,2.7027905,1.6727905,0.9527905,1.1927905,0.38279054,0.42279053,-0.107209474,-0.52720946,0.48279053,-2.2772095,-3.2272096,-2.6672094,-2.5672095,-2.4972095,-0.7972095,-0.12720947,2.3027906
-5.3272095,-6.3572097,-6.5272093,-5.5072093,-2.0572095,-3.3072095,-1.3872094,-2.5772095,0.16279052,-1.1772095,-4.6172094,-1.5572095,0.44279054,-0.8872095,-1.8672094,-1.3272095,0.6127905,0.3127905,0.04279053,0.8227905,0.20279053,-0.9872095,-2.7072096,-3.1072094,-3.2672095,-3.5172095,-4.1172094,-5.4372096,-6.3772097,-7.3372097,-7.6372094,-7.2172093,-6.8172092,-4.5972095,-3.5972095,-5.1172094,-6.5972095,-4.8172092,-0.89720947,2.6527905,2.7227905,2.0027905,1.8727906,1.3027905,0.38279054,1.2427906,-0.08720947,-1.3972095,-1.6672095,-2.2972095,-3.4672096,1.2127905,-1.4172095,-3.7072096,-4.6972094,-4.8172092,-0.30720946,0.8227905
-6.1772094,-6.4472094,-6.5472093,-4.7472095,-2.9472094,-1.2672095,-1.2872095,-3.7572095,-0.31720948,-1.2272094,0.36279052,-3.5172095,0.20279053,-0.45720947,-1.6272094,-2.3172095,-1.8672094,-1.9572095,-2.5372095,-1.7572094,2.0227904,-0.9972095,-2.6572094,-2.6972094,-4.6672096,-5.1472096,-4.8172092,-5.7172093,-6.9572096,-7.5072093,-7.3972096,-7.5472093,-5.3272095,-5.7072096,-0.42720947,-0.48720947,-6.6672096,-6.6472096,-2.6272094,0.38279054,2.7027905,1.4727905,1.3327905,1.5627905,1.3327905,-0.49720946,-1.4972094,-0.7972095,-1.9172095,-3.0572095,-1.9772094,-2.8472095,-4.2972093,-3.9872096,-5.3272095,-5.9572096,-0.48720947,0.18279053
-6.2672095,-6.1372094,-6.2072096,-4.2172093,-2.8072095,-1.0572095,1.7127905,3.9827905,1.9927906,-0.52720946,-1.1972095,3.7327905,-0.31720948,-2.6172094,-1.3972095,-1.6472095,-2.6072094,-2.5872095,-2.1772094,-0.9272095,1.8127905,0.13279052,-2.5272095,-4.5472093,-6.0772095,-3.7372096,-3.8172095,-5.8772097,-6.6572094,-6.6272097,-7.3372097,-7.2872095,-4.0972095,-4.9672093,0.38279054,0.06279053,-5.3672094,-5.8372097,-4.4872093,-1.1972095,1.7027905,2.6527905,1.4727905,1.7027905,0.54279053,-0.66720945,-2.2172096,-2.1972094,-1.7872095,-1.0772095,-1.7772095,-0.95720947,-2.2472095,-1.1772095,-1.3772094,1.3427905,2.8027906,0.3427905
-6.6172094,-6.3472095,-5.2772093,-3.8572094,-3.2772095,-1.3672094,2.8027906,2.7927904,1.0827905,0.54279053,0.83279055,0.5627905,-1.2872095,0.46279052,0.22279052,-0.47720948,-0.96720946,-3.6572094,-3.0772095,2.1227906,1.8427905,-0.97720945,-3.3972094,-5.5072093,-5.4272094,-4.6672096,-3.8872094,-4.9972095,-6.3272095,-6.3772097,-6.9272094,-6.2172093,-4.2772093,-1.8572094,-2.7772095,-1.1572095,-5.4572096,-5.8172092,-4.2272096,-2.6872094,-0.007209473,-0.8072095,0.9827905,1.2627906,-0.53720945,-0.53720945,0.6127905,-0.19720948,-1.3572094,-1.7172095,-0.32720947,2.0527906,1.9327905,0.3127905,-0.08720947,2.4627905,2.7427905,3.5627906
-6.9472094,-6.2772093,-5.0972095,-3.8772094,-3.8772094,-0.037209474,1.6127906,1.5027906,0.91279054,1.2927905,1.0127906,-2.9772096,-0.96720946,1.4527905,-0.21720947,0.6827905,-0.5072095,-3.6372094,-2.9472094,-1.0772095,-0.65720946,-1.5672095,-3.6472094,-4.0472093,-4.4572096,-4.2172093,-4.2372093,-5.3272095,-5.9672093,-6.4772096,-6.4672093,-5.4972095,-3.0272095,-1.7072095,1.1227906,-1.3572094,0.20279053,-2.8172095,-3.6872094,-2.3472095,-0.11720947,0.39279053,1.7827905,1.7127905,1.5727905,0.072790526,-1.4472095,-1.8372095,0.032790527,0.52279055,1.4127905,0.10279053,-0.66720945,-0.12720947,-0.21720947,0.022790527,0.6927905,3.0027905
-7.0972095,-6.4072094,-5.4372096,-3.3372095,-0.31720948,0.012790527,-1.0372095,2.3727906,2.6427906,0.32279053,0.5527905,0.30279052,-0.34720948,0.8027905,1.6627905,2.9027905,1.5227906,0.28279054,-3.0672095,-3.0672095,-2.9972095,-3.1672094,-3.5972095,-4.6972094,-4.3972096,-3.9672096,-4.4072094,-5.4072094,-5.8472095,-6.3172092,-5.6172094,-3.6272094,-1.4972094,-2.0372095,-1.4372095,-0.58720946,1.9327905,-1.8072095,-2.9772096,-1.2672095,-3.0772095,0.10279053,-1.0272095,-0.22720948,-0.5072095,-0.97720945,-0.8272095,-0.41720948,0.32279053,0.71279055,-1.7272094,-1.0772095,-0.18720947,-0.58720946,1.1427906,1.2327905,-0.18720947,2.6227906
-6.9472094,-5.2972093,-2.3872094,-0.32720947,-0.027209472,-1.0472095,1.0627905,2.6927905,-0.08720947,-3.2772095,0.5727905,0.17279053,-0.30720946,0.22279052,1.4927906,0.58279055,1.0527905,2.7327905,-0.4072095,-2.9372094,-2.6072094,-3.2472095,-3.2272096,-4.3572097,-4.2272096,-4.2172093,-4.6572094,-4.6272097,-5.4272094,-6.0072093,-5.4172096,-4.1372094,-3.3072095,-0.20720947,1.7227905,-0.22720948,-1.3172095,-2.3772094,-3.6972094,-1.8872094,-0.17720947,-2.3772094,0.8727905,0.072790526,-0.70720947,-1.5772095,-2.4172094,-1.4472095,-0.83720946,-2.1072094,-0.027209472,0.18279053,-0.067209475,0.38279054,-0.6972095,0.48279053,3.6227906,2.3327906
-5.1372094,-2.7972095,-0.32720947,-1.4972094,-1.6272094,0.15279053,2.0927906,2.0027905,0.5727905,1.0827905,0.28279054,-0.15720947,-0.057209473,-0.067209475,0.0027905274,-0.08720947,-1.1172094,-2.1872094,-1.7472094,-1.8272095,-1.8872094,-2.5572095,-2.2672095,-1.7572094,-3.3772094,-2.9172094,-3.8872094,-4.9972095,-5.9172096,-6.2672095,-4.9872093,-4.2672095,-5.4272094,-2.6072094,0.6827905,1.7327905,-0.16720948,-4.1672096,-2.5072095,-0.19720948,-0.8872095,-2.0272095,-2.2672095,0.25279054,-1.5172095,-1.7572094,-2.0372095,-2.4872096,-2.6772094,-1.9172095,-1.8972095,-2.5972095,-2.4572096,-3.5572095,-0.71720946,3.5227904,2.3627906,-0.28720948
-2.9972095,-2.3972094,-2.7672095,-3.5272095,-0.89720947,1.0627905,1.4027905,0.90279055,1.4227905,0.6327905,0.06279053,-0.8072095,-0.8672095,-1.3372095,-0.6872095,-0.70720947,-1.0872095,-0.8772095,-1.4872094,-2.7172096,-4.7272096,-5.2872095,-3.7472095,-2.6172094,-2.7172096,-3.8772094,-3.4472094,-4.4172096,-5.9172096,-5.8272095,-4.9572096,-4.1472096,-3.8572094,-2.4972095,-1.5872095,-1.5472095,-0.78720945,-3.1872094,-0.21720947,1.1127906,-0.5472095,-2.4972095,-2.8872094,-0.89720947,-4.2672095,-2.1172094,-3.6672094,-3.0272095,-3.8972094,-4.1872096,2.3727906,4.7827907,5.3627906,3.3227906,0.64279056,1.0427905,0.04279053,-2.8372095
-3.3672094,-2.8272095,-1.7172095,-1.0772095,-0.60720944,0.06279053,1.1927905,1.0127906,1.5827905,0.79279053,-0.28720948,-1.0872095,-0.8772095,-1.2372094,-1.5872095,-1.8972095,-2.2072096,-2.1372094,-2.7572095,-2.8072095,-2.3172095,-2.0872095,-0.71720946,-1.2472094,-3.2572095,-3.5772095,-4.3072095,-4.9472094,-5.7572093,-5.6772094,-4.6472096,-2.4572096,-3.7772095,-3.9772096,-1.7072095,-0.9872095,0.46279052,-2.3172095,-2.3272095,0.40279052,-1.5972095,-0.96720946,-1.5672095,-2.6572094,-1.7472094,-2.0372095,-3.1872094,-3.5272095,-5.0572095,-2.7872095,-1.9472095,1.0127906,1.4827905,1.5427905,0.9827905,-0.26720947,-2.2972095,-4.7672095
-2.1772094,-1.0472095,-1.3672094,-1.6972095,-1.7372094,-1.1572095,-2.0272095,-0.38720948,-0.71720946,-0.64720947,-1.2672095,-2.0772095,-2.3572094,-2.2672095,-2.4272094,-2.0872095,-0.89720947,-1.5972095,-2.3072095,-2.2272096,-2.3272095,-2.1572094,-1.8072095,-2.6772094,-3.7372096,-3.2472095,-4.9972095,-5.0172095,-5.9772096,-5.3772097,-4.1572094,-2.2772095,-0.58720946,-0.7572095,0.35279053,0.43279052,-0.31720948,-0.64720947,-1.9372095,-2.4172094,-2.9672096,-1.1772095,-1.0172095,-1.5572095,-0.097209476,-3.1272094,-2.3772094,-4.5072093,-1.9772094,4.8227906,1.5527905,1.0427905,1.7827905,0.79279053,-0.8772095,-2.2772095,-3.7472095,-5.4472094
-2.4872096,-2.2772095,-1.3872094,-1.3872094,-1.1572095,-1.5272095,-1.0772095,-1.1472095,-1.0872095,-0.7972095,-0.057209473,0.42279053,1.0127906,0.32279053,3.4527905,-0.33720946,-0.41720948,-0.12720947,-0.35720947,-1.1772095,-2.4472094,-1.9172095,-2.9372094,-3.7672095,-3.8372095,-2.2772095,-2.8972094,-5.4072094,-5.1472096,-5.1972094,-3.5172095,-0.33720946,-1.0372095,0.15279053,2.6727905,0.36279052,0.90279055,-0.90720946,0.65279055,0.32279053,-1.4072095,-0.9372095,1.8527905,3.5827906,-0.71720946,2.5727906,2.5727906,2.6227906,1.8227905,-1.4672095,0.71279055,1.1627905,0.29279053,-0.5172095,-1.8772094,-3.0972095,-4.3172092,-5.6772094
-1.3872094,-1.8272095,-2.3272095,-1.5772095,-1.2372094,-1.5372095,-1.6872095,-2.6072094,-2.2772095,-1.9972094,-1.6372094,-1.5072094,-1.8672094,-1.6572095,0.04279053,-2.0472095,0.38279054,0.8227905,0.13279052,-0.97720945,0.49279052,-0.25720948,-1.9472095,-0.77720946,-1.8272095,-1.7972095,-3.5472095,-3.8972094,-4.8072095,-3.9772096,-2.1972094,-1.0972095,0.54279053,2.3927906,2.0127904,0.7527905,-1.6972095,-0.78720945,-1.7372094,-0.49720946,-1.0872095,-1.5172095,-3.4272094,6.4627905,2.7227905,1.8627906,-0.067209475,-0.52720946,0.082790524,-0.5172095,-0.18720947,-0.027209472,0.082790524,-1.1972095,-3.2672095,-3.7472095,-4.1472096,-5.3872094
