raw-data-f/2018101012.json
{"header": { "discipline":0, "disciplineName":"Meteorological products", "gribEdition":2, "gribLength":74844, "center":7, "centerName":"US National Weather Service - NCEP(WMC)", "subcenter":0, "refTime":"2018-10-10T12:00:00.000Z", "significanceOfRT":1, "significanceOfRTName":"Start of forecast", "productStatus":0, "productStatusName":"Operational products", "productType":1, "productTypeName":"Forecast products", "productDefinitionTemplate":0, "productDefinitionTemplateName":"Analysis/forecast at horizontal level/layer at a point in time", "parameterCategory":2, "parameterCategoryName":"Momentum", "parameterNumber":2, "parameterNumberName":"U-component_of_wind", "parameterUnit":"m.s-1", "genProcessType":2, "genProcessTypeName":"Forecast", "forecastTime":0, "surface1Type":103, "surface1TypeName":"Specified height level above ground", "surface1Value":10.0, "surface2Type":255, "surface2TypeName":"Missing", "surface2Value":0.0, "gridDefinitionTemplate":0, "gridDefinitionTemplateName":"Latitude_Longitude", "numberPoints":65160, "shape":6, "shapeName":"Earth spherical with radius of 6,371,229.0 m", "gridUnits":"degrees", "resolution":48, "winds":"true", "scanMode":0, "nx":360, "ny":181, "basicAngle":0, "lo1":0.0, "la1":90.0, "lo2":359.0, "la2":-90.0, "dx":1.0, "dy":1.0 }, "data":
[rows 104 to 129 of 181, columns 116 to 173 of 360]
-3.107412,-2.2274122,-0.94741213,0.44258788,1.9625878,2.142588,0.86258787,-0.7074121,-1.1174121,-0.08741211,1.1825879,2.282588,4.452588,5.0825877,1.9325879,3.2425878,-0.7374121,-2.907412,-4.087412,-3.937412,-4.487412,-3.7874122,-1.4274122,1.8225878,2.632588,-0.7174121,-1.277412,-4.337412,-8.437412,-7.767412,-6.817412,-6.557412,-6.477412,-6.3974123,-6.387412,-6.077412,-5.947412,-6.037412,-6.277412,-6.387412,-6.6874123,-6.9174123,-6.907412,-7.257412,-7.307412,-6.537412,-6.497412,-5.567412,-4.6474123,-3.947412,-6.157412,-4.287412,-5.367412,-5.267412,-5.117412,-4.817412,-4.6074123,-4.567412
-2.417412,-1.6674122,-0.56741214,0.55258787,1.6725879,3.122588,2.7725878,1.8125879,1.1525879,1.3825879,1.8325878,4.052588,4.672588,5.5425878,3.4425879,-1.2374121,-1.7074121,-2.947412,-6.907412,-5.367412,-5.027412,-3.2674122,-1.3874121,1.6625879,3.9825878,2.4625878,-0.6274121,-4.4374123,-2.917412,-2.587412,-6.3974123,-6.1274123,-6.257412,-6.317412,-6.217412,-6.017412,-5.887412,-5.8574123,-5.8774123,-5.837412,-6.057412,-6.1874123,-6.267412,-6.347412,-6.217412,-6.1074123,-6.1674123,-5.907412,-5.177412,-4.6074123,-2.167412,-1.8774121,-5.6874123,-5.697412,-5.497412,-5.1874123,-4.767412,-4.427412
-1.5574121,-0.4874121,0.9625879,2.052588,3.0025878,3.562588,3.382588,2.872588,2.052588,2.362588,5.3725877,4.612588,2.0125878,3.382588,3.2725878,0.7825879,-0.15741211,-1.4174122,-4.497412,-3.7774122,-1.7174121,-1.9474121,-1.277412,1.4525878,4.452588,4.452588,2.6725879,-3.7774122,-3.2974122,-2.177412,-4.997412,-5.3774123,-5.587412,-5.827412,-6.1274123,-6.027412,-5.9374123,-5.907412,-5.847412,-5.767412,-5.617412,-5.547412,-5.6874123,-5.757412,-5.567412,-5.387412,-5.237412,-5.1674123,-5.467412,-6.057412,-5.9574122,-4.6074123,-5.177412,-5.867412,-5.6874123,-5.297412,-4.587412,-4.1274123
-0.7474121,0.9625879,2.552588,3.852588,4.3725877,4.902588,4.682588,2.4825878,2.392588,3.7425878,5.272588,1.4525878,-0.4074121,2.902588,2.392588,0.4325879,0.2625879,-0.8974121,-3.967412,-4.047412,-1.6374121,-0.8774121,-0.4374121,1.8025879,4.222588,3.362588,3.812588,2.0125878,-2.4774122,-2.857412,-0.7274121,-4.387412,-4.657412,-5.097412,-5.567412,-5.617412,-5.617412,-5.7074122,-5.747412,-5.747412,-5.6474123,-5.517412,-5.277412,-5.257412,-5.4374123,-5.1474123,-4.7074122,-4.757412,-5.037412,-5.4374123,-5.8774123,-6.507412,-6.3974123,-6.817412,-6.527412,-6.567412,-5.737412,-5.527412
0.2425879,2.542588,3.9225879,5.3525877,5.8525877,5.802588,3.802588,3.9625878,3.782588,4.192588,2.292588,2.282588,-1.8374121,5.132588,-1.6174121,-0.12741211,-0.39741212,0.17258789,-4.317412,-1.7374121,-1.157412,-0.8574121,0.7625879,0.4925879,2.362588,3.322588,3.142588,0.9825879,-3.397412,-1.7274121,0.29258788,-3.5674121,-3.937412,-4.077412,-4.567412,-4.8774123,-5.007412,-5.117412,-5.257412,-5.277412,-5.337412,-5.477412,-5.467412,-4.987412,-4.577412,-4.3774123,-4.237412,-4.8574123,-5.027412,-5.297412,-5.527412,-5.717412,-7.257412,-6.9574122,-6.217412,-6.1674123,-6.1474123,-5.887412
1.7725879,4.302588,6.152588,6.842588,7.322588,8.082588,4.362588,3.622588,2.2725878,1.7725879,2.072588,1.6025879,-0.04741211,2.052588,-0.8674121,-1.3074121,-1.5374122,-2.417412,-5.757412,-0.8474121,1.7525879,-3.177412,-0.8274121,0.5125879,1.8525879,3.592588,2.9925878,0.5225879,-0.077412106,-1.7974122,-2.217412,-1.3674121,-3.127412,-2.927412,-3.367412,-3.7574122,-3.9874122,-4.267412,-4.4574122,-4.567412,-4.757412,-4.977412,-5.287412,-5.117412,-4.587412,-3.877412,-3.647412,-3.857412,-4.537412,-5.367412,-5.717412,-6.247412,-6.177412,-5.6674123,-5.9174123,-5.837412,-5.807412,-5.587412
4.682588,6.452588,7.8525877,8.542588,6.5425878,4.242588,0.9525879,-5.1674123,-6.527412,-5.697412,-8.867413,1.0325879,0.08258789,0.61258787,-2.837412,-3.377412,-4.057412,-5.157412,-3.8174121,-5.347412,-3.0074122,-4.157412,-1.0974121,-1.5974121,-0.23741211,0.47258788,2.7125878,3.042588,0.8925879,-1.3274121,-2.0374122,-1.7374121,-0.49741212,-1.2874122,-2.137412,-2.717412,-3.087412,-3.657412,-3.867412,-4.027412,-4.047412,-4.237412,-4.567412,-4.387412,-3.967412,-3.377412,-3.197412,-2.8174121,-1.8574121,-3.7574122,-4.747412,-5.227412,-5.3974123,-5.527412,-5.517412,-5.507412,-5.297412,-5.227412
7.262588,6.1025877,5.5425878,5.662588,2.572588,3.652588,1.5625879,0.6425879,-6.6874123,-6.737412,-6.1874123,-2.967412,-0.13741212,1.342588,-7.2074122,-4.047412,-2.7674122,-5.097412,-5.6674123,-4.817412,-2.9974122,-1.6274121,0.38258788,-0.06741211,0.8125879,1.3525879,1.0025879,-0.1674121,4.072588,-2.587412,-1.277412,-3.177412,-1.6474121,0.5425879,-0.7774121,-1.8974121,-2.2374122,-2.887412,-3.157412,-3.2774122,-3.437412,-3.617412,-3.7974122,-3.5474122,-3.2374122,-3.0674121,-2.8174121,-2.467412,-2.2574122,-1.157412,-2.917412,-3.447412,-4.727412,-5.007412,-5.057412,-5.017412,-4.8574123,-4.837412
5.662588,4.7925878,6.272588,7.422588,0.7625879,3.542588,4.802588,1.9225879,-6.717412,-7.767412,-7.1074123,-6.597412,9.612588,-6.257412,5.6025877,-3.9874122,-6.797412,1.5125879,-4.427412,-4.6674123,-3.117412,-0.8574121,-0.6574121,-2.137412,1.3925879,3.302588,3.7425878,1.4325879,2.842588,1.5425879,-0.9674121,-1.4874121,-0.4674121,-1.5174121,0.4525879,-0.81741214,-1.7974122,-2.087412,-2.187412,-2.367412,-2.7974122,-3.127412,-3.167412,-3.117412,-2.947412,-2.707412,-2.667412,-2.927412,-3.087412,-2.917412,-0.6174121,-2.357412,-4.217412,-4.237412,-4.047412,-4.1474123,-4.1674123,-4.217412
4.922588,5.442588,5.112588,4.022588,5.092588,-1.6674122,5.992588,2.7725878,-9.667412,-9.737412,-7.1274123,3.7425878,-5.537412,-0.2874121,-3.0074122,-3.5074122,1.3825879,-4.1474123,-5.3574123,-4.657412,-2.7974122,-2.4974122,-1.6774122,-1.0374122,0.61258787,1.2525879,2.2625878,3.552588,5.752588,3.332588,-0.36741212,-0.6674121,-1.3974121,-1.907412,0.2825879,0.8825879,-1.1074121,-1.2374121,-1.1274121,-0.9974121,-1.7074121,-2.347412,-2.707412,-2.7374122,-2.377412,-1.9474121,-1.7974122,-2.137412,-2.9874122,-3.607412,-4.407412,-3.887412,-3.877412,-3.4774122,-3.187412,-2.937412,-2.847412,-2.9874122
3.4925878,4.722588,6.272588,5.992588,2.2625878,-6.447412,9.162588,9.482588,-6.9574122,-5.447412,-4.407412,-0.24741212,1.0025879,-1.2674121,-1.8774121,-4.537412,-4.677412,-6.037412,-6.047412,-4.747412,-3.137412,-2.607412,-0.88741213,0.03258789,0.93258786,1.7725879,1.2325879,0.9425879,1.842588,1.0125879,1.0225879,2.632588,-3.427412,-0.81741214,-0.1974121,-1.3774121,0.8425879,0.3425879,0.3025879,0.5625879,-0.1974121,-0.9974121,-1.6774122,-2.0074122,-1.8374121,-1.4974121,-1.0974121,-1.1274121,-1.6674122,-2.437412,-3.167412,-3.9774122,-3.177412,-2.8074121,-2.217412,-1.8874121,-2.2374122,-2.2374122
5.8125877,4.322588,5.8325877,6.382588,5.8525877,-0.2674121,1.3225878,5.572588,2.312588,-1.8974121,-2.857412,-2.3174121,-1.8674121,-4.407412,-4.287412,-4.3974123,-5.6674123,-6.837412,-5.1074123,-3.207412,-1.7374121,-1.3774121,-0.30741212,1.1425879,2.2025878,1.3525879,1.472588,1.9825879,2.872588,2.342588,2.302588,-0.5174121,0.8825879,-1.3374121,-4.6074123,-2.137412,0.18258789,3.2625878,2.9625878,1.8825879,1.2025878,0.4025879,-0.3774121,-0.94741213,-0.9874121,-1.1274121,-0.8774121,-0.6874121,-0.7874121,-0.6574121,-0.3274121,-2.387412,-3.087412,-2.157412,-1.7574121,-1.7274121,-1.9974121,-1.8874121
6.682588,4.402588,5.0825877,5.132588,4.322588,3.0225878,3.782588,-3.657412,-0.4774121,-3.197412,-6.8774123,-4.637412,-3.607412,-4.227412,-3.177412,-3.0774121,-4.307412,-5.717412,-4.047412,-2.927412,-1.0974121,-0.4774121,0.15258789,2.7125878,-0.7074121,-0.33741212,1.8625879,3.382588,4.662588,3.7325878,3.822588,1.7725879,0.7625879,0.04258789,-3.437412,-1.5074121,-1.8274121,2.782588,5.942588,3.532588,1.8325878,1.4925879,0.9725879,0.3925879,0.18258789,-0.1974121,-0.6874121,-0.7174121,-0.94741213,-2.0074122,-3.677412,-2.587412,-1.6874121,-0.8574121,-0.7974121,-0.9874121,-1.5374122,-2.177412
3.7225878,4.492588,5.362588,4.842588,4.482588,2.782588,-8.577412,-9.047412,-6.337412,-1.4274122,-6.967412,-5.1674123,-3.637412,-4.317412,-4.927412,-4.787412,-5.577412,-4.217412,-4.157412,-1.0774121,0.07258789,-1.1774122,1.5125879,-0.01741211,-2.897412,0.47258788,2.9925878,4.512588,2.592588,2.9225879,1.7325879,1.8525879,0.99258786,1.9425879,-1.0974121,-1.8474121,-0.8074121,2.302588,5.772588,3.9425879,1.7825879,1.8625879,1.8125879,1.3225878,1.1525879,1.0525879,-0.12741211,-0.81741214,-1.8774121,-2.7374122,-2.5774121,-1.7674121,-0.6274121,0.2725879,0.3625879,-0.01741211,-0.5174121,-2.7974122
5.952588,5.112588,4.742588,4.922588,4.112588,-1.0774121,-8.817412,-3.8274121,-6.817412,-4.907412,-5.9574122,-5.9174123,-4.387412,-4.587412,-4.6674123,-4.367412,-4.237412,-3.407412,-2.9774122,-1.4974121,-0.9974121,0.03258789,2.9625878,-5.467412,-2.947412,0.8225879,2.832588,2.142588,2.532588,3.362588,1.0025879,1.0725878,0.3025879,-0.8574121,0.4625879,-5.3774123,-4.507412,-1.8974121,-0.9774121,6.572588,2.802588,2.2225878,2.312588,1.6925879,1.6825879,1.5825878,1.0425879,0.1925879,-0.45741212,-0.5774121,-0.8674121,-0.05741211,1.1125879,1.6225879,1.4225879,0.8725879,-0.75741214,-2.857412
5.862588,6.212588,4.1225877,3.292588,-5.827412,-7.947412,-8.587412,-7.407412,-7.6074123,-6.237412,-5.747412,-5.6074123,-6.1674123,-4.997412,-4.407412,-3.7374122,-2.637412,-3.717412,-4.297412,-2.0374122,-0.7174121,-0.0074121095,2.7725878,-5.737412,-1.777412,1.1325879,0.55258787,1.1925879,1.3125879,2.7325878,1.6225879,1.8225878,-2.387412,-2.7474122,-5.727412,-4.837412,-4.767412,0.4625879,-5.577412,0.5925879,3.582588,3.592588,3.102588,2.4825878,2.302588,2.2625878,2.342588,2.2625878,1.7925879,1.5625879,1.4125879,1.8825879,2.4325879,2.7225878,2.082588,1.5225879,-1.0974121,-2.837412
4.802588,5.762588,4.922588,-3.967412,-6.4374123,-7.1274123,-7.6074123,-7.237412,-6.977412,-6.427412,-7.017412,-6.217412,-6.047412,-6.117412,-4.787412,-5.367412,-3.5374122,-3.937412,-2.937412,-1.0474122,-2.0374122,-1.4674121,0.3725879,-5.257412,0.80258787,1.4525878,-0.15741211,1.092588,2.4725878,2.592588,1.5425879,2.1825879,-7.617412,-6.927412,-4.477412,-3.7574122,-2.437412,-1.4374121,-6.677412,-5.747412,0.5825879,4.902588,3.532588,3.4725878,3.1825879,3.2125878,3.622588,3.892588,3.832588,3.162588,2.812588,2.792588,3.052588,3.7725878,1.7525879,2.102588,-1.0474122,-2.407412
2.282588,4.8525877,-2.457412,-6.777412,-6.037412,-6.177412,-8.977412,-7.007412,-7.287412,-5.8774123,-6.597412,-9.047412,-8.207412,-7.1074123,-6.387412,-6.1074123,-5.247412,-4.017412,-0.5974121,-2.427412,-4.997412,-2.877412,-0.4774121,-0.6274121,1.7125878,-0.2674121,-0.11741211,1.8525879,1.7625879,2.042588,2.4325879,-5.487412,-6.8574123,-9.667412,-4.767412,-2.437412,-0.8974121,-3.5674121,-7.827412,-5.1274123,-5.807412,-6.407412,-2.167412,0.74258786,3.802588,4.222588,4.972588,5.512588,5.702588,4.1025877,3.7225878,3.372588,3.052588,2.812588,1.1825879,-0.4474121,-1.9574121,-1.6874121
2.7125878,-2.627412,-3.7374122,-6.637412,-5.777412,-4.8774123,-7.3574123,-6.197412,-9.597412,-9.237412,-8.9474125,-7.557412,-7.907412,-9.007412,-8.237412,-7.657412,-6.477412,-4.197412,-2.157412,-5.287412,-4.227412,-2.167412,-0.2674121,0.4025879,-0.5774121,-1.3774121,-0.05741211,1.9925879,2.7225878,0.6425879,-11.457412,-10.597412,-8.757412,-6.907412,-4.867412,-2.197412,-0.2674121,-6.657412,-6.297412,-4.567412,-4.347412,-3.9874122,-3.427412,-1.4174122,0.8225879,2.7525878,4.822588,5.822588,6.092588,5.822588,4.1425877,3.4325879,2.4825878,1.4925879,0.08258789,-0.5474121,-1.1474121,-0.5274121
-2.957412,-4.177412,-3.877412,-4.337412,-3.677412,-6.307412,-6.847412,-7.1274123,-4.8974123,-9.337412,-9.877412,-8.937412,-9.517412,-9.057412,-8.357412,-8.247412,-8.277412,-8.1974125,-8.337412,-3.147412,-1.7674121,-1.5874121,-1.7974122,-1.277412,-1.3474121,-1.4274122,-0.4874121,0.8725879,-2.7874122,-8.777412,-6.1874123,-7.3774123,-3.657412,-7.197412,-3.7674122,-0.45741212,-5.7074122,-5.697412,-5.227412,-4.797412,-3.5374122,-2.117412,-0.8674121,0.8225879,2.392588,4.112588,6.132588,7.172588,7.1225877,7.432588,5.782588,3.042588,1.9925879,0.9425879,-0.27741212,-0.27741212,0.4225879,0.8725879
-0.7274121,-4.967412,-6.6674123,-5.817412,-8.787412,-12.397412,-10.957412,-8.707412,-8.257412,-8.657413,-8.637412,-9.6974125,-10.017412,-9.147412,-8.737412,-8.987412,-9.217412,-9.087412,-7.9374123,-7.047412,-3.0774121,-5.567412,-2.2574122,-1.2274121,-0.10741211,-2.0474122,-1.1174121,-2.5474122,-5.987412,-6.797412,-8.737412,-7.337412,-5.6274123,-5.597412,-1.9574121,-1.3374121,-4.157412,-4.6474123,-4.317412,-3.7274122,-2.667412,-1.1074121,0.7525879,2.842588,5.0425878,7.1425877,8.0525875,8.682588,8.342587,7.652588,7.232588,3.822588,2.572588,1.6625879,0.4825879,-0.1474121,-1.0674121,-1.0474122
-6.6874123,-5.177412,-6.227412,-11.797412,-12.1974125,-11.797412,-10.6974125,-8.727412,-7.577412,-8.747412,-9.587412,-10.327412,-10.287412,-9.057412,-8.797412,-9.037412,-9.207412,-9.147412,-9.267412,-8.917412,-7.427412,-4.737412,-4.997412,-0.4674121,-1.8874121,-1.8874121,-2.0074122,-2.377412,-3.697412,-5.6874123,-4.407412,-6.477412,-3.5174122,-3.857412,-0.8774121,-3.837412,-4.117412,-3.437412,-2.907412,-2.2674122,-1.1374121,0.4325879,2.282588,4.152588,6.212588,9.442588,12.522588,11.172588,9.872588,8.032588,6.412588,5.662588,2.582588,2.0125878,1.2125878,0.7025879,-0.7074121,-0.7274121
-8.147412,-11.097412,-10.577412,-11.327412,-10.527412,-10.007412,-9.497412,-8.457412,-8.9474125,-10.027412,-10.217412,-10.387412,-9.427412,-8.907413,-8.777412,-8.867413,-8.987412,-9.437412,-9.457412,-9.457412,-9.567412,-3.677412,-7.847412,-6.8574123,-2.4774122,-2.607412,-2.407412,-2.367412,-2.2274122,-1.9274122,-3.7674122,-2.5774121,0.61258787,-0.02741211,1.7925879,-4.277412,-4.4174123,-3.4874122,-2.2474122,-1.3974121,-0.03741211,1.092588,2.2025878,3.4925878,6.3525877,12.502588,14.572588,13.582588,10.832588,8.432588,5.782588,5.672588,3.882588,1.9825879,1.4925879,2.102588,2.1825879,2.902588
-7.9374123,-8.927412,-10.207412,-9.837412,-8.407413,-9.027412,-9.347412,-9.327412,-10.297412,-10.467412,-9.867413,-9.637412,-8.867413,-8.487412,-8.457412,-8.527412,-8.847412,-9.297412,-9.587412,-9.677412,-9.647412,-9.957412,-10.207412,-9.497412,-2.677412,-2.947412,-2.437412,-2.597412,-1.5474122,-0.6474121,-0.9874121,-1.527412,-1.4374121,0.1925879,-0.7974121,-4.287412,-3.637412,-2.7474122,-2.5474122,-2.127412,-1.4574121,-0.30741212,1.5425879,1.9425879,4.172588,6.112588,8.662588,10.842587,10.472588,8.382587,4.882588,4.302588,4.3525877,2.552588,1.9825879,2.092588,2.9425879,3.832588
-6.6074123,-7.6074123,-8.247412,-7.467412,-7.677412,-8.237412,-8.377412,-9.077412,-8.387412,-9.597412,-9.297412,-8.677412,-8.317412,-7.817412,-7.837412,-7.9374123,-8.317412,-8.707412,-8.987412,-8.6974125,-9.117413,-9.6974125,-9.967412,-11.107412,-11.397412,-3.3074121,-2.927412,-3.207412,-4.387412,-7.427412,-4.027412,-1.6174121,-5.757412,-6.347412,-4.557412,-3.7974122,-3.5074122,-3.0674121,-3.367412,-3.2674122,-2.5474122,-1.0674121,1.3025879,1.222588,1.9225879,1.1525879,6.212588,6.702588,8.262588,6.972588,4.802588,2.572588,3.1725879,3.042588,2.332588,1.9825879,2.7125878,2.9325879
-5.737412,-7.467412,-6.567412,-6.7074122,-6.927412,-6.737412,-7.027412,-7.557412,-7.927412,-7.527412,-7.287412,-7.467412,-7.4174123,-7.2074122,-6.997412,-7.117412,-7.227412,-7.657412,-7.8974123,-7.987412,-8.297412,-9.017412,-9.797412,-9.987412,-10.387412,-10.967412,-11.707412,-12.767412,-12.187412,-11.807412,-10.477412,-9.317412,-7.427412,-5.277412,-4.337412,-3.5574121,-3.587412,-3.377412,-3.5574121,-3.5274122,-2.447412,-0.9674121,-0.1474121,0.15258789,0.8925879,-1.1174121,-1.6274121,-1.9974121,5.932588,3.912588,3.9725878,2.7025878,2.402588,1.722588,1.342588,1.2925879,1.7825879,1.7425879
