raw-data-f/2018100618f3.json
{"header": { "discipline":0, "disciplineName":"Meteorological products", "gribEdition":2, "gribLength":74982, "center":7, "centerName":"US National Weather Service - NCEP(WMC)", "subcenter":0, "refTime":"2018-10-06T18:00:00.000Z", "significanceOfRT":1, "significanceOfRTName":"Start of forecast", "productStatus":0, "productStatusName":"Operational products", "productType":1, "productTypeName":"Forecast products", "productDefinitionTemplate":0, "productDefinitionTemplateName":"Analysis/forecast at horizontal level/layer at a point in time", "parameterCategory":2, "parameterCategoryName":"Momentum", "parameterNumber":3, "parameterNumberName":"V-component_of_wind", "parameterUnit":"m.s-1", "genProcessType":2, "genProcessTypeName":"Forecast", "forecastTime":3, "surface1Type":103, "surface1TypeName":"Specified height level above ground", "surface1Value":10.0, "surface2Type":255, "surface2TypeName":"Missing", "surface2Value":0.0, "gridDefinitionTemplate":0, "gridDefinitionTemplateName":"Latitude_Longitude", "numberPoints":65160, "shape":6, "shapeName":"Earth spherical with radius of 6,371,229.0 m", "gridUnits":"degrees", "resolution":48, "winds":"true", "scanMode":0, "nx":360, "ny":181, "basicAngle":0, "lo1":0.0, "la1":90.0, "lo2":359.0, "la2":-90.0, "dx":1.0, "dy":1.0 }, "data":
[rows 26 to 51 of 181, columns 232 to 289 of 360]
-1.0655713,-0.3855713,0.14442872,1.5544287,1.8744287,1.2944287,1.6944287,2.0444288,1.4244287,0.9444287,0.6644287,0.8644287,1.1744287,1.0644287,1.1344287,1.4644287,1.2244287,0.6544287,-0.73557127,-1.6755713,-2.3955712,-3.0355713,-3.2355714,-3.4255712,-3.6555712,-3.3955712,-4.2555714,-4.4855714,-5.825571,-5.1155715,-6.455571,-5.245571,-5.185571,-5.6555715,-5.0055714,-4.8355713,-4.9255714,-4.725571,-4.575571,-4.455571,-4.9455714,-4.785571,-2.1855712,-1.8455713,-1.9555713,-2.8455713,-1.2055713,-1.0955713,-2.5155714,-3.0955713,-3.7555714,-3.7355714,-3.4955714,-3.9455712,-4.8355713,-5.2355714,-1.8855712,-0.14557129
-1.0655713,-1.3555713,-0.8255713,0.114428714,0.4144287,0.6544287,1.6844287,2.1744287,1.9244287,1.7544287,1.8744287,1.0744287,0.7244287,0.8544287,0.9944287,1.3344287,1.3444287,0.5444287,-0.28557128,-1.3555713,-2.0055714,-2.6055713,-3.2855713,-3.4455712,-3.7655714,-3.9355712,-5.9055715,-6.6255713,-5.015571,-5.6555715,-5.6755714,-5.765571,-5.765571,-6.185571,-6.515571,-6.2355714,-6.1955714,-5.325571,-6.555571,-6.0455713,-5.9655714,-5.5455713,-4.765571,-4.1755714,-4.185571,-3.6155713,-3.1655712,-4.075571,-4.325571,-3.7355714,-2.8455713,-2.2655714,-2.3655713,-2.6355712,-2.6355712,-2.4755714,-3.9155712,-4.475571
2.2244287,0.63442874,-0.5855713,-0.5555713,-0.4155713,-1.1755713,0.2344287,1.3344287,1.9344287,1.3344287,1.2344288,1.4344287,1.2244287,1.2644287,1.1544287,0.04442871,-0.6555713,0.16442871,0.09442871,-0.47557127,-1.4655713,-2.3055713,-2.8555713,-3.5855713,-3.8855712,-4.035571,-4.825571,-4.9855714,-4.6955714,-4.475571,-5.2155714,-5.575571,-5.6555715,-5.6255713,-5.7355714,-6.895571,-7.5655713,-7.1255713,-6.3655715,-5.685571,-5.0655713,-4.7555714,-4.3655715,-3.8555713,-4.0255713,-4.2955713,-4.9855714,-5.1955714,-3.2255714,-3.2555714,-2.6255713,-1.3555713,-0.8455713,-1.5055712,-1.0355713,-1.6955713,-3.5855713,-3.1655712
1.7944287,0.3844287,1.2844287,0.21442871,-0.3655713,-1.4655713,-0.5255713,-0.11557129,-0.24557129,-0.60557127,-0.3655713,0.1544287,1.1644287,1.4244287,1.3644288,0.3244287,-0.10557129,-0.24557129,-0.28557128,-0.5955713,-0.8955713,-1.3455713,-2.0755713,-2.8455713,-3.2755713,-3.7355714,-4.3755713,-4.4255714,-4.285571,-4.475571,-4.8755713,-5.4055715,-5.395571,-5.825571,-6.1355715,-7.185571,-7.0955715,-6.5855713,-6.3655715,-5.9855714,-5.3355713,-3.9855714,-1.9755713,-1.3555713,-2.4055712,-3.0155714,-3.3355713,-4.0455713,-4.055571,-4.1755714,-2.8355713,-1.0755713,-1.2855713,-1.6755713,-1.8555713,-1.6855713,-1.3855712,-2.4555712
0.08442871,-1.0355713,0.8344287,1.2944287,-1.1055713,-0.8355713,0.3944287,0.37442872,-0.6855713,-1.1055713,-0.9955713,-1.3655713,-1.1955713,0.3044287,0.09442871,-0.3055713,-0.2955713,-0.19557129,-0.055571288,-0.28557128,-0.9755713,-1.5955713,-1.4555713,-1.5555713,-2.5455713,-3.4955714,-4.435571,-4.1055713,-4.575571,-4.6755714,-4.8555713,-5.4055715,-5.6755714,-5.2555714,-5.7555714,-5.245571,-5.035571,-4.8755713,-3.8655713,-3.0555713,-2.5855713,-0.9755713,-0.47557127,-0.6455713,-1.0855713,-1.8055713,-2.3955712,-3.0755713,-3.1455712,-3.1755712,-2.9355712,-1.1155713,-0.67557126,-0.79557127,-0.47557127,-0.34557128,-0.4155713,-0.7255713
1.7144287,2.4444287,1.0944287,-1.0755713,-0.6455713,0.6144287,0.37442872,0.07442871,0.21442871,-0.07557129,-0.9655713,-0.98557127,0.1544287,-0.015571289,-1.1255713,-1.1655713,-0.7655713,-0.86557126,-0.6655713,0.2644287,0.3344287,0.06442871,-0.8955713,-1.7555712,-1.6555713,-2.4755714,-3.0355713,-3.7155714,-4.1255713,-4.305571,-4.5855713,-3.9355712,-4.4255714,-3.7855713,-3.9955714,-3.9755714,-3.8355713,-3.4455712,-3.1155713,-2.8655713,-2.3555713,-1.1055713,-0.9455713,-1.4255713,-1.6355712,-2.0855713,-2.5355713,-3.4055712,-3.3655713,-4.1255713,-2.1155713,-0.1255713,-0.21557128,-0.2355713,-0.2955713,-0.37557128,-0.6255713,-0.6355713
2.1544287,2.1944287,1.6344287,1.8744287,0.3844287,-0.8155713,-0.3955713,-0.8155713,-1.1555713,-1.0255713,-1.4555713,-1.9555713,-0.4455713,-1.5755713,-2.2355714,-1.1755713,-0.015571289,-0.07557129,0.7244287,2.1844287,2.1044288,0.9944287,-0.5755713,-1.1955713,-1.8955712,-2.7055712,-3.6455712,-3.4655714,-4.035571,-4.0455713,-3.2255714,-2.6455712,-2.1755712,-1.6455712,-1.5655713,-1.9755713,-2.4755714,-2.3255713,-1.9055713,-0.3955713,-0.08557129,-1.1955713,-1.0855713,-0.9955713,-1.3255713,-1.8255713,-2.4555712,-3.0255713,-2.7255714,-2.4555712,-2.5255713,-1.6055713,-0.31557128,-0.2955713,-0.6455713,-0.4155713,-0.67557126,-0.6455713
1.7444288,1.2144287,1.1044288,1.6344287,1.2844287,1.1744287,1.0744287,-0.40557128,-1.1255713,-0.8055713,-0.9055713,-1.9955713,-1.0955713,-1.3255713,0.17442872,-0.3355713,-0.3655713,0.9844287,1.5244287,1.7244287,1.4744287,0.8744287,0.05442871,-0.43557128,-0.98557127,-2.2655714,-4.015571,-3.4855714,-3.4255712,-4.475571,-3.9155712,-4.9655714,-2.5655713,-0.25557128,-0.16557129,0.21442871,-0.3255713,-0.54557127,-0.7855713,-1.8055713,-2.9255712,-2.7155714,-2.1455712,-2.2855713,-2.0355713,-1.9055713,-2.0055714,-2.2755713,-2.0355713,-1.9455713,-1.5155712,-0.8055713,0.49442872,0.7744287,0.5644287,0.6644287,0.49442872,0.114428714
1.1644287,0.6044287,1.0944287,0.9744287,0.7444287,1.2744287,-0.15557128,-0.5555713,-0.92557126,-0.9755713,-1.3155713,-2.0155714,-1.2655712,-1.3255713,-1.1055713,-0.6855713,0.24442871,-0.065571286,1.2044287,2.0644288,1.4444287,1.1944287,0.8644287,-0.5855713,-1.2155713,-2.4655714,-2.9055712,-3.1555712,-4.015571,-3.6055713,-2.1355712,1.9444287,3.3944287,3.2544286,2.9544287,2.4144287,2.1044288,0.4444287,-0.86557126,-2.0955713,-2.1655712,-2.4655714,-2.3555713,-2.2655714,-2.7055712,-3.2055712,-4.1255713,-3.6555712,-2.8755713,-2.8855712,-2.6155713,-2.4655714,-1.5555713,-0.9355713,-1.0955713,-0.37557128,-0.2755713,-0.6355713
1.6244287,0.40442872,0.8644287,0.40442872,0.7744287,1.4444287,1.7044287,1.5144287,-1.1655713,-2.2255714,-1.9655713,-1.7355713,-1.3355713,-2.2055712,-0.9355713,-0.7055713,0.8044287,1.7844287,2.1544287,2.5444288,1.9744287,1.3244287,0.4144287,-0.6455713,-1.2955713,-1.6555713,-2.3755713,-2.5855713,-2.3455713,-1.4655713,-0.3555713,0.5344287,3.2244287,3.0544288,3.4144287,2.0344286,1.2344288,0.3844287,-0.5855713,-1.1355712,-1.9355713,-1.9155713,-1.4355713,-0.9555713,-1.6555713,-2.0355713,-2.5455713,-2.7655714,-1.9955713,-1.1355712,0.82442874,1.5644287,1.1344287,0.8144287,0.5844287,0.31442872,0.34442872,0.12442871
1.5644287,1.7644287,0.9344287,0.95442873,0.6144287,0.2544287,1.0344287,0.8044287,1.8644288,0.3644287,-2.0655713,-2.3855712,-1.9655713,-0.6255713,0.04442871,-0.34557128,0.5844287,2.2944288,3.3644288,4.064429,2.9644287,2.3644288,1.3044287,-0.3355713,-0.7755713,-1.5255713,-1.6755713,-2.0755713,-2.2455714,-1.3655713,0.12442871,2.3044288,3.6444287,2.9344287,2.3244288,1.3044287,0.49442872,0.31442872,0.21442871,0.14442872,0.12442871,0.24442871,-0.9155713,-1.5955713,-1.3655713,-1.9855713,-2.3255713,-2.9355712,-2.9655714,-2.7055712,-1.2655712,-1.7255713,-1.6055713,-1.6755713,-0.6455713,-0.025571289,-0.5955713,-0.4555713
2.4844286,1.8244287,1.9544287,0.76442873,-0.6855713,-0.7655713,1.4244287,0.8544287,1.1144288,1.4044287,2.1044288,0.4844287,0.06442871,-1.3255713,-0.9555713,0.09442871,1.2344288,2.6044288,4.7244287,4.6244287,4.6244287,2.7944288,0.5944287,-0.7855713,-1.7355713,-1.5855713,-0.6955713,-1.1555713,-1.1755713,-0.24557129,0.7244287,2.7444286,2.5644288,1.7444288,1.7144287,2.0944288,0.7944287,-0.19557129,-0.4555713,-0.34557128,-0.7255713,-1.3855712,-1.7955713,-2.2155714,-2.1755712,-2.0255713,-4.6955714,-4.3755713,-3.6355712,-0.73557127,-0.09557129,-0.3955713,0.1544287,0.3944287,0.27442873,-0.3555713,-0.8855713,-1.7255713
1.4844288,0.21442871,0.8044287,0.5344287,0.6644287,0.4244287,0.9244287,0.1544287,0.4144287,0.9044287,-0.055571288,0.8144287,-0.025571289,-0.08557129,1.5544287,2.3844287,2.6444287,3.5744288,4.6644287,5.1244287,4.1444287,2.9844286,2.1644287,1.0344287,-0.6855713,-0.8855713,0.6544287,-0.1755713,3.2444286,2.6544287,3.9744287,3.3044288,1.1944287,0.034428712,-0.04557129,-0.5355713,-0.9055713,-1.1555713,-0.6855713,0.08442871,-1.0355713,-1.1955713,-1.7955713,-2.0855713,-2.1655712,-3.9555712,-3.2555714,-1.4655713,-1.9355713,-1.3455713,0.08442871,0.19442871,0.4144287,0.2344287,0.70442873,1.2144287,1.3944287,0.8644287
0.40442872,0.5544287,0.88442874,1.1344287,1.1644287,0.1844287,-0.7855713,-0.92557126,0.05442871,0.12442871,-0.6555713,-0.3855713,0.2544287,0.43442872,1.8144287,-0.31557128,0.21442871,2.6644287,3.3844287,4.274429,3.9144287,3.1244287,1.9844288,1.1244287,1.7044287,2.0444288,2.7144287,2.7244287,0.9744287,3.2444286,3.2244287,1.9644287,0.2544287,-0.43557128,-1.2255713,-1.4255713,-2.0455713,-1.1655713,-0.67557126,-1.4655713,-1.7255713,-2.4355712,-3.0055714,-2.9055712,-2.7155714,-3.1755712,-2.7155714,-1.5455713,-0.92557126,-0.7655713,-0.4955713,-0.055571288,0.28442872,0.64442873,1.1244287,0.4144287,0.6644287,0.3944287
-2.6555712,-1.1855713,-1.2255713,-0.3055713,1.0844287,0.9144287,0.7244287,-0.60557127,-2.2155714,-2.3955712,-1.1955713,-0.8455713,-0.5055713,-0.5755713,1.5544287,0.08442871,-0.1755713,1.1044288,2.6844287,2.7644286,2.7144287,1.8044287,1.4844288,1.9844288,2.2044287,1.9844288,1.5844287,1.8244287,1.1544287,1.6744287,1.8344287,0.19442871,-1.2055713,-1.8855712,-2.0055714,-2.0655713,-1.7955713,-1.3655713,-1.7155713,-2.3855712,-3.3255713,-3.1855712,-3.2755713,-3.1955712,-2.8755713,-2.3855712,-1.9955713,-1.6855713,-1.1455712,-1.0255713,-1.0055712,-0.7555713,-0.005571289,0.6144287,0.8644287,0.27442873,-0.9455713,-1.7155713
-3.6755712,-6.455571,-0.7555713,0.9744287,-1.4855713,-0.21557128,-0.24557129,-1.8755713,-2.4855714,-2.3355713,-1.1255713,-1.1255713,-1.0655713,-1.3555713,-0.7155713,-1.1855713,-2.0455713,-0.9055713,1.0944287,2.3944287,2.5244286,2.3044288,1.4344287,0.8344287,0.51442873,0.9344287,0.89442873,1.2144287,1.3744287,1.0144287,0.12442871,-1.9555713,-2.2755713,-2.8855712,-2.1955712,-2.3055713,-2.2255714,-2.5055714,-2.3155713,-3.2455714,-4.3855715,-4.0055714,-3.7955713,-3.3555713,-3.2755713,-2.7255714,-2.2555714,-1.4055713,-1.4455713,-1.2055713,-0.8255713,-0.3255713,0.34442872,1.0144287,0.82442874,0.04442871,-0.5055713,0.37442872
-4.2355714,-6.435571,-6.0955715,-2.1255713,-1.3255713,-1.7855713,-0.34557128,-1.0455713,-1.3955712,-3.0955713,-1.8855712,-1.4755713,-0.7755713,-0.7555713,-0.5255713,-0.6355713,-2.6855712,-1.6755713,-0.28557128,0.6644287,1.1144288,1.2544287,0.4844287,0.7544287,1.3444287,1.8544288,1.9844288,1.4244287,1.2144287,-0.08557129,-1.4055713,-2.3355713,-2.9355712,-2.8955712,-2.4755714,-2.6655712,-2.6455712,-3.2755713,-3.5355713,-5.035571,-4.805571,-7.8155713,-6.4055715,-4.145571,-3.6955712,-3.2055712,-2.0955713,-0.7655713,0.4244287,0.8744287,0.6744287,0.21442871,-1.1755713,-1.3055713,-0.3655713,0.27442873,0.08442871,2.0144286
-4.915571,-7.0655713,-7.8355713,-3.8355713,0.034428712,-0.16557129,-1.7755713,-0.8855713,-3.1155713,-3.4455712,-2.5255713,-1.5255713,-0.3555713,-1.2055713,-1.5155712,-0.1255713,-2.5855713,-2.0155714,-2.3955712,0.7844287,1.2444288,1.7344288,2.3944287,1.9244287,3.6144288,3.6044288,2.9644287,2.4044287,0.7344287,-0.8255713,-1.2155713,-2.1355712,-2.9455712,-2.6655712,-2.6755712,-3.1355712,-3.3855712,-3.3455713,-1.8555713,-2.0355713,-3.9655714,-6.8555713,-5.3555713,-4.225571,-1.4455713,-2.3855712,-1.6355712,-1.2155713,-1.2655712,-0.85557127,-0.8855713,1.2044287,2.3244288,2.1044288,2.6944287,2.6844287,1.4144287,-1.2855713
-6.0055714,-7.765571,-8.6355715,-5.285571,-2.5255713,-2.7655714,-0.3855713,-0.86557126,-3.9255712,-0.28557128,-0.8355713,-2.6255713,-2.3955712,-1.1255713,-2.1455712,-0.6355713,-0.7855713,-0.5855713,-0.2655713,-0.8855713,-1.0155712,-0.07557129,2.5744288,4.064429,5.0144286,4.564429,3.4044287,2.3244288,1.1344287,-0.2655713,-2.1355712,-3.7555714,-4.575571,-4.3755713,-4.0455713,-3.7055712,-2.3955712,-2.4655714,-2.7355714,-3.0055714,-2.9455712,-3.6155713,-3.7655714,-3.8755713,-3.9055712,-3.0555713,-2.0655713,-2.0455713,-0.15557128,2.2044287,1.2944287,0.51442873,1.8344287,2.4444287,0.05442871,-0.2755713,2.2644286,1.9544287
-7.225571,-8.775571,-9.725572,-7.645571,-4.2555714,-2.1755712,-0.6455713,-2.5055714,-3.7055712,-3.1655712,-4.2955713,-1.9155713,-1.0455713,-0.9455713,-1.0355713,-1.3555713,0.7944287,1.1144288,-0.055571288,0.1844287,-1.6355712,0.20442872,5.064429,3.9844286,3.2544286,4.754429,3.2344286,1.6644287,0.19442871,-1.7655712,-2.6255713,-3.0555713,-3.3355713,-3.4855714,-3.7755713,-2.9055712,-3.3455713,-3.4855714,-3.3255713,-3.1055713,-3.8855712,-4.895571,-6.2955713,-3.5955713,-2.6555712,-5.8455715,-4.8555713,-0.47557127,-0.3355713,2.2344286,2.5344286,2.1644287,1.2644287,-0.14557129,1.2744287,3.0244286,3.2044287,2.1044288
-8.305572,-9.875571,-10.175571,-8.285571,-3.5255713,-1.3455713,-0.7655713,-5.245571,-6.3655715,-5.7555714,-3.3855712,-3.0155714,-1.0455713,-0.9955713,-1.1355712,1.8144287,0.3944287,0.46442872,-0.16557129,-1.5055712,-2.3655713,1.8444287,6.1444287,7.7044287,5.4544287,4.734429,2.8544288,0.7344287,-0.40557128,-1.5555713,-2.3455713,-2.7355714,-4.1155715,-4.0455713,-3.7555714,-3.5455713,-3.4255712,-3.3755713,-3.3555713,-3.6555712,-3.8255713,-7.0055714,-3.1755712,-3.2255714,-3.0055714,-4.3155713,1.6744287,0.9744287,1.5444287,2.1444287,1.2744287,0.9244287,4.8444285,4.6844287,2.7644286,4.3944287,3.4244287,3.0644288
-9.185572,-9.815571,-9.415571,-6.6755714,-2.1255713,-1.0155712,-2.3055713,-4.6955714,-7.4655714,-6.285571,-4.0655713,-2.4555712,-3.1155713,-0.3355713,0.4844287,1.0544287,1.2944287,-0.13557129,1.9244287,-1.3455713,-2.7055712,0.034428712,0.82442874,7.314429,5.9044285,4.9144287,3.4344287,0.8744287,-1.2055713,-2.5255713,-3.2655714,-3.2255714,-3.5055714,-3.6255713,-3.8855712,-3.7355714,-4.265571,-4.185571,-3.9955714,-4.205571,-2.9255712,-6.895571,-3.0355713,-1.9055713,-3.8155713,-0.40557128,-1.4055713,1.2044287,2.6744287,2.4344287,1.6144288,1.9244287,5.024429,3.1244287,1.1544287,2.6144288,3.3144288,2.6444287
-9.525571,-9.045571,-9.1355715,-10.6355715,-2.6255713,-2.5755713,-2.7355714,-6.6755714,-5.975571,-6.475571,-1.8255713,-4.1555715,-2.6455712,-4.8155713,-3.6655712,-1.8155713,1.4844288,0.6644287,1.3344287,-0.9955713,0.8444287,0.14442872,-0.16557129,7.3944287,6.854429,5.8444285,3.1344287,-0.065571286,-1.8955712,-3.2255714,-3.7555714,-3.8755713,-3.9955714,-4.245571,-4.5855713,-3.6655712,-3.3055713,-3.6955712,-3.9855714,-4.2755713,-2.5955713,-6.0655713,-3.8255713,-3.6055713,1.4044287,3.4944286,4.444429,3.5844288,3.5844288,2.6144288,2.3944287,3.9344287,3.2144287,3.0144286,3.9444287,3.4444287,2.9544287,2.1744287
-9.795571,-10.825571,-10.625571,-13.0955715,-3.1055713,-3.1155713,-4.0855713,-5.805571,-5.8455715,-4.4655714,-3.9555712,-2.3755713,-2.8455713,-3.6655712,-3.4955714,-2.9755714,-1.9455713,-0.7455713,-3.9855714,2.6044288,-1.4155713,1.9544287,1.6844287,7.0744286,6.944429,4.754429,1.7444288,-1.0755713,-2.8855712,-3.2455714,-4.305571,-4.4855714,-4.4655714,-4.1755714,-4.0055714,-4.1555715,-4.395571,-6.245571,-6.185571,-3.9955714,-3.8755713,-4.575571,-0.5855713,3.3244288,3.5844288,2.5044286,3.5044286,3.3744287,2.4444287,2.3844287,2.4944286,3.0244286,2.4944286,1.8644288,3.2644286,4.1844287,3.2844286,2.6244287
-10.6355715,-11.665571,-12.305572,-12.535571,-5.2955713,-2.6955712,-5.555571,-3.6955712,-6.6255713,-5.8455715,-2.6455712,-4.185571,-6.1155715,-4.955571,-4.5455713,-1.2855713,-0.5255713,1.8644288,0.6944287,-2.2655714,-0.9555713,5.4044285,1.9444287,2.2444286,7.044429,4.3744287,0.8644287,-1.6055713,-2.5855713,-3.5455713,-4.7555714,-5.2755713,-5.3855715,-4.9655714,-5.4855714,-5.395571,-5.6355715,-3.8055713,-1.2755713,2.5744288,2.3744287,2.9344287,3.4744287,4.1244287,2.6244287,2.8344288,2.6244287,2.5544288,1.6644287,2.2844286,2.2744286,3.6744287,3.5744288,2.5744288,4.524429,3.3844287,2.0344286,-0.3555713
-10.365571,-10.875571,-11.705571,-11.465571,-10.705571,-2.0255713,-8.255571,-1.6155713,-3.9855714,-6.7155714,-5.8455715,-4.895571,-8.645572,-5.515571,-2.2555714,1.0844287,1.0044287,1.8444287,-0.4955713,0.8144287,0.17442872,4.8044286,5.504429,5.6344285,7.0744286,3.9244287,0.6244287,-0.9055713,-1.7455713,-3.5055714,-3.9355712,-5.2155714,-5.5955715,-5.0055714,-5.2155714,-5.9655714,-0.04557129,1.8744287,2.6844287,2.7744286,3.7144287,3.5744288,2.1144288,2.2144287,2.7844286,2.8544288,0.82442874,0.13442871,-1.3655713,1.9344287,2.5944288,2.1844287,1.9844288,3.4444287,2.3944287,1.0744287,-0.8955713,-2.4055712
