raw-data-f/2018100818f3.json
{"header": { "discipline":0, "disciplineName":"Meteorological products", "gribEdition":2, "gribLength":75473, "center":7, "centerName":"US National Weather Service - NCEP(WMC)", "subcenter":0, "refTime":"2018-10-08T18:00:00.000Z", "significanceOfRT":1, "significanceOfRTName":"Start of forecast", "productStatus":0, "productStatusName":"Operational products", "productType":1, "productTypeName":"Forecast products", "productDefinitionTemplate":0, "productDefinitionTemplateName":"Analysis/forecast at horizontal level/layer at a point in time", "parameterCategory":2, "parameterCategoryName":"Momentum", "parameterNumber":2, "parameterNumberName":"U-component_of_wind", "parameterUnit":"m.s-1", "genProcessType":2, "genProcessTypeName":"Forecast", "forecastTime":3, "surface1Type":103, "surface1TypeName":"Specified height level above ground", "surface1Value":10.0, "surface2Type":255, "surface2TypeName":"Missing", "surface2Value":0.0, "gridDefinitionTemplate":0, "gridDefinitionTemplateName":"Latitude_Longitude", "numberPoints":65160, "shape":6, "shapeName":"Earth spherical with radius of 6,371,229.0 m", "gridUnits":"degrees", "resolution":48, "winds":"true", "scanMode":0, "nx":360, "ny":181, "basicAngle":0, "lo1":0.0, "la1":90.0, "lo2":359.0, "la2":-90.0, "dx":1.0, "dy":1.0 }, "data":
[rows 26 to 51 of 181, columns 177 to 235 of 360]
-5.875791,-7.325791,-10.275791,-11.815791,-12.095791,-13.305791,-13.445791,-13.145791,-12.775791,-12.295791,-10.465791,-9.655791,-9.685791,-9.395791,-8.645791,-8.035791,-7.4457912,-6.725791,-6.235791,-5.555791,-5.365791,-5.995791,-5.6957912,-2.365791,-1.065791,-1.175791,-1.575791,-1.485791,-0.91579103,-1.015791,-0.615791,-0.735791,-0.0057910155,0.684209,0.784209,1.6142089,-0.385791,-1.015791,1.1242089,2.154209,2.264209,0.77420896,1.334209,1.974209,2.094209,1.634209,2.234209,1.064209,2.234209,0.854209,1.414209,1.784209,1.3742089,1.264209,1.044209,0.554209,-1.065791,-1.945791,-2.8257911
-2.385791,-7.375791,-9.805791,-11.255791,-11.645791,-13.655791,-13.075791,-13.065791,-12.885791,-12.795791,-12.475791,-11.925791,-11.195791,-10.505791,-10.095791,-9.995791,-9.585791,-8.985791,-7.845791,-6.095791,-7.255791,-6.575791,-2.395791,-1.865791,-2.335791,-2.505791,-1.795791,-1.045791,-1.115791,-1.305791,-1.195791,-1.0057911,-0.10579102,-1.525791,-0.745791,1.174209,0.854209,0.044208985,-0.85579103,-0.66579103,0.014208985,3.054209,3.394209,1.904209,2.364209,3.114209,3.074209,2.504209,1.6242089,2.064209,2.094209,1.834209,1.464209,0.944209,0.014208985,-0.06579102,0.10420898,-1.1257911,-3.175791
-10.305791,-11.135791,-11.335791,-12.755791,-14.435791,-14.625791,-14.265791,-14.375791,-14.235791,-13.165791,-12.055791,-11.445791,-11.425791,-11.855791,-11.555791,-11.475791,-11.105791,-10.105791,-8.055791,-8.235791,-7.075791,-5.375791,-3.105791,-3.995791,-2.715791,-1.935791,-1.665791,-1.115791,-0.30579102,-1.355791,-0.585791,-1.455791,-0.375791,0.764209,-1.045791,-0.79579103,1.174209,0.994209,1.064209,1.474209,-0.735791,-0.955791,-1.115791,2.444209,4.654209,5.374209,4.544209,1.3642089,2.614209,2.844209,2.234209,1.924209,1.554209,0.504209,-0.415791,-1.995791,-2.175791,-0.15579101,-1.485791
-13.635791,-13.495791,-13.155791,-13.055791,-13.075791,-13.675791,-13.375791,-14.455791,-15.205791,-15.145791,-14.765791,-12.805791,-12.025791,-11.605791,-11.715791,-11.965791,-11.715791,-11.415791,-9.305791,-8.245791,-6.835791,-4.925791,-1.985791,-2.925791,-4.645791,-2.495791,-1.205791,-2.025791,-1.155791,-2.225791,-1.515791,-1.2557911,0.684209,0.664209,1.534209,1.634209,-0.875791,-1.825791,-0.53579104,-0.715791,1.3742089,2.524209,0.884209,0.784209,0.95420897,2.834209,1.8642089,2.284209,1.924209,2.794209,2.534209,1.064209,0.094208986,-0.285791,-1.045791,-1.765791,-2.3257911,-2.365791,-3.0657911
-8.985791,-8.855791,-8.305791,-8.255791,-8.715791,-8.685791,-9.125791,-10.425791,-11.385791,-13.475791,-14.045791,-14.145791,-14.485791,-13.985791,-12.825791,-12.435791,-12.075791,-11.115791,-11.575791,-9.695791,-8.875791,-6.375791,-4.465791,-3.635791,-2.005791,-1.555791,-1.985791,-1.985791,-0.935791,-1.975791,-1.205791,-1.665791,-0.91579103,1.7442089,-1.455791,-1.735791,1.834209,1.884209,2.804209,1.694209,-1.355791,-1.1257911,-0.715791,-0.675791,-2.465791,-1.725791,-1.025791,-0.055791017,-0.115791015,1.754209,3.104209,2.044209,-0.015791016,-0.90579104,-0.575791,-1.945791,-2.665791,-5.215791,-3.835791
-8.705791,-9.065791,-8.545791,-7.645791,-6.655791,-5.305791,-4.225791,-3.545791,-5.395791,-8.015791,-10.215791,-11.915791,-13.535791,-14.425791,-13.965791,-13.815791,-13.445791,-13.075791,-12.865791,-12.315791,-12.715791,-12.455791,-9.595791,-7.655791,-5.185791,-5.335791,-3.465791,-1.565791,-2.205791,-1.645791,-0.20579101,3.324209,4.974209,5.004209,3.6742089,2.784209,2.514209,4.094209,5.654209,5.254209,5.144209,3.464209,0.634209,-2.205791,-1.775791,-1.825791,1.404209,-0.755791,-1.725791,-0.90579104,2.4342089,1.564209,2.474209,-1.145791,-1.155791,-0.115791015,-0.22579102,-2.125791,-1.855791
-12.795791,-13.535791,-12.665791,-10.945791,-9.005791,-7.105791,-5.315791,-3.505791,-1.925791,0.11420898,-1.175791,-3.705791,-7.685791,-12.255791,-13.465791,-14.965791,-15.195791,-13.905791,-12.935791,-11.565791,-10.415791,-10.555791,-8.925791,-7.675791,-8.105791,-7.315791,-5.385791,-4.655791,-0.475791,1.474209,-0.23579101,-0.865791,0.864209,2.654209,4.474209,5.864209,6.884209,7.374209,7.824209,8.194209,7.654209,7.644209,7.614209,7.694209,6.624209,5.264209,-0.59579104,0.58420897,2.714209,2.094209,1.574209,0.25420898,1.294209,-0.055791017,-1.315791,-1.045791,-1.865791,-1.165791,-2.025791
-8.905791,-10.925791,-11.555791,-11.575791,-9.605791,-7.395791,-5.9457912,-4.525791,-2.685791,-0.30579102,2.054209,3.6742089,3.654209,1.804209,-6.955791,-10.475791,-12.455791,-12.785791,-12.395791,-12.625791,-11.235791,-10.525791,-10.205791,-8.465791,-6.555791,-4.395791,-3.485791,-3.225791,-3.885791,-0.97579104,1.104209,2.474209,3.074209,3.504209,3.334209,3.354209,4.534209,6.244209,7.654209,8.774209,9.394209,9.334209,9.214209,9.264209,9.344209,9.004209,8.464209,7.104209,3.524209,2.114209,1.984209,1.914209,1.514209,-0.955791,-0.60579103,-0.775791,-1.265791,-2.355791,-1.395791
-2.925791,-6.015791,-6.705791,-8.365791,-8.715791,-6.515791,-4.915791,-3.845791,-2.355791,-1.475791,0.424209,3.064209,4.734209,5.564209,5.074209,-5.265791,-10.165791,-10.425791,-10.755791,-10.055791,-7.285791,-8.375791,-5.155791,-4.905791,-2.695791,-4.585791,-5.525791,-4.875791,-3.8257911,-3.275791,-2.5757911,-1.085791,0.18420899,1.174209,2.544209,3.484209,3.564209,3.984209,5.114209,6.534209,7.834209,8.844209,9.354209,9.114209,8.424209,8.704209,8.984209,9.514209,9.854209,9.374209,2.864209,0.564209,1.064209,0.634209,-1.615791,-1.1357911,-1.495791,-1.685791,-1.655791
6.734209,5.694209,1.394209,-0.21579102,-4.805791,-4.245791,-3.165791,-2.3257911,-1.745791,-0.085791014,0.08420899,1.154209,2.884209,3.764209,5.354209,5.514209,-3.665791,-10.075791,-8.815791,-6.905791,-8.385791,-8.575791,-9.725791,-8.985791,-7.725791,-7.215791,-7.205791,-6.815791,-6.005791,-5.705791,-5.415791,-4.175791,-2.855791,-2.115791,-0.525791,0.634209,1.254209,1.7442089,2.374209,3.264209,4.664209,5.914209,6.594209,7.084209,7.284209,6.584209,6.624209,7.534209,8.454209,9.664209,6.444209,2.784209,-0.315791,1.524209,0.38420898,-1.1357911,-1.165791,-1.435791,-1.945791
10.004209,9.554209,7.574209,4.414209,0.14420898,-1.0057911,-0.885791,-0.935791,-0.33579102,-0.13579102,1.644209,1.654209,1.834209,3.034209,4.3042088,4.684209,4.634209,-3.345791,-7.375791,-7.555791,-8.445791,-8.545791,-8.815791,-9.435791,-9.515791,-8.925791,-8.945791,-9.515791,-8.165791,-6.985791,-6.095791,-5.1957912,-4.545791,-3.225791,-2.785791,-1.8757911,-1.045791,-0.035791017,0.884209,0.994209,1.7442089,2.824209,3.644209,4.354209,4.644209,4.594209,4.624209,4.844209,5.344209,5.984209,5.164209,6.964209,6.064209,0.71420896,1.564209,1.914209,-1.045791,-1.295791,-1.495791
10.944209,9.934209,8.414209,5.994209,3.884209,1.684209,0.624209,0.11420898,0.794209,0.32420897,0.914209,1.824209,2.084209,2.774209,2.744209,4.394209,6.194209,0.464209,-4.545791,-6.955791,-6.575791,-6.755791,-7.965791,-8.255791,-10.075791,-10.085791,-12.095791,-12.435791,-12.195791,-11.585791,-9.825791,-8.265791,-6.225791,-4.515791,-2.795791,-1.655791,-0.925791,-0.65579104,-1.605791,-0.19579102,0.41420898,1.064209,1.6242089,2.324209,2.484209,2.974209,3.544209,4.134209,4.954209,6.374209,6.814209,2.754209,5.884209,2.4242089,0.944209,1.834209,1.044209,-0.565791,0.374209
12.124209,11.084209,9.834209,8.124209,6.374209,3.204209,1.544209,0.974209,1.304209,1.984209,1.7442089,2.474209,3.4242089,3.914209,4.754209,5.5542088,6.264209,5.314209,-1.225791,-4.985791,-5.555791,-5.535791,-6.735791,-7.145791,-10.125791,-12.165791,-12.025791,-17.025791,-13.225791,-13.165791,-12.005791,-9.735791,-7.415791,-5.595791,-4.025791,-1.945791,-0.53579104,0.19420898,1.354209,1.184209,1.094209,1.3642089,1.534209,2.034209,2.504209,3.494209,4.394209,5.204209,6.174209,7.274209,7.324209,7.694209,4.704209,3.244209,1.164209,0.544209,1.7442089,2.614209,-1.825791
11.234209,13.374209,13.114209,10.944209,8.104209,7.104209,4.154209,3.374209,3.804209,3.914209,3.804209,3.624209,3.6842089,4.604209,5.374209,6.224209,7.134209,7.724209,3.964209,-0.14579101,-4.335791,-3.845791,-4.955791,-4.535791,-5.975791,-4.435791,-0.325791,-4.135791,-8.495791,-9.095791,-8.775791,-7.915791,-7.325791,-5.785791,-4.235791,-3.285791,-1.945791,-0.27579102,0.70420897,1.944209,2.794209,2.884209,2.984209,3.234209,3.4342089,4.174209,5.244209,5.604209,5.844209,6.124209,5.684209,6.644209,6.654209,5.474209,3.464209,-2.405791,-0.815791,0.24420899,1.154209
9.234209,9.944209,9.904209,9.314209,8.814209,8.514209,6.364209,4.974209,4.794209,4.444209,4.404209,4.0542088,3.984209,4.254209,5.034209,6.334209,7.414209,8.154209,7.324209,3.794209,-1.025791,-2.3157911,-2.495791,-1.025791,2.114209,5.0542088,3.464209,0.70420897,-2.695791,-6.815791,-5.375791,-4.915791,-4.785791,-4.095791,-3.475791,-2.835791,-1.915791,-0.885791,0.334209,1.694209,2.034209,2.744209,3.404209,3.544209,3.6742089,3.894209,4.254209,4.454209,4.564209,4.5542088,4.8042088,5.064209,4.894209,4.664209,3.614209,-3.715791,0.25420898,-0.65579104,-1.975791
8.454209,8.214209,8.054209,7.984209,8.404209,9.554209,7.494209,5.994209,5.3042088,4.314209,4.294209,4.024209,4.094209,4.194209,4.634209,5.584209,7.014209,7.974209,8.494209,6.694209,2.194209,-0.24579102,-0.66579103,0.574209,3.304209,4.654209,4.174209,2.1842089,-0.27579102,-3.425791,-2.995791,-2.875791,-1.645791,-2.775791,-3.125791,-2.765791,-2.195791,-1.575791,0.614209,1.514209,2.204209,2.224209,2.524209,2.894209,3.334209,3.4242089,3.354209,3.404209,3.364209,3.514209,3.864209,4.244209,4.034209,4.234209,4.834209,4.094209,-6.035791,-4.855791,-0.625791
7.494209,7.544209,7.564209,8.124209,8.204209,8.524209,7.644209,6.564209,5.264209,4.564209,4.134209,3.844209,3.704209,3.854209,4.374209,5.394209,6.854209,7.654209,8.444209,7.704209,3.894209,1.404209,0.31420898,1.304209,3.364209,4.374209,4.164209,2.984209,0.404209,-0.775791,-1.475791,-1.715791,-0.985791,-0.20579101,-0.695791,-1.965791,-1.525791,-1.965791,-1.785791,-0.375791,0.944209,1.734209,2.104209,2.364209,2.1842089,2.574209,2.634209,2.534209,2.704209,3.054209,3.534209,4.214209,5.204209,5.344209,6.004209,6.714209,7.204209,3.4242089,-2.705791
7.924209,7.744209,7.324209,7.934209,8.534209,7.674209,6.404209,5.024209,4.474209,3.964209,3.314209,3.034209,2.864209,3.104209,3.814209,4.494209,5.834209,7.184209,7.854209,7.584209,5.524209,1.674209,1.914209,4.264209,5.224209,4.564209,4.144209,2.834209,-0.385791,0.31420898,-0.745791,-0.935791,-0.475791,-0.115791015,1.094209,1.564209,-0.66579103,-0.27579102,-0.30579102,-1.215791,0.12420899,1.014209,1.704209,2.094209,2.134209,2.414209,2.954209,3.804209,3.964209,4.464209,5.184209,5.3042088,5.504209,6.024209,6.214209,6.934209,6.004209,5.334209,3.964209
7.834209,8.214209,8.954209,8.164209,7.034209,5.484209,5.864209,4.934209,3.844209,3.804209,3.814209,3.644209,2.614209,2.824209,4.354209,5.374209,6.314209,6.814209,6.814209,7.184209,6.134209,2.464209,3.164209,5.064209,5.704209,5.084209,3.524209,1.514209,-0.24579102,0.21420899,-0.585791,-0.23579101,-0.22579102,-0.20579101,0.744209,1.9942089,3.074209,2.824209,0.11420898,1.534209,2.304209,2.544209,2.614209,2.964209,3.354209,3.874209,4.094209,4.664209,5.634209,6.154209,6.314209,6.514209,6.514209,6.404209,7.264209,6.8042088,6.154209,4.044209,4.954209
8.454209,9.184209,8.414209,7.364209,5.494209,5.274209,4.364209,3.324209,1.984209,2.514209,3.654209,2.9242089,1.434209,1.544209,3.534209,4.434209,4.924209,5.264209,5.764209,6.654209,5.894209,2.724209,3.144209,4.814209,5.324209,4.904209,3.804209,0.424209,-0.055791017,-0.60579103,-0.585791,-0.255791,-0.575791,0.024208985,0.734209,1.174209,2.414209,3.854209,4.834209,3.224209,1.704209,2.9342089,4.334209,4.904209,5.154209,5.694209,5.864209,6.074209,6.224209,6.524209,7.224209,7.524209,7.744209,7.364209,6.644209,7.024209,5.504209,4.3042088,4.104209
9.124209,8.584209,7.454209,6.014209,5.8042088,5.534209,3.244209,1.154209,0.65420896,1.734209,1.904209,0.674209,-0.06579102,1.484209,2.164209,2.774209,3.904209,4.794209,5.784209,6.024209,5.484209,3.134209,3.014209,4.214209,4.934209,4.474209,4.904209,-0.015791016,0.17420898,-0.825791,-0.65579104,-0.60579103,-0.805791,-0.085791014,0.21420899,0.634209,1.294209,2.4242089,3.964209,5.114209,5.614209,5.344209,4.3042088,4.434209,4.644209,5.264209,6.204209,6.434209,6.854209,7.074209,7.524209,7.724209,7.864209,7.674209,7.364209,6.894209,4.234209,3.854209,1.564209
8.014209,7.004209,5.904209,5.814209,5.004209,3.394209,2.514209,1.384209,-0.775791,-0.825791,-1.245791,-0.885791,-0.22579102,0.784209,0.724209,1.3742089,2.834209,4.044209,5.624209,5.524209,4.204209,3.464209,3.114209,3.664209,4.144209,4.0542088,4.464209,0.21420899,0.024208985,-0.755791,-0.575791,-0.895791,-0.97579104,-0.925791,-0.755791,-0.445791,0.32420897,1.344209,2.474209,3.474209,4.524209,5.364209,6.064209,6.104209,5.674209,5.904209,6.034209,6.154209,6.294209,6.794209,7.154209,7.5542088,7.484209,7.3042088,7.564209,6.074209,3.994209,3.504209,-0.10579102
6.174209,5.404209,5.154209,4.254209,4.0542088,2.534209,-1.145791,-4.415791,-5.705791,-6.245791,-4.895791,-3.305791,-2.735791,-0.525791,0.884209,1.544209,2.914209,3.714209,5.264209,4.324209,3.564209,3.274209,3.444209,3.194209,3.1742089,3.394209,1.824209,0.47420898,-0.23579101,-0.765791,-0.79579103,-1.085791,-1.1357911,-1.595791,-1.805791,-1.945791,-2.515791,-1.645791,0.864209,2.314209,3.094209,3.744209,4.374209,4.954209,5.824209,6.244209,6.434209,6.774209,6.744209,6.934209,7.134209,7.284209,6.874209,6.144209,6.254209,5.134209,4.0542088,2.054209,1.924209
4.654209,4.734209,4.634209,4.584209,2.884209,-0.715791,-4.045791,-8.035791,-10.285791,-7.545791,-7.655791,-5.245791,-2.485791,-0.48579103,1.214209,1.7442089,1.564209,2.694209,4.914209,3.204209,3.314209,2.804209,2.9342089,2.494209,2.854209,3.064209,0.674209,0.504209,-0.65579104,-0.43579102,-1.185791,-1.545791,-0.965791,-0.475791,0.564209,0.944209,-0.085791014,1.004209,-0.255791,-0.775791,1.674209,2.444209,2.794209,3.154209,3.784209,4.454209,5.164209,5.774209,6.164209,6.424209,6.414209,5.894209,5.214209,3.714209,3.834209,4.234209,3.624209,2.594209,3.414209
4.464209,4.404209,4.024209,3.474209,2.254209,-0.925791,-1.395791,8.754209,3.984209,0.424209,-3.745791,-3.045791,-1.815791,-0.515791,-0.885791,0.334209,1.634209,3.574209,3.394209,3.154209,3.144209,2.624209,2.504209,2.294209,3.034209,1.924209,0.634209,-0.325791,-0.405791,-0.79579103,-1.955791,-1.785791,-1.105791,-1.035791,-0.26579103,-0.06579102,-0.995791,-2.145791,-1.165791,-0.875791,-0.13579102,0.664209,1.274209,1.394209,1.514209,1.984209,2.764209,3.544209,4.254209,4.614209,4.614209,3.864209,1.954209,1.714209,2.624209,2.984209,2.864209,3.034209,2.4242089
3.724209,4.194209,3.274209,4.244209,2.114209,1.584209,11.144209,9.844209,5.544209,3.1842089,0.944209,-0.49579102,-0.14579101,-0.615791,-0.29579103,2.084209,1.824209,2.284209,2.954209,3.254209,2.744209,1.734209,1.984209,2.044209,3.074209,0.95420897,0.21420899,-0.72579104,-1.055791,-1.575791,-2.195791,-2.085791,-2.0657911,-1.585791,-1.155791,-2.165791,-3.085791,-3.835791,-4.595791,-3.895791,-3.0657911,-2.335791,-1.365791,-0.745791,-0.42579103,-0.115791015,0.304209,1.034209,1.644209,2.004209,1.524209,1.234209,0.95420897,0.994209,1.724209,2.244209,3.014209,3.154209,3.714209
