raw-data-f/2018100906.json
{"header": { "discipline":0, "disciplineName":"Meteorological products", "gribEdition":2, "gribLength":74709, "center":7, "centerName":"US National Weather Service - NCEP(WMC)", "subcenter":0, "refTime":"2018-10-09T06:00:00.000Z", "significanceOfRT":1, "significanceOfRTName":"Start of forecast", "productStatus":0, "productStatusName":"Operational products", "productType":1, "productTypeName":"Forecast products", "productDefinitionTemplate":0, "productDefinitionTemplateName":"Analysis/forecast at horizontal level/layer at a point in time", "parameterCategory":2, "parameterCategoryName":"Momentum", "parameterNumber":2, "parameterNumberName":"U-component_of_wind", "parameterUnit":"m.s-1", "genProcessType":2, "genProcessTypeName":"Forecast", "forecastTime":0, "surface1Type":103, "surface1TypeName":"Specified height level above ground", "surface1Value":10.0, "surface2Type":255, "surface2TypeName":"Missing", "surface2Value":0.0, "gridDefinitionTemplate":0, "gridDefinitionTemplateName":"Latitude_Longitude", "numberPoints":65160, "shape":6, "shapeName":"Earth spherical with radius of 6,371,229.0 m", "gridUnits":"degrees", "resolution":48, "winds":"true", "scanMode":0, "nx":360, "ny":181, "basicAngle":0, "lo1":0.0, "la1":90.0, "lo2":359.0, "la2":-90.0, "dx":1.0, "dy":1.0 }, "data":
[rows 78 to 103 of 181, columns 180 to 239 of 360]
4.599104,2.069104,3.239104,1.589104,3.889104,2.559104,0.939104,-0.130896,-1.860896,-2.320896,-2.520896,-2.370896,-4.340896,-3.690896,-4.040896,-4.450896,-3.540896,-4.450896,-5.090896,-4.560896,-4.330896,-4.800896,-4.510896,-4.640896,-4.340896,-4.410896,-4.400896,-4.780896,-5.790896,-5.980896,-6.120896,-6.100896,-5.520896,-4.940896,-4.870896,-4.550896,-4.530896,-4.410896,-3.890896,-3.980896,-4.410896,-4.270896,-3.880896,-2.680896,-0.82089597,0.969104,2.689104,4.449104,6.649104,8.889104,10.349104,10.719104,9.379104,7.779104,6.219104,4.749104,2.749104,2.929104,2.279104,3.339104
2.869104,2.259104,2.219104,1.659104,1.579104,1.339104,-0.210896,-1.550896,-2.620896,-2.850896,-2.900896,-2.790896,-4.290896,-3.380896,-4.740896,-4.910896,-5.040896,-4.620896,-4.620896,-4.310896,-4.060896,-4.010896,-4.430896,-4.910896,-4.850896,-4.810896,-5.500896,-5.480896,-5.850896,-5.790896,-6.230896,-6.410896,-6.000896,-5.430896,-4.610896,-4.450896,-4.360896,-4.270896,-3.570896,-3.480896,-3.990896,-2.710896,-1.400896,1.099104,2.059104,2.739104,4.379104,5.739104,6.769104,8.009104,8.729104,8.699104,8.119104,6.869104,5.819104,6.029104,1.089104,1.9591041,2.419104,3.259104
1.779104,2.179104,1.119104,1.519104,0.089104004,-0.230896,-1.520896,-2.300896,-3.170896,-3.000896,-3.760896,-4.020896,-4.640896,-3.850896,-4.100896,-4.940896,-4.690896,-4.610896,-4.150896,-4.040896,-3.620896,-4.200896,-5.080896,-4.790896,-4.780896,-5.050896,-5.060896,-5.730896,-5.680896,-5.440896,-6.120896,-6.860896,-6.640896,-5.490896,-4.660896,-4.060896,-4.310896,-3.910896,-3.410896,-2.870896,-0.850896,0.589104,1.379104,2.009104,3.019104,4.019104,4.889104,5.369104,5.589104,7.009104,7.749104,7.479104,7.079104,6.909104,5.599104,2.629104,1.389104,1.949104,1.829104,3.299104
1.649104,0.67910403,0.159104,-0.110896,-0.910896,-1.400896,-2.520896,-3.070896,-3.100896,-3.980896,-3.450896,-3.980896,-4.270896,-4.270896,-3.950896,-4.210896,-3.940896,-3.230896,-4.580896,-4.780896,-4.370896,-4.170896,-4.480896,-4.370896,-4.200896,-3.950896,-4.050896,-4.450896,-4.440896,-4.340896,-3.970896,-2.360896,0.399104,0.489104,-0.660896,-2.640896,-2.990896,-3.130896,-2.490896,-1.030896,0.519104,1.029104,1.899104,2.849104,3.959104,4.439104,5.329104,6.399104,6.009104,6.479104,6.499104,6.159104,5.399104,4.289104,3.399104,1.769104,1.829104,1.4591041,1.889104,2.869104
0.809104,-1.360896,-0.690896,-1.250896,-1.730896,-2.100896,-2.390896,-4.160896,-3.800896,-3.950896,-3.380896,-3.430896,-3.680896,-3.900896,-3.760896,-3.470896,-3.020896,-4.870896,-4.720896,-3.500896,-2.620896,-1.400896,0.219104,-0.840896,-0.830896,0.419104,1.679104,1.469104,0.859104,0.659104,3.259104,3.879104,4.059104,2.339104,0.709104,1.029104,0.499104,-0.790896,-1.810896,-1.410896,-0.480896,0.73910403,2.989104,4.189104,4.869104,4.039104,4.519104,4.679104,4.769104,5.019104,5.139104,4.449104,3.589104,2.769104,1.619104,1.169104,1.359104,1.249104,1.499104,1.969104
-0.980896,-1.550896,-1.770896,-2.050896,-2.630896,-1.970896,-2.240896,-3.660896,-4.010896,-3.330896,-2.450896,-4.340896,-3.960896,-3.350896,-2.720896,-1.800896,-3.450896,-3.650896,-1.240896,-8.959961E-4,-0.590896,0.299104,1.489104,0.459104,0.629104,1.259104,1.479104,2.029104,1.749104,2.039104,2.319104,2.549104,3.009104,2.969104,1.789104,2.269104,2.669104,1.339104,0.969104,1.759104,2.409104,2.709104,2.649104,2.759104,2.579104,2.599104,2.939104,3.019104,3.269104,3.469104,3.479104,3.089104,2.419104,1.539104,0.809104,0.119104005,0.659104,0.839104,0.769104,0.269104
-1.690896,-2.100896,-2.270896,-2.560896,-2.310896,-2.430896,-2.570896,-3.230896,-3.390896,-2.990896,-3.020896,-3.170896,-3.170896,-2.310896,-2.090896,-1.810896,0.07910401,0.409104,-0.230896,-0.450896,-0.810896,0.19910401,1.109104,0.869104,0.699104,0.579104,0.429104,0.789104,1.019104,0.849104,0.98910403,1.309104,1.439104,1.9591041,2.809104,2.089104,1.769104,0.559104,0.749104,0.979104,0.389104,0.669104,0.789104,0.689104,1.229104,1.489104,1.699104,1.679104,1.739104,1.9591041,1.859104,1.429104,0.879104,0.339104,-0.210896,-0.630896,-0.290896,-0.37089598,-0.40089598,-0.710896
-2.170896,-2.230896,-2.740896,-2.920896,-3.010896,-2.370896,-2.880896,-3.010896,-3.090896,-2.200896,-1.480896,-1.970896,-1.580896,-0.870896,0.259104,1.589104,1.469104,0.429104,-1.640896,-1.910896,-1.390896,-0.700896,-0.170896,0.049104005,0.189104,-0.730896,-0.860896,-0.690896,-0.620896,-0.180896,-0.130896,0.13910401,0.339104,0.869104,1.049104,0.949104,0.529104,-0.060895994,-0.10089599,0.009104004,-0.470896,-0.470896,-0.350896,-0.440896,-0.260896,0.069104,0.089104004,0.119104005,0.219104,0.19910401,0.159104,-0.180896,-0.470896,-0.920896,-1.250896,-1.440896,-1.440896,-2.060896,-1.780896,-0.950896
-2.240896,-2.280896,-2.640896,-3.060896,-2.790896,-2.540896,-2.620896,-2.330896,-2.500896,-1.840896,-0.890896,-0.750896,-0.130896,-0.670896,-0.22089599,0.039104003,-0.210896,-1.030896,-1.830896,-1.950896,-2.420896,-1.380896,-1.030896,-0.940896,-0.710896,-1.980896,-2.150896,-2.130896,-2.170896,-1.010896,-0.620896,-0.82089597,-0.520896,-0.450896,-0.110896,0.069104,-0.560896,-0.830896,-1.150896,-1.120896,-1.260896,-1.5408959,-1.520896,-1.580896,-1.550896,-1.380896,-1.570896,-1.570896,-1.520896,-1.520896,-1.480896,-1.690896,-1.990896,-2.140896,-2.180896,-2.390896,-2.780896,-3.270896,-2.860896,-2.200896
-2.120896,-2.170896,-2.110896,-2.440896,-2.450896,-2.250896,-1.840896,-1.320896,-1.150896,-0.750896,-0.340896,-0.340896,-1.080896,-1.330896,-1.100896,-1.060896,-1.550896,-2.110896,-2.610896,-2.880896,-2.460896,-2.180896,-2.060896,-1.590896,-1.550896,-2.450896,-3.040896,-2.590896,-2.430896,-2.190896,-1.820896,-1.910896,-1.700896,-1.650896,-1.420896,-1.170896,-1.450896,-1.560896,-2.030896,-2.220896,-2.410896,-2.590896,-2.660896,-2.650896,-2.710896,-2.830896,-3.020896,-2.950896,-3.080896,-2.940896,-3.020896,-3.180896,-3.190896,-2.900896,-2.940896,-3.450896,-3.650896,-3.510896,-3.610896,-3.100896
-1.980896,-1.940896,-1.750896,-1.850896,-2.040896,-1.700896,-1.740896,-1.260896,-1.070896,-1.110896,-1.020896,-0.830896,-1.950896,-1.810896,-1.670896,-2.030896,-2.480896,-2.630896,-3.460896,-3.790896,-2.880896,-2.580896,-2.690896,-2.050896,-2.110896,-2.650896,-3.210896,-3.180896,-2.830896,-2.760896,-2.790896,-2.850896,-2.790896,-2.650896,-2.410896,-2.340896,-2.290896,-2.660896,-3.050896,-3.200896,-3.380896,-3.690896,-3.920896,-3.720896,-3.770896,-3.890896,-4.050896,-4.130896,-4.250896,-4.260896,-4.430896,-4.410896,-3.870896,-4.000896,-4.100896,-4.070896,-4.080896,-3.860896,-3.520896,-3.780896
-2.130896,-1.840896,-1.650896,-1.670896,-1.720896,-1.710896,-1.650896,-1.500896,-1.770896,-1.370896,-0.990896,-2.820896,-2.170896,-2.390896,-2.430896,-3.070896,-3.010896,-2.740896,-3.590896,-4.340896,-3.330896,-2.800896,-2.650896,-2.710896,-2.680896,-3.000896,-3.690896,-3.710896,-3.640896,-3.610896,-3.700896,-3.720896,-3.540896,-3.430896,-3.220896,-3.130896,-3.220896,-3.780896,-3.980896,-3.980896,-4.150896,-4.520896,-4.870896,-4.710896,-4.700896,-4.710896,-4.790896,-4.990896,-5.170896,-5.420896,-5.250896,-5.140896,-4.890896,-4.740896,-4.630896,-4.390896,-4.420896,-4.260896,-4.010896,-4.010896
-2.640896,-2.540896,-2.440896,-2.150896,-1.910896,-2.190896,-2.210896,-1.900896,-2.010896,-1.870896,-2.090896,-2.280896,-2.620896,-3.020896,-3.190896,-3.430896,-3.250896,-3.020896,-4.220896,-3.980896,-3.550896,-3.480896,-3.300896,-3.230896,-3.210896,-3.530896,-4.010896,-4.210896,-4.260896,-4.420896,-4.430896,-4.370896,-4.250896,-4.040896,-4.060896,-3.860896,-3.920896,-4.290896,-4.420896,-4.400896,-4.860896,-5.110896,-5.520896,-5.600896,-5.410896,-5.000896,-5.270896,-5.650896,-5.880896,-6.010896,-5.860896,-5.710896,-5.850896,-5.630896,-5.380896,-4.970896,-5.060896,-4.910896,-4.820896,-5.080896
-3.000896,-3.130896,-3.020896,-2.630896,-2.300896,-2.240896,-2.230896,-2.340896,-2.150896,-2.080896,-2.040896,-2.530896,-2.760896,-3.140896,-3.480896,-3.580896,-3.290896,-3.410896,-4.410896,-4.410896,-4.250896,-4.050896,-3.830896,-3.810896,-3.810896,-4.020896,-4.370896,-4.610896,-4.790896,-4.980896,-4.950896,-4.770896,-4.540896,-4.640896,-4.640896,-4.330896,-4.220896,-4.350896,-5.020896,-5.000896,-5.330896,-5.760896,-5.950896,-6.130896,-5.940896,-5.860896,-5.790896,-5.830896,-5.900896,-6.180896,-5.880896,-5.550896,-5.600896,-5.850896,-5.790896,-5.770896,-5.780896,-5.760896,-5.580896,-5.530896
-3.100896,-3.010896,-2.910896,-2.880896,-2.730896,-2.380896,-2.280896,-2.060896,-1.970896,-2.020896,-2.030896,-2.420896,-2.780896,-3.120896,-3.410896,-3.570896,-3.480896,-3.400896,-3.910896,-4.660896,-4.670896,-4.470896,-4.280896,-4.330896,-4.390896,-4.490896,-4.790896,-5.020896,-5.280896,-5.160896,-5.050896,-4.960896,-4.850896,-4.910896,-4.800896,-4.350896,-4.300896,-4.850896,-6.420896,-6.110896,-6.000896,-6.220896,-6.480896,-6.720896,-6.650896,-6.550896,-6.380896,-6.330896,-6.050896,-6.370896,-6.210896,-6.580896,-6.890896,-6.760896,-6.530896,-6.130896,-6.350896,-6.490896,-6.460896,-6.460896
-2.500896,-2.660896,-2.480896,-2.350896,-2.440896,-2.470896,-2.260896,-2.060896,-2.060896,-2.040896,-2.050896,-2.330896,-2.750896,-3.090896,-3.310896,-3.310896,-3.170896,-4.290896,-4.240896,-4.790896,-4.910896,-4.900896,-4.810896,-4.780896,-4.740896,-4.950896,-5.210896,-5.560896,-5.430896,-5.290896,-5.150896,-5.130896,-5.060896,-5.210896,-4.810896,-4.140896,-4.570896,-6.040896,-6.630896,-6.850896,-6.480896,-6.510896,-6.790896,-7.260896,-7.340896,-7.370896,-7.120896,-6.710896,-6.520896,-6.540896,-6.680896,-6.700896,-7.430896,-7.590896,-7.600896,-7.250896,-7.250896,-7.130896,-6.940896,-6.950896
-0.900896,-2.520896,-2.430896,-1.880896,-1.610896,-1.590896,-1.470896,-1.690896,-1.850896,-1.580896,-1.720896,-2.160896,-2.570896,-3.070896,-3.290896,-3.150896,-2.190896,-5.620896,-4.560896,-4.900896,-5.190896,-5.200896,-5.250896,-5.060896,-5.150896,-5.140896,-5.700896,-5.820896,-5.570896,-5.460896,-5.300896,-5.260896,-5.340896,-5.340896,-4.890896,-4.390896,-4.920896,-6.380896,-6.720896,-7.140896,-6.980896,-6.750896,-6.830896,-7.330896,-7.900896,-7.750896,-7.810896,-7.080896,-7.040896,-7.020896,-7.020896,-7.090896,-7.600896,-7.480896,-7.610896,-7.920896,-7.870896,-7.790896,-7.790896,-7.780896
-1.150896,-1.900896,-1.620896,-1.190896,-0.810896,-0.260896,-1.110896,-0.840896,-1.010896,-0.680896,-1.500896,-1.680896,-2.280896,-2.900896,-2.970896,-2.880896,-2.500896,-5.700896,-4.680896,-5.030896,-5.410896,-5.580896,-5.390896,-5.390896,-5.510896,-5.700896,-5.830896,-5.580896,-5.840896,-5.730896,-5.670896,-5.710896,-5.720896,-5.430896,-5.080896,-4.250896,-5.140896,-6.770896,-6.760896,-7.280896,-7.230896,-6.900896,-6.960896,-7.540896,-8.130896,-8.110896,-7.970896,-7.720896,-7.880896,-7.550896,-7.170896,-7.100896,-7.540896,-7.100896,-7.540896,-8.220896,-8.240896,-8.520896,-8.540896,-8.160896
-2.190896,-1.250896,-1.000896,-0.850896,-0.350896,0.269104,0.269104,0.039104003,-0.10089599,0.039104003,-1.110896,-1.580896,-2.210896,-2.110896,-2.900896,-2.630896,-4.380896,-5.500896,-4.730896,-5.210896,-5.640896,-5.590896,-5.340896,-5.290896,-5.240896,-5.630896,-5.310896,-4.900896,-6.050896,-6.100896,-5.910896,-6.000896,-6.010896,-5.510896,-4.850896,-4.420896,-5.570896,-7.100896,-7.020896,-7.520896,-7.400896,-7.280896,-7.670896,-7.930896,-8.580896,-8.440896,-8.490896,-8.110896,-8.400896,-7.530896,-7.300896,-7.150896,-8.270896,-7.070896,-7.550896,-8.320896,-8.590896,-8.790896,-8.750896,-8.730896
-2.850896,-2.600896,-2.210896,-1.900896,-1.740896,-1.160896,-0.260896,0.269104,0.73910403,0.259104,0.239104,-1.740896,-1.850896,-2.010896,-2.840896,-2.960896,-4.440896,-4.630896,-4.610896,-5.310896,-5.710896,-5.550896,-5.200896,-5.110896,-5.040896,-5.270896,-5.040896,-4.870896,-6.130896,-6.440896,-6.080896,-6.170896,-6.060896,-5.680896,-4.380896,-3.290896,-4.890896,-6.610896,-7.350896,-7.610896,-7.350896,-7.430896,-7.680896,-8.240896,-8.830896,-8.730896,-8.630896,-8.210896,-8.340896,-7.610896,-7.580896,-7.310896,-7.990896,-7.480896,-8.000896,-8.600896,-8.850896,-8.850896,-8.660896,-8.510896
-3.550896,-3.750896,-4.080896,-3.280896,-2.540896,-1.700896,-1.020896,0.539104,1.599104,1.239104,0.729104,-1.870896,-1.690896,-2.930896,-2.500896,-3.300896,-3.990896,-3.990896,-4.290896,-5.520896,-5.310896,-5.240896,-5.420896,-5.150896,-5.020896,-4.750896,-4.810896,-4.720896,-5.890896,-6.650896,-6.390896,-6.260896,-5.850896,-4.540896,-3.490896,-4.910896,-6.850896,-7.320896,-7.580896,-7.440896,-7.390896,-6.900896,-6.880896,-8.100896,-8.990896,-9.030896,-8.810896,-8.600896,-8.530896,-7.550896,-7.380896,-7.960896,-7.890896,-8.010896,-8.400896,-8.740896,-8.820896,-8.910896,-8.960896,-8.490896
-4.590896,-4.090896,-4.620896,-4.070896,-3.810896,-2.680896,-1.470896,-1.190896,1.289104,0.469104,0.039104003,-0.40089598,-2.060896,-2.600896,-2.960896,-2.670896,-3.310896,-3.440896,-4.350896,-5.450896,-5.230896,-5.080896,-5.180896,-5.130896,-4.900896,-4.720896,-4.840896,-4.800896,-6.570896,-6.800896,-6.480896,-6.260896,-5.400896,-4.250896,-5.210896,-7.170896,-8.220896,-7.880896,-7.630896,-7.440896,-7.580896,-7.130896,-7.510896,-8.890896,-9.140896,-8.860896,-8.640896,-8.620896,-8.210896,-7.510896,-7.810896,-8.000896,-7.800896,-8.350896,-8.810896,-8.800896,-8.860896,-9.050896,-8.950896,-8.900896
-5.780896,-4.800896,-4.210896,-3.810896,-3.710896,-2.670896,-2.860896,-2.070896,-0.14089599,-0.57089597,-1.230896,-1.450896,-2.720896,-2.830896,-2.160896,-2.710896,-2.880896,-4.020896,-4.510896,-5.300896,-4.940896,-4.560896,-4.670896,-5.050896,-5.080896,-4.820896,-4.840896,-4.860896,-5.790896,-6.830896,-6.110896,-6.000896,-5.590896,-4.870896,-6.180896,-7.410896,-7.750896,-7.840896,-7.450896,-7.240896,-7.280896,-7.270896,-7.670896,-8.850896,-9.000896,-8.910896,-8.460896,-8.470896,-7.970896,-7.600896,-7.660896,-7.930896,-7.800896,-8.470896,-8.810896,-9.010896,-8.970896,-9.080896,-8.850896,-9.010896
-5.180896,-4.890896,-4.900896,-4.430896,-3.540896,-2.960896,-3.640896,-3.320896,-3.250896,-2.350896,-3.740896,-3.270896,-4.070896,-2.510896,-1.700896,-2.250896,-2.840896,-4.820896,-5.210896,-4.790896,-4.120896,-3.330896,-3.330896,-4.440896,-6.000896,-4.750896,-4.380896,-4.690896,-4.970896,-6.240896,-5.770896,-5.800896,-5.460896,-5.130896,-6.170896,-7.080896,-7.150896,-7.600896,-7.280896,-6.960896,-6.880896,-6.940896,-7.320896,-8.610896,-8.960896,-8.710896,-8.200896,-8.080896,-7.860896,-7.380896,-7.530896,-7.990896,-7.950896,-8.460896,-8.760896,-8.910896,-8.870896,-8.770896,-8.760896,-9.230896
-5.430896,-5.200896,-4.800896,-4.900896,-4.700896,-3.460896,-4.100896,-4.300896,-3.950896,-3.520896,-3.060896,-2.960896,-4.380896,-3.120896,-1.2908959,-2.050896,-3.040896,-5.140896,-4.820896,-4.220896,-3.660896,-3.530896,-4.020896,-5.280896,-4.750896,-5.080896,-3.900896,-3.970896,-4.360896,-4.700896,-5.270896,-5.260896,-4.960896,-5.010896,-5.380896,-6.650896,-6.760896,-6.620896,-6.710896,-6.520896,-6.690896,-6.790896,-7.010896,-8.000896,-8.920896,-8.690896,-8.220896,-7.720896,-7.710896,-7.500896,-7.460896,-8.110896,-7.980896,-8.380896,-8.630896,-8.730896,-8.900896,-8.900896,-8.960896,-9.010896
-5.670896,-5.610896,-5.160896,-4.520896,-4.920896,-4.500896,-3.730896,-4.620896,-4.700896,-3.860896,-3.490896,-3.250896,-4.330896,-3.590896,-1.2908959,-2.370896,-2.570896,-4.510896,-4.580896,-4.030896,-3.550896,-2.910896,-2.920896,-3.690896,-4.250896,-3.850896,-3.450896,-3.180896,-3.350896,-3.900896,-4.400896,-4.370896,-4.050896,-4.380896,-4.820896,-5.640896,-6.670896,-6.200896,-6.240896,-6.230896,-6.350896,-6.730896,-6.930896,-7.880896,-8.910896,-8.690896,-8.140896,-7.680896,-7.490896,-7.480896,-7.410896,-8.090896,-7.880896,-8.410896,-8.650896,-8.650896,-8.780896,-8.820896,-8.880896,-9.240896
