raw-data-f/2018100800.json
{"header": { "discipline":0, "disciplineName":"Meteorological products", "gribEdition":2, "gribLength":74832, "center":7, "centerName":"US National Weather Service - NCEP(WMC)", "subcenter":0, "refTime":"2018-10-08T00:00:00.000Z", "significanceOfRT":1, "significanceOfRTName":"Start of forecast", "productStatus":0, "productStatusName":"Operational products", "productType":1, "productTypeName":"Forecast products", "productDefinitionTemplate":0, "productDefinitionTemplateName":"Analysis/forecast at horizontal level/layer at a point in time", "parameterCategory":2, "parameterCategoryName":"Momentum", "parameterNumber":3, "parameterNumberName":"V-component_of_wind", "parameterUnit":"m.s-1", "genProcessType":2, "genProcessTypeName":"Forecast", "forecastTime":0, "surface1Type":103, "surface1TypeName":"Specified height level above ground", "surface1Value":10.0, "surface2Type":255, "surface2TypeName":"Missing", "surface2Value":0.0, "gridDefinitionTemplate":0, "gridDefinitionTemplateName":"Latitude_Longitude", "numberPoints":65160, "shape":6, "shapeName":"Earth spherical with radius of 6,371,229.0 m", "gridUnits":"degrees", "resolution":48, "winds":"true", "scanMode":0, "nx":360, "ny":181, "basicAngle":0, "lo1":0.0, "la1":90.0, "lo2":359.0, "la2":-90.0, "dx":1.0, "dy":1.0 }, "data":
[rows 26 to 51 of 181, columns 0 to 58 of 360]
-0.2409082,-2.9009082,-6.050908,-9.0820313E-4,15.899092,21.509092,19.249092,11.729092,6.9790916,5.569092,6.599092,6.1890917,4.219092,6.1290917,4.619092,3.7690918,3.3290918,3.6390917,3.0990918,2.3390918,1.3990918,2.5590918,3.6490917,4.199092,2.3990917,1.7690918,1.3290918,0.8590918,0.5390918,0.1490918,-0.0709082,-0.0809082,0.1290918,0.0690918,0.13909179,0.3190918,0.5190918,-2.270908,-2.5109081,-1.1709082,-1.0109082,-0.8409082,-0.8809082,-0.9609082,-0.9109082,-0.9609082,-0.7109082,-0.7609082,-0.6809082,-0.5109082,-0.3909082,-0.1809082,0.1890918,0.5590918,0.84909177,1.1190917,1.1590918,1.6490918,1.3590918
-0.6409082,-2.7409081,-2.4709082,4.2690916,15.459092,25.009092,13.489092,3.6690917,2.9890919,3.1590917,6.7290916,14.249092,10.369092,8.8890915,6.029092,4.429092,3.5790918,3.2690918,2.8990917,7.349092,6.3090916,4.7090917,2.469092,2.0690918,1.8090918,0.9390918,0.3090918,-0.0709082,-0.9509082,-0.4309082,-0.3309082,0.119091794,0.039091796,-0.020908203,-0.5609082,-0.7009082,-0.9709082,-1.3809083,-2.0809083,-1.4609082,-1.4809082,-1.2909082,-1.5009083,-1.5909082,-1.5909082,-1.6409082,-1.4609082,-1.4109082,-0.9209082,-0.2009082,0.19909179,0.4690918,0.6490918,0.9590918,1.1590918,1.2890918,1.0390918,1.3890918,1.6490918
-0.8209082,-2.0709083,-0.8609082,5.4990916,14.849092,20.229092,3.5490918,7.6690917,4.259092,3.8790917,8.159092,8.109092,10.119092,7.2890916,5.009092,3.5790918,2.7490919,2.6190917,8.569092,8.099092,6.4790916,4.3090916,2.229092,1.6890918,0.8690918,0.1790918,-0.3309082,-0.48090822,-0.3109082,-0.8109082,-0.3509082,-0.4909082,-0.6209082,-1.2709082,-0.6709082,-5.8309083,-2.520908,-2.2209082,-2.3309083,-2.4809082,-2.3409083,-1.9409082,-2.0609083,-1.8609082,-1.4709082,-1.2609082,-1.0509082,-0.7109082,-0.48090822,-0.050908204,0.2490918,0.6890918,1.0790918,1.3790917,1.4590918,1.7190918,1.8690917,2.0790918,2.2790918
-1.4609082,-1.6709082,0.9090918,6.339092,12.479092,16.159092,2.0390918,3.6390917,4.469092,3.7990918,4.1690917,4.5190916,4.339092,4.349092,3.219092,3.1890917,3.1690917,3.3290918,8.399092,8.039092,6.0190916,3.8490918,1.9990917,1.0390918,0.0690918,-0.4409082,-0.6209082,-0.4009082,-0.4209082,0.039091796,-0.7209082,-5.3709083,-5.450908,-1.8209082,-1.6809082,-1.6609082,-5.910908,-2.3909082,-2.9409082,-2.7209082,-2.2109082,-1.8909082,-1.6909082,-1.2409081,-1.1109082,-0.9609082,-1.0009083,-0.7809082,-0.3709082,0.119091794,0.5890918,1.1790918,1.5290918,1.5790918,1.8190918,1.6990918,1.8390918,1.9590918,1.9190918
-1.1509082,0.4190918,4.2290916,8.009091,11.049091,15.009091,7.579092,7.049092,9.259091,2.979092,3.1890917,4.1290917,3.0990918,2.8990917,3.3090918,3.0290918,2.7590919,2.7390919,2.6690917,5.7690916,4.219092,1.4690918,0.3090918,-0.8009082,-1.7809082,-3.2209082,-3.2509081,-3.6009083,-4.400908,-3.1809082,-3.4909081,-2.1109083,-1.7409081,-1.6809082,-2.290908,-2.9709082,-3.4909081,-3.520908,-4.070908,-3.6309083,-3.8209083,-3.4709082,-3.020908,-2.3509083,-1.7009082,-1.3509082,-1.0309082,-0.5609082,-0.1709082,0.3390918,0.9290918,1.4590918,1.7490917,1.7190918,1.5990918,1.8590918,1.7390918,1.7890918,1.9990917
0.6590918,5.679092,9.059092,10.459092,10.829092,12.379092,7.139092,5.969092,6.2290916,4.099092,10.439092,10.479092,2.5290918,5.0590916,5.1890917,2.5090919,2.7690918,2.459092,2.7890918,5.029092,3.5290918,0.3190918,-2.050908,-3.1609082,-0.6009082,-0.1609082,-0.4109082,-1.1309083,-0.8809082,-0.9909082,-1.3109082,-1.8709083,-1.3309082,-2.4109082,-3.4209082,-4.260908,-4.9609084,-5.3109083,-7.760908,-4.610908,-5.110908,-2.7409081,-0.3309082,1.0590918,2.479092,3.5190918,3.5090919,3.6090918,3.2590919,2.8590918,2.1790917,1.7590919,1.5990918,1.7890918,1.7690918,1.5690918,1.5590918,1.4390918,1.4390918
9.739092,10.539092,9.939092,9.979092,10.509091,11.829092,12.419092,10.229092,10.439092,12.659092,10.999092,8.269092,2.6390917,2.469092,3.0390918,2.6890917,2.3090918,5.089092,6.139092,4.9590917,1.8290918,-1.2809082,-2.0709083,-3.6009083,-4.170908,-0.4009082,-0.7109082,-0.6609082,-3.280908,-1.5009083,-2.020908,-3.4009082,-2.790908,-4.400908,-5.3709083,-5.5809083,-5.650908,-8.260908,-2.9909081,2.209092,3.1790917,3.3490918,2.949092,2.8590918,2.959092,2.449092,2.7790918,2.6590917,2.5990918,2.7990918,3.959092,4.699092,4.699092,3.709092,2.6890917,2.2890918,1.2290918,1.1390918,1.4390918
10.749092,9.729092,10.369092,11.289092,11.919092,12.349092,12.739092,12.719091,12.809092,7.2490916,4.6490917,7.2290916,5.3090916,2.2990918,2.7990918,2.219092,1.7390918,4.589092,4.7090917,2.2590919,-1.1109082,-1.5709082,-9.0820313E-4,-0.9209082,-2.9509082,-1.1609082,-1.7209082,-1.7109082,-2.550908,-2.6509082,-4.240908,-5.2709084,-5.9409084,-5.490908,-5.760908,-6.470908,-2.4409082,1.3790917,3.0690918,3.0290918,3.3890917,2.6190917,2.6690917,3.0090919,2.0890918,2.3990917,2.1790917,3.2490919,3.5890918,4.069092,3.7590919,2.9890919,3.2690918,2.9190917,3.8690917,4.319092,3.0690918,3.8090918,2.5790918
10.289092,10.559092,11.879092,11.979092,11.999092,12.079092,11.859092,11.259091,9.839092,4.7290916,4.6490917,6.469092,5.2890916,2.479092,1.9290918,3.229092,1.9690918,3.969092,1.5690918,-0.9909082,-3.3209083,-1.1709082,-1.4509082,-2.0909083,-2.5909083,-2.7209082,-3.3909082,-4.3109083,-4.8309083,-4.9609084,-4.930908,-5.5209084,-5.1009083,-3.800908,-0.9709082,1.9390918,3.1490917,3.0190918,2.4090917,1.8590918,1.8390918,1.4590918,1.9290918,2.209092,2.4290917,2.6490917,2.8490918,3.3190918,3.209092,3.2690918,4.2490916,4.369092,4.009092,3.7890918,3.8990917,4.069092,4.349092,3.2890918,2.6790917
9.989092,10.749092,9.919092,10.159092,10.159092,9.989092,9.629092,9.249092,8.469091,4.0190916,4.9990916,5.6290917,3.9890919,5.659092,4.4590917,2.0390918,1.6490918,0.3290918,-0.9709082,-4.130908,-3.5009081,-1.9209082,-1.9709082,-2.0009081,-3.300908,-5.0809083,-4.0809083,-5.450908,-5.3309083,-6.0409083,-4.130908,-2.0009081,0.2990918,1.4690918,2.0190918,2.1590917,2.6290917,1.9890918,2.1190917,1.9290918,1.3890918,1.5290918,1.9090918,2.449092,2.7890918,3.719092,3.7690918,2.699092,3.5490918,4.639092,4.389092,4.429092,4.119092,4.119092,4.159092,3.7990918,3.6490917,3.209092,3.3790917
8.189092,8.199092,8.409092,8.529092,8.329092,8.089092,8.3890915,8.219091,7.489092,3.6790917,2.3690917,4.029092,2.7490919,2.1590917,1.1490918,1.1490918,0.8090918,-0.4709082,-1.4609082,-2.050908,-1.3409082,-2.2309082,-2.2309082,-3.3909082,-3.9709082,-4.8109083,-4.3709083,-4.950908,-3.290908,-1.2209082,-0.3909082,0.9690918,2.5090919,2.9290917,2.8090918,3.1590917,2.979092,3.3190918,2.979092,2.7590919,2.8990917,2.7390919,2.9290917,3.709092,4.009092,4.3990917,3.449092,3.4390917,3.5190918,4.069092,3.9890919,3.5490918,3.6590917,3.7690918,3.7490919,3.7690918,4.3990917,3.0690918,2.209092
4.9990916,6.719092,6.589092,5.6290917,5.3090916,5.009092,2.4190917,2.6890917,2.449092,1.8990918,1.6090918,1.8490918,1.5690918,0.7090918,0.0890918,-0.6209082,-0.7709082,-1.1609082,-1.4309082,-1.6109082,-1.4009082,-1.8309082,-2.2209082,-2.6309083,-2.5109081,-2.4009082,-1.9109082,-2.2209082,-1.7609082,-0.6809082,0.8990918,1.8490918,3.3490918,3.4890919,3.7990918,4.0190916,4.4790916,3.8790917,3.8190918,3.3890917,2.8690917,4.179092,3.7490919,4.6890917,4.7290916,4.4590917,3.8090918,2.8590918,3.3990917,3.7390919,3.1790917,3.1490917,2.7590919,3.8690917,4.1890917,4.1690917,3.8590918,2.2890918,1.6890918
3.1590917,2.1890917,2.4890919,2.229092,1.8390918,1.1590918,0.2190918,0.5490918,0.2590918,1.4590918,1.7690918,2.1690917,1.1390918,0.6790918,-0.3809082,-0.9609082,-1.2709082,-1.2709082,-1.6409082,-1.6509082,-1.7109082,-1.7309082,-2.030908,-2.2309082,-1.8509082,-1.8709083,-2.1309083,-1.8809083,-0.2509082,0.7590918,1.3890918,2.1890917,2.969092,3.5490918,4.1290917,3.9890919,4.079092,3.969092,3.6590917,3.1390917,3.699092,4.099092,4.1890917,4.469092,4.339092,4.339092,2.7490919,3.959092,3.9390917,3.6290917,3.7690918,3.5890918,4.0590916,3.959092,3.9190917,3.469092,3.199092,2.7990918,2.1190917
-0.1609082,-0.8509082,0.7890918,0.039091796,-0.4309082,-0.3209082,-0.0709082,0.1790918,0.45909178,-0.8109082,-0.26090822,0.9890918,-0.1109082,0.2890918,-0.1709082,-0.8709082,-0.1609082,-1.2809082,-1.5209082,-1.7309082,-1.8709083,-2.1709082,-2.5709083,-2.4209082,-2.0609083,-2.2009082,-1.4509082,0.049091797,0.9190918,1.5290918,2.0390918,2.6590917,2.8890917,2.8490918,3.1290917,3.1290917,3.8890917,3.949092,3.479092,3.4390917,3.5390918,4.5190916,3.7490919,3.729092,3.459092,3.8790917,3.949092,4.339092,4.3090916,4.069092,3.9990919,4.099092,4.489092,4.779092,4.5190916,3.5490918,3.7390919,3.6090918,3.3590918
-2.3809083,-0.4009082,-1.4309082,-2.540908,-2.1909082,-0.8709082,-1.4509082,-1.0209082,-1.5809082,-0.5609082,-1.9409082,-0.8809082,-0.4109082,-0.3309082,-1.1909082,-1.2209082,-1.0509082,-2.020908,-4.050908,-2.6509082,-2.3609083,-2.6609082,-2.3309083,-1.5209082,-1.0009083,0.4190918,-0.26090822,1.4090918,1.9690918,2.2890918,2.5390918,2.3590918,2.3390918,2.5190918,3.0390918,3.2390919,3.1290917,3.0090919,2.8490918,3.0990918,3.5490918,3.4390917,3.7590919,3.5590918,3.8790917,3.459092,4.2890916,4.389092,4.2890916,4.3990917,4.319092,4.369092,4.299092,4.319092,4.339092,3.8390918,3.3190918,2.6390917,2.0690918
-1.0309082,-2.020908,-2.3109083,-2.9209082,-2.7409081,-1.7409081,-1.5409082,-2.1009083,-2.5909083,-1.5109082,0.1590918,0.109091796,-0.7009082,-0.8309082,-0.5009082,-1.3809083,-2.0809083,-3.4009082,-2.0809083,-1.9409082,-1.5609082,-1.9909081,-2.0809083,-0.8209082,1.1490918,-0.4409082,-0.3009082,1.1590918,2.0590918,2.2590919,2.3790917,1.9690918,2.6890917,2.9990919,2.2490919,2.0490918,2.1490917,2.0090919,1.6790918,2.2990918,2.9390917,3.1390917,3.4390917,3.7490919,3.3990917,3.8490918,4.029092,4.1090918,4.3990917,4.299092,4.199092,3.9990919,3.9190917,3.9090917,3.6290917,3.1890917,2.7490919,2.199092,2.3390918
-2.8509083,-3.020908,-2.9309082,-3.1609082,-3.0109081,-2.9309082,-3.2109082,-1.7409081,-0.6109082,-2.1709082,-0.9309082,0.4090918,0.5890918,0.5890918,0.6690918,0.13909179,-0.6609082,-2.3609083,-2.3709083,-1.6509082,-1.4809082,-2.4709082,-2.050908,0.0890918,0.019091796,0.8190918,-0.8209082,1.4490918,1.7190918,2.199092,1.5890918,1.2090918,1.2590919,0.8290918,0.8190918,1.1190917,1.2790918,1.4990917,1.6190917,1.3790917,2.1590917,2.219092,2.3590918,3.729092,2.5090919,2.4390917,2.8290918,3.1190917,3.5290918,3.6290917,3.2490919,3.2590919,3.6490917,3.7890918,3.3490918,2.8690917,2.5090919,2.4390917,2.0990918
-2.8209083,-2.7209082,-2.6809082,-2.9109082,-2.6309083,-4.8309083,-1.5409082,-2.4409082,0.2190918,2.5690918,1.7590919,0.5590918,-0.020908203,-1.0709082,-1.4409082,-1.3709083,-1.1909082,-3.4509082,-1.9609082,-2.3409083,-2.540908,-0.6409082,0.6990918,1.5290918,0.049091797,-0.9209082,0.4690918,1.6290917,2.459092,1.6890918,0.9090918,-0.2309082,-0.29090822,-0.29090822,0.1490918,-9.0820313E-4,-0.2809082,-0.4709082,1.3390918,1.1190917,0.019091796,0.5890918,1.2190918,1.6190917,1.7190918,1.8590918,2.2790918,2.9990919,2.0790918,1.9790918,2.8690917,5.119092,3.5790918,3.2990918,3.0690918,2.9090917,2.7390919,2.479092,1.9890918
-3.770908,-1.1409082,-1.0509082,-1.4609082,-1.3209082,-2.0909083,-0.22090821,2.4090917,0.8390918,-1.7609082,-1.3109082,-1.6609082,-1.7709082,-1.5609082,-1.1709082,-0.7309082,-1.0709082,-1.6609082,-2.0709083,-2.1009083,1.0590918,0.9690918,-0.3009082,-0.6109082,1.1690918,0.5790918,0.009091797,0.9290918,3.0690918,1.8790917,-0.7509082,-2.2109082,-2.3409083,-1.1709082,0.039091796,0.5090918,0.9090918,1.4590918,0.6090918,-0.4309082,0.029091798,-0.3309082,1.9990917,1.4090918,0.9590918,0.9490918,1.3490918,2.2990918,1.1990918,5.7090917,6.779092,7.1490917,6.579092,3.8790917,3.459092,3.3990917,2.9090917,2.699092,1.7590919
-1.7309082,-1.2109082,-0.5009082,-1.8009082,-1.1609082,-1.7009082,0.0890918,-1.1009082,0.9790918,1.6490918,0.8390918,-0.4509082,-0.3009082,-0.7009082,-0.9609082,0.079091795,0.6590918,0.3990918,0.5090918,0.2890918,0.3590918,1.6990918,0.3290918,-1.6309083,-1.6309083,-1.2509083,-1.0609082,2.199092,2.0190918,0.45909178,-0.7309082,-2.4209082,-2.9009082,-3.5609083,1.7990918,-0.5609082,-2.520908,-0.5009082,0.5390918,0.5090918,0.26909178,1.3890918,2.3090918,2.969092,2.699092,0.84909177,2.0990918,3.979092,4.1690917,5.049092,5.569092,4.5190916,2.9990919,3.209092,4.1890917,3.8290918,3.3290918,2.709092,-0.2709082
-1.7409081,-1.2809082,-0.8609082,-1.2709082,-1.9009082,-2.2509081,-1.3209082,-1.7109082,-2.1709082,-3.0109081,-1.7609082,-1.9909081,0.5490918,0.7490918,-1.7009082,-2.3509083,-0.7509082,0.049091797,0.6690918,0.2590918,0.2890918,1.1590918,-0.8409082,-1.1709082,-0.8609082,-1.5209082,0.059091795,1.8590918,0.7890918,0.109091796,-1.0909082,-1.9409082,-1.1309083,-2.5809083,-1.8909082,-1.4609082,-0.7609082,-0.8709082,-1.1809082,-2.6609082,1.2090918,2.2790918,2.699092,1.3090918,0.5690918,0.2490918,1.7190918,3.5190918,11.239092,10.949092,9.549091,4.259092,5.7690916,5.1090918,4.119092,3.5990918,2.8490918,1.9390918,2.6590917
-0.7309082,0.5790918,0.7690918,-3.1109083,-6.070908,-5.610908,-2.4009082,3.3090918,0.1790918,1.0890918,0.0890918,-1.1209083,-0.6209082,0.5790918,-1.5309082,-6.170908,-1.5609082,-0.9709082,-0.8709082,-0.9609082,-0.020908203,-0.26090822,0.8990918,-0.2309082,1.9090918,1.1190917,1.2790918,0.1490918,-2.4909081,-2.040908,-2.1109083,-1.7309082,-1.0609082,-1.2609082,-1.3109082,-1.7609082,-1.8709083,-2.4209082,-0.4909082,2.8490918,1.2990918,-2.3309083,-2.6809082,-0.3409082,2.709092,2.7390919,2.729092,2.4190917,10.659092,13.239092,11.559092,10.219091,6.579092,3.2790918,3.709092,3.2490919,1.9190918,1.4990917,1.1790918
-1.5209082,-1.7009082,-1.2109082,-2.4009082,-10.220908,-6.5209084,-3.2009082,0.13909179,5.969092,-0.5609082,0.7890918,-1.1509082,-1.5609082,-0.4309082,0.3190918,-1.3909082,-2.1409082,-3.8809083,1.5790918,-1.3709083,-0.0709082,0.059091795,-0.5109082,0.6090918,0.3290918,0.6690918,-0.9109082,-1.3009082,-2.0609083,-3.3909082,-3.3409083,-0.9909082,1.1690918,2.2890918,3.0090919,1.7590919,1.1190917,0.6990918,-0.1609082,0.8190918,1.9690918,-1.4109082,-0.100908205,1.5990918,1.2790918,-0.5209082,-1.7709082,4.4790916,1.4490918,15.579092,12.939092,9.599092,8.789092,2.4290917,2.479092,1.5990918,1.2390918,0.2490918,-0.9609082
-0.4609082,-5.2109084,2.3690917,-6.8109083,-9.770908,-6.2309084,-4.6009083,-2.550908,3.0890918,1.2790918,4.4590917,0.6590918,-1.3009082,-1.7709082,-0.9509082,-0.100908205,-9.0820313E-4,-3.1609082,1.0190918,2.5990918,-0.2109082,-0.4109082,-0.100908205,-0.3709082,-1.2909082,-2.1509082,-1.7509083,-1.5509082,-3.2409081,-1.7109082,0.7190918,1.2590919,1.4990917,1.1790918,0.2290918,1.0790918,1.4290918,2.4890919,0.2590918,1.7790918,0.8990918,3.1390917,1.7590919,2.4390917,0.1790918,-0.1209082,-1.3909082,-0.7609082,0.1790918,7.929092,11.829092,6.819092,5.2890916,3.5290918,2.0790918,1.2590919,0.7390918,-0.8009082,-0.7809082
-1.4209082,-6.800908,-3.1409082,-3.2409081,-3.2509081,-4.6409082,-4.780908,-4.1209083,7.2290916,0.8590918,3.3390918,2.2690918,0.0890918,-1.3209082,-1.1909082,-0.5609082,-0.7609082,-1.6709082,0.049091797,1.1190917,-0.4409082,-0.2009082,-0.6909082,0.119091794,-1.8709083,-2.9009082,-4.8709083,-0.9109082,-0.7009082,-0.050908204,1.2190918,0.1290918,-1.1909082,-9.0820313E-4,-0.7809082,-0.3909082,-0.26090822,1.4690918,1.1090918,1.4390918,1.1790918,1.1590918,1.0090919,-0.7909082,-0.3809082,0.7590918,1.5290918,-0.90090823,-0.0709082,1.7090918,7.4790916,6.509092,3.959092,0.039091796,-1.3009082,1.0490918,-0.7209082,-0.3609082,-1.0909082
-6.0609083,-5.9809084,-4.7109084,-4.650908,-3.3809083,-4.470908,-4.5209084,4.819092,4.579092,1.4290918,3.0090919,1.8190918,0.5390918,0.4190918,-0.010908203,-1.3609082,0.6690918,-1.9209082,0.6290918,0.4390918,0.9890918,-0.8809082,0.26909178,-0.2509082,-2.4709082,-7.0609083,-3.9609082,-1.0709082,-2.2009082,-0.8509082,0.3290918,0.7390918,1.0190918,-2.050908,-1.3109082,-1.6109082,0.2390918,2.1190917,0.9890918,-1.8209082,-1.0709082,-0.5809082,-0.3809082,-0.020908203,-0.2109082,0.2490918,-0.8509082,0.049091797,0.079091795,3.8090918,4.659092,2.959092,1.0090919,-0.6709082,-2.7309082,-2.3509083,-1.6409082,1.0190918,0.6290918
