raw-data-f/2018100812f3.json
{"header": { "discipline":0, "disciplineName":"Meteorological products", "gribEdition":2, "gribLength":75431, "center":7, "centerName":"US National Weather Service - NCEP(WMC)", "subcenter":0, "refTime":"2018-10-08T12:00:00.000Z", "significanceOfRT":1, "significanceOfRTName":"Start of forecast", "productStatus":0, "productStatusName":"Operational products", "productType":1, "productTypeName":"Forecast products", "productDefinitionTemplate":0, "productDefinitionTemplateName":"Analysis/forecast at horizontal level/layer at a point in time", "parameterCategory":2, "parameterCategoryName":"Momentum", "parameterNumber":3, "parameterNumberName":"V-component_of_wind", "parameterUnit":"m.s-1", "genProcessType":2, "genProcessTypeName":"Forecast", "forecastTime":3, "surface1Type":103, "surface1TypeName":"Specified height level above ground", "surface1Value":10.0, "surface2Type":255, "surface2TypeName":"Missing", "surface2Value":0.0, "gridDefinitionTemplate":0, "gridDefinitionTemplateName":"Latitude_Longitude", "numberPoints":65160, "shape":6, "shapeName":"Earth spherical with radius of 6,371,229.0 m", "gridUnits":"degrees", "resolution":48, "winds":"true", "scanMode":0, "nx":360, "ny":181, "basicAngle":0, "lo1":0.0, "la1":90.0, "lo2":359.0, "la2":-90.0, "dx":1.0, "dy":1.0 }, "data":
[rows 52 to 77 of 181, columns 300 to 359 of 360]
-2.706316,-4.846316,-5.646316,-4.896316,-7.436316,-9.866316,-12.046316,-13.4763155,-15.326316,-15.986316,-16.326317,-16.596315,-15.256316,-10.816316,4.823684,6.943684,8.543684,8.893684,8.933684,7.923684,7.143684,7.163684,6.843684,5.583684,4.833684,3.753684,2.493684,0.9436841,-1.606316,3.9236841,4.863684,3.3636842,2.6236842,3.3736842,1.1036841,1.263684,0.85368407,0.3036841,0.23368408,-0.18631592,-0.64631593,-1.236316,-2.1563158,-3.196316,-4.2363157,-4.9863157,-5.056316,-4.096316,-3.6063159,-2.8463159,-0.8563159,-0.49631593,-0.18631592,1.5436841,2.1536841,1.4236841,0.7136841,-1.1763159,1.023684,1.773684
-5.336316,-6.686316,-5.876316,-6.7763157,-9.106316,-10.296316,-12.646316,-15.176316,-16.566317,-17.356316,-18.116316,-18.636316,-9.936316,-0.7163159,3.1636841,6.713684,8.983685,9.263684,9.303684,8.093684,7.213684,7.103684,6.2236843,5.2436843,4.0136843,2.6036842,0.5836841,-3.196316,0.9536841,4.0136843,2.823684,1.9736841,2.1336842,1.0336841,0.053684082,-0.6663159,-0.5963159,-0.6663159,-0.7863159,-0.5663159,-1.136316,-1.7863159,-2.3463159,-2.966316,-3.6363158,-4.186316,-4.646316,-4.5063157,-3.536316,-2.526316,-1.8163159,-1.0963159,3.963684,4.163684,3.0936842,-0.016315918,1.863684,2.1236842,1.1936841,-1.736316
-6.156316,-6.576316,-6.4863157,-8.126316,-9.216316,-10.676316,-13.736316,-15.836316,-16.976316,-17.876316,-19.526316,-19.426315,-12.986316,-4.816316,6.403684,11.623684,12.463684,11.383684,10.133684,8.853684,7.543684,7.383684,5.793684,4.693684,3.033684,0.8436841,-2.416316,-3.6163158,1.5736841,2.6736841,1.1536841,0.10368408,-0.43631592,-0.8563159,-1.366316,-1.7163159,-1.866316,-1.8163159,-2.006316,-2.286316,-2.226316,-1.636316,-2.166316,-2.456316,-2.496316,-3.1563158,-3.6263158,-3.566316,-3.1463158,-2.3663158,-1.636316,-1.0863159,-0.3263159,-0.04631592,0.25368407,-0.4563159,0.61368406,-0.39631593,-0.30631593,-3.176316
-6.056316,-6.7163157,-7.556316,-8.716316,-9.996316,-11.416316,-13.576316,-14.866316,-15.756316,-17.236317,-19.306316,-19.956316,-19.196316,-5.656316,15.753684,18.613684,16.013683,13.5236845,11.403684,9.743684,7.843684,7.693684,5.5336843,3.983684,1.753684,-1.4163159,-3.6463158,-2.6263158,0.92368406,1.253684,-1.0963159,-2.3763158,-2.226316,-2.216316,-2.546316,-3.046316,-3.3663158,-3.796316,-3.8263159,-3.736316,-3.306316,-2.786316,-2.6563158,-2.536316,-2.6063159,-2.176316,-1.4563159,-1.636316,-2.1563158,-2.1363158,-2.066316,-1.866316,-1.8363159,-1.886316,-2.796316,0.21368408,-2.786316,-5.0063157,-4.266316,-4.436316
-6.206316,-6.7163157,-7.346316,-8.196316,-9.256316,-10.616316,-12.296316,-12.986316,-13.836316,-14.776316,-15.576316,-15.096316,-12.716316,-5.386316,21.523684,18.913685,15.343684,13.093684,11.333684,9.683684,7.653684,7.5336843,5.003684,2.963684,0.46368408,-3.486316,-2.556316,-3.276316,-0.57631594,-0.75631595,-3.016316,-3.996316,-3.316316,-3.026316,-3.6263158,-4.706316,-5.066316,-5.036316,-4.296316,-3.1263158,-1.7863159,-1.136316,-0.63631594,-0.04631592,0.3036841,1.2236841,0.8236841,0.4836841,-0.116315916,-0.83631593,-1.7063159,-2.4063158,-2.786316,-4.9863157,-3.026316,-2.526316,-1.4463159,-3.8363159,-2.516316,-1.376316
-6.166316,-6.726316,-7.286316,-8.106316,-8.786316,-9.636316,-11.036316,-11.506316,-11.956316,-11.526316,-10.876316,-9.046316,-3.8463159,7.703684,16.303684,14.953684,13.563684,13.003684,10.933684,8.933684,7.253684,6.543684,4.123684,1.7236841,-0.7463159,-4.046316,-2.686316,-3.296316,-1.4663159,-2.416316,-4.376316,-4.646316,-4.5263157,-3.6363158,-4.316316,-5.476316,-5.636316,-5.366316,-3.8963158,-2.516316,-1.0163159,1.273684,3.973684,3.6036842,4.543684,4.453684,4.583684,2.8636842,1.743684,-0.4163159,-1.6563159,-5.886316,-2.536316,0.18368408,2.1036842,1.013684,0.023684083,-1.4163159,0.08368408,0.6936841
-5.836316,-6.166316,-7.036316,-8.026316,-8.426316,-9.006316,-9.4763155,-9.606316,-9.346316,-8.786316,-8.2263155,-4.726316,0.8336841,7.233684,9.323684,10.283684,11.173684,11.673684,9.793684,7.773684,6.2436843,5.583684,2.733684,0.2936841,-1.2963159,-3.006316,-3.766316,-3.426316,-1.5963159,-3.066316,-4.296316,-5.326316,-5.076316,-3.6063159,-4.046316,-5.546316,-6.176316,-5.456316,-4.886316,-3.226316,1.9636841,1.993684,1.5836841,4.063684,4.773684,4.403684,4.553684,3.193684,1.883684,0.35368407,-1.8463159,-1.726316,-1.626316,4.843684,-0.9663159,-3.706316,1.623684,-0.8063159,-0.3563159,1.013684
-5.046316,-5.866316,-6.796316,-7.206316,-7.726316,-7.926316,-7.926316,-7.826316,-7.606316,-6.5063157,-4.596316,-1.636316,2.303684,5.103684,6.323684,8.103684,10.403684,9.793684,8.073684,6.543684,4.4936843,4.083684,1.1836841,-0.5563159,-2.3863158,-3.036316,-3.8563159,-4.626316,-2.6463158,-2.6363158,-3.5763159,-4.996316,-5.536316,-4.336316,-3.4063158,-4.9663157,-6.076316,-6.096316,-4.516316,-0.19631591,3.083684,2.793684,4.0336843,6.093684,5.043684,2.6736841,2.703684,2.3836842,1.5436841,1.4436841,1.7236841,3.6236842,1.0636841,-2.186316,-0.9863159,2.313684,-2.226316,0.54368407,2.303684,3.993684
-5.406316,-6.096316,-6.116316,-6.406316,-7.106316,-7.2363157,-7.2363157,-6.2563157,-5.456316,-3.686316,-1.976316,-0.116315916,0.9736841,2.553684,5.753684,8.813684,8.483685,7.2636843,6.633684,5.383684,3.563684,2.8936841,1.643684,-1.496316,-1.6763159,-3.206316,-3.736316,-3.8463159,-4.596316,-2.6163158,-3.036316,-3.706316,-5.106316,-5.656316,-5.076316,-5.0263157,-5.086316,-4.106316,-1.976316,0.7136841,3.583684,5.163684,6.573684,6.0336843,2.3636842,0.7036841,2.193684,1.7936841,1.1936841,1.263684,-1.4663159,-0.47631592,-3.786316,-2.736316,1.883684,-3.796316,-0.46631593,-0.2963159,1.5536841,4.963684
-4.556316,-4.836316,-5.386316,-6.326316,-6.476316,-6.2363157,-5.846316,-5.356316,-4.536316,-3.8763158,-2.666316,-1.3363159,0.003684082,3.273684,6.7236843,7.023684,6.453684,5.343684,3.433684,5.883684,3.223684,2.1336842,1.6736841,-1.626316,-2.3663158,-3.186316,-3.686316,-3.986316,-3.756316,-3.8963158,-3.316316,-3.1463158,-3.8763158,-4.876316,-5.076316,-4.616316,-4.016316,-1.9463159,0.5736841,3.0936842,4.163684,4.7836843,6.113684,4.213684,1.5636841,-0.51631594,-1.1463159,2.783684,1.8136841,-2.706316,0.08368408,-0.31631592,-0.82631594,-2.216316,-4.406316,-3.566316,-1.2763159,0.033684082,1.9036841,4.7636843
-4.086316,-4.666316,-4.946316,-4.936316,-5.156316,-5.436316,-5.636316,-5.206316,-4.0063157,-3.256316,-2.426316,-1.8963159,0.8836841,5.2636843,5.463684,5.143684,4.543684,3.813684,2.433684,4.5136843,2.483684,1.113684,0.79368407,-1.0963159,-2.5863159,-2.926316,-3.206316,-2.946316,-3.726316,-4.106316,-4.076316,-4.206316,-3.6363158,-4.116316,-4.036316,-3.446316,-2.6563158,-0.016315918,2.3536842,2.6736841,3.023684,3.303684,1.3036841,1.0636841,7.163684,2.6136842,3.6136842,0.11368408,-1.5363159,2.283684,0.66368407,-0.75631595,-2.056316,-4.116316,-5.2163157,-5.616316,-5.296316,-2.1163158,1.4336841,4.433684
-2.986316,-3.486316,-3.766316,-4.136316,-4.516316,-4.826316,-4.876316,-4.566316,-3.6063159,-2.036316,-1.3363159,1.513684,3.313684,3.6736841,3.8736842,3.743684,3.3936841,3.1536841,2.253684,3.203684,1.8336841,0.6336841,0.23368408,-1.0463159,-2.206316,-3.056316,-2.3863158,-2.976316,-2.546316,-2.8563159,-3.546316,-3.3863158,-3.296316,-3.0863159,-2.8663158,-2.036316,-0.25631592,0.4536841,0.99368405,1.6936841,2.033684,0.99368405,0.34368408,-0.006315918,0.6236841,0.41368407,1.0936841,0.5036841,1.4236841,-0.46631593,-0.6863159,-1.7063159,-2.926316,-4.326316,-5.7163157,-7.266316,-6.766316,-5.586316,-0.95631593,3.3536842
-2.236316,-3.1063159,-3.736316,-4.356316,-4.566316,-4.396316,-4.2163157,-3.706316,-2.1463158,-0.5663159,0.023684083,0.9736841,1.993684,2.053684,2.273684,2.9036841,2.933684,2.793684,2.513684,2.3936841,1.893684,1.003684,0.20368408,-1.5563159,-3.026316,-2.746316,-3.506316,-2.3663158,-1.6963159,-2.546316,-2.696316,-2.976316,-3.256316,-3.1563158,-3.1363158,-2.476316,-1.6463159,-0.70631593,0.18368408,0.5236841,-0.43631592,-0.3563159,-0.5963159,-0.5363159,-1.1463159,-1.9563159,-1.876316,-0.15631592,3.1236842,1.7136841,-0.086315915,-2.3663158,-3.566316,-4.956316,-5.206316,-6.656316,-7.306316,-6.536316,-3.286316,1.4136841
-1.366316,-2.286316,-3.0963159,-3.256316,-3.3763158,-3.056316,-2.3963158,-2.486316,-2.1363158,-1.1963159,-0.6263159,0.19368409,0.34368408,0.7836841,1.6536841,1.9636841,2.563684,2.6336842,2.6636841,2.493684,1.7236841,0.85368407,-0.12631592,-1.3963159,-2.496316,-2.6163158,-2.696316,-1.8963159,-2.296316,-2.316316,-3.1363158,-3.936316,-3.956316,-3.6263158,-3.3263159,-2.8863158,-2.0863159,-1.5263159,-1.486316,-2.026316,-1.5163159,-2.026316,-1.8263159,-2.196316,-3.6163158,-4.206316,0.5736841,3.1536841,1.2936841,3.563684,0.92368406,-1.476316,-3.6163158,-5.326316,-6.7363157,-6.706316,-6.746316,-6.286316,-5.316316,-0.88631594
-1.5963159,-2.056316,-2.536316,-3.176316,-3.666316,-3.726316,-3.056316,-2.266316,-2.3563159,-1.976316,-0.9863159,-0.94631594,-0.5463159,0.23368408,0.85368407,1.3236841,1.623684,2.3436842,2.433684,2.233684,1.633684,0.7136841,-0.23631592,-1.0563159,-2.176316,-2.806316,-2.956316,-2.736316,-2.706316,-2.806316,-3.276316,-3.446316,-3.546316,-3.536316,-3.3863158,-3.196316,-3.316316,-3.8863158,-3.446316,-3.466316,-3.716316,-2.966316,-2.786316,-4.036316,-4.416316,-3.916316,-0.33631593,4.063684,4.663684,2.553684,0.20368408,-1.4063159,-2.686316,-4.366316,-5.356316,-6.266316,-6.5263157,-6.696316,-5.976316,-3.486316
1.0536841,-0.24631591,-1.226316,-1.726316,-2.3363159,-2.796316,-2.926316,-2.986316,-2.816316,-1.866316,-2.256316,-1.496316,-0.9363159,0.13368408,1.2836841,2.003684,2.503684,1.9136841,1.9336841,1.9336841,1.623684,1.0836841,0.3236841,-0.95631593,-1.9363159,-2.6563158,-3.196316,-3.446316,-3.426316,-3.5763159,-3.8363159,-4.046316,-4.106316,-4.196316,-4.476316,-4.9663157,-4.906316,-4.7763157,-4.886316,-4.866316,-4.106316,-3.8463159,-4.4863157,-4.686316,-5.546316,-2.446316,2.3936841,1.243684,-0.34631592,1.3136841,1.263684,-0.9963159,-2.3863158,-3.0763159,-4.836316,-6.726316,-7.476316,-7.326316,-5.886316,-4.346316
-0.25631592,-1.1963159,-1.7663159,-2.1263158,-2.566316,-2.916316,-2.476316,-2.256316,-2.3663158,-2.8363159,-2.256316,-1.4663159,-0.24631591,1.2136841,2.053684,1.3136841,1.5736841,1.7336841,2.193684,1.9636841,2.4236841,1.113684,-0.3563159,-1.2863159,-1.7663159,-2.3863158,-3.066316,-3.3763158,-3.566316,-3.726316,-4.066316,-4.546316,-4.946316,-5.2563157,-5.346316,-5.426316,-5.566316,-5.456316,-5.626316,-4.886316,-4.566316,-5.146316,-6.186316,-7.576316,-4.2763157,2.1436841,3.283684,2.513684,1.863684,0.3336841,0.9636841,-0.4163159,-2.456316,-3.716316,-5.296316,-6.616316,-7.596316,-6.306316,-5.686316,-5.586316
0.12368408,-0.36631593,-0.9063159,-1.506316,-1.8463159,-2.186316,-2.816316,-3.3963158,-2.3863158,-2.3963158,-1.8063159,-0.23631592,0.3936841,1.2036841,1.133684,1.9636841,1.6536841,2.003684,2.333684,2.273684,1.5536841,0.35368407,-0.7863159,-1.486316,-1.996316,-2.486316,-2.956316,-3.3863158,-3.746316,-4.176316,-4.616316,-5.086316,-5.426316,-5.7163157,-5.886316,-5.766316,-5.7363157,-5.7563157,-5.096316,-4.876316,-5.706316,-6.956316,-7.9663157,-8.496316,2.533684,3.503684,2.443684,3.223684,3.293684,1.4036841,0.08368408,-1.0463159,-2.3263159,-3.766316,-4.296316,-5.686316,-5.7163157,-6.406316,-6.156316,-6.356316
-0.47631592,-1.8263159,-2.006316,-2.0963159,-2.3363159,-2.746316,-1.9663159,-0.8563159,-1.9463159,-1.226316,-0.5363159,0.3636841,0.3236841,0.61368406,0.80368406,0.9636841,1.0836841,1.2036841,1.273684,1.363684,1.023684,0.17368408,-0.7763159,-1.4363159,-1.9663159,-2.3263159,-2.746316,-3.296316,-3.8763158,-4.546316,-5.056316,-5.386316,-5.626316,-5.746316,-5.696316,-5.626316,-5.636316,-5.246316,-5.196316,-6.106316,-7.076316,-8.206316,-8.696316,-7.246316,0.9036841,1.2336841,1.623684,2.223684,1.9236841,1.393684,-0.50631595,-1.3263159,-2.166316,-3.8363159,-4.946316,-5.536316,-6.186316,-6.296316,-6.796316,-6.946316
0.8736841,0.5336841,0.023684083,-1.736316,-2.506316,-0.9163159,-0.64631593,-1.4563159,-0.31631592,0.23368408,0.5236841,-0.086315915,-0.20631592,0.31368408,0.2636841,0.28368407,0.6436841,0.9536841,0.99368405,0.8436841,0.6336841,0.27368408,-0.27631593,-1.006316,-1.8063159,-2.506316,-3.0863159,-3.716316,-4.296316,-4.7563157,-5.136316,-5.316316,-5.296316,-5.286316,-5.336316,-5.386316,-5.436316,-5.616316,-6.426316,-7.176316,-8.026316,-8.346316,-8.376316,-7.046316,1.6736841,1.9536841,1.9536841,2.263684,1.2036841,0.9736841,-0.82631594,-2.8463159,-3.726316,-4.136316,-4.866316,-6.246316,-6.356316,-7.0063157,-7.036316,-6.566316
0.40368408,0.6336841,-0.25631592,-0.7163159,-0.47631592,-0.7963159,-1.4263159,-1.236316,-0.28631592,0.4836841,-0.33631593,-0.7163159,-0.25631592,-0.086315915,-0.4163159,-0.04631592,0.3036841,0.43368408,0.7636841,0.7136841,0.60368407,0.2936841,-0.12631592,-0.9663159,-2.066316,-2.8663158,-3.3663158,-3.676316,-3.986316,-4.336316,-4.586316,-4.656316,-4.7163157,-4.786316,-4.7563157,-4.936316,-5.306316,-5.9863157,-6.706316,-7.206316,-7.866316,-8.016315,-7.086316,-5.326316,-0.09631592,1.743684,1.9736841,1.7336841,2.0936842,0.74368405,-0.3863159,-2.3863158,-3.9063158,-4.996316,-5.636316,-6.0263157,-6.7363157,-7.046316,-7.826316,-6.766316
0.20368408,-0.14631592,-0.086315915,-0.9963159,-1.506316,-1.4263159,-1.236316,-0.6763159,0.3336841,-0.89631593,-1.236316,-1.1963159,-1.2963159,-1.2163159,-1.0563159,-0.9863159,-0.036315918,0.4236841,0.6536841,0.5336841,0.4536841,0.21368408,-0.82631594,-1.7163159,-1.8063159,-2.496316,-3.3463159,-3.466316,-3.916316,-3.986316,-4.066316,-4.106316,-4.186316,-4.456316,-5.936316,-5.076316,-5.166316,-5.696316,-5.516316,-5.9663157,-6.136316,-6.0063157,-4.876316,-3.206316,-0.7363159,1.7336841,1.8136841,2.1036842,-0.016315918,-0.10631592,-0.21631593,-2.226316,-3.956316,-5.0063157,-5.586316,-6.516316,-7.056316,-7.186316,-6.446316,-4.436316
-0.116315916,-0.19631591,-0.15631592,-0.20631592,-1.1963159,-0.9763159,-0.36631593,0.3636841,-1.0163159,-1.726316,-2.1463158,-1.5563159,-1.5563159,-1.2963159,-0.70631593,-0.086315915,0.3036841,0.35368407,0.37368408,0.3236841,0.14368409,-0.036315918,-0.57631594,-1.3363159,-2.016316,-3.196316,-3.436316,-3.8763158,-4.016316,-4.326316,-3.946316,-3.526316,-3.8663158,-3.226316,-2.266316,-3.8563159,-4.9663157,-4.876316,-4.4663157,-3.976316,-3.756316,-3.6263158,-2.686316,-0.5263159,-0.33631593,0.7236841,2.583684,2.203684,1.7036841,-0.31631592,-1.1563159,-1.8363159,-3.0763159,-4.376316,-5.316316,-5.806316,-6.316316,-5.9663157,-4.7763157,-3.066316
1.4036841,1.4336841,0.5036841,-0.5263159,-0.9963159,-0.9163159,-1.1763159,-1.4363159,-1.9463159,-2.8663158,-2.706316,-2.1263158,-2.036316,-1.5863159,-0.8063159,-0.47631592,-0.31631592,-0.18631592,-0.3263159,0.3036841,0.66368407,0.35368407,0.10368408,-0.9163159,-2.296316,-3.226316,-3.696316,-4.066316,-4.166316,-3.966316,-3.3263159,-3.3863158,-2.976316,-3.1463158,-3.5963159,-4.946316,-4.376316,-4.016316,-3.3563159,-2.8563159,-2.236316,-1.636316,-1.1763159,-1.8463159,-1.1463159,0.2936841,1.0436841,1.3036841,-0.15631592,-0.06631592,-0.4163159,-1.356316,-2.276316,-3.466316,-4.366316,-4.706316,-5.0063157,-5.896316,-4.196316,-3.506316
0.49368408,-0.056315918,-0.33631593,-0.37631592,-0.82631594,-1.606316,-2.196316,-2.676316,-3.456316,-3.526316,-2.8363159,-2.1463158,-1.756316,-1.4463159,-1.606316,-1.4163159,-0.6063159,-0.086315915,0.6336841,1.3136841,1.9536841,1.0836841,-0.6163159,-1.6563159,-2.516316,-3.266316,-3.9063158,-4.036316,-3.8763158,-3.466316,-3.3463159,-3.416316,-3.246316,-3.186316,-2.3563159,-1.4563159,-2.226316,-2.736316,-2.6163158,-2.3263159,-1.996316,-1.6863159,-1.236316,-0.40631592,-0.49631593,0.7036841,1.3136841,1.7236841,0.86368406,-0.7463159,-1.8063159,-1.7163159,-2.416316,-2.786316,-3.676316,-4.916316,-3.6063159,-4.446316,-5.106316,-2.006316
0.7036841,-0.17631592,-1.4263159,-1.756316,-2.1363158,-2.3963158,-2.756316,-3.036316,-3.6363158,-3.1263158,-2.706316,-1.8963159,-2.1463158,-2.1463158,-2.6163158,-2.196316,-2.016316,-0.6263159,0.6336841,1.8136841,1.3236841,0.5036841,-0.15631592,-1.626316,-2.726316,-3.3263159,-3.8263159,-3.946316,-4.076316,-3.536316,-3.806316,-3.316316,-2.8963158,-1.9363159,-0.70631593,-0.14631592,0.41368407,0.73368406,0.5636841,-0.116315916,-1.4063159,-1.986316,-2.056316,-1.6763159,-0.7263159,-0.9163159,0.17368408,0.6936841,0.74368405,-1.0163159,-0.7363159,-1.6963159,-2.5963159,-2.796316,-3.3963158,-2.1463158,0.28368407,0.7236841,-0.12631592,-1.236316
