raw-data-f/2018100706.json
{"header": { "discipline":0, "disciplineName":"Meteorological products", "gribEdition":2, "gribLength":74456, "center":7, "centerName":"US National Weather Service - NCEP(WMC)", "subcenter":0, "refTime":"2018-10-07T06:00:00.000Z", "significanceOfRT":1, "significanceOfRTName":"Start of forecast", "productStatus":0, "productStatusName":"Operational products", "productType":1, "productTypeName":"Forecast products", "productDefinitionTemplate":0, "productDefinitionTemplateName":"Analysis/forecast at horizontal level/layer at a point in time", "parameterCategory":2, "parameterCategoryName":"Momentum", "parameterNumber":3, "parameterNumberName":"V-component_of_wind", "parameterUnit":"m.s-1", "genProcessType":2, "genProcessTypeName":"Forecast", "forecastTime":0, "surface1Type":103, "surface1TypeName":"Specified height level above ground", "surface1Value":10.0, "surface2Type":255, "surface2TypeName":"Missing", "surface2Value":0.0, "gridDefinitionTemplate":0, "gridDefinitionTemplateName":"Latitude_Longitude", "numberPoints":65160, "shape":6, "shapeName":"Earth spherical with radius of 6,371,229.0 m", "gridUnits":"degrees", "resolution":48, "winds":"true", "scanMode":0, "nx":360, "ny":181, "basicAngle":0, "lo1":0.0, "la1":90.0, "lo2":359.0, "la2":-90.0, "dx":1.0, "dy":1.0 }, "data":
[rows 130 to 155 of 181, columns 236 to 294 of 360]
-4.942827,-5.5528274,-4.622827,-3.9628272,-2.7528272,-1.7028271,-0.41282713,0.5171729,1.3571728,1.9471729,2.2771728,2.167173,1.7471728,1.4871728,2.2971728,2.407173,2.437173,2.7271729,3.417173,3.9871728,4.6171727,5.207173,5.9471726,6.857173,7.8271728,8.277173,8.547173,8.827173,9.007173,9.077173,9.217173,9.5871725,9.597173,9.447173,10.027173,10.237173,11.067173,11.537173,12.667172,15.227173,16.407173,14.047173,2.0071728,-11.552827,-9.582828,-12.302827,-12.352827,-11.402827,-11.032827,-10.632827,-9.612827,-1.2928271,-1.0228271,-0.91282713,-0.53282714,0.90717286,1.0371728,0.37717286,-1.2928271
-4.602827,-4.6528273,-5.012827,-4.522827,-3.6828272,-1.6828271,0.14717285,1.0471729,1.6371728,1.7171729,1.5471729,1.4071728,0.77717286,0.99717283,1.6071728,1.7271729,1.7471728,0.91717285,1.6171728,2.0571728,2.8471727,3.7671728,4.6971726,5.807173,6.877173,7.687173,8.227173,8.717173,9.147173,9.347173,9.577173,9.997173,10.267173,10.217173,10.097173,9.927173,10.317173,11.357173,11.407173,11.677173,11.777173,12.147173,11.617173,10.067173,8.477173,-7.062827,-12.802827,-11.172827,-12.202827,-13.482827,-11.992827,-3.612827,-1.3228271,-1.6728271,-3.812827,-3.322827,0.60717285,3.1971729,-0.69282717
-5.5928273,-5.5728273,-4.4228272,-3.322827,-2.0028272,-1.1028272,0.28717285,1.3271729,1.1971729,1.0671729,0.85717285,0.79717284,0.54717284,0.96717286,1.2471728,1.2171729,0.96717286,-0.6228272,-0.6128271,0.49717286,1.3471729,2.2271729,3.177173,4.1571727,5.287173,6.207173,6.787173,7.417173,8.107173,8.677173,9.237173,9.777173,10.167172,10.477173,10.687173,10.707172,10.207172,10.447173,10.867173,10.437173,10.457172,9.657173,8.827173,9.217173,9.177173,9.377172,8.877172,-4.292827,-10.982827,-13.332828,-8.752827,-12.112827,-1.3328271,-2.622827,-3.2128272,-3.612827,-2.7028272,-3.3028271,0.32717285
-2.852827,-5.4228272,-5.942827,-4.682827,-2.5228271,-1.6828271,-0.6128271,0.8171728,0.5671728,0.35717285,0.5071728,0.6371729,0.7571728,0.8171728,0.8271729,0.78717285,0.6371729,-0.28282714,-1.9828272,-0.85282713,0.08717285,1.0471729,1.8471729,2.617173,3.4671729,4.3471727,5.047173,5.6571727,6.317173,7.047173,7.9071727,8.727173,9.257173,9.687173,10.137173,10.5871725,10.867173,10.867173,10.597173,10.8371725,9.537173,9.177173,8.817173,7.587173,6.687173,7.337173,7.417173,7.537173,6.0971727,-8.072827,-4.992827,-10.442827,-1.6628271,-2.5128272,-4.022827,-5.642827,-5.002827,-0.37282714,-0.48282716
-1.4328271,-1.0228271,-2.822827,-3.9528272,-2.0228271,-1.3828272,-0.31282714,0.84717286,0.97717285,0.7571728,0.37717286,0.28717285,0.5771729,0.72717285,0.72717285,0.64717287,0.58717287,0.18717285,-1.8728272,-1.9228271,-0.7928271,0.08717285,0.80717283,1.3671728,1.9171729,2.5771728,3.2971728,4.047173,4.6971726,5.297173,6.087173,6.9071727,7.667173,8.357173,8.917172,9.237173,9.737173,10.597173,10.927173,10.427173,10.307173,8.8371725,7.4271727,6.607173,5.707173,3.7471728,4.707173,5.567173,5.8671727,7.1771727,-11.1628275,-3.812827,-2.7528272,-4.482827,-3.3028271,-1.9228271,-1.3528272,-1.2528272,0.35717285
-1.9228271,-1.8828272,-2.142827,-2.2528272,-1.3728272,0.28717285,0.86717284,0.8171728,0.90717286,1.0871729,1.0071728,0.79717284,0.68717283,0.6971729,0.6971729,0.5771729,0.41717285,0.07717285,-0.91282713,-2.4928272,-2.072827,-1.0228271,-0.29282716,0.18717285,0.55717283,1.0171728,1.5971729,2.2871728,2.9871728,3.7271729,4.517173,5.3671727,6.027173,6.647173,7.3671727,7.8871727,8.207172,8.907173,9.727173,10.377172,10.377172,9.557173,8.677173,6.257173,4.307173,3.607173,2.2071729,2.4571729,4.1771727,4.9471726,-1.8128271,-2.0328271,-2.4928272,-4.5328274,-7.042827,-2.1528273,-1.2928271,-2.112827,-0.13282715
-2.2128272,-1.2328272,-1.1728271,-1.0228271,-0.96282715,-0.90282714,-0.60282713,-0.022827148,0.7571728,1.2771728,1.3971728,1.1171728,0.78717285,0.48717284,0.28717285,0.09717285,0.52717286,0.53717285,0.07717285,-0.90282714,-2.0128272,-2.3028271,-1.7028271,-1.1528271,-0.78282714,-0.41282713,0.067172855,0.61717284,1.2271729,1.9871728,2.8171728,3.5971727,4.3471727,4.897173,5.8271728,6.3871727,6.9471726,7.5971727,8.357173,8.967173,9.297173,9.707172,9.177173,7.4471726,5.017173,2.3271728,1.1071728,0.37717286,0.66717285,2.107173,-1.0428271,-3.2428272,-1.9728272,-4.772827,-7.102827,-4.3228273,-4.022827,-1.3628272,-1.4928272
-1.9928272,-1.4428271,-1.2728271,-0.6828272,-0.32282716,0.14717285,0.79717284,0.97717285,1.2671728,1.4271729,1.2871728,1.0671729,0.8271729,0.74717283,0.41717285,0.14717285,-0.36282715,-1.1928271,-1.2128272,-1.4428271,-1.5728271,-2.322827,-3.0128272,-2.7628272,-2.322827,-1.9028271,-1.5128272,-1.0428271,-0.52282715,0.18717285,1.0171728,1.7771728,2.4671729,3.3171728,3.897173,4.587173,5.477173,6.207173,6.877173,7.3871727,7.987173,8.347173,8.567173,8.247173,6.0971727,2.617173,0.48717284,-0.57282716,-2.6528273,-2.5228271,-1.5728271,1.2171729,-2.352827,-2.2328272,-5.722827,-3.5028272,-4.6328273,-0.72282714,0.49717286
-1.1128272,-0.63282716,-0.51282716,-0.59282714,-0.36282715,-0.10282715,0.13717285,0.15717286,0.26717284,0.41717285,0.41717285,0.5171729,0.61717284,0.53717285,0.09717285,-0.18282714,-0.022827148,-0.27282715,-1.3528272,-1.0928272,-1.3028271,-1.8028271,-2.832827,-3.592827,-3.632827,-3.5028272,-3.1528273,-2.812827,-2.4428272,-1.8328271,-1.1128272,-0.33282715,0.45717284,1.2771728,2.107173,3.0671728,3.9671729,4.567173,5.167173,5.767173,6.297173,6.957173,7.477173,7.307173,6.837173,4.4471726,0.08717285,-2.122827,-2.5328271,-3.342827,-2.812827,-0.05282715,-0.13282715,0.45717284,4.237173,0.0071728514,-0.5428271,-0.23282714,1.2571728
-1.6128272,-1.0228271,-0.65282714,-0.27282715,0.03717285,0.27717286,0.43717286,0.40717286,0.28717285,0.38717285,0.58717287,0.86717284,0.5171729,0.39717284,0.24717285,-0.27282715,-0.64282715,-0.36282715,-0.5428271,-1.9228271,-2.112827,-2.4028273,-2.6828272,-3.312827,-4.082827,-4.4028273,-4.442827,-4.432827,-4.292827,-3.9028273,-3.2828271,-2.582827,-1.6228272,-0.78282714,0.34717286,1.3971728,2.437173,3.187173,3.7171729,4.057173,4.5771728,5.317173,6.187173,6.747173,6.437173,5.247173,2.4771729,-2.892827,-4.992827,-2.872827,-2.7328272,-5.8028274,-8.132827,-3.122827,-5.702827,-3.0328271,-0.06282715,2.7171729,3.0571728
-1.2528272,-0.75282717,-0.27282715,0.08717285,0.34717286,0.5671728,0.65717286,0.7071729,0.84717286,1.1171728,1.4871728,1.8071729,1.7971729,1.5271728,1.1671729,0.5771729,0.11717285,-0.19282715,-0.51282716,-1.0528271,-1.8528272,-2.6828272,-3.4228272,-3.9428272,-4.352827,-4.852827,-5.3428273,-5.8428273,-6.0528274,-6.312827,-5.8028274,-4.792827,-3.5228271,-2.2428272,-1.0128272,0.03717285,1.0571729,1.8271729,2.3271728,2.7771728,3.107173,3.8271728,4.767173,5.607173,6.237173,5.857173,3.917173,0.01717285,-6.162827,-7.522827,-7.472827,-2.882827,-3.6828272,-1.8028271,-1.3328271,-2.562827,-0.072827145,0.107172854,0.23717286
-0.012827149,0.5171729,0.9471729,1.2271729,1.4571729,1.6871729,1.9571729,2.4571729,3.0171728,3.5371728,3.8371727,3.9771729,3.8471727,3.2871728,2.4571729,1.5471729,0.78717285,0.03717285,-0.52282715,-0.96282715,-1.4628272,-2.0328271,-2.842827,-3.8028271,-4.712827,-5.332827,-5.772827,-6.4228272,-7.1128273,-7.692827,-8.022827,-6.9228272,-5.0928273,-3.4528272,-2.102827,-0.85282713,0.107172854,0.91717285,1.3271729,1.4671729,1.8571728,2.2871728,3.137173,4.277173,5.0971727,5.287173,4.3671727,1.9171729,-2.9128273,-8.692827,-7.042827,-3.5328271,-0.66282713,0.8871729,1.4871728,4.3271728,3.8071728,0.58717287,1.5971729
0.79717284,1.3971728,2.117173,2.907173,3.2971728,3.637173,4.1371727,4.987173,6.187173,6.997173,7.537173,7.747173,7.6571727,7.397173,6.9271727,6.1171727,4.917173,3.1971729,1.4171729,-0.25282714,-1.2528272,-2.092827,-2.6628273,-3.0328271,-3.392827,-4.102827,-4.8228273,-5.642827,-6.662827,-8.172827,-9.562827,-9.002827,-6.702827,-4.432827,-2.7628272,-1.1728271,0.01717285,0.78717285,1.1871729,1.4071728,1.1871729,1.2071729,1.8671728,3.0271728,3.9671729,4.257173,3.5771728,2.0871727,-0.63282716,-5.432827,-8.092827,-4.062827,-1.7428272,-2.9028273,-1.9328271,-2.2228272,-3.4228272,-2.2828271,-0.32282716
-0.25282714,0.6271728,1.5771729,2.4971728,3.5871727,4.537173,5.3271728,6.4071727,7.537173,8.567173,9.327173,9.727173,9.937173,9.967173,9.687173,9.027173,7.9271727,6.4071727,4.6371727,3.4571729,1.1171728,-1.9328271,-4.002827,-4.582827,-4.5728273,-4.182827,-3.612827,-3.2928271,-3.6728272,-5.772827,-9.172827,-10.252827,-7.952827,-4.932827,-2.5428271,-0.56282717,0.83717287,1.5571729,1.7371728,1.5971729,1.4671729,1.1971729,1.7671728,3.0971727,3.887173,3.917173,3.0171728,1.4971728,-1.0128272,-4.202827,-5.832827,-5.002827,-3.7528272,-3.9028273,-3.4628272,-2.5228271,-3.352827,-3.3028271,-2.622827
-0.97282714,-0.06282715,1.1271728,2.677173,3.667173,4.4671726,5.4071727,6.707173,8.277173,9.627172,10.717173,11.567173,11.987173,12.137173,11.787173,10.907173,9.607173,8.037173,6.1171727,4.3671727,3.127173,1.7171729,-1.5328271,-5.3828273,-6.872827,-6.3628273,-5.582827,-4.962827,-4.962827,-6.752827,-10.332828,-10.612827,-7.4028273,-4.272827,-2.0328271,-0.34282714,0.8771728,1.6471728,1.8771728,2.0671728,1.8871728,1.9271729,2.9971728,4.4071727,5.037173,4.607173,3.0771728,0.96717286,-2.342827,-5.512827,-7.8228273,-9.052827,-5.3628273,-4.3628273,-3.642827,-2.342827,-2.132827,-3.9228272,-4.5328274
-1.9628272,-0.85282713,0.6371729,1.5971729,2.7471728,4.1371727,5.6971726,7.537173,9.457172,11.137173,12.137173,12.637173,12.917172,12.947173,12.767173,11.997173,10.697173,9.007173,7.187173,5.557173,4.257173,2.7971728,0.45717284,-2.7228272,-6.3828273,-8.012827,-7.662827,-7.162827,-7.212827,-9.922827,-11.042828,-8.792828,-6.082827,-3.6528273,-2.0428271,-0.7428272,0.33717287,1.1571728,1.5771729,1.7571728,2.0571728,3.0171728,4.877173,6.237173,6.507173,6.227173,4.977173,-0.10282715,-4.952827,-7.5328274,-8.952827,-9.042828,-8.492827,-6.8228273,-3.9228272,-1.5828271,-3.102827,-4.562827,-4.002827
-2.6828272,-1.8328271,-0.88282716,0.46717286,2.177173,4.2171726,6.417173,8.697173,10.637173,11.877172,12.507173,12.917172,13.297173,13.417172,13.377172,12.787173,11.697173,10.667172,9.037173,7.107173,5.247173,3.2771728,0.58717287,-2.2128272,-4.642827,-7.012827,-7.8228273,-9.552827,-12.112827,-11.252827,-9.552827,-7.232827,-4.952827,-2.822827,-1.2328272,-0.23282714,0.30717286,0.67717284,1.0771729,1.3971728,2.2571728,3.9471729,5.917173,6.777173,7.107173,7.3271728,6.207173,1.7171729,-4.522827,-7.4228272,-8.592827,-8.9128275,-8.672827,-7.8028274,-6.952827,-5.752827,-4.202827,-3.312827,-3.312827
-3.352827,-2.9328272,-2.0028272,-0.44282714,1.4971728,4.057173,6.857173,9.377172,11.137173,12.227173,12.637173,13.037173,13.417172,14.097173,14.127172,13.937173,13.3371725,12.167172,10.757173,9.207172,7.167173,3.5771728,-1.3128271,-5.482827,-6.602827,-8.4128275,-13.202827,-12.492827,-11.212827,-9.932827,-7.702827,-4.982827,-2.6828272,-1.0428271,-0.08282715,0.44717285,0.65717286,0.67717284,0.8771728,1.5271728,2.9571729,5.1171727,6.3671727,6.9271727,6.9671726,6.4271727,4.877173,1.8371729,-2.7828271,-6.192827,-7.512827,-8.292828,-8.862827,-8.862827,-8.392827,-7.5928273,-6.8628273,-6.692827,-6.8028274
-3.8028271,-3.4528272,-2.6628273,-1.4528271,0.92717284,3.8471727,6.817173,9.647173,11.297173,12.157173,12.257173,12.327173,12.857173,13.507173,14.207172,14.987173,15.157173,14.387173,12.417172,10.047173,8.007173,6.317173,4.567173,-6.792827,-12.832828,-12.512827,-10.882827,-9.772827,-8.072827,-6.222827,-4.312827,-2.7528272,-1.5828271,-0.5528271,0.34717286,0.83717287,0.89717287,0.7671729,0.99717283,2.2071729,4.4671726,6.2171726,7.207173,7.307173,6.977173,6.267173,4.687173,2.2271729,-1.1328272,-4.712827,-7.222827,-8.432827,-9.002827,-9.192827,-9.212827,-9.072827,-9.072827,-8.822827,-9.702827
-4.772827,-4.3428273,-3.5528271,-1.7228272,0.52717286,3.4771729,6.8471727,9.737173,11.347173,11.707172,11.477173,11.167172,11.297173,11.647173,12.817173,14.417172,16.217173,16.567173,12.487173,8.167172,2.4971728,3.5771728,2.7271729,0.15717286,-2.4728272,-4.8628273,-6.0928273,-5.812827,-4.852827,-3.642827,-2.3028271,-1.0728271,-0.45282716,-0.09282715,0.29717284,0.6971729,0.65717286,0.49717286,1.2571728,3.5571728,5.8671727,7.4071727,8.157173,8.647173,8.5871725,7.517173,5.1571727,1.9571729,-0.19282715,-2.4028273,-4.982827,-6.4028273,-7.232827,-7.9228272,-8.402827,-9.102827,-9.942827,-10.922827,-12.712827
-4.662827,-4.432827,-3.7528272,-2.2028272,0.36717284,2.9771729,6.287173,8.977173,10.397173,10.777173,10.297173,9.667172,9.327173,9.547173,9.8371725,10.687173,12.887173,16.627172,18.737173,11.317173,-1.8328271,2.4971728,1.3771728,-0.45282716,-2.372827,-3.5528271,-4.062827,-3.9028273,-2.9428272,-1.6228272,-0.46282715,0.38717285,0.78717285,0.83717287,0.45717284,0.16717285,-0.09282715,0.107172854,2.147173,5.167173,7.067173,8.227173,9.877172,10.897173,11.027173,8.857173,6.3271728,4.047173,-1.4528271,-4.502827,-4.3828273,-3.9728272,-4.712827,-6.642827,-8.342827,-9.922827,-12.032827,-13.982827,-14.022827
-4.8228273,-4.142827,-3.372827,-2.1728272,-0.25282714,2.4971728,5.457173,7.607173,9.017173,9.687173,9.307173,8.637173,7.9071727,8.037173,7.9471726,7.857173,8.787173,10.307173,13.027173,16.357172,12.577173,5.6371727,3.357173,1.2171729,-0.75282717,-2.0328271,-2.6728272,-2.582827,-1.5528271,-0.6828272,0.03717285,0.85717285,1.1571728,1.0371728,0.5071728,-0.36282715,-1.3028271,-0.18282714,3.4471729,6.067173,8.147173,9.927173,11.347173,12.897173,10.687173,9.357173,4.1171727,-2.7028272,-3.5428271,-2.5428271,-1.9228271,-2.7628272,-3.602827,-5.512827,-8.132827,-10.752827,-12.332828,-11.692827,-10.072827
-5.5528274,-4.6328273,-3.582827,-2.082827,-0.20282716,2.147173,4.457173,6.357173,7.527173,8.057173,8.257173,7.6971726,7.3471727,6.897173,6.797173,6.5771728,5.9671726,5.9671726,6.557173,8.387173,11.397173,10.007173,4.727173,1.2071729,-0.6228272,-1.1528271,-0.6128271,0.17717285,1.1871729,1.8271729,2.0371728,1.9171729,1.2871728,0.52717286,-0.022827148,-0.91282713,-1.5228271,0.41717285,3.8071728,6.567173,8.527173,10.117173,12.507173,12.917172,9.517173,9.257173,-1.4728272,-3.0428271,-2.7028272,-2.1628273,-1.8328271,-1.6428272,-2.5528271,-3.7128272,-4.8228273,-5.8028274,-6.3628273,-6.512827,-6.522827
-6.062827,-4.962827,-3.132827,-1.3028271,0.14717285,1.8771728,3.5471728,4.8671727,5.757173,6.4071727,7.1571727,7.207173,6.557173,5.977173,5.527173,5.377173,4.767173,3.7171729,3.2471728,3.877173,5.0771728,5.567173,4.007173,2.5271728,2.0871727,1.8171729,1.6271728,1.5571729,1.6271728,1.8371729,1.7771728,1.4171729,0.71717286,-0.10282715,-0.42282715,-0.9228271,-1.2128272,0.15717286,2.7171729,5.3671727,7.357173,8.697173,12.397173,8.107173,7.5971727,8.107173,3.627173,-0.72282714,-2.7128272,-3.0328271,-3.132827,-2.862827,-3.322827,-3.632827,-4.122827,-5.0928273,-4.872827,-4.692827,-4.5528274
-6.3028274,-4.992827,-2.6828272,-1.2728271,-0.38282716,0.60717285,1.9371729,3.187173,4.1971726,5.1171727,5.4071727,5.737173,5.877173,6.187173,5.9071727,5.377173,4.8871727,3.907173,2.0271728,0.9471729,0.5071728,0.14717285,0.0071728514,-1.0628271,-1.4728272,-0.16282715,0.5671728,1.0771729,1.6771729,2.3071728,2.4671729,1.6071728,-0.29282716,-1.4028271,-1.4828272,-1.6328272,-1.6928271,-0.042827148,2.617173,5.1971726,6.6571727,7.9271727,9.827173,3.1971729,4.017173,5.1571727,4.307173,2.0271728,0.34717286,-1.0628271,-1.7128272,-2.312827,-2.9528272,-3.6728272,-4.1128273,-4.5328274,-4.832827,-4.722827,-4.292827
-6.3828273,-4.4028273,-2.4528272,-1.2528272,-0.63282716,0.05717285,0.97717285,2.2571728,3.0071728,3.667173,3.867173,3.8471727,4.007173,3.387173,3.2571728,3.157173,3.2271729,3.367173,4.107173,3.7371728,1.7271729,-0.45282716,-2.2328272,-2.6528273,-1.9428271,-1.3428272,-0.44282714,0.48717284,1.2671728,2.0871727,2.0371728,0.6971729,-1.1128272,-2.372827,-2.6628273,-2.632827,-2.392827,-0.6828272,1.2971729,3.5371728,3.7871728,5.1971726,6.747173,-0.39282715,0.53717285,1.5771729,2.357173,1.6071728,0.7671729,-0.14282715,-0.9328272,-1.4628272,-2.0128272,-2.4528272,-2.822827,-3.2628272,-3.9028273,-4.1328273,-1.8328271
