raw-data-f/2018100818f3.json
{"header": { "discipline":0, "disciplineName":"Meteorological products", "gribEdition":2, "gribLength":75126, "center":7, "centerName":"US National Weather Service - NCEP(WMC)", "subcenter":0, "refTime":"2018-10-10T06:00:00.000Z", "significanceOfRT":1, "significanceOfRTName":"Start of forecast", "productStatus":0, "productStatusName":"Operational products", "productType":1, "productTypeName":"Forecast products", "productDefinitionTemplate":0, "productDefinitionTemplateName":"Analysis/forecast at horizontal level/layer at a point in time", "parameterCategory":2, "parameterCategoryName":"Momentum", "parameterNumber":2, "parameterNumberName":"U-component_of_wind", "parameterUnit":"m.s-1", "genProcessType":2, "genProcessTypeName":"Forecast", "forecastTime":3, "surface1Type":103, "surface1TypeName":"Specified height level above ground", "surface1Value":10.0, "surface2Type":255, "surface2TypeName":"Missing", "surface2Value":0.0, "gridDefinitionTemplate":0, "gridDefinitionTemplateName":"Latitude_Longitude", "numberPoints":65160, "shape":6, "shapeName":"Earth spherical with radius of 6,371,229.0 m", "gridUnits":"degrees", "resolution":48, "winds":"true", "scanMode":0, "nx":360, "ny":181, "basicAngle":0, "lo1":0.0, "la1":90.0, "lo2":359.0, "la2":-90.0, "dx":1.0, "dy":1.0 }, "data":
[rows 52 to 77 of 181, columns 177 to 235 of 360]
-1.4481201,-1.8781201,-2.03812,-1.7781202,-1.8181201,-1.8981202,-1.4881201,-1.2781202,-0.9081201,-0.79812014,-0.92812014,-0.6381201,-0.5981201,-1.3381201,-1.0781201,-1.6681201,-2.1381202,-1.9381201,-2.48812,-2.1081202,-1.5281202,-0.5781201,0.7918799,0.43187988,-0.04812012,-0.10812011,-0.6981201,-0.9681201,-1.1281201,-1.0281202,-1.6481202,-2.69812,-3.1781201,-2.8981202,-2.75812,-4.9581203,-5.11812,-4.73812,-5.17812,-5.7681203,-5.7881203,-5.82812,-4.9781203,-4.84812,-4.79812,-4.57812,-4.2681203,-3.8881202,-3.52812,-3.1681201,-2.99812,-2.8681202,-2.4381201,-2.1681201,-1.6781201,-0.92812014,0.051879883,1.0618799,2.96188
-3.51812,-3.8581202,-3.76812,-3.3781202,-3.1381202,-3.22812,-3.27812,-3.1081202,-2.72812,-2.56812,-2.6081202,-2.3481202,-2.02812,-3.0781202,-2.8581202,-3.03812,-3.1581202,-3.03812,-2.94812,-2.21812,-0.04812012,4.17188,-0.3881201,0.3918799,-0.7481201,-0.7081201,-0.5281201,-2.00812,-2.1081202,-2.54812,-3.0781202,-3.6381202,-4.2081203,-4.27812,-4.82812,-5.19812,-5.56812,-5.75812,-5.12812,-5.85812,-6.2481203,-5.73812,-5.68812,-5.40812,-5.25812,-5.0381203,-4.65812,-4.25812,-4.0381203,-3.6781201,-3.70812,-3.02812,-2.76812,-2.51812,-2.1381202,-1.6281201,-0.41812012,0.28187987,2.3818798
-5.32812,-5.34812,-5.09812,-4.85812,-4.66812,-4.7881203,-4.8081203,-4.66812,-4.59812,-4.31812,-4.2681203,-4.0381203,-4.12812,-4.4781203,-3.72812,-3.9181201,-3.94812,-3.3281202,-2.8581202,0.47187987,2.3918798,3.20188,-0.6881201,-0.4881201,-1.0781201,-1.0181202,-0.9981201,-2.4381201,-2.6581202,-3.98812,-4.38812,-4.83812,-5.08812,-5.14812,-5.62812,-5.9581203,-6.23812,-6.36812,-5.62812,-6.06812,-6.40812,-6.0381203,-6.00812,-6.0581203,-5.9781203,-5.50812,-5.2481203,-4.96812,-4.68812,-4.32812,-3.96812,-3.47812,-3.1081202,-2.4181201,-2.1881201,-2.26812,-1.8081201,-1.3481201,0.16187988
-6.85812,-6.88812,-6.4981203,-6.2281203,-6.14812,-6.29812,-6.25812,-5.94812,-5.79812,-5.8081203,-5.40812,-5.07812,-5.40812,-5.15812,-5.50812,-5.0581203,-4.67812,-0.98812014,1.1818799,2.20188,4.09188,1.3818799,-0.8381201,-1.0181202,-1.2081201,-1.3481201,-2.24812,-2.44812,-4.15812,-4.52812,-5.54812,-6.09812,-5.87812,-5.9781203,-6.27812,-6.40812,-6.65812,-6.69812,-6.4981203,-6.36812,-6.67812,-6.7281203,-6.67812,-6.38812,-6.27812,-6.14812,-5.79812,-5.86812,-5.66812,-5.11812,-4.38812,-3.9181201,-3.50812,-2.97812,-2.1281202,-2.02812,-1.9481201,-2.01812,-1.5181202
-8.28812,-8.13812,-7.83812,-7.61812,-7.67812,-7.5581203,-7.29812,-7.0581203,-7.04812,-6.29812,-5.8081203,-5.93812,-6.66812,-6.73812,-6.08812,-1.2981201,2.8318799,0.5618799,1.3418798,1.8118799,3.1318798,0.30187988,-1.6581202,-1.6281201,-2.1681201,-1.7981201,-2.72812,-3.5981202,-4.59812,-5.52812,-6.25812,-6.96812,-6.58812,-6.87812,-6.93812,-7.0181203,-7.02812,-7.07812,-6.8081203,-6.69812,-6.91812,-6.89812,-6.8081203,-6.9981203,-6.81812,-6.32812,-6.39812,-6.21812,-6.16812,-5.87812,-5.21812,-4.7081203,-3.8981202,-3.51812,-2.72812,-2.6381202,-1.9381201,-2.05812,-3.05812
-9.2981205,-8.97812,-8.968121,-8.95812,-8.70812,-8.32812,-8.03812,-7.69812,-6.98812,-6.67812,-6.57812,-6.27812,-6.5381203,-3.47812,2.25188,0.12187988,0.3518799,0.4118799,0.94187987,2.27188,0.8518799,-0.7581201,-1.7981201,-2.8981202,-3.30812,-2.46812,-4.44812,-4.96812,-5.36812,-6.33812,-6.68812,-7.38812,-7.23812,-7.56812,-7.4981203,-7.44812,-7.46812,-7.5381203,-7.29812,-7.14812,-6.8081203,-6.88812,-6.83812,-6.86812,-6.59812,-6.52812,-6.15812,-5.94812,-6.11812,-5.9781203,-5.82812,-5.2681203,-4.50812,-4.10812,-3.46812,-2.97812,-1.9181201,-1.0981201,0.4118799
-9.44812,-9.27812,-9.47812,-9.47812,-8.88812,-8.81812,-8.24812,-7.56812,-7.34812,-7.54812,-7.2481203,-4.7681203,-1.0281202,-0.92812014,-1.2981201,-0.9381201,-1.1281201,-0.6581201,-0.30812013,2.24188,0.37187988,-1.9781201,-2.1881201,-4.02812,-3.5881202,-3.20812,-5.19812,-6.11812,-6.21812,-6.84812,-6.9981203,-7.40812,-7.66812,-7.9781203,-7.7881203,-7.61812,-7.57812,-7.57812,-7.44812,-7.40812,-6.9981203,-6.63812,-6.5581203,-6.68812,-6.4981203,-6.18812,-6.0381203,-5.34812,-5.4981203,-5.4981203,-5.3081203,-5.41812,-5.10812,-4.61812,-3.45812,-2.6281202,-1.4781201,0.20187989,1.3918799
-9.31812,-9.20812,-9.53812,-9.91812,-9.70812,-9.08812,-8.70812,-8.31812,-8.49812,-6.98812,-2.8281202,-3.05812,-3.28812,-3.1481202,-3.00812,-2.8781202,-2.6481202,-1.7681202,-0.3381201,-0.3881201,-1.2581201,-3.01812,-3.8281202,-4.63812,-3.77812,-3.5981202,-4.5581203,-4.15812,-7.96812,-7.2881203,-7.37812,-7.56812,-7.87812,-8.23812,-7.96812,-7.66812,-7.4781203,-7.27812,-7.35812,-7.41812,-7.27812,-6.64812,-5.79812,-5.98812,-6.09812,-5.84812,-5.65812,-5.34812,-4.67812,-4.7881203,-4.33812,-4.2881203,-4.5581203,-3.99812,-3.48812,-2.28812,-0.9581201,0.04187988,0.44187987
-9.91812,-9.26812,-9.81812,-10.38812,-10.37812,-10.17812,-9.5481205,-8.2981205,-4.68812,-5.14812,-4.75812,-4.9581203,-5.16812,-4.9581203,-4.60812,-4.19812,-3.06812,-2.3381202,-2.1481202,-2.51812,-2.56812,-4.21812,-5.04812,-4.9581203,-3.9281201,-4.34812,-5.58812,-5.11812,-5.83812,-8.64812,-8.08812,-8.32812,-8.41812,-8.57812,-8.40812,-7.98812,-7.58812,-7.2881203,-7.10812,-7.14812,-7.19812,-6.86812,-5.84812,-5.15812,-4.89812,-5.33812,-4.9581203,-4.59812,-4.25812,-3.8381202,-3.3781202,-3.04812,-2.29812,-1.9981201,-1.6281201,-0.9081201,-0.10812011,0.31187987,0.3518799
-9.77812,-8.81812,-8.2981205,-8.49812,-9.33812,-8.64812,-5.4981203,-6.09812,-6.13812,-6.00812,-6.17812,-6.19812,-6.46812,-6.60812,-3.19812,-0.8781201,-2.1481202,-2.19812,-2.6181202,-3.1581202,-3.8881202,-4.71812,-5.62812,-5.48812,-4.9981203,-4.75812,-5.83812,-6.67812,-5.90812,-8.28812,-8.82812,-9.20812,-8.83812,-9.10812,-8.7981205,-8.59812,-8.03812,-7.37812,-6.92812,-6.7081203,-6.82812,-6.8081203,-6.50812,-6.2281203,-5.2481203,-4.5581203,-4.29812,-4.15812,-3.4081202,-2.97812,-2.30812,-2.5781202,-2.1281202,-1.5981201,-1.3081201,-1.2081201,-0.6981201,-0.5981201,0.3218799
-8.74812,-8.008121,-7.4781203,-8.18812,-5.58812,-5.69812,-6.3081203,-6.79812,-6.69812,-6.79812,-6.81812,-6.2681203,-3.71812,-2.5781202,-3.51812,-2.9081202,-2.50812,-3.3981202,-3.54812,-3.95812,-5.16812,-4.9981203,-6.2481203,-5.7281203,-5.63812,-4.71812,-6.34812,-6.64812,-7.2481203,-6.21812,-7.09812,-9.58812,-9.63812,-9.07812,-9.17812,-9.44812,-8.7981205,-7.88812,-7.18812,-6.87812,-6.7081203,-6.60812,-6.4981203,-6.37812,-6.23812,-5.8081203,-4.9781203,-4.27812,-3.49812,-2.8581202,-2.45812,-2.8381202,-2.8381202,-2.75812,-2.4081202,-2.05812,-1.4081202,-1.0681201,0.111879885
-7.94812,-7.73812,-6.15812,-3.55812,-5.92812,-6.07812,-6.8081203,-6.81812,-7.4581203,-7.39812,-5.5181203,-3.98812,-3.6381202,-4.12812,-3.47812,-3.78812,-4.00812,-3.99812,-4.4981203,-5.09812,-6.00812,-5.7481203,-5.85812,-6.29812,-6.11812,-5.66812,-6.16812,-6.77812,-6.92812,-7.11812,-6.59812,-5.9981203,-7.5381203,-9.92812,-9.39812,-9.14812,-9.13812,-8.77812,-7.7881203,-7.50812,-7.16812,-6.79812,-6.7081203,-6.35812,-6.31812,-6.02812,-5.5581203,-5.08812,-4.62812,-4.29812,-3.8881202,-3.4281201,-2.94812,-2.9381201,-2.73812,-2.26812,-2.1281202,-1.2381201,-0.27812013
-3.3481202,-2.8581202,-4.0181203,-5.73812,-6.0381203,-6.46812,-5.7281203,-7.36812,-7.57812,-5.62812,-4.02812,-3.76812,-4.75812,-3.98812,-3.70812,-4.37812,-4.57812,-4.2681203,-5.0181203,-5.92812,-6.40812,-6.52812,-6.83812,-6.66812,-6.48812,-5.4581203,-6.46812,-5.79812,-7.0581203,-8.18812,-7.02812,-7.08812,-6.43812,-5.38812,-9.08812,-9.60812,-9.008121,-8.82812,-8.43812,-7.91812,-7.58812,-7.29812,-7.00812,-6.61812,-6.35812,-5.9781203,-5.4781203,-5.06812,-4.7281203,-4.38812,-4.04812,-3.98812,-3.9081202,-3.73812,-3.31812,-3.05812,-2.3281202,-1.4081202,-0.91812015
-3.6081202,-4.68812,-5.75812,-6.09812,-6.08812,-5.84812,-5.93812,-7.19812,-6.00812,-4.46812,-4.32812,-4.7681203,-5.41812,-4.98812,-4.69812,-5.43812,-5.00812,-4.56812,-5.19812,-6.57812,-6.54812,-6.60812,-7.57812,-7.52812,-7.27812,-6.59812,-5.5381203,-5.58812,-6.29812,-6.37812,-7.02812,-7.10812,-6.4581203,-6.19812,-6.0181203,-7.54812,-7.9781203,-9.01812,-8.53812,-8.36812,-7.90812,-7.5181203,-7.02812,-6.87812,-6.5581203,-6.09812,-5.61812,-5.11812,-4.82812,-4.73812,-4.62812,-4.4781203,-4.35812,-4.23812,-3.9281201,-3.4381201,-3.1781201,-2.8981202,-2.54812
-6.2881203,-6.44812,-6.25812,-5.89812,-5.57812,-4.61812,-6.36812,-6.27812,-5.5381203,-5.18812,-5.38812,-5.0581203,-6.35812,-5.60812,-5.77812,-5.90812,-5.32812,-5.13812,-5.81812,-6.89812,-6.58812,-6.60812,-7.82812,-7.8081203,-8.09812,-7.57812,-6.96812,-6.48812,-6.06812,-6.16812,-5.92812,-6.48812,-7.12812,-6.0581203,-5.50812,-4.9581203,-7.16812,-8.06812,-7.98812,-8.59812,-8.17812,-7.59812,-7.00812,-6.8081203,-6.4781203,-5.84812,-5.5581203,-5.2081203,-4.91812,-4.67812,-4.37812,-4.34812,-4.4581203,-4.42812,-4.63812,-4.41812,-4.43812,-3.8781202,-2.8681202
-6.65812,-6.54812,-5.84812,-5.35812,-4.86812,-4.98812,-5.5581203,-4.81812,-3.8981202,-4.25812,-4.90812,-5.32812,-6.2081203,-5.71812,-5.89812,-6.2481203,-6.0181203,-5.5581203,-5.75812,-7.33812,-7.11812,-6.86812,-7.44812,-7.91812,-8.28812,-8.02812,-7.69812,-7.00812,-6.61812,-6.43812,-6.5581203,-6.02812,-5.86812,-6.46812,-6.2481203,-5.85812,-4.90812,-4.48812,-6.60812,-7.4581203,-8.31812,-7.9981203,-7.34812,-7.21812,-6.56812,-6.36812,-6.02812,-5.7081203,-5.27812,-5.12812,-4.79812,-4.54812,-4.61812,-5.15812,-5.36812,-4.7881203,-4.04812,-4.44812,-4.5581203
-6.73812,-6.14812,-5.67812,-5.25812,-4.41812,-4.2681203,-4.32812,-4.2881203,-3.80812,-3.6781201,-4.89812,-5.06812,-6.21812,-5.57812,-5.5381203,-5.62812,-6.0181203,-6.34812,-5.77812,-6.15812,-7.37812,-7.11812,-6.61812,-3.72812,-6.94812,-8.40812,-7.9781203,-7.4781203,-7.50812,-6.7281203,-5.75812,-6.04812,-6.04812,-5.9781203,-6.65812,-6.0181203,-6.38812,-6.00812,-5.00812,-3.8781202,-3.8281202,-4.69812,-5.37812,-5.4581203,-5.57812,-5.86812,-5.40812,-4.91812,-4.69812,-4.56812,-4.60812,-4.19812,-4.29812,-5.0181203,-4.48812,-3.74812,-4.7281203,-6.19812,-6.93812
-6.59812,-5.9781203,-5.46812,-4.98812,-4.7081203,-4.48812,-3.23812,-3.71812,-4.09812,-2.95812,-4.40812,-5.07812,-5.63812,-5.43812,-5.4581203,-5.65812,-5.4981203,-5.84812,-4.66812,-5.4781203,-5.77812,-5.9781203,-7.50812,-7.08812,-5.57812,-6.71812,-3.78812,-3.96812,-5.35812,-6.2481203,-6.63812,-6.63812,-6.29812,-5.77812,-6.2881203,-6.61812,-6.36812,-6.38812,-5.87812,-5.50812,-5.17812,-4.27812,-3.51812,-3.30812,-3.1781201,-3.24812,-3.55812,-4.0381203,-4.0381203,-4.0181203,-3.69812,-3.1881201,-2.9081202,-3.3481202,-3.22812,-3.79812,-5.68812,-7.71812,-9.62812
-7.04812,-6.48812,-5.84812,-5.3081203,-4.61812,-3.4281201,-2.27812,-2.6581202,-3.1681201,-2.70812,-3.72812,-4.38812,-5.5181203,-5.33812,-4.90812,-4.65812,-6.18812,-5.9981203,-5.31812,-4.94812,-4.7481203,-5.21812,-5.79812,-6.2881203,-4.16812,-5.2881203,-6.32812,-1.4381201,-1.6881201,-3.1281202,-5.86812,-7.0581203,-6.86812,-6.43812,-6.19812,-6.14812,-6.37812,-6.7481203,-6.31812,-5.8081203,-5.2481203,-4.77812,-3.8781202,-3.6581202,-3.3681202,-3.3281202,-3.4381201,-3.48812,-3.70812,-3.50812,-2.4381201,-1.4681201,-1.1381202,-1.6681201,-2.49812,-2.80812,-5.2281203,-10.03812,-15.39812
-6.71812,-6.13812,-5.81812,-4.9781203,-3.6081202,-2.6381202,-1.9781201,-0.8981201,-0.9481201,-1.7881202,-2.8981202,-3.24812,-4.58812,-4.19812,-4.21812,-4.9981203,-6.07812,-5.9781203,-5.62812,-4.7481203,-4.23812,-5.00812,-5.65812,-5.5381203,-5.46812,-3.3281202,-5.73812,-6.34812,-5.44812,-4.31812,-5.11812,-5.89812,-6.98812,-6.54812,-6.62812,-6.2081203,-7.11812,-6.84812,-6.4581203,-6.2081203,-5.67812,-4.7481203,-4.0181203,-3.25812,-3.0981202,-2.9181201,-2.1881201,-2.29812,-2.20812,-1.3681201,-2.19812,-2.5881202,-0.34812012,-0.14812012,-0.7781201,-1.0681201,-1.8081201,-8.89812,-21.46812
-5.42812,-5.40812,-3.8781202,-2.77812,-2.1681201,-2.1481202,-1.9081202,-1.0881201,-0.34812012,-1.7181201,-2.1281202,-3.4281201,-4.36812,-3.26812,-4.4781203,-5.0581203,-4.60812,-4.52812,-5.12812,-4.88812,-4.13812,-4.7281203,-5.19812,-6.04812,-6.19812,-5.85812,-7.29812,-6.91812,-6.0381203,-5.12812,-4.7081203,-4.85812,-4.92812,-6.42812,-5.92812,-4.93812,-6.37812,-5.86812,-6.73812,-7.10812,-5.86812,-5.00812,-4.09812,-3.5781202,-3.4381201,-2.6081202,-1.3581201,-0.85812014,-1.7481201,-0.47812012,-3.3881202,-1.2581201,-0.2681201,0.94187987,1.1618799,2.24188,4.10188,3.8218799,-0.008120117
-4.7081203,-4.64812,-4.5181203,-3.31812,-2.26812,-2.6681201,-2.24812,-2.0981202,-3.05812,-2.25812,-3.1381202,-3.5981202,-4.23812,-3.6481202,-4.52812,-4.7681203,-4.63812,-4.2681203,-4.0181203,-4.67812,-4.04812,-4.0381203,-4.63812,-5.04812,-5.57812,-6.35812,-6.63812,-7.23812,-6.06812,-5.42812,-4.41812,-4.39812,-4.57812,-4.37812,-4.0381203,-3.3481202,-2.78812,-3.1481202,-3.74812,-5.13812,-5.62812,-4.92812,-4.39812,-3.46812,-3.98812,-3.5881202,-2.50812,-1.3781201,-1.8681201,-2.1881201,-1.9181201,-1.1881201,-0.04812012,0.9618799,3.23188,5.80188,9.31188,16.98188,20.48188
-4.71812,-5.15812,-4.58812,-4.13812,-2.96812,-2.55812,-1.5781201,-3.1281202,-0.7881201,-0.8781201,-3.71812,-3.3881202,-4.77812,-3.0781202,-4.7481203,-4.60812,-4.7481203,-4.67812,-4.73812,-4.7281203,-4.4781203,-3.94812,-4.04812,-5.16812,-5.11812,-6.33812,-6.62812,-7.0581203,-6.46812,-5.8081203,-4.67812,-4.42812,-4.83812,-4.7881203,-4.34812,-3.99812,-3.70812,-3.1781201,-2.98812,-3.31812,-3.8981202,-3.73812,-3.06812,-1.9781201,-1.4381201,-4.18812,-2.95812,-2.1181202,-1.9681201,-1.8081201,-0.6881201,-0.6481201,0.7318799,1.1718799,3.03188,7.33188,11.33188,15.16188,16.07188
-4.87812,-4.36812,-4.61812,-4.02812,-2.8681202,-2.4081202,-1.9981201,-1.2081201,-0.5981201,-2.8781202,-3.5981202,-3.6881201,-5.09812,-3.5981202,-4.3081203,-5.10812,-5.33812,-5.46812,-5.54812,-5.4581203,-4.9581203,-4.63812,-3.94812,-4.23812,-4.63812,-5.5381203,-5.7681203,-6.52812,-6.3081203,-5.23812,-4.29812,-2.98812,0.09187988,0.8618799,-1.7881202,-3.4381201,-2.8881202,-2.4381201,-2.0981202,-2.26812,-3.55812,-2.97812,-3.1481202,-2.3381202,-1.0181202,-1.3481201,-2.1081202,-3.23812,-2.0781202,-0.7181201,0.13187988,1.0018799,1.2918799,1.7118798,3.1218798,5.95188,9.22188,11.06188,11.30188
-5.81812,-5.16812,-4.67812,-4.04812,-3.02812,-1.4281201,-1.2281201,-1.2081201,-2.0781202,-3.77812,-4.08812,-4.8081203,-4.89812,-4.02812,-4.4581203,-5.2481203,-4.7881203,-6.14812,-5.93812,-5.84812,-5.2481203,-4.4981203,-3.3681202,-3.1481202,-4.02812,-4.56812,-5.87812,-6.2481203,-5.73812,-4.3081203,-3.1581202,-1.3581201,-0.7881201,-0.7681201,-1.1781201,-2.28812,-2.8681202,-2.1681201,-2.1781201,-2.06812,-1.4281201,-2.97812,-3.06812,-2.3881202,-1.2681202,-0.40812013,0.5318799,-0.8381201,-1.8381201,-1.1781201,0.5418799,2.0918798,3.0718799,3.94188,4.38188,5.93188,8.15188,9.50188,9.19188
-5.65812,-4.50812,-3.94812,-2.55812,-1.8581201,-0.20812012,-0.67812014,-1.2581201,-3.9381201,-4.40812,-4.3081203,-4.9581203,-5.19812,-4.5581203,-4.4781203,-4.79812,-5.2481203,-6.0181203,-4.77812,-4.90812,-4.88812,-4.44812,-5.0581203,-5.06812,-3.8881202,-2.6381202,-1.5581201,-1.1081201,-4.16812,-4.16812,-3.5981202,-2.71812,-1.9981201,-1.9281201,-2.0781202,-2.46812,-2.6081202,-2.6781201,-2.1581202,-0.4281201,-0.41812012,-0.46812013,-3.31812,-2.52812,-1.8181201,-0.3381201,0.9318799,2.48188,2.5718799,0.011879883,1.9818798,3.27188,4.4818797,5.4618797,7.13188,7.84188,8.75188,9.21188,8.97188
