raw-data-f/2018100618f3.json
{"header": { "discipline":0, "disciplineName":"Meteorological products", "gribEdition":2, "gribLength":74982, "center":7, "centerName":"US National Weather Service - NCEP(WMC)", "subcenter":0, "refTime":"2018-10-06T18:00:00.000Z", "significanceOfRT":1, "significanceOfRTName":"Start of forecast", "productStatus":0, "productStatusName":"Operational products", "productType":1, "productTypeName":"Forecast products", "productDefinitionTemplate":0, "productDefinitionTemplateName":"Analysis/forecast at horizontal level/layer at a point in time", "parameterCategory":2, "parameterCategoryName":"Momentum", "parameterNumber":3, "parameterNumberName":"V-component_of_wind", "parameterUnit":"m.s-1", "genProcessType":2, "genProcessTypeName":"Forecast", "forecastTime":3, "surface1Type":103, "surface1TypeName":"Specified height level above ground", "surface1Value":10.0, "surface2Type":255, "surface2TypeName":"Missing", "surface2Value":0.0, "gridDefinitionTemplate":0, "gridDefinitionTemplateName":"Latitude_Longitude", "numberPoints":65160, "shape":6, "shapeName":"Earth spherical with radius of 6,371,229.0 m", "gridUnits":"degrees", "resolution":48, "winds":"true", "scanMode":0, "nx":360, "ny":181, "basicAngle":0, "lo1":0.0, "la1":90.0, "lo2":359.0, "la2":-90.0, "dx":1.0, "dy":1.0 }, "data":
[rows 52 to 77 of 181, columns 174 to 231 of 360]
0.5044287,1.5144287,1.6444287,1.9144287,1.6944287,2.4744287,2.9044287,0.8744287,-0.5555713,0.10442871,-0.9055713,-0.7155713,0.4244287,1.0644287,0.1844287,-0.8355713,-0.6255713,-0.10557129,0.05442871,-2.1355712,-5.3655715,-8.035571,-8.655571,-12.365571,3.0144286,19.93443,19.95443,17.95443,16.174429,14.8644285,13.934429,12.804429,11.324429,10.534429,9.1544285,8.734428,7.774429,7.814429,7.174429,6.754429,5.9944286,4.5744286,2.8044288,0.5344287,-0.8855713,-2.7455714,-3.9055712,-4.435571,-4.1955714,-5.2355714,-6.225571,-6.665571,-6.6255713,-7.225571,-7.705571,-8.145572,-9.0955715,-10.165571
-1.0855713,0.09442871,1.3444287,1.6844287,1.3544288,2.5544288,2.5644288,-0.005571289,-1.6855713,-1.7355713,0.1544287,0.89442873,-0.14557129,-0.7655713,-1.0355713,-1.1755713,0.9244287,1.3144287,-0.6255713,-2.6355712,-5.2155714,-6.995571,-6.8855715,-5.6355715,2.9944286,14.874429,17.894428,16.244429,15.144428,13.724429,13.204429,11.954429,10.564428,9.854428,8.944428,8.344429,7.7844286,7.0344286,6.3744287,5.9744287,5.4744287,4.754429,2.6944287,0.51442873,-1.3455713,-2.8455713,-3.7355714,-4.1255713,-5.6055713,-6.0655713,-6.665571,-6.8355713,-7.475571,-7.955571,-8.305572,-8.555572,-9.045571,-10.055572
-1.5655713,0.1544287,1.2544287,2.0444288,1.2044287,1.8144287,1.8144287,-1.1255713,-2.5355713,-2.0755713,-1.0055712,0.1544287,-0.46557128,-1.7755713,-1.9655713,0.22442871,1.5944287,0.5244287,-1.5555713,-2.9055712,-4.6255713,-5.4255714,-4.5955715,-1.9755713,1.8044287,10.574429,14.174429,14.414429,13.774428,12.8644285,12.234428,11.084429,9.934429,8.9044285,8.124429,7.9144287,7.234429,6.2244287,5.964429,5.234429,4.734429,3.7644286,2.7744286,0.7944287,-1.2655712,-2.7155714,-4.055571,-4.7555714,-6.1355715,-6.3755713,-6.6355715,-7.3355713,-7.685571,-7.8355713,-8.435572,-8.895572,-9.405571,-9.815571
0.1544287,1.0644287,2.1744287,1.6944287,0.4844287,1.8544288,0.63442874,-1.7055713,-3.1455712,-2.7455714,-1.2155713,-1.1155713,-2.0055714,-1.8555713,0.27442873,2.4244287,1.4844288,-0.8255713,-2.2655714,-3.1355712,-3.9655714,-4.285571,-3.1655712,-1.3555713,1.5644287,8.6544285,11.944428,13.394428,12.634429,11.9044285,11.144428,10.274428,9.014429,7.504429,7.354429,7.214429,6.4344287,5.794429,5.2444286,4.7844286,3.9144287,3.0844288,2.2844286,0.95442873,-0.9555713,-2.8155713,-4.0655713,-4.9255714,-5.6055713,-6.1955714,-6.575571,-7.2955713,-7.055571,-7.825571,-8.325571,-8.8855715,-9.415571,-9.545571
2.6644287,2.3044288,1.5544287,1.0444287,-0.3855713,0.3644287,0.3544287,-2.5655713,-3.9355712,-3.2955713,-2.9655714,-2.8255713,-1.7355713,1.2744287,1.9444287,0.7344287,-0.4555713,-1.9155713,-2.8555713,-3.5055714,-4.035571,-3.7355714,-2.7655714,-1.5055712,2.5344286,7.444429,11.324429,12.564428,11.474429,10.9044285,10.354428,9.944428,8.554429,7.524429,7.6844287,6.8744287,6.294429,5.8944287,4.9944286,4.104429,3.1344287,2.3944287,1.3644288,0.5044287,-0.7555713,-2.2155714,-3.7555714,-4.8855715,-5.3855715,-5.685571,-6.035571,-6.5255713,-7.3155713,-7.7155714,-7.8755713,-8.295571,-8.665571,-8.425571
0.7244287,0.06442871,-0.7255713,-1.9355713,-1.6955713,-1.8055713,-2.1055713,-3.8455713,-4.705571,-4.285571,-3.8855712,-1.8155713,0.6544287,0.014428711,-0.47557127,-1.1455712,-2.3255713,-3.1455712,-3.6255713,-3.9555712,-4.3355713,-3.8655713,-2.8255713,-0.7855713,2.8644288,6.084429,10.494429,11.884429,10.394428,10.544429,9.844429,8.6544285,7.834429,7.3244286,7.1644287,6.504429,5.834429,5.5544286,5.024429,4.1644287,2.5744288,1.7244287,0.7244287,-0.11557129,-1.3355713,-2.0255713,-3.1355712,-4.395571,-5.435571,-5.8655715,-5.9255714,-6.1955714,-6.8555713,-7.5455713,-7.8655715,-7.995571,-8.155571,-8.005571
-0.6355713,-1.6155713,-1.9955713,-2.4355712,-2.4655714,-4.0055714,-3.8355713,-3.9355712,-4.6155715,-4.225571,-1.9555713,-0.8155713,-1.4755713,-2.0355713,-2.9255712,-3.6055713,-3.5355713,-3.7255714,-3.8755713,-4.1755714,-4.245571,-3.4155712,-3.4755714,-0.9555713,2.4144287,8.324429,10.694428,10.964429,8.954429,9.674429,8.774428,7.834429,6.944429,6.4344287,6.174429,6.0744286,5.314429,4.464429,4.1544285,3.7744286,2.8144288,0.95442873,0.19442871,-1.1355712,-1.7555712,-2.5555713,-3.3855712,-3.8855712,-4.5255713,-5.5655713,-6.185571,-6.6155715,-6.995571,-7.1755714,-7.8655715,-7.9255714,-7.7355714,-7.785571
-1.9755713,-2.5655713,-2.7955713,-3.8055713,-4.2155714,-3.5855713,-4.5855713,-5.5955715,-2.3355713,-0.21557128,-1.7755713,-3.0555713,-4.0455713,-4.6055713,-4.8655715,-4.8555713,-3.9555712,-3.6155713,-3.2155714,-3.8755713,-3.7855713,-4.5855713,-1.5455713,0.08442871,-0.09557129,9.014429,9.394428,9.954429,8.354428,8.284429,8.664429,7.6344285,6.984429,5.7644286,6.084429,5.4944286,4.3244286,3.5544288,2.7944288,2.0544288,1.9244287,1.1844287,0.06442871,-1.2555712,-1.9255713,-3.0455713,-3.8155713,-4.245571,-4.8355713,-5.305571,-5.8855715,-6.8555713,-7.3155713,-7.535571,-7.6755714,-7.8855715,-8.155571,-8.465571
-2.9155712,-3.1755712,-3.9855714,-4.9055715,-4.915571,-2.0255713,-1.9555713,-2.0355713,-2.0655713,-2.3755713,-4.1755714,-5.3755713,-6.325571,-7.3455715,-5.205571,-0.54557127,1.0744287,0.57442874,-0.5955713,-2.5155714,-2.5055714,-1.2655712,-1.9455713,-1.2755713,2.1144288,7.504429,8.974429,9.034429,7.9744287,7.484429,7.9944286,7.424429,6.254429,4.7844286,4.8944287,4.504429,3.6344287,2.8944287,1.9144287,1.2444288,0.76442873,0.5844287,0.10442871,-0.6455713,-2.0255713,-2.9455712,-3.6155713,-4.0455713,-4.745571,-5.0955715,-5.5855713,-6.205571,-6.915571,-7.6355715,-8.295571,-8.725572,-9.015572,-9.075571
-2.7955713,-3.5455713,-3.8555713,-2.7155714,-1.2555712,-1.8055713,-3.0355713,-3.2355714,-4.0255713,-4.8855715,-5.915571,-6.8655715,-8.565571,-5.555571,2.0944288,1.9244287,1.8944287,1.1144288,0.02442871,-1.4755713,-2.3655713,-1.7355713,-0.79557127,-2.0455713,2.3144288,7.354429,8.924429,8.934429,7.9544287,7.2844286,6.854429,6.734429,5.064429,4.104429,3.6744287,3.7344286,3.3144288,2.0744288,1.3644288,0.8044287,0.49442872,0.12442871,0.14442872,-0.6355713,-1.2655712,-2.1155713,-3.1955712,-4.185571,-4.575571,-4.7755713,-5.205571,-5.6955714,-6.075571,-6.455571,-7.075571,-7.5955715,-8.0955715,-8.505571
-3.3055713,-3.5255713,-3.4755714,-3.5555713,-3.7055712,-4.0055714,-4.185571,-4.705571,-5.6355715,-6.5255713,-7.5455713,-8.605572,-7.9655714,2.0044286,1.2244287,1.0444287,0.88442874,-0.3355713,-0.24557129,0.20442872,0.4444287,-0.2955713,-1.6455712,-0.46557128,2.9244287,8.534429,9.514429,9.034429,7.6844287,6.8644285,6.2044287,5.024429,3.8844287,2.8144288,3.0344286,2.9944286,1.9744287,2.3444288,1.8344287,1.0444287,-0.015571289,-0.6255713,-0.9655713,-1.0355713,-1.1655713,-1.7355713,-2.4555712,-3.2555714,-3.9355712,-4.5255713,-4.915571,-5.205571,-5.3155713,-5.805571,-6.2955713,-6.7155714,-6.895571,-7.1355715
-4.035571,-4.0655713,-4.4455714,-4.9055715,-5.2555714,-5.3455715,-5.685571,-6.1355715,-6.7755713,-7.535571,-8.395572,-7.685571,-0.6355713,0.40442872,0.8744287,0.2544287,2.4244287,2.4944286,0.9944287,-0.4555713,-0.9055713,-0.6355713,-0.13557129,1.7844287,3.1144288,8.244429,8.964429,8.264429,6.9744287,5.794429,5.1444287,3.8144288,3.1344287,2.7044287,2.7544286,3.1644287,2.5644288,1.7644287,1.1244287,0.7944287,0.2344287,-0.3055713,-1.5455713,-1.8555713,-2.1755712,-2.3155713,-2.3355713,-2.9155712,-3.4855714,-4.185571,-4.645571,-5.0855713,-5.435571,-5.7355714,-6.1055713,-6.285571,-6.5655713,-6.8155713
-4.825571,-5.225571,-5.705571,-5.9855714,-6.0055714,-6.185571,-6.2555714,-6.0255713,-5.935571,-6.6755714,-5.6755714,-1.0955713,-0.4855713,0.07442871,0.4544287,2.6944287,1.2944287,0.6144287,0.1544287,-0.015571289,0.4544287,1.2844287,1.0244287,2.0544288,3.1844287,6.694429,8.264429,7.4744287,6.2444286,4.774429,4.0744286,3.0444288,3.0544288,3.1444287,2.7544286,2.3944287,1.0244287,0.8544287,0.8144287,0.7244287,0.7944287,0.6044287,0.05442871,-1.1155713,-2.5555713,-3.2855713,-3.7255714,-3.9655714,-4.3855715,-4.9455714,-5.075571,-5.015571,-5.7355714,-6.305571,-6.575571,-6.8555713,-6.955571,-7.035571
-5.3355713,-5.575571,-5.7755713,-5.1755714,-4.8155713,-4.555571,-4.0055714,-3.8655713,-2.4655714,-1.9555713,-0.3855713,-0.8755713,-0.4855713,-0.8955713,2.2844286,0.5844287,0.27442873,0.8744287,0.28442872,-0.6455713,2.4544287,0.8744287,0.5444287,1.2344288,2.8644288,5.8644285,7.944429,6.1544285,5.0944285,3.5544288,2.6144288,2.2044287,2.3844287,2.8444288,2.5544288,1.6144288,1.8444287,1.0744287,0.6544287,0.43442872,0.014428711,-0.2355713,-0.025571289,-0.4255713,-0.98557127,-2.1955712,-3.0655713,-3.9255712,-4.825571,-5.0255713,-5.395571,-5.8755713,-6.3655715,-6.245571,-6.3755713,-7.015571,-7.4055715,-7.2755713
-3.1355712,-3.3055713,-2.4055712,-2.1555712,-1.3255713,-1.0355713,-1.8055713,-1.9555713,-2.5255713,-2.0755713,-0.5655713,-0.4955713,-0.6955713,1.5244287,-0.065571286,0.2644287,0.21442871,0.4444287,1.7044287,1.8344287,1.1844287,0.6544287,-0.6855713,0.89442873,2.5944288,5.234429,6.4744287,4.814429,3.7244287,2.5944288,1.4844288,1.4644287,2.1244287,2.2244287,1.7944287,1.1344287,1.1444287,1.2544287,1.4644287,1.0144287,0.14442872,-0.31557128,-1.0855713,-1.3755713,-2.0155714,-2.5055714,-2.9255712,-3.6755712,-3.7955713,-4.3455715,-4.6955714,-5.2155714,-5.665571,-5.7355714,-6.055571,-6.1155715,-6.395571,-6.055571
-2.8955712,-3.1255713,-3.0355713,-2.8555713,-2.6255713,-3.0055714,0.40442872,-1.1255713,-2.5255713,-0.8055713,-0.9055713,-0.8055713,0.19442871,-0.055571288,-0.46557128,-0.40557128,0.4444287,1.0544287,0.9244287,0.64442873,1.1044288,0.8044287,1.6044288,1.2744287,3.2044287,4.8044286,2.6844287,4.274429,2.6744287,1.8344287,1.6044288,1.9844288,1.9844288,1.4744287,1.3944287,0.8744287,0.7944287,0.6744287,0.70442873,0.6744287,0.06442871,0.76442873,-0.14557129,-1.3155713,-1.9955713,-2.7755713,-3.1455712,-3.4655714,-3.3855712,-3.8755713,-4.0955715,-4.265571,-4.1955714,-4.5455713,-5.035571,-5.245571,-5.6755714,-5.915571
-3.0255713,-3.0755713,-3.1855712,-3.1755712,-3.7455714,-0.5955713,-0.10557129,-1.8755713,-1.9055713,-1.3255713,-1.3155713,-0.09557129,-0.3955713,-0.31557128,-0.7255713,-0.18557128,-0.40557128,1.1244287,1.4044287,2.8244288,2.9944286,2.2044287,2.1844287,2.8444288,3.9144287,4.084429,0.76442873,0.7544287,1.9044287,1.0644287,0.63442874,0.64442873,0.7144287,1.0344287,0.7244287,0.8144287,0.8044287,0.5644287,0.82442874,0.40442872,-0.055571288,-0.18557128,-0.3555713,-1.8155713,-2.1455712,-2.5155714,-2.8655713,-3.0455713,-3.2955713,-3.1655712,-3.7055712,-4.555571,-5.145571,-5.395571,-5.5455713,-5.8755713,-6.185571,-6.325571
-3.1455712,-3.3655713,-3.5155714,-3.3255713,-1.7655712,-0.31557128,-0.92557126,-1.7555712,-2.5855713,-2.7155714,-0.8155713,-0.67557126,-0.1755713,-0.7555713,-0.8755713,-1.1555713,3.6944287,3.2444286,3.1344287,3.2344286,2.7044287,2.5744288,3.6144288,4.1844287,4.584429,2.9044287,0.05442871,-0.5955713,-1.6955713,-0.4455713,0.70442873,-0.5555713,-0.3355713,-0.3255713,0.16442871,1.0844287,0.6144287,0.22442871,-0.28557128,-0.4555713,0.14442872,0.10442871,-1.0955713,-2.2355714,-1.5455713,-2.1355712,-2.3355713,-2.6555712,-3.1855712,-3.7955713,-4.3555713,-4.915571,-5.495571,-5.805571,-5.955571,-6.3855715,-6.645571,-7.0855713
-2.3655713,-3.0055714,-3.6455712,-3.5555713,-1.2855713,-0.9655713,-1.5755713,-2.4355712,-2.5455713,-3.0355713,0.6644287,-0.08557129,-0.4155713,-1.4155713,-0.43557128,5.424429,5.0544286,4.4044285,3.2944288,2.3344288,1.7144287,4.004429,4.354429,4.314429,3.0244286,1.5844287,-0.6855713,-1.1555713,-0.8955713,-2.7355714,-2.4855714,1.7044287,0.40442872,0.27442873,0.40442872,0.4244287,0.4744287,0.3244287,0.02442871,-0.22557129,-0.08557129,-0.4555713,-1.0555713,-2.6155713,-1.0455713,-0.9455713,-1.7155713,-2.6455712,-3.4555712,-4.0655713,-4.9255714,-5.2355714,-5.975571,-6.325571,-6.6355715,-7.1255713,-7.7755713,-8.405571
-3.1855712,-2.8955712,-3.7255714,-2.5355713,-1.2755713,-1.4855713,-1.7055713,-2.7555714,-2.7655714,-1.9555713,-0.9055713,-0.3955713,-0.9755713,-1.4155713,4.9544287,6.4144287,5.174429,4.5944285,3.3044288,1.6444287,2.3044288,4.564429,4.794429,3.7744286,2.0544288,0.49442872,-0.3255713,-2.0355713,-2.0255713,-2.3955712,0.43442872,-0.46557128,0.10442871,-0.1255713,1.6044288,0.21442871,0.20442872,0.05442871,-0.2655713,-0.3955713,-0.7755713,-0.9355713,-1.3055713,-2.6955712,-2.4955714,-0.3655713,-0.1755713,-2.2955713,-3.5055714,-4.5055714,-5.5055714,-6.0855713,-6.4055715,-6.7355714,-7.7755713,-8.265572,-8.795571,-9.915571
-1.4555713,-1.8155713,-1.2155713,-0.9655713,-1.4055713,-1.3555713,-0.15557128,-1.9055713,-1.8855712,-1.7955713,-1.4655713,-1.4055713,-2.1355712,2.0744288,4.6544285,6.424429,6.0344286,4.8744287,3.7844286,2.7444286,3.2944288,4.424429,4.3244286,3.2244287,1.5744287,0.13442871,-0.9655713,-3.7155714,0.16442871,1.1144288,1.0444287,0.8444287,0.27442873,0.5044287,0.43442872,0.07442871,-0.005571289,-0.3655713,-0.22557129,-0.5655713,-0.4255713,-1.6355712,-2.3055713,-2.3755713,-2.9155712,-0.92557126,-0.4455713,-1.4455713,-2.9055712,-5.325571,-6.3755713,-7.0255713,-7.645571,-7.8155713,-8.5955715,-8.975572,-10.125571,-11.045571
-0.9055713,0.16442871,-0.2355713,-0.54557127,-0.5355713,-0.5955713,-0.6955713,-1.3855712,-1.5955713,-1.8455713,-1.8055713,-2.2855713,-2.0055714,2.5444288,4.0344286,7.3844285,7.084429,5.6144285,4.3944287,3.4144287,3.1444287,4.6444287,4.0344286,2.8544288,1.8844287,0.08442871,-1.7855713,-2.8555713,-0.85557127,0.04442871,0.10442871,-0.015571289,0.22442871,0.3644287,-0.61557126,0.24442871,1.6544287,1.1244287,2.4044287,1.4044287,0.4244287,-0.6955713,-1.8655713,-2.3855712,-1.9355713,-1.5855713,-1.6255713,-2.2955713,-2.8855712,-4.765571,-6.495571,-6.9455714,-7.2355714,-7.825571,-8.405571,-9.585571,-10.675571,-11.875571
-0.60557127,-1.2855713,-0.8755713,-0.9455713,-1.4255713,-1.4955713,-0.025571289,-1.2655712,-1.6155713,-1.6155713,-2.5955713,-2.2155714,0.04442871,1.4444287,4.604429,7.0544286,7.3044286,5.604429,4.274429,3.1944287,2.9644287,3.9044287,3.2244287,2.4144287,1.6844287,0.2644287,-1.6155713,-2.4355712,-1.3855712,-0.92557126,-0.67557126,-1.2555712,1.1544287,0.5844287,1.0044287,0.1544287,0.9944287,1.5244287,1.0144287,0.57442874,0.6144287,-0.19557129,-1.5755713,-1.9455713,-2.1455712,-2.2655714,-1.7655712,-1.6055713,-2.5555713,-3.5855713,-6.0855713,-6.1355715,-6.2355714,-6.895571,-7.9655714,-9.5955715,-10.745571,-12.425571
-1.6455712,-2.0455713,-1.6355712,-0.79557127,0.034428712,-0.04557129,-0.015571289,-0.9455713,-1.5655713,-3.1755712,-2.6355712,-1.0955713,-0.03557129,3.1444287,5.104429,6.084429,7.1644287,5.834429,4.0344286,2.3844287,1.8344287,3.6044288,2.4344287,1.9744287,1.0644287,0.6244287,-1.1155713,-1.4755713,-1.2055713,-1.4255713,-1.8255713,-2.7655714,1.6844287,0.9144287,0.1544287,-0.73557127,-0.5155713,-0.2755713,-0.31557128,0.5444287,0.08442871,-0.3055713,-1.1355712,-1.6555713,-2.1755712,-2.5455713,-2.6455712,-2.7655714,-2.8255713,-3.5655713,-5.0455713,-6.5255713,-4.6955714,-5.415571,-7.4055715,-8.935572,-10.285571,-12.235571
-1.4855713,-0.40557128,0.5344287,0.5844287,1.0144287,1.3244287,1.2944287,0.1544287,-1.5655713,-3.4055712,-0.16557129,0.9344287,0.7844287,3.0644288,5.5144286,5.9344287,6.3744287,5.104429,3.7044287,2.5144286,1.0944287,2.8344288,1.9444287,1.2344288,0.4444287,0.2944287,-0.3255713,-0.85557127,-1.7355713,-1.8055713,-2.0955713,-0.2355713,2.7644286,1.5044287,0.7144287,0.20442872,-1.1455712,-1.2055713,-1.8155713,-1.2755713,-0.8455713,0.16442871,-0.22557129,-1.5655713,-2.1155713,-2.5355713,-3.0255713,-3.3455713,-3.6755712,-4.2555714,-4.6055713,-5.6555715,-5.1555715,-4.8355713,-6.6955714,-8.015572,-9.355572,-11.105572
-2.2455714,0.5944287,1.7144287,1.7444288,3.1144288,2.9744287,1.8644288,0.63442874,-0.6955713,0.7144287,2.4044287,1.3744287,3.0044286,4.4044285,5.174429,4.7644286,5.174429,4.3244286,3.2744286,2.5344286,1.9044287,2.5444288,1.8544288,0.8644287,0.63442874,-0.28557128,0.34442872,-0.3655713,-1.3755713,-2.2455714,-0.03557129,1.3844287,1.1144288,0.5544287,-0.14557129,-1.1955713,-1.5255713,-1.1755713,-2.9255712,-2.8855712,-1.9255713,-0.7755713,-0.3855713,-0.3855713,-1.7255713,-2.3055713,-2.7455714,-3.0655713,-3.8055713,-4.3455715,-4.725571,-5.0855713,-5.4855714,-5.035571,-6.0255713,-7.3655715,-7.6055713,-8.735571
