raw-data-f/2018100918.json
{"header": { "discipline":0, "disciplineName":"Meteorological products", "gribEdition":2, "gribLength":75039, "center":7, "centerName":"US National Weather Service - NCEP(WMC)", "subcenter":0, "refTime":"2018-10-09T18:00:00.000Z", "significanceOfRT":1, "significanceOfRTName":"Start of forecast", "productStatus":0, "productStatusName":"Operational products", "productType":1, "productTypeName":"Forecast products", "productDefinitionTemplate":0, "productDefinitionTemplateName":"Analysis/forecast at horizontal level/layer at a point in time", "parameterCategory":2, "parameterCategoryName":"Momentum", "parameterNumber":3, "parameterNumberName":"V-component_of_wind", "parameterUnit":"m.s-1", "genProcessType":2, "genProcessTypeName":"Forecast", "forecastTime":0, "surface1Type":103, "surface1TypeName":"Specified height level above ground", "surface1Value":10.0, "surface2Type":255, "surface2TypeName":"Missing", "surface2Value":0.0, "gridDefinitionTemplate":0, "gridDefinitionTemplateName":"Latitude_Longitude", "numberPoints":65160, "shape":6, "shapeName":"Earth spherical with radius of 6,371,229.0 m", "gridUnits":"degrees", "resolution":48, "winds":"true", "scanMode":0, "nx":360, "ny":181, "basicAngle":0, "lo1":0.0, "la1":90.0, "lo2":359.0, "la2":-90.0, "dx":1.0, "dy":1.0 }, "data":
[rows 104 to 129 of 181, columns 0 to 59 of 360]
5.744192,5.854192,5.504192,5.3941917,4.884192,4.084192,3.244192,2.8241918,2.8041918,3.2941918,2.944192,2.984192,3.624192,-0.0958081,-1.2858081,1.5941919,0.8641919,0.7741919,1.1041919,1.0241919,0.8341919,0.6941919,1.8441919,1.9541919,1.3841919,1.8341919,1.7441919,2.0841918,2.704192,3.394192,3.5841918,2.384192,4.3741918,1.5041919,-0.7758081,2.674192,1.3641919,-0.4358081,0.7541919,-0.3658081,-0.28580812,1.2341919,1.4641919,1.1241919,0.17419189,0.2441919,-0.1758081,-1.1358081,0.46419188,1.0041919,2.0241919,10.244192,9.284192,8.514192,5.964192,6.564192,6.1441917,5.264192,5.194192,5.364192
6.1841917,6.154192,5.774192,5.884192,4.674192,5.264192,4.194192,3.884192,3.954192,4.054192,3.924192,3.464192,3.484192,1.4941919,1.3141919,0.2441919,0.5641919,1.2841918,0.5041919,1.2441919,1.4741919,1.1941919,1.3741919,1.2441919,0.7141919,1.0841919,1.434192,1.5441918,1.5741919,2.0141919,2.184192,1.9741919,1.7941918,2.2641919,1.8441919,1.9741919,3.3341918,1.8741919,2.144192,2.184192,0.57419187,0.8141919,0.9741919,1.1541919,2.0141919,2.2941918,0.3641919,0.2941919,1.9041919,-0.4358081,0.2341919,8.714191,8.204192,7.884192,5.634192,5.404192,6.034192,4.994192,5.134192,5.234192
5.564192,5.984192,6.594192,6.1441917,6.884192,5.6641917,4.844192,4.8941917,4.674192,4.294192,4.594192,4.284192,2.664192,-1.5458081,-2.055808,0.8041919,0.2441919,0.3141919,0.8641919,1.0641919,1.2141919,1.2241919,2.0341918,1.7341919,0.3541919,-1.1758081,0.9241919,2.5441918,0.7841919,-1.2058082,0.40419188,-1.1158081,0.5841919,0.46419188,2.154192,2.5241919,2.2641919,1.6941919,2.5941918,2.884192,2.684192,1.4041919,0.2541919,0.6141919,2.704192,2.5741918,-0.9158081,-1.5558081,1.184192,2.684192,5.904192,7.294192,7.284192,7.734192,5.3941917,4.084192,5.034192,5.344192,4.9341917,4.4741917
5.6441917,6.254192,6.3941917,6.564192,6.074192,6.004192,6.844192,5.8941917,5.824192,6.1241918,6.064192,5.504192,2.8141918,-2.055808,3.124192,2.3541918,0.2341919,0.3341919,0.6841919,0.6441919,0.3641919,0.6541919,0.6841919,0.9341919,1.9941919,2.2841918,0.5841919,-0.9658081,-0.6458081,-1.575808,-1.8558081,-0.8958081,0.4441919,0.7541919,2.184192,2.144192,1.8241919,2.744192,2.2741919,3.974192,3.724192,0.7241919,-0.7258081,0.40419188,2.714192,0.8141919,-0.5658081,1.7041919,1.5841919,1.434192,5.274192,5.7041917,6.584192,6.774192,4.754192,4.064192,3.5441918,3.894192,3.5941918,3.5841918
5.514192,5.814192,6.514192,6.884192,7.364192,7.984192,7.444192,6.9741917,5.904192,5.3941917,5.4541917,6.2241917,4.944192,2.924192,-0.0958081,0.4141919,1.0441918,-0.1258081,0.014191895,0.2741919,0.3941919,0.2741919,0.8741919,1.5741919,0.2341919,-0.6858081,-1.9058081,-2.085808,-1.6558081,1.174192,0.76419187,0.054191895,-0.035808105,1.4441919,1.1241919,2.0841918,2.3041918,3.8341918,5.154192,4.884192,2.724192,-1.0458081,-1.3058081,0.094191894,0.2941919,1.1941919,-0.31580812,1.4841919,2.5541918,1.4941919,4.694192,4.214192,6.1641917,6.264192,5.2241917,3.5641918,3.1041918,2.5141919,2.664192,3.5441918
6.1441917,6.6241918,6.1441917,6.324192,6.814192,6.9341917,7.424192,7.984192,7.854192,6.674192,6.534192,5.834192,4.174192,1.6941919,1.6941919,2.234192,0.3241919,-1.0958081,-0.9958081,0.1141919,1.1941919,1.7141919,1.6641918,1.8741919,2.0041919,1.3441919,0.40419188,0.9341919,1.5941919,3.0741918,2.8241918,2.684192,1.3241919,0.8741919,0.4741919,0.49419188,3.944192,5.824192,5.1641917,3.884192,2.5341918,-1.4858081,-1.4658082,-1.2958081,0.7541919,0.43419188,0.6541919,1.1041919,1.184192,1.2641919,4.024192,4.594192,4.344192,5.514192,4.2041917,3.3341918,3.434192,3.0741918,2.994192,3.374192
4.964192,5.114192,6.064192,6.484192,6.6241918,6.854192,7.3941917,7.654192,8.214191,8.164192,7.154192,6.264192,4.964192,5.114192,1.9941919,3.5241919,-1.5958081,-0.6658081,-1.0058081,0.044191893,0.8141919,0.8841919,1.2241919,2.154192,2.364192,2.864192,4.544192,3.5041919,2.5941918,1.4941919,2.204192,2.0541918,2.6041918,-0.5058081,0.17419189,2.434192,5.314192,6.024192,4.734192,3.0141919,1.5941919,-1.5458081,-0.8358081,-0.2758081,1.3441919,1.6341919,-0.5858081,0.22419189,0.3541919,3.724192,2.994192,3.5041919,4.4541917,1.684192,3.5841918,4.044192,4.314192,2.974192,3.424192,2.964192
4.7241917,5.014192,5.754192,6.554192,6.8941917,7.154192,7.244192,7.834192,7.6441917,8.274192,8.1341915,7.574192,6.854192,5.734192,3.7741919,5.554192,3.5841918,1.304192,-0.10580811,0.1341919,-0.3358081,0.4541919,0.3941919,-0.8658081,-1.2158082,0.8641919,2.0041919,1.804192,1.4541919,1.0941919,0.3841919,0.2341919,1.304192,0.8441919,-2.065808,3.194192,6.304192,6.2041917,4.1641917,2.7541919,-0.4258081,-1.4958081,-0.8158081,2.374192,2.0241919,0.9641919,-0.37580812,-0.4058081,0.1141919,3.154192,2.3141918,1.7741919,2.984192,4.114192,2.8341918,1.0341918,5.064192,3.5041919,3.374192,3.164192
4.504192,5.1441917,5.814192,5.904192,6.2241917,6.944192,7.054192,7.324192,8.044192,7.7241917,8.354192,7.824192,7.7241917,6.604192,5.034192,3.184192,3.5541918,1.8641919,-1.6558081,-0.9658081,-0.31580812,-0.6158081,-1.2958081,-1.9058081,-1.6558081,-1.6158081,-1.1058081,-0.9358081,-0.7658081,-0.5558081,0.9741919,1.1141919,0.5541919,2.3141918,0.9141919,2.1041918,7.044192,6.614192,3.864192,2.384192,-0.6358081,0.22419189,3.5641918,4.254192,1.934192,-1.6758081,2.184192,0.4841919,0.22419189,3.624192,3.0841918,0.8041919,1.184192,2.384192,3.674192,3.684192,3.964192,4.574192,4.444192,4.354192
4.344192,4.9141917,5.6241918,6.1441917,6.264192,6.524192,6.904192,7.1241918,7.544192,8.144192,7.964192,8.324192,7.6641917,7.584192,7.324192,2.0641918,2.8541918,1.7241919,-0.0958081,-1.065808,-0.28580812,-0.4258081,0.4541919,0.5241919,-0.4058081,-0.055808105,-1.6058081,-4.495808,-4.3158083,-2.1958082,0.5541919,0.46419188,1.2341919,1.9041919,1.8341919,1.424192,6.824192,6.9141917,4.584192,2.384192,0.2541919,0.8341919,1.3641919,3.7541919,1.1641918,-2.055808,-2.095808,-0.3058081,1.4941919,1.9141918,2.894192,0.5641919,-0.015808105,1.3141919,2.7741919,3.694192,4.494192,4.754192,4.734192,4.604192
3.634192,4.524192,5.304192,5.784192,6.194192,6.174192,6.564192,6.844192,7.334192,7.9141917,8.194192,7.834192,7.764192,7.324192,7.294192,3.904192,1.6141919,2.184192,-0.3358081,-0.6658081,-0.4858081,-1.2158082,-1.9958081,-1.6258081,-0.8958081,-1.5558081,-2.355808,-3.315808,-3.135808,-4.0458083,-1.0858082,0.2841919,0.8641919,2.1041918,2.0641918,1.4041919,5.6441917,5.424192,4.504192,2.954192,0.6141919,2.864192,0.7841919,0.9241919,4.464192,-3.2158082,-2.375808,-0.28580812,-0.9158081,0.76419187,2.204192,1.4141918,0.8641919,2.184192,3.394192,4.254192,4.734192,5.054192,5.044192,4.754192
3.5241919,2.964192,4.264192,5.364192,5.884192,6.194192,6.044192,6.6441917,6.8741918,7.524192,8.254192,7.884192,7.554192,7.444192,7.2241917,3.0141919,-0.5758081,1.2641919,-2.4158082,-1.325808,-1.3558081,-1.6058081,-1.0258081,-1.2458081,-1.4358081,-1.6758081,-1.4158081,-3.4858081,-4.0658083,-3.9458082,-1.8458081,-1.0158081,0.5941919,0.7741919,0.8941919,3.3141918,4.064192,3.864192,3.644192,3.154192,1.8341919,1.6641918,3.684192,-2.885808,-5.5658083,0.4241919,0.19419189,-2.885808,-1.6758081,0.034191895,1.3541919,2.0241919,2.6041918,3.0341918,3.714192,4.284192,4.424192,4.4341917,4.534192,5.2241917
5.904192,5.844192,4.2041917,4.004192,5.504192,5.9741917,6.244192,5.964192,6.574192,7.1241918,7.854192,8.414192,8.294192,7.514192,7.2041917,4.564192,1.684192,1.934192,-0.4458081,-1.195808,-1.7958081,-2.6858082,-2.385808,0.6741919,-2.4358082,-0.8458081,-2.1758082,-1.3958081,-2.9958081,-5.965808,-2.005808,-1.6658081,-0.4258081,-0.5758081,0.10419189,1.7841918,1.9541919,2.2541919,2.164192,1.8441919,1.2441919,1.0641919,1.2741919,0.7841919,0.034191895,-1.1758081,-1.6558081,-2.135808,-0.5858081,1.0141919,1.7041919,2.2841918,2.644192,3.2541919,3.694192,3.934192,3.8341918,4.084192,4.9341917,5.734192
4.804192,5.364192,5.844192,6.1641917,4.794192,5.464192,5.814192,6.074192,5.8941917,6.424192,7.3941917,8.164192,8.374192,7.984192,7.834192,8.924191,1.7941918,3.5441918,-3.295808,-2.6458082,-2.9558082,-2.885808,-3.4658082,-4.345808,-2.375808,-1.815808,-3.305808,-0.7258081,-1.8858081,-3.035808,-0.5058081,-0.8658081,-1.1458081,-3.755808,-2.135808,0.0041918945,1.2841918,1.1541919,0.8541919,0.5341919,0.024191894,0.1841919,-0.16580811,-0.4958081,-0.8958081,-1.1258081,-0.8458081,-0.5358081,0.0041918945,0.5641919,1.3441919,1.8941919,2.454192,2.984192,3.494192,3.5741918,3.674192,3.974192,4.594192,4.994192
4.154192,4.744192,5.064192,5.6841917,6.524192,6.6641917,5.564192,5.214192,5.594192,5.584192,6.094192,7.134192,8.1341915,8.534192,8.234192,7.284192,4.6841917,1.2641919,4.594192,-3.295808,-4.185808,-3.6458082,-3.4258082,-2.9358082,0.2741919,0.2441919,-0.4258081,0.6841919,0.6041919,0.3841919,-1.4258081,-2.6858082,-3.525808,-6.755808,-4.155808,-1.9658082,0.054191895,0.40419188,0.0741919,-0.11580811,0.034191895,-0.3058081,-1.0458081,-1.3858081,-1.0958081,-0.9658081,-0.7758081,-0.37580812,0.2841919,1.0241919,1.7141919,2.234192,2.5341918,3.0241919,3.2641919,2.964192,2.614192,3.0041919,3.704192,5.264192
3.444192,3.8541918,4.494192,5.084192,5.794192,6.404192,7.174192,5.314192,4.7241917,5.264192,5.484192,6.344192,6.964192,8.034192,8.334192,7.384192,6.304192,2.374192,4.234192,-0.2658081,-3.4958081,-2.275808,-1.4958081,-2.835808,-2.9758081,-0.4458081,-0.2658081,1.3241919,-0.9358081,-1.0458081,-0.045808107,-2.005808,-10.605808,-8.715808,-6.055808,-3.825808,-2.125808,-0.98580813,-0.7658081,-0.98580813,-0.6358081,-0.5858081,-1.4758081,-1.8758081,-1.6158081,-1.0858082,-0.5458081,0.1541919,0.8941919,1.3241919,1.8841919,1.804192,2.124192,2.5741918,3.444192,4.314192,4.674192,4.484192,4.6441917,4.9741917
2.5341918,3.174192,3.674192,4.104192,5.214192,6.134192,6.694192,6.9541917,4.924192,4.054192,4.844192,5.2041917,6.134192,7.1841917,8.104192,8.264192,7.924192,8.174191,1.304192,6.6241918,-2.115808,-4.1058083,-2.375808,-2.6758082,-0.5358081,-0.4758081,-1.1458081,-0.6158081,1.2941918,-1.2758081,-1.3758081,-9.635808,-12.835808,-9.935808,-7.1258082,-5.495808,-3.9058082,-2.575808,-1.8858081,-1.2258081,-0.28580812,-0.0958081,-0.8058081,-1.4858081,-1.1658081,-0.4658081,0.024191894,0.094191894,0.2041919,0.1841919,0.2841919,0.7441919,1.3641919,1.8441919,2.874192,3.494192,4.034192,4.3941917,4.494192,4.654192
1.3241919,2.0341918,2.704192,3.3541918,4.094192,5.064192,6.214192,6.7041917,6.804192,4.884192,3.694192,4.234192,5.074192,5.994192,7.134192,7.964192,8.664192,7.4741917,3.634192,1.9741919,2.5941918,-2.075808,-3.585808,-1.7458081,-1.0058081,-0.4858081,-1.7958081,0.6741919,-0.31580812,-0.9358081,-3.275808,-13.985808,-12.745808,-10.275808,-7.975808,-6.825808,-5.7958083,-4.7958083,-3.585808,-2.555808,-1.5558081,-1.3958081,-1.4258081,-1.1158081,-1.1858081,-0.4958081,-1.1158081,-1.1458081,-0.98580813,-0.7158081,-0.16580811,0.5641919,1.2941918,2.0241919,2.5741918,2.974192,3.3041918,3.6041918,3.944192,4.4141917
-0.5658081,0.1341919,0.9641919,1.7241919,2.7741919,3.894192,4.8741918,5.824192,6.3941917,6.7041917,6.104192,4.004192,3.904192,4.314192,5.904192,7.104192,8.024192,9.174191,9.464191,0.1141919,-0.7158081,2.5341918,-4.305808,-1.8758081,-0.98580813,-1.575808,2.114192,1.4541919,-0.13580811,-1.5558081,-14.605808,-13.635808,-12.675808,-10.765808,-8.775808,-7.905808,-7.195808,-6.225808,-5.0258083,-3.385808,-3.7258081,-3.335808,-2.6558082,-2.255808,-2.1758082,-2.095808,-1.8458081,-1.8058081,-1.5558081,-1.0258081,-0.2758081,0.57419187,1.4141918,2.154192,2.8041918,3.454192,3.7641919,3.954192,4.214192,4.574192
-2.505808,-1.4258081,-0.6058081,0.1541919,1.1341919,2.384192,3.3541918,4.254192,5.334192,6.344192,6.584192,6.494192,3.384192,3.434192,4.464192,5.964192,7.1241918,8.804192,8.804192,2.3141918,3.654192,1.8341919,7.834192,3.214192,3.624192,3.364192,2.724192,1.7141919,-2.3958082,-11.295808,-12.465808,-13.015808,-12.635808,-11.015808,-9.355808,-8.575809,-7.765808,-6.955808,-5.915808,-4.2758083,-4.325808,-4.5658083,-4.405808,-4.215808,-4.1058083,-3.4858081,-2.9158082,-2.4858081,-1.9258081,-1.2158082,-0.4558081,0.3541919,1.0841919,1.804192,2.7841918,3.444192,3.8141918,4.044192,4.234192,4.6441917
-3.9258082,-2.4858081,-1.5558081,-1.1258081,-0.5958081,0.3041919,1.5041919,2.714192,3.614192,4.884192,6.094192,6.604192,7.254192,3.174192,3.214192,4.794192,5.764192,7.1241918,9.3841915,2.884192,2.874192,2.144192,1.4741919,0.7441919,0.5941919,1.434192,2.204192,-1.9058081,-7.5258083,-9.435808,-11.135808,-12.075809,-12.025808,-11.005808,-9.515808,-9.285809,-8.945808,-8.485808,-7.185808,-6.135808,-6.185808,-6.215808,-6.195808,-5.715808,-4.935808,-4.745808,-4.195808,-3.635808,-2.6758082,-1.9058081,-1.195808,-0.4458081,0.4841919,1.7341919,2.914192,3.914192,4.1641917,4.064192,4.234192,4.574192
-4.2958083,-2.775808,-1.6258081,-1.565808,-1.6258081,-0.9158081,-0.2958081,0.49419188,1.8641919,2.914192,4.404192,5.334192,6.244192,7.654192,6.9341917,3.744192,4.564192,5.604192,5.884192,5.114192,4.1241918,3.3341918,3.3441918,2.924192,2.144192,2.454192,-1.2458081,-6.195808,-7.3158083,-8.645808,-9.325809,-10.305808,-10.525808,-9.895808,-9.655808,-10.345808,-10.055808,-9.425808,-8.185808,-7.365808,-6.965808,-6.595808,-6.535808,-6.435808,-6.0658083,-5.265808,-4.965808,-3.855808,-3.075808,-2.355808,-1.5258081,-0.5858081,0.4541919,1.7741919,2.924192,3.7541919,3.894192,3.6041918,3.744192,4.274192
-3.6658082,-2.4558082,-1.6858081,-1.2558081,-1.3358082,-1.3858081,-0.6858081,0.094191894,0.5941919,0.9741919,2.164192,3.5341918,4.544192,6.524192,7.484192,7.424192,5.984192,5.034192,5.1441917,4.984192,5.094192,5.4141917,5.6241918,5.744192,4.604192,1.7241919,-3.825808,-6.8558083,-8.195808,-8.625808,-8.845808,-8.855808,-9.055808,-9.545808,-10.225808,-10.995808,-10.525808,-9.785809,-9.005808,-8.575809,-7.825808,-7.265808,-6.945808,-6.5658083,-6.245808,-6.145808,-5.185808,-4.3758082,-3.4558082,-2.2458081,-1.0258081,0.17419189,1.424192,2.5841918,3.434192,4.084192,4.4741917,4.074192,3.734192,4.034192
-4.675808,-4.445808,-3.505808,-2.7458081,-2.4258082,-2.035808,-1.9858081,-0.9158081,-0.035808105,0.6541919,0.9741919,1.804192,3.204192,4.514192,6.274192,6.6641917,6.004192,5.744192,4.864192,4.154192,4.484192,5.004192,5.604192,5.8941917,4.794192,-0.3358081,-5.005808,-7.035808,-8.805808,-9.555808,-8.895808,-8.945808,-9.545808,-10.345808,-10.535809,-10.855808,-10.645808,-10.275808,-9.915808,-9.525808,-9.005808,-8.385808,-7.935808,-7.495808,-7.245808,-6.7958083,-5.845808,-4.975808,-3.7458081,-2.1958082,-0.6858081,0.6941919,1.7941918,2.634192,3.424192,3.994192,4.424192,3.984192,3.5541918,3.7641919
-4.695808,-4.7958083,-4.225808,-3.2058082,-3.125808,-3.025808,-3.005808,-2.6858082,-1.6058081,-0.5258081,0.7441919,1.5641919,1.6941919,2.624192,3.674192,4.994192,5.654192,5.364192,4.884192,3.5541918,3.5341918,3.934192,4.1841917,4.984192,5.264192,-0.8458081,-5.115808,-6.8158083,-8.535809,-10.135808,-9.755808,-10.145808,-9.8658085,-8.495808,-8.895808,-10.225808,-10.795808,-10.825809,-10.545808,-10.825809,-10.065808,-8.855808,-8.165808,-8.125808,-7.715808,-6.925808,-5.925808,-4.935808,-3.525808,-1.9858081,-0.5158081,0.7741919,1.9141918,2.424192,2.974192,3.3441918,3.444192,3.484192,3.5841918,3.874192
-3.305808,-4.825808,-4.945808,-3.7458081,-3.1958082,-3.305808,-3.345808,-3.635808,-3.295808,-2.795808,-1.8958081,-0.8858081,-0.3058081,0.2041919,1.8241919,2.744192,3.634192,4.4541917,5.2241917,4.614192,2.244192,2.8041918,2.644192,3.5741918,5.3741918,0.8941919,-3.785808,-5.905808,-7.515808,-9.725808,-10.305808,-11.285809,-9.185808,-8.315808,-8.145808,-10.385808,-10.155808,-8.905808,-9.405808,-10.785809,-10.315808,-9.025808,-6.0858083,-6.975808,-7.455808,-6.8758082,-6.0858083,-4.8558083,-3.045808,-1.7158082,0.06419189,1.2841918,1.9941919,2.614192,2.244192,2.654192,3.184192,3.3541918,3.114192,2.8541918
