raw-data-f/2018100900.json
{"header": { "discipline":0, "disciplineName":"Meteorological products", "gribEdition":2, "gribLength":74807, "center":7, "centerName":"US National Weather Service - NCEP(WMC)", "subcenter":0, "refTime":"2018-10-09T00:00:00.000Z", "significanceOfRT":1, "significanceOfRTName":"Start of forecast", "productStatus":0, "productStatusName":"Operational products", "productType":1, "productTypeName":"Forecast products", "productDefinitionTemplate":0, "productDefinitionTemplateName":"Analysis/forecast at horizontal level/layer at a point in time", "parameterCategory":2, "parameterCategoryName":"Momentum", "parameterNumber":2, "parameterNumberName":"U-component_of_wind", "parameterUnit":"m.s-1", "genProcessType":2, "genProcessTypeName":"Forecast", "forecastTime":0, "surface1Type":103, "surface1TypeName":"Specified height level above ground", "surface1Value":10.0, "surface2Type":255, "surface2TypeName":"Missing", "surface2Value":0.0, "gridDefinitionTemplate":0, "gridDefinitionTemplateName":"Latitude_Longitude", "numberPoints":65160, "shape":6, "shapeName":"Earth spherical with radius of 6,371,229.0 m", "gridUnits":"degrees", "resolution":48, "winds":"true", "scanMode":0, "nx":360, "ny":181, "basicAngle":0, "lo1":0.0, "la1":90.0, "lo2":359.0, "la2":-90.0, "dx":1.0, "dy":1.0 }, "data":
[rows 26 to 51 of 181, columns 232 to 289 of 360]
-0.58996093,-1.329961,-1.299961,-2.359961,-2.3199608,-2.889961,-2.979961,-3.609961,-2.859961,-2.399961,-1.809961,-1.9899609,-1.5099609,-0.46996093,0.67003906,1.420039,1.9100391,2.830039,3.360039,3.240039,3.4700391,3.350039,3.310039,3.4800391,2.660039,3.110039,3.620039,4.240039,4.660039,3.630039,3.820039,3.080039,3.780039,4.010039,4.220039,4.560039,4.860039,5.290039,4.990039,4.610039,4.290039,3.570039,2.910039,4.0700393,4.720039,6.500039,6.080039,7.750039,9.620039,9.990039,10.170039,10.590039,10.110039,10.1000395,9.630039,5.950039,4.950039,7.080039
1.310039,0.73003906,-1.2499609,-3.2699609,-2.909961,-2.119961,-2.859961,-3.509961,-4.439961,-3.659961,-2.5399609,-1.9999609,-1.649961,-0.7899609,0.23003906,1.3700391,2.000039,1.920039,1.470039,1.330039,2.610039,3.310039,3.6700392,3.2200391,3.860039,3.4500391,3.4500391,2.630039,3.280039,3.9700391,3.520039,3.2300391,3.020039,3.740039,4.3000393,4.5700393,4.830039,4.950039,6.8000393,6.3000393,5.890039,6.0900393,6.210039,5.120039,6.110039,7.160039,7.860039,7.920039,7.740039,8.570039,8.990039,9.940039,10.480039,10.860039,11.050039,12.070039,13.610039,12.840039
-0.52996093,-1.819961,0.56003904,-1.059961,-1.919961,-1.7399609,-3.139961,-3.839961,-4.419961,-2.7799609,-1.899961,-1.799961,-1.449961,-0.9799609,-0.039960936,1.310039,3.330039,2.000039,2.160039,2.490039,2.800039,2.860039,3.380039,3.660039,4.120039,4.330039,4.060039,3.1900392,2.340039,2.900039,3.7100391,4.310039,4.770039,4.420039,4.220039,6.000039,6.920039,7.240039,7.490039,7.710039,8.190039,8.750039,8.610039,8.660039,8.220039,7.670039,8.300039,8.690039,5.710039,6.140039,5.060039,5.480039,6.160039,6.900039,7.790039,10.720039,11.690039,12.480039
-1.1299609,-1.529961,-1.2599609,-2.119961,-0.9799609,0.18003906,-1.829961,-2.169961,-2.719961,-2.5499609,-2.449961,-2.449961,-2.879961,-2.109961,-1.179961,0.19003907,1.0100391,1.940039,2.310039,3.370039,3.160039,3.390039,3.2300391,2.9300392,3.9400392,3.880039,3.810039,4.450039,4.560039,4.5700393,3.540039,2.400039,3.090039,4.330039,6.060039,6.5700393,6.940039,7.690039,8.440039,9.150039,9.610039,9.510039,9.410039,9.720039,10.510039,10.860039,11.990039,12.430039,11.500039,11.770039,10.780039,9.300039,9.480039,10.300039,10.680039,10.520039,10.190039,9.530039
-0.39996094,-1.919961,-4.509961,-3.369961,-1.429961,-2.5799608,-3.259961,-3.179961,-2.339961,-2.249961,-2.0699608,-0.61996096,-1.829961,-2.009961,-1.659961,-0.26996094,0.50003904,1.3600391,1.830039,2.850039,2.870039,3.4600391,4.280039,3.280039,4.060039,3.9600391,5.350039,4.210039,4.640039,4.450039,4.730039,5.3400393,6.620039,5.690039,7.8000393,7.540039,8.420039,8.700039,8.700039,8.510039,8.400039,7.530039,8.180039,9.130039,9.770039,10.710039,11.040039,11.480039,11.840039,11.740039,11.910039,9.040039,8.720039,9.410039,8.260039,8.410039,8.410039,8.720039
0.8300391,0.85003906,-1.799961,-0.9099609,-3.379961,-3.459961,-3.5199609,-4.029961,-3.759961,-3.349961,-2.489961,-2.009961,-2.589961,-1.2599609,-0.32996094,-0.50996095,0.24003907,1.6100391,3.150039,3.400039,3.400039,3.4200392,3.4700391,3.160039,3.370039,5.470039,4.830039,4.930039,4.830039,4.750039,4.600039,4.760039,5.600039,5.040039,8.6000395,9.020039,8.740039,9.510039,9.920039,10.450039,10.170039,8.980039,9.270039,9.650039,10.200039,10.730039,11.540039,12.570039,12.110039,12.8500395,8.800039,7.600039,8.410039,8.170039,9.370039,8.960039,9.500039,8.710039
-0.74996096,-1.279961,-0.22996093,-1.829961,-1.4699609,-2.979961,-1.7499609,-1.789961,-2.879961,-3.2999609,-2.709961,-2.0199609,-2.749961,-1.679961,-1.439961,-1.329961,-1.6199609,-0.19996093,0.8400391,1.6300391,2.260039,2.880039,2.810039,3.620039,2.810039,4.5500393,5.370039,4.220039,4.060039,4.040039,3.610039,3.810039,3.900039,4.620039,5.440039,6.120039,10.980039,10.3500395,10.290039,8.450039,9.170039,11.640039,11.270039,11.460039,11.650039,11.960039,12.380039,12.720039,12.490039,13.140039,13.400039,10.550039,7.670039,9.290039,7.620039,6.690039,6.950039,6.470039
-0.7199609,-1.7299609,-2.189961,-0.56996095,-1.9999609,-2.169961,-2.179961,-2.459961,-2.999961,-3.7699609,-3.429961,-2.5199609,-3.629961,-2.439961,-2.3299608,-1.7199609,-1.309961,-0.29996094,-0.30996093,0.7600391,1.310039,1.8800391,2.530039,2.530039,2.6700392,2.4800391,4.660039,3.090039,2.7300391,4.420039,4.130039,3.7100391,3.540039,4.3000393,4.640039,4.060039,6.890039,6.5900393,8.290039,11.410039,9.3100395,9.190039,8.960039,10.240039,9.770039,8.840039,8.750039,10.050039,10.290039,11.070039,10.8100395,10.630039,7.3400393,6.130039,5.690039,5.670039,6.000039,5.440039
-1.279961,-1.4599609,-1.789961,-1.6299609,-1.7299609,-2.159961,-2.259961,-4.1799607,-6.139961,-6.309961,-5.9499607,-5.099961,-3.649961,-3.3099608,-2.879961,-2.469961,-1.8399609,-1.429961,-1.049961,-0.67996097,0.43003905,0.97003907,1.4000391,2.2300391,1.9800391,1.920039,1.9800391,1.940039,2.630039,2.4800391,2.4500391,2.2200391,2.790039,2.790039,2.270039,2.330039,2.740039,2.4400392,2.4700391,3.120039,2.650039,6.500039,7.3000393,6.880039,7.3200393,8.080039,7.120039,5.860039,6.990039,9.440039,9.840039,9.020039,5.870039,6.480039,8.990039,8.620039,9.820039,8.360039
-1.0199609,-1.289961,-1.2199609,-1.279961,-1.9999609,-1.449961,-1.8599609,-2.7799609,-4.999961,-5.189961,-4.1599607,-2.989961,-3.0399609,-2.859961,-1.689961,-1.8799609,-1.939961,-2.0799608,-1.809961,-1.189961,-0.49996093,-0.81996095,-0.019960938,1.5100391,1.6600391,1.6300391,1.7700391,2.120039,2.100039,1.8800391,2.250039,2.080039,1.930039,1.820039,1.940039,1.7300391,1.820039,1.8800391,1.7300391,1.830039,2.040039,2.2200391,1.560039,1.920039,2.390039,3.010039,7.280039,6.990039,6.380039,7.0700393,3.830039,3.820039,5.030039,5.450039,6.120039,10.180039,6.380039,7.460039
2.7100391,-0.82996094,-0.57996094,-0.82996094,-1.929961,-0.31996095,0.26003906,-1.399961,-2.109961,-2.599961,-4.529961,-3.749961,-3.939961,-4.099961,-3.129961,-2.639961,-1.809961,-2.3199608,-2.619961,-2.7699609,-1.5199609,-1.2699609,-1.429961,-0.75996095,-0.41996095,0.46003905,0.8900391,1.320039,1.2700391,0.88003904,0.75003904,1.0200391,1.0300391,1.220039,0.91003907,1.3700391,1.570039,1.190039,0.7600391,0.75003904,1.4900391,1.970039,2.270039,2.250039,2.280039,2.630039,5.100039,6.390039,6.180039,4.940039,4.080039,5.370039,3.520039,4.360039,3.600039,5.030039,4.930039,4.920039
2.150039,2.2200391,-0.19996093,0.20003906,-1.4599609,-1.7299609,-0.33996093,-0.76996094,-1.7099609,-1.6299609,-1.419961,-3.179961,-4.1999607,-4.039961,-3.8099608,-3.8099608,-3.499961,-2.259961,-2.149961,-2.099961,-2.8199608,-3.489961,-3.0399609,-2.889961,-1.899961,-0.6699609,-0.6699609,0.26003906,-0.38996094,0.060039062,-0.7999609,-0.22996093,0.11003906,-0.079960935,0.14003906,0.47003907,0.50003904,0.7100391,0.9600391,0.5300391,0.57003903,0.18003906,0.15003906,0.18003906,-0.049960937,-0.009960937,1.5400391,-0.26996094,0.7000391,0.15003906,-0.43996093,0.16003907,0.19003907,0.63003904,1.0300391,1.080039,1.6100391,2.160039
1.460039,2.310039,3.360039,-1.279961,-1.289961,-1.799961,-1.579961,-0.8599609,-0.8599609,-1.329961,-1.2499609,-0.93996096,-1.9999609,-3.339961,-3.899961,-3.889961,-3.8099608,-3.889961,-4.489961,-4.669961,-4.599961,-3.709961,-4.069961,-3.7899609,-2.929961,-3.189961,-2.859961,-1.429961,-0.19996093,0.08003906,0.010039062,0.44003907,0.15003906,0.26003906,-0.08996094,-0.28996095,-0.28996095,-0.36996093,-0.40996093,-0.55996096,-0.77996093,-1.059961,-1.2699609,-1.4799609,-1.529961,-2.679961,-1.829961,-3.5299609,-4.389961,-4.379961,-2.5799608,-2.469961,-2.669961,-2.2799609,-2.0599608,-1.409961,-0.26996094,0.33003905
3.850039,1.7600391,2.050039,2.140039,2.560039,0.32003906,-1.449961,-1.809961,-0.9199609,0.92003906,-0.5999609,-1.399961,-1.319961,-2.159961,-2.589961,-3.159961,-3.959961,-5.049961,-5.769961,-6.019961,-5.249961,-3.7999609,-3.979961,-3.699961,-3.729961,-2.3099608,-3.209961,-2.949961,-0.06996094,1.330039,-0.56996095,-0.21996094,0.18003906,-0.51996094,-0.7899609,-1.059961,-0.9799609,-1.529961,-1.179961,-1.169961,-1.329961,-1.7699609,-1.319961,-1.669961,-1.8799609,-2.5699608,-2.5399609,-2.609961,-3.0299609,-3.119961,-2.999961,-3.0299609,-2.5599608,-2.7999609,-1.789961,-1.3699609,-1.0999609,-1.2499609
3.2100391,1.450039,1.090039,-0.8499609,1.600039,1.320039,0.93003905,-0.33996093,-1.7199609,0.36003906,-0.009960937,-1.1399609,-1.289961,-1.7499609,-1.579961,-3.489961,-3.209961,-4.919961,-4.779961,-4.319961,-4.609961,-4.099961,-3.749961,-2.8299608,-2.639961,-2.959961,-2.409961,-1.679961,-1.579961,0.63003904,0.50003904,-0.049960937,0.07003906,-0.51996094,-1.029961,-1.449961,-1.6299609,-1.789961,-1.5899609,-1.8399609,-2.859961,-1.7599609,-1.779961,-1.5099609,-1.5099609,-1.4899609,-1.569961,-1.8899609,-2.349961,-2.189961,-2.339961,-2.389961,-2.149961,-1.799961,-2.499961,-1.319961,-1.199961,-1.649961
3.260039,-2.949961,-1.1099609,0.5200391,3.90625E-5,0.73003906,0.92003906,1.070039,-0.94996095,-0.82996094,0.42003906,-0.64996094,-0.70996094,-1.4699609,-2.0799608,-0.119960934,-1.5199609,-1.0099609,-3.359961,-3.619961,-3.089961,-2.959961,-3.0799608,-3.189961,-2.249961,-3.139961,-2.129961,-0.95996094,-0.83996093,0.09003906,0.21003906,-0.30996093,-0.61996096,-2.259961,-1.3699609,-1.649961,-1.829961,-2.0299609,-1.7399609,-0.9799609,-1.3499609,-1.5199609,-1.8699609,-1.699961,-1.179961,-0.83996093,-1.2199609,-1.279961,-1.7199609,-1.7699609,-1.9799609,-1.9999609,-2.2799609,-2.149961,-1.549961,-2.259961,-1.549961,-1.7299609
4.200039,4.560039,1.210039,-2.169961,0.13003907,-0.019960938,-0.37996092,-0.049960937,-1.569961,-1.779961,3.90625E-5,0.73003906,-0.7999609,-1.7599609,-0.99996096,-1.7299609,-0.009960937,-2.999961,-3.399961,-4.219961,-3.629961,-2.969961,-2.439961,-2.009961,-1.5999609,-1.6099609,-2.609961,-1.069961,-1.5899609,-0.47996095,-1.449961,-0.9199609,-2.119961,-2.619961,-1.2699609,-1.2099609,-1.3499609,-1.4699609,-1.179961,-3.659961,-5.819961,-4.559961,-2.959961,-1.3399609,-0.9699609,-0.83996093,-0.76996094,-0.80996096,-1.529961,-1.299961,-1.5199609,-1.899961,-1.699961,-1.7399609,-1.909961,-1.059961,-0.99996096,-1.1199609
4.490039,4.8200393,4.8200393,5.270039,1.5200391,0.32003906,0.50003904,-1.539961,-2.5599608,-2.599961,-0.94996095,1.170039,0.33003905,-1.3499609,-0.7999609,-3.619961,-1.899961,-1.699961,-2.739961,-3.589961,-3.5199609,-3.409961,-2.499961,-2.399961,-2.2799609,-2.5599608,-1.8599609,-2.0799608,-1.799961,-1.5999609,-2.5399609,-2.219961,-2.5299609,-2.229961,-1.539961,-1.3599609,-0.69996095,-6.049961,-5.079961,-2.0799608,-2.589961,-3.509961,-2.249961,-1.819961,-0.18996094,0.60003906,0.040039062,-0.25996095,-0.06996094,-0.7899609,-0.67996097,-0.61996096,-0.7299609,-1.399961,-2.109961,-1.329961,-3.359961,-2.0199609
4.120039,4.0500393,3.120039,3.320039,3.060039,0.56003904,1.470039,-0.13996094,-1.829961,-0.82996094,0.94003904,-1.2399609,0.56003904,-0.17996094,0.11003906,-3.749961,-2.999961,-2.7899609,-4.279961,-4.559961,-4.119961,-3.999961,-4.119961,-4.129961,-3.429961,-2.8099608,-2.2699609,-1.9999609,-1.9999609,-2.849961,-2.919961,-2.089961,-2.589961,-2.489961,-1.8899609,-0.86996096,-0.23996094,-0.119960934,0.17003906,0.94003904,-0.019960938,-0.23996094,0.030039063,-0.44996095,-0.5999609,-1.299961,-1.0899609,-1.309961,-0.52996093,0.050039064,-0.70996094,-0.82996094,-0.08996094,-0.55996096,-0.5999609,-0.52996093,-0.9799609,-1.7699609
4.950039,4.790039,4.680039,3.000039,1.9900391,0.7700391,2.570039,-1.289961,0.7800391,0.33003905,0.81003904,0.45003906,1.6500391,-0.9699609,-1.049961,-3.3299608,-1.819961,-1.419961,-2.2899609,-0.43996093,-2.759961,-1.029961,-4.189961,-3.7999609,-2.099961,-2.399961,-2.089961,-2.219961,-2.119961,-1.9599609,-1.819961,-2.649961,-0.57996094,-1.699961,-1.169961,-0.30996093,0.66003907,1.590039,1.830039,-0.079960935,-1.3499609,-0.35996094,0.46003905,-0.56996095,-0.05996094,0.49003905,1.710039,-0.44996095,-3.7899609,-1.049961,-0.05996094,-0.18996094,-1.4999609,-0.92996097,-0.28996095,-1.309961,-0.25996095,-1.1299609
4.730039,4.240039,4.540039,2.9700391,1.560039,0.41003907,2.640039,0.55003905,2.400039,1.670039,2.140039,1.420039,1.810039,2.240039,-0.6699609,-1.279961,2.1800392,1.330039,-2.5299609,-1.5099609,3.260039,-2.0499609,-3.2699609,-2.139961,-1.419961,-0.20996094,-1.659961,-1.329961,-1.0999609,-2.249961,-1.069961,-2.7999609,-2.5299609,-0.93996096,-0.92996097,-0.9799609,0.7100391,1.7400391,1.4900391,1.330039,-0.029960938,-0.7299609,-0.9799609,0.08003906,0.030039063,-0.019960938,-0.019960938,-1.439961,0.56003904,-1.699961,-2.889961,-1.199961,0.13003907,0.8300391,0.38003907,-0.6699609,-1.319961,1.180039
5.630039,4.040039,4.440039,1.470039,1.050039,1.320039,3.000039,1.6500391,1.6200391,2.870039,3.750039,3.6900392,2.4700391,4.810039,4.3000393,2.7300391,2.4500391,1.6500391,-0.57996094,-1.789961,-0.64996094,-5.569961,-3.3299608,-3.189961,-4.049961,-1.539961,-0.87996095,-0.06996094,0.17003906,-0.30996093,0.040039062,-1.149961,-1.799961,-2.099961,-1.1299609,-0.039960936,1.4100391,1.1500391,1.4000391,-0.19996093,0.060039062,-0.6099609,-1.0199609,-0.36996093,-0.24996094,-0.89996094,-1.7199609,-1.779961,-1.7599609,-0.49996093,-0.9099609,0.050039064,0.6400391,-2.009961,-0.52996093,-0.48996094,0.23003906,-0.23996094
5.170039,3.370039,2.390039,2.280039,0.100039065,0.010039062,2.850039,3.1700392,0.73003906,2.740039,2.290039,2.130039,4.200039,2.9500391,1.3800391,2.6700392,-1.429961,-2.509961,-1.2699609,-5.569961,-4.609961,-3.499961,-5.719961,-3.129961,-2.939961,-1.7299609,-1.7499609,-1.199961,-0.8599609,-0.49996093,1.8700391,0.8400391,1.1100391,0.36003906,-1.6099609,-0.86996096,0.82003903,1.2400391,-0.64996094,-0.86996096,-0.19996093,-0.5499609,-1.029961,-0.14996094,0.08003906,-2.3299608,-0.63996094,-1.0899609,-1.6399609,-0.83996093,-0.26996094,-0.27996093,-0.7899609,-0.6099609,0.19003907,-0.35996094,-0.5499609,-0.12996094
4.420039,3.000039,2.340039,2.9600391,0.6500391,-0.38996094,-2.219961,-0.39996094,0.85003906,1.3800391,2.780039,2.350039,3.780039,3.250039,-1.789961,1.2400391,2.100039,-3.369961,-2.199961,-1.2299609,-0.80996096,1.4800391,-1.6099609,-2.0799608,-2.439961,-1.149961,-0.9199609,-1.0099609,-0.7299609,-0.7199609,1.4000391,-0.6599609,-0.8499609,-0.22996093,0.67003906,-0.45996094,0.43003905,-0.32996094,-0.16996093,-0.58996093,-0.49996093,-0.17996094,-0.15996094,0.27003905,0.100039065,-0.99996096,-0.87996095,-0.83996093,-1.5199609,-1.949961,-1.539961,-1.3499609,-1.2699609,-0.7299609,-2.179961,-3.2999609,-5.529961,-4.799961
3.9600391,3.550039,3.100039,2.310039,1.450039,-0.9099609,3.160039,-1.5899609,-0.13996094,2.600039,1.2900391,2.020039,1.7500391,1.2900391,-1.039961,2.6700392,1.050039,-0.26996094,0.62003905,-1.7099609,1.300039,0.030039063,1.840039,-1.9699609,-1.8399609,-0.64996094,-0.009960937,0.5100391,0.11003906,0.5200391,0.100039065,-0.51996094,-0.15996094,0.40003908,0.26003906,-1.2199609,-0.50996095,-0.44996095,-1.3899609,-1.0999609,-1.409961,-1.4599609,-1.2499609,-0.48996094,-1.299961,-0.63996094,-1.669961,-0.37996092,-1.3499609,-2.7799609,-1.679961,-2.5799608,-2.0699608,-2.399961,-5.109961,-7.039961,-5.549961,-5.589961
4.0500393,4.3200393,3.9200392,4.920039,5.520039,1.830039,2.070039,3.1800392,-1.529961,-1.2499609,2.270039,-0.25996095,-0.61996096,0.57003903,-2.689961,3.90625E-5,2.410039,1.1600391,1.8800391,1.200039,-0.37996092,1.1300391,-0.6599609,-2.3099608,-2.009961,-1.8899609,-1.039961,0.73003906,0.17003906,2.010039,-1.8499609,0.060039062,0.99003905,2.880039,-0.05996094,-0.74996096,-1.6299609,-1.0999609,-1.309961,-1.7599609,-2.5799608,-2.449961,-2.179961,-1.5999609,-1.1399609,-0.64996094,-2.139961,-0.88996094,-1.579961,-0.63996094,-0.87996095,-1.819961,-2.699961,-4.019961,-6.339961,-6.479961,-6.329961,-6.289961
