raw-data-f/2018100706.json
{"header": { "discipline":0, "disciplineName":"Meteorological products", "gribEdition":2, "gribLength":74753, "center":7, "centerName":"US National Weather Service - NCEP(WMC)", "subcenter":0, "refTime":"2018-10-07T06:00:00.000Z", "significanceOfRT":1, "significanceOfRTName":"Start of forecast", "productStatus":0, "productStatusName":"Operational products", "productType":1, "productTypeName":"Forecast products", "productDefinitionTemplate":0, "productDefinitionTemplateName":"Analysis/forecast at horizontal level/layer at a point in time", "parameterCategory":2, "parameterCategoryName":"Momentum", "parameterNumber":2, "parameterNumberName":"U-component_of_wind", "parameterUnit":"m.s-1", "genProcessType":2, "genProcessTypeName":"Forecast", "forecastTime":0, "surface1Type":103, "surface1TypeName":"Specified height level above ground", "surface1Value":10.0, "surface2Type":255, "surface2TypeName":"Missing", "surface2Value":0.0, "gridDefinitionTemplate":0, "gridDefinitionTemplateName":"Latitude_Longitude", "numberPoints":65160, "shape":6, "shapeName":"Earth spherical with radius of 6,371,229.0 m", "gridUnits":"degrees", "resolution":48, "winds":"true", "scanMode":0, "nx":360, "ny":181, "basicAngle":0, "lo1":0.0, "la1":90.0, "lo2":359.0, "la2":-90.0, "dx":1.0, "dy":1.0 }, "data":
[rows 25 to 49 of 181, columns 0 to 56 of 360]
-1.0746094,0.18539062,1.3453907,2.4053907,2.7753906,2.1553907,1.9353906,2.1953907,2.1653907,3.0453906,4.345391,4.4053907,0.48539063,1.6853906,2.2353907,3.7453907,3.1753907,2.2753906,2.9653907,2.8653905,3.4053907,3.0353906,3.5353906,3.1953907,3.8553905,1.2053906,0.22539063,1.1653906,1.7053906,2.4953907,3.0653906,3.3853905,3.3153906,3.2453907,3.5453906,6.7353907,3.6853907,-0.25460938,2.0653906,0.7753906,-0.084609374,0.51539063,1.2653906,1.7353907,1.9553906,2.3853905,2.6553907,3.0353906,3.0953906,3.0653906,3.5453906,3.5753906,3.5153906,3.2653906,2.8953905,2.8153906,2.1553907
-0.50460935,0.6153906,1.9053906,3.2053907,4.2153907,4.6053905,3.7053907,1.8353906,1.5253906,1.3153906,-0.26460937,0.6153906,0.6053906,1.7153907,2.3453906,2.9453907,2.5053906,2.0753906,1.9853907,2.2553906,2.2953906,3.9453907,3.6953907,3.8653905,1.5953907,1.5453906,1.6853906,1.8453907,1.9553906,2.0853906,2.5153906,3.0753906,3.3053906,3.2353907,3.3253906,3.3553905,4.4153905,10.495391,6.8753905,4.1653905,3.8253906,3.7353907,3.6453905,4.0253906,4.115391,4.115391,3.8853905,3.6753907,3.5653906,2.9953907,3.1853907,3.5653906,3.5053906,3.7653906,2.9853907,2.8153906,2.3553905
0.2553906,1.1553906,2.0853906,3.0953906,4.1653905,5.6453905,6.555391,4.305391,0.31539062,0.20539063,0.74539065,0.28539062,0.7153906,1.6453906,2.2253907,1.9953907,1.9953907,2.0353906,2.1453905,4.095391,2.5853906,1.9053906,1.2753906,1.4153906,1.4053906,1.4953907,1.8353906,1.3953906,1.9953907,1.7353907,2.0953906,2.2753906,2.8853905,3.1353905,3.0753906,2.9453907,3.6453905,4.345391,4.7553906,4.4853907,4.0453906,4.075391,4.075391,3.6253905,4.075391,4.365391,4.1653905,4.1453905,3.7253907,3.2153907,3.1353905,2.8853905,2.9253907,2.7753906,2.4753907,2.2553906,2.2453907
1.8453907,1.3253906,1.9853907,2.0953906,2.4053907,0.31539062,-0.5346094,-1.2146094,1.3453907,1.9153906,1.3453907,0.10539062,0.8353906,1.3353906,1.2453907,1.5853906,1.5753906,2.1153905,3.0453906,2.4353907,2.6853907,1.7853906,0.48539063,0.8653906,0.46539062,-0.09460937,-0.26460937,0.19539063,0.8453906,1.2253907,1.7453907,2.4753907,2.1553907,2.7953906,2.8553905,6.5153904,3.7853906,3.4853907,3.7553906,3.6353905,3.8653905,4.0453906,4.4153905,3.8353906,4.1953907,3.9553907,3.8853905,4.4353905,3.7853906,2.8053906,2.8953905,2.1853907,2.1953907,1.9553906,1.5353906,1.3553907,1.7553906
3.4853907,1.9253906,2.3553905,1.9453906,1.5653906,-0.74460936,-0.9646094,-0.37460938,1.6853906,1.7553906,1.1453906,0.46539062,-0.034609374,0.13539062,1.1353906,0.4753906,0.94539064,1.7253907,2.1853907,2.0053906,2.4653907,0.6553906,0.45539063,0.7953906,0.74539065,0.39539063,-0.10460938,-0.34460938,-0.034609374,0.15539062,1.7353907,3.0153906,2.2153907,0.18539062,1.3153906,1.9053906,4.595391,2.9653907,3.3153906,3.2053907,3.3453906,3.9253907,3.9453907,3.7453907,3.9653907,3.8953905,3.8953905,3.8753905,3.9053907,3.5553906,3.3753905,2.8153906,2.0353906,1.2953906,1.1753906,0.8453906,0.9853906
4.5253906,3.0753906,2.7653906,2.5453906,1.7653906,-0.42460936,-2.5746093,-0.06460938,1.6753906,1.8353906,0.5553906,0.32539064,-0.084609374,-0.14460938,-1.1146094,0.025390625,0.6053906,0.32539064,0.57539064,0.6553906,0.6653906,0.7953906,-0.21460937,-0.18460937,-0.48460937,-1.2746093,-1.3946093,-1.5446094,-1.5346093,-0.7846094,-0.004609375,1.3053906,1.8253906,1.8653907,1.9053906,2.4353907,2.6153905,2.7453907,3.1253905,2.6453905,3.3853905,3.6053905,3.9253907,4.0853906,4.3353906,4.5253906,4.365391,4.365391,4.4453907,4.0453906,4.055391,3.9753907,3.8853905,3.4953907,1.4453906,0.16539063,0.48539063
4.4153905,3.6953907,2.9353907,3.0053906,2.3653905,0.93539065,-2.1246095,0.93539065,1.1953906,1.4953907,-0.5146094,-2.0846093,-0.054609373,-0.34460938,-1.8546094,0.13539062,0.42539063,0.7853906,0.99539065,0.8553906,-0.7846094,-2.0246093,-2.7046094,-2.1546094,-0.99460936,-1.2946094,-1.4646094,-1.6046094,-1.4046093,-1.1746094,-0.80460936,-0.39460936,-0.26460937,0.30539063,0.7853906,1.0353906,1.3953906,1.7053906,3.0153906,1.7253907,2.4953907,2.5253906,3.0053906,3.8053906,4.1553907,4.5253906,4.6653905,5.055391,5.1353908,5.1353908,4.9853907,4.9253907,4.7253904,4.3953905,3.2653906,1.8253906,0.81539065
3.9753907,3.2653906,3.1853907,3.1853907,3.0753906,3.0253906,4.0453906,1.9153906,0.5353906,-1.5646094,-1.3946093,-0.014609375,0.42539063,1.1353906,1.7353907,1.5753906,1.4353906,1.8053906,-0.50460935,-0.8546094,-2.1446095,-3.4746094,-2.5146093,-2.1346095,0.095390625,0.30539063,0.34539062,0.9853906,0.28539062,0.8953906,0.8553906,1.3553907,0.99539065,1.2753906,1.8753906,1.9953907,2.1153905,3.5153906,3.3553905,3.5853906,3.7753906,3.8653905,3.8853905,3.9453907,4.575391,4.9353905,4.9853907,4.9753904,4.7353907,4.9453907,7.4453907,7.6053905,7.805391,6.5653906,4.055391,3.1053905,2.4053907
5.2653904,3.5653906,3.2753906,3.0353906,3.2353907,3.4953907,4.325391,5.0453906,3.6853907,2.7853906,2.4553907,4.7253904,2.6653907,1.0453906,1.0153906,0.32539064,0.40539062,0.13539062,-1.3246094,-1.6346093,-1.1946094,0.11539063,0.7853906,1.2753906,0.69539064,0.36539063,1.2353907,0.8553906,0.8053906,0.6653906,0.93539065,0.5453906,1.2253907,1.4153906,2.1053905,2.5553906,2.4753907,2.9453907,3.6353905,3.8553905,4.7753906,4.5853906,4.9553905,6.575391,4.8853908,5.305391,5.2453904,7.115391,7.1353908,8.035391,7.1453905,5.1953907,5.6753907,5.5853906,6.6453905,5.2353907,3.5753906
5.0853906,3.2053907,2.5153906,2.3353906,2.5953906,2.7153907,2.9653907,3.5653906,3.6853907,2.6653907,3.0953906,4.055391,0.8653906,0.93539065,0.70539063,-1.6546093,-1.2746093,-0.81460935,-2.7646093,-0.62460935,1.7553906,1.6153907,1.8653907,2.3553905,2.0353906,1.5253906,1.4553906,0.76539063,1.0553906,0.7753906,0.9253906,0.74539065,1.3453907,1.5653906,2.2453907,2.5653906,2.8553905,3.0453906,3.3353906,3.3753905,4.2653904,4.0453906,5.2953906,5.8853908,6.9353905,7.5453906,7.2253904,8.195391,7.9753904,8.155391,8.705391,9.575391,9.13539,8.955391,9.065391,6.285391,4.615391
3.7553906,1.4453906,0.6653906,0.62539065,0.7853906,0.82539064,1.1253906,1.7253907,2.0353906,1.5253906,3.1853907,3.2753906,2.6553907,3.3653905,2.2353907,4.1853905,6.325391,0.93539065,0.17539063,1.0753906,2.7353907,2.6553907,2.1053905,2.5853906,2.2653906,2.0153906,1.4853907,2.1753907,1.7553906,1.7753906,1.5153906,2.1253905,2.0053906,2.2153907,2.1453905,2.1953907,2.7253907,3.0053906,3.9753907,4.2553906,3.7853906,3.9853907,4.3353906,4.8853908,5.5253906,7.5653906,8.115391,6.2153907,9.105391,9.575391,8.72539,8.72539,8.495391,9.785391,9.205391,9.75539,4.3553905
3.4753907,-0.7246094,-1.3946093,-1.6446093,-1.5946094,-1.3146094,-0.79460937,0.005390625,-0.15460938,0.21539062,2.1053905,2.3553905,2.4653907,3.1853907,5.1053905,6.0653906,3.3153906,1.5153906,1.3953906,0.8953906,1.5453906,2.2453907,2.1053905,2.6753907,2.4853907,2.6953907,2.2353907,2.5153906,2.6353905,1.6853906,2.3753905,2.5853906,2.6153905,2.6953907,2.5053906,3.3453906,3.5853906,4.7153907,5.095391,5.2753906,5.2553906,4.9153905,4.9053907,5.865391,6.6853905,7.4753904,6.3153906,7.9453907,8.655391,8.13539,7.9353905,7.5253906,7.2253904,7.285391,7.6553907,7.5253906,5.3853908
2.1153905,-1.5746094,-2.2746093,-2.7246094,-2.9146094,-2.3746095,-0.09460937,-0.34460938,-0.86460936,-0.12460937,0.49539062,1.5453906,2.7853906,2.4653907,3.4953907,3.2353907,2.1653907,2.4053907,2.3253906,1.4253906,1.5153906,2.1853907,2.4553907,3.0453906,3.1053905,2.6653907,1.9853907,2.5253906,2.2753906,2.0653906,2.4053907,2.1053905,3.0453906,3.3053906,3.4153907,4.1553907,4.7053905,5.075391,5.1953907,5.2153907,4.1953907,5.7353907,5.1953907,6.0253906,6.575391,6.7953906,7.1453905,6.4953904,7.6953907,7.1953907,7.5053906,6.3353906,5.4953904,6.1553907,6.1553907,7.365391,4.6953907
1.3253906,1.4653907,-3.7046094,-4.5546093,-5.7446094,-1.3846093,-1.4346094,-2.0846093,-2.0946093,-0.14460938,1.4753907,2.9153907,2.4653907,2.4653907,2.2953906,2.7253907,3.1453905,2.4853907,2.5353906,2.1553907,2.5253906,1.8453907,2.0753906,2.1353905,1.8553907,2.2353907,2.4253907,2.2653906,1.8353906,1.8353906,1.7953906,2.4453907,2.8153906,3.6253905,3.6853907,3.7853906,4.3753905,4.9553905,5.1753907,4.9653907,4.9853907,5.365391,5.535391,5.6853905,6.2653904,6.5053906,6.8353906,6.5453906,6.785391,6.9553905,6.535391,6.6253905,5.9253907,5.7153907,5.9753904,5.9853907,4.865391
-0.014609375,-3.8346093,-6.5546093,-3.4046094,-2.7446094,-3.0846093,-2.4146094,-1.1346093,-0.98460937,-0.7846094,0.6453906,2.3253906,2.4153907,3.2253907,1.0353906,1.2953906,1.9253906,1.7253907,1.2153907,2.8153906,0.43539062,1.0953907,0.46539062,3.0253906,1.7653906,2.0653906,1.5953907,0.9153906,2.0753906,2.5553906,2.5753906,2.6053905,2.9753907,3.3153906,3.4353907,3.0353906,3.9653907,4.1453905,4.1953907,4.4853907,4.4453907,5.0253906,4.9053907,4.9853907,5.4753904,5.9853907,6.2753906,5.8953905,6.1753907,5.8553905,5.7653904,5.5653906,5.7953906,6.345391,6.2653904,5.7653904,6.5253906
-8.07461,-8.844609,-4.3146095,-3.5746093,-2.6746094,-1.5546094,-0.79460937,-1.9246094,0.32539064,-0.9546094,-0.5746094,-1.0346093,0.22539063,1.5553906,1.4053906,0.6553906,-1.2946094,-0.21460937,3.3353906,-0.37460938,-0.13460937,0.18539062,2.7353907,-1.1446093,1.1353906,-0.20460938,0.36539063,0.94539064,1.4853907,2.2553906,2.7753906,2.6653907,2.2953906,1.7453907,1.9353906,2.0553906,2.4753907,2.4453907,2.7053907,2.9553907,3.5053906,3.3153906,3.9253907,4.035391,4.6553907,5.5153904,5.5253906,5.8553905,6.115391,6.2253904,6.2153907,5.9853907,5.6753907,5.4953904,5.5153904,5.9953904,6.7053905
-3.9346094,-3.6546094,-2.6946094,-1.1546093,1.5853906,3.1953907,2.9153907,1.4253906,1.1353906,0.95539063,0.45539063,0.13539062,-0.2746094,-1.2246094,1.4153906,0.40539062,-0.62460935,-1.3846093,-1.2746093,-1.3146094,0.34539062,0.39539063,-0.9646094,0.7153906,0.76539063,-2.0446093,-2.0346093,-1.4646094,0.30539063,0.8353906,1.3953906,1.2953906,0.57539064,0.49539062,0.14539063,-0.19460937,-0.10460938,0.33539063,0.63539064,0.5553906,0.8953906,1.4653907,2.2553906,2.7653906,3.5553906,4.1653905,4.3753905,4.9653907,5.8153906,6.2353907,6.6753907,6.1753907,5.8753905,5.4553905,5.075391,5.7453904,6.4053907
-2.3246093,-3.4546094,-3.0646093,-2.6146095,-0.40460938,1.3053906,1.5753906,1.5253906,-0.32460937,0.8453906,1.4353906,0.9753906,-0.10460938,0.31539062,0.56539065,1.0553906,1.4953907,-2.3346093,-3.5746093,-2.6246095,-1.2646093,-1.1346093,-2.3146093,-2.3246093,-1.5346093,1.4053906,-0.8946094,-2.5146093,-1.4146094,-0.6646094,-1.2246094,-1.9046093,-1.5246093,-1.7246094,-2.3246093,-2.6046095,-2.9646094,-3.1046095,-2.7846093,-2.4146094,-2.0646093,-1.4446094,-0.6346094,0.29539064,1.4853907,2.1153905,3.1253905,3.8953905,4.6753907,5.365391,6.2253904,6.1353908,6.2453904,5.7653904,4.9053907,5.3153906,5.285391
0.40539062,-1.2146094,-1.9146094,-3.6546094,-1.4846094,-0.6346094,0.46539062,0.13539062,-0.044609375,0.24539062,-1.2946094,0.2553906,-0.26460937,0.12539062,-0.6046094,1.2453907,0.94539064,0.38539064,-0.87460935,-1.6746094,-1.6846094,-1.7246094,-0.44460937,-1.4546094,-1.0546094,-1.1946094,1.5553906,-1.5746094,-1.5246093,-1.3146094,-2.7846093,-3.8046093,-3.3046093,-4.0046096,-4.6146092,-5.174609,-6.0546093,-6.3946095,-7.8146095,-6.444609,-4.6446095,-4.0246096,-3.3046093,-2.2146094,-1.3546094,-0.10460938,0.7253906,1.5653906,2.1253905,2.8353906,3.3853905,3.8853905,3.2753906,2.8753905,3.4453907,4.0053906,4.055391
4.575391,1.1553906,0.99539065,-1.0646094,-2.0946093,-1.0846094,0.32539064,-1.7346094,0.63539064,-0.74460936,-1.1446093,-0.07460938,-0.3346094,-1.6046094,-1.4146094,-0.62460935,0.045390625,0.5253906,-1.5146093,-1.2146094,-2.0346093,-1.8746094,-2.1246095,-1.4746094,-1.1446093,-1.9146094,-0.81460935,-0.6546094,-0.36460936,-1.3346094,-1.7146094,-5.2846093,-7.6146092,-8.054609,-5.904609,-9.07461,-9.894609,-9.964609,-7.8446093,-6.3746095,-6.7946095,-6.7446094,-5.7846093,-5.0346093,-4.1046095,-3.0846093,-2.5546093,-1.8246094,-0.9446094,0.18539062,1.2453907,1.8653907,2.6153905,1.5853906,0.32539064,1.0353906,3.0353906
4.5053906,4.1053905,2.8653905,2.1053905,0.32539064,-2.0046093,-0.36460936,0.36539063,0.13539062,0.40539062,1.8253906,2.5253906,3.1953907,6.0653906,1.9053906,0.42539063,-0.10460938,-0.14460938,-0.10460938,-2.1546094,-3.6246095,-4.7246094,-3.2446094,-0.06460938,-1.9346094,-1.5146093,-0.9546094,0.33539063,-1.4146094,-2.3246093,-3.7946093,-2.5746093,-3.2046094,-3.9746094,-2.5846093,-1.9046093,-5.2246094,-6.5146093,-3.4346094,-4.0446095,-6.0546093,-7.384609,-7.4546094,-6.8946095,-5.9346094,-5.8546095,-6.194609,-5.194609,-4.1846094,-3.0046093,-1.5046093,0.35539064,1.0953907,2.1453905,2.9553907,3.0953906,3.6753907
3.6953907,5.6953907,4.285391,3.5553906,-0.12460937,-0.45460936,-1.2946094,-0.45460936,1.1853906,-1.0646094,-2.5546093,0.20539063,0.95539063,2.2253907,4.6953907,-3.0946093,-4.0646095,-1.2046094,0.23539062,0.5353906,0.50539064,-1.6846094,-2.1146095,-1.4846094,-4.6146092,-4.3046093,-3.6946094,-2.6146095,-1.7146094,-5.2946095,-6.424609,-8.02461,-9.15461,-9.36461,-8.65461,-5.464609,-4.654609,-4.464609,-4.634609,-2.1346095,-0.22460938,-0.2746094,-1.7646093,-5.3346095,-5.1046095,-7.2846093,-8.834609,-7.6846094,-7.2746096,-3.8746095,-4.154609,-3.2646093,-1.1246094,-0.8546094,-0.24460937,0.43539062,1.2453907
1.6153907,0.75539064,2.0153906,6.0653906,4.035391,4.9053907,0.6453906,-0.74460936,1.0853906,1.0453906,1.3953906,-0.35460937,-0.8446094,1.0053906,1.2453907,3.8153906,-0.16460937,-6.5646095,-2.9346094,-0.4946094,0.46539062,-0.18460937,-1.3446094,-2.0846093,0.29539064,0.015390625,-1.2346094,-1.2246094,-4.6846094,-6.2546096,-7.714609,-8.924609,-9.934609,-10.31461,-9.224609,-6.6146092,-5.0946093,-4.3746095,-4.0846095,-5.0846095,-1.2046094,1.2253907,-1.1346093,-0.62460935,-0.8346094,-1.3246094,-0.7246094,-5.2046094,-8.304609,-7.7546096,-4.944609,-4.7746096,-3.2746093,-2.0846093,-2.0946093,-0.9046094,-0.5246094
6.2253904,0.51539063,-0.7646094,-2.0546093,0.9253906,3.2553906,0.4153906,-5.0046096,-1.5346093,-0.29460937,-0.26460937,2.5853906,-2.4746094,-1.8846093,1.9353906,2.5153906,2.4553907,2.8353906,-4.1146092,-4.2746096,-1.0946094,0.5253906,-1.5846094,-0.054609373,-0.034609374,0.14539063,0.5353906,-2.7146094,-3.1946094,-6.8946095,-7.7346096,-7.7346096,-5.7846093,-3.5746093,-2.6146095,-4.964609,-6.384609,-5.2846093,-4.5046096,-5.714609,-7.4146094,-10.74461,-4.5846095,-4.2846093,-7.0146093,-1.8046094,-0.044609375,1.5153906,-3.8546095,-9.07461,-7.7746096,-5.2046094,-5.5246096,-3.9546094,-3.1846094,-2.9646094,-2.7446094
7.5453906,12.155391,-3.0346093,-9.90461,-5.6046095,0.87539065,5.555391,0.94539064,0.5353906,2.6753907,5.6553907,5.9353905,8.1453905,-0.3046094,-1.5046093,1.8953906,1.1153907,1.0753906,0.5853906,-2.0346093,-2.2246094,-0.54460937,0.18539062,-0.62460935,-0.37460938,-1.2346094,-1.7446094,-0.79460937,-4.9146094,-3.0046093,-0.28460938,0.69539064,-0.084609374,-0.68460935,-0.26460937,-1.3546094,-0.6346094,-0.56460935,-1.2546093,0.07539062,0.19539063,-0.6046094,-1.8946093,-2.8046093,-2.8846095,-2.1546094,-1.8946093,-0.40460938,1.8153906,-0.9146094,-7.2346096,-7.3446093,-6.8146095,-4.694609,-3.0346093,-3.1846094,-3.0746093
