raw-data-f/2018101012f3.json
{"header": { "discipline":0, "disciplineName":"Meteorological products", "gribEdition":2, "gribLength":75585, "center":7, "centerName":"US National Weather Service - NCEP(WMC)", "subcenter":0, "refTime":"2018-10-10T12:00:00.000Z", "significanceOfRT":1, "significanceOfRTName":"Start of forecast", "productStatus":0, "productStatusName":"Operational products", "productType":1, "productTypeName":"Forecast products", "productDefinitionTemplate":0, "productDefinitionTemplateName":"Analysis/forecast at horizontal level/layer at a point in time", "parameterCategory":2, "parameterCategoryName":"Momentum", "parameterNumber":3, "parameterNumberName":"V-component_of_wind", "parameterUnit":"m.s-1", "genProcessType":2, "genProcessTypeName":"Forecast", "forecastTime":3, "surface1Type":103, "surface1TypeName":"Specified height level above ground", "surface1Value":10.0, "surface2Type":255, "surface2TypeName":"Missing", "surface2Value":0.0, "gridDefinitionTemplate":0, "gridDefinitionTemplateName":"Latitude_Longitude", "numberPoints":65160, "shape":6, "shapeName":"Earth spherical with radius of 6,371,229.0 m", "gridUnits":"degrees", "resolution":48, "winds":"true", "scanMode":0, "nx":360, "ny":181, "basicAngle":0, "lo1":0.0, "la1":90.0, "lo2":359.0, "la2":-90.0, "dx":1.0, "dy":1.0 }, "data":
[rows 104 to 129 of 181, columns 116 to 173 of 360]
4.1028786,3.7028785,3.5628784,2.9228785,1.1128784,-1.3071216,-2.7271216,-3.2271216,-3.8971217,-4.0771217,-2.9571216,-0.7171216,-2.4971216,-3.4771216,-1.5471215,-1.5671216,-3.1071215,-3.6071215,-2.7971215,-1.9271216,-2.6471217,-0.26712158,2.0228784,1.7828784,-0.007121582,-0.6571216,-1.1971216,-1.0071216,-1.0871216,0.73287845,1.2528784,1.4428784,1.7128785,2.2428784,2.2028785,2.4328785,3.1028783,3.7228785,4.2228785,4.4728785,4.6428785,4.6828785,4.5528784,4.3228784,3.7228785,3.4628785,2.7028785,2.5128784,3.0428784,2.0728784,2.6428785,2.1428785,1.9528785,1.8428785,1.9428784,2.1728785,2.2128785,2.0628784
4.7228785,4.3828783,3.7828784,3.2428784,2.3428783,-0.077121586,-2.8871217,-4.3871217,-4.1971216,-3.3271215,-1.5071216,-1.1571215,-0.5971216,-2.1671216,-2.5671215,-0.9671216,-1.2171216,-2.6071215,-3.3971217,-3.8671217,-5.0871215,-3.4471216,-0.057121582,2.9128785,1.8128784,-0.3271216,-2.8671217,-2.0271215,-0.4171216,0.12287842,0.7728784,0.7228784,0.6328784,0.8528784,1.1128784,1.5028784,2.0728784,2.5828784,3.0828784,3.4628785,3.6528785,3.7628784,3.7028785,3.7028785,3.8828783,4.0128784,3.9128785,3.6328783,3.2628784,3.5928783,1.2328784,1.9728785,2.8028784,1.9228784,2.0128784,2.1528785,2.3528783,2.4928784
5.3428783,5.3228784,4.8328786,3.3628783,2.0228784,0.5228784,-2.3971217,-4.2271214,-4.5971217,-2.7271216,-2.6171217,-3.3771217,-3.5671215,-2.1271217,0.12287842,-1.1671215,-2.7371216,-3.5871215,-4.1171217,-3.5471215,-3.4871216,-3.1871216,-3.5071216,-0.3871216,2.5228784,0.08287842,-2.6571217,-3.5771215,-3.0971215,0.9128784,-0.37712157,-0.62712157,-0.26712158,-0.21712159,0.092878416,0.5728784,1.0328784,1.5428784,1.9628785,2.4728785,2.7428784,2.7528784,2.8228784,2.9528785,3.1628785,3.6728785,3.8528783,3.7628784,3.7628784,3.3928785,2.3828783,0.7228784,1.9228784,2.3128784,2.5628784,2.8128784,2.5528784,2.9428785
5.7928786,5.732878,5.4428782,4.6728783,1.5628784,-0.9571216,-1.1171216,-1.2771215,-4.1071215,-4.0871215,-3.7371216,-1.9671216,-5.8171215,-3.9571216,-2.7171216,-2.7871215,-2.7571216,-5.9871216,-6.1671214,-4.6671214,-2.7571216,-1.8071216,-1.1171216,-1.8371216,-1.1771216,1.0528784,-1.4071215,-7.0971217,-2.0671215,0.092878416,-1.0571216,-2.7271216,-2.0371215,-1.4371216,-1.1371216,-0.7071216,-0.26712158,0.20287842,0.6628784,1.0528784,1.4328784,1.7428784,2.0828784,2.5428784,2.7328784,3.0128784,3.1728785,3.0828784,3.0528784,3.2328784,2.4428785,1.9028784,1.8328785,2.7928784,3.1328783,2.9628785,3.3128784,3.3128784
5.1428785,5.2728786,5.3828783,4.962878,4.8528786,2.6528785,-3.7771215,-2.5771215,-6.9471216,-4.6571217,-1.0671216,-1.9971216,-1.5771216,-0.29712158,-2.3071215,-2.5971215,-3.2671216,-1.2971215,1.2628784,-4.5071216,-5.0271215,-4.8371215,-3.6371217,-1.2471216,-1.8571216,-1.5971216,0.17287841,-1.4871216,-1.8471216,0.15287842,-0.87712157,-4.3071218,-4.1771216,-3.4071217,-2.7171216,-2.0971215,-1.4171215,-0.8471216,-0.22712158,0.21287842,0.41287842,0.5128784,0.7628784,1.2728784,1.8328785,2.2828784,2.0728784,1.6728784,1.9728785,2.2528784,2.0228784,0.8828784,1.5728784,2.7728784,3.1128783,3.6028783,3.7428784,3.9428785
4.3628783,3.9928784,3.7628784,4.1128783,4.7428784,6.3828783,5.462878,0.14287841,0.5928784,3.5728784,5.0628786,8.922878,8.882878,6.1028786,2.3528783,4.6928782,-2.8171215,-1.9671216,-1.5271215,3.4028785,4.1028786,0.48287842,-0.21712159,-1.4271216,1.6928784,2.1028783,-2.3871217,-1.8071216,-2.1271217,-2.8371215,-2.4671216,-5.1971216,-5.8571215,-5.3471217,-4.4871216,-3.5571215,-2.5871215,-1.6571215,-0.8371216,-0.40712157,-0.36712158,-0.2871216,0.20287842,0.5728784,0.56287843,0.7028784,1.3228784,1.6428784,0.86287844,0.48287842,0.9728784,1.3428785,1.3228784,0.8328784,2.0728784,2.5928783,2.9228785,2.6628785
4.0828786,2.2428784,1.2128785,2.4728785,3.0328784,2.2528784,4.1828785,3.6328783,-1.1271216,1.3628784,7.2728786,7.3228784,11.752878,13.022879,9.742878,9.372878,5.2428784,5.5428786,1.8828784,3.3228784,4.482878,5.3428783,2.4628785,0.022878418,0.5028784,1.8828784,3.2928784,2.0228784,0.07287842,-3.7671216,-2.5471215,-3.1071215,-2.6971216,-6.787122,-6.4771214,-5.5771217,-4.3171215,-3.1071215,-2.1571217,-1.3971215,-0.9971216,-0.6571216,-0.3571216,0.35287842,0.7628784,0.62287843,1.3528785,1.7628784,-0.09712158,0.24287842,-0.3471216,-0.057121582,0.6528784,0.87287843,1.3828784,1.9328784,2.1728785,2.3928785
4.5128784,2.8028784,0.3328784,-0.4471216,0.7228784,0.7728784,0.6028784,-0.5871216,0.5828784,-1.9271216,-2.3071215,-0.27712157,7.1328783,11.982879,7.2428784,6.0828786,9.312879,3.3828783,3.2528784,4.482878,5.6828785,7.2628784,7.1728783,4.0428786,5.712878,4.712878,3.9828784,3.5228784,5.0228786,-2.7471216,-5.5571218,-6.2371216,-3.3271215,-3.0071216,-7.3171215,-6.9571214,-5.9871216,-4.6571217,-3.3771217,-2.4171216,-1.8571216,-1.5671216,-1.0171216,-0.27712157,0.5128784,1.0528784,1.1328784,1.9028784,2.4928784,-0.8071216,0.7628784,-0.7171216,-0.19712158,0.44287843,0.9728784,1.5128784,1.8428785,1.8928784
4.2428784,3.6828785,3.9628785,0.17287841,-1.6571215,1.7628784,9.142879,10.062879,-2.1171217,-2.0671215,-0.9671216,-1.4471216,-3.0171216,-1.5771216,6.6028786,4.3728786,6.0928783,8.862879,2.8528783,3.0828784,4.7228785,4.5728784,6.9328785,6.2228785,7.1528783,8.102879,8.172878,3.4128785,2.5128784,-0.9871216,-5.6571217,-4.9271216,-3.1271217,-4.0271215,-7.0571218,-7.3671217,-7.3371215,-6.4871216,-5.017122,-3.8871217,-3.1971216,-2.6271217,-1.8871216,-1.1871216,-0.3471216,0.7128784,1.1828784,1.5928785,1.6528784,1.7828784,-3.0071216,-2.2971215,-1.3771216,-0.06712158,0.5728784,0.8928784,1.2228785,1.3728784
4.3828783,1.1628784,1.2028785,2.4728785,-1.3671216,-0.3171216,5.732878,5.9428782,-1.2871215,-4.247122,-5.5471215,-5.6271214,-10.847121,-5.5071216,-4.3371215,-2.7271216,-4.4271216,0.19287843,3.8128784,4.5328784,3.9828784,4.462878,6.4228783,6.5628786,6.712878,6.9928784,6.8228784,7.0228786,7.8128786,4.0628786,-2.3271215,-9.437121,-9.147121,-4.0771217,-4.1771216,-5.4071217,-6.8071218,-6.8471217,-6.017122,-5.2571216,-4.3771214,-3.4971216,-2.7171216,-1.7671216,-0.9671216,0.18287842,0.9628784,1.0828785,1.0328784,0.74287844,-1.4571216,-2.8871217,-1.5371215,-0.15712158,0.4628784,0.93287843,0.7528784,0.5428784
6.6328783,5.1828785,3.6328783,2.9628785,2.7728784,-3.3471215,-5.1571217,-1.3771216,3.6328783,-4.4371214,-3.9671216,-4.037122,-0.06712158,-1.4171215,-3.2271216,-2.1271217,-0.6171216,0.13287842,1.0528784,2.1828785,3.6328783,4.1928782,4.9728785,6.9528785,7.7028785,6.9028783,6.8028784,6.9928784,6.982878,5.8528786,2.6528785,3.6928785,-6.1571217,-5.4771214,-3.4771216,-0.7971216,-5.8771214,-6.7371216,-6.9171214,-5.8871217,-5.287122,-4.3871217,-3.3971217,-2.3871217,-1.3171216,-0.36712158,0.19287843,0.26287842,0.48287842,-0.5971216,-1.7471216,-2.3571215,-1.0771216,0.04287842,0.9128784,1.0328784,0.68287843,0.9628784
5.4328785,4.1128783,2.9628785,3.2728784,3.4528785,-2.5471215,-3.8571215,-4.6371217,4.6428785,2.5728784,-2.6071215,-2.3571215,-1.7971215,-0.057121582,1.6628784,0.5728784,0.15287842,0.32287842,1.2128785,3.4128785,4.0928783,4.1928782,4.502878,5.5128784,5.6728783,7.252878,8.302878,6.982878,6.6128783,5.002878,4.9328785,1.6328784,-0.43712157,-1.5671216,-5.7571216,-5.1571217,-1.3071216,-6.247122,-5.4471216,-5.6671214,-5.7071214,-5.1871214,-3.8971217,-2.8271215,-1.8371216,-0.88712156,-0.007121582,-0.6071216,-1.0171216,-1.4171215,-2.0971215,-3.4971216,-2.9571216,-0.93712157,-0.077121586,-0.14712158,0.45287842,0.8828784
4.1228786,2.2528784,2.7628784,2.6228783,2.6628785,-5.9571214,-8.877122,-3.6771216,-5.0071216,4.1528783,5.0528784,2.0428784,2.4228785,-0.42712158,-0.2871216,-0.63712156,-0.3171216,1.9628785,3.0628784,3.4428785,3.7828784,3.3628783,3.7228785,4.0328784,4.9428782,7.212878,7.7428784,7.8628783,6.9428782,6.3228784,5.482878,3.4528785,-1.2071216,-4.0671215,-4.5771217,-2.7171216,-2.3871217,0.62287843,-6.8271217,-5.7071214,-5.517122,-5.8171215,-5.1471214,-3.8071215,-2.4771216,-1.8071216,-0.5571216,-0.69712156,-1.5571216,-2.5771215,-3.2471216,-1.8571216,-1.3771216,-1.4271216,-0.93712157,-1.0871216,-0.82712156,-0.6571216
4.0228786,3.2228785,3.3928785,2.5328784,2.8828783,2.4028785,-2.7871215,-4.5871215,-2.7171216,-4.787122,-2.1771216,2.9928784,2.3728783,-0.037121583,0.6428784,0.2728784,1.2428784,1.9328784,2.0128784,2.7128785,2.5128784,2.7628784,3.8128784,2.3928785,4.8328786,6.0628786,6.3328786,5.982878,5.7228785,4.462878,3.9128785,3.6828785,2.4628785,-1.5571216,-7.2071214,-1.9871216,1.2428784,3.7628784,5.982878,-4.9171214,-4.9771214,-5.6671214,-5.2971215,-4.5871215,-3.5071216,-2.5171216,-2.0671215,-1.2871215,-2.0071216,-3.2771215,-2.7771215,-2.2171216,-1.5671216,-1.5571216,-1.6071216,-1.9471216,-1.9571216,-2.7271216
3.5228784,3.6928785,1.9428784,1.8228784,3.1928785,-1.9671216,-3.1871216,-2.6771216,-1.6271216,-2.1671216,-1.1171216,0.56287843,2.3728783,1.9428784,1.3228784,1.4128784,0.80287844,1.9528785,2.9028785,3.4928784,4.2728786,4.4528785,4.0528784,3.1428785,3.6728785,4.3828783,4.8228784,6.7228785,6.3528786,6.5628786,3.9728785,3.8328784,2.0128784,2.8928785,-3.5071216,-2.8371215,1.8228784,3.1228783,7.982878,-2.0471215,-0.12712158,-4.6271214,-4.8871217,-4.2371216,-3.7371216,-2.8371215,-3.2071216,-3.5471215,-3.5271215,-3.3371215,-3.2071216,-1.9071215,-0.87712157,-1.1771216,-2.4671216,-3.2171216,-3.4071217,-3.7571216
1.0028784,4.2228785,3.4228785,1.2528784,-2.1771216,-1.3871216,0.052878417,0.22287841,-1.1571215,0.5128784,0.14287841,0.3328784,1.2528784,2.6928785,2.4928784,1.0428784,0.9728784,0.48287842,2.6228783,3.6628785,4.8828783,6.2028785,2.6728785,3.0228784,4.232878,4.732878,4.5528784,4.7828784,5.8528786,5.4128785,5.462878,3.0628784,4.482878,-0.57712156,-2.3071215,0.12287842,1.0728784,1.5228784,8.862879,10.352879,-0.9671216,-5.3671217,-5.1871214,-5.1471214,-4.247122,-3.3671217,-3.2371216,-3.8171215,-4.497122,-4.3271217,-4.0571218,-2.5271215,-1.2171216,-0.75712156,-3.1771216,-4.6071215,-5.4571214,-4.8871217
-0.10712158,1.3828784,3.7428784,-2.4371216,-3.3071215,-2.7271216,-1.8671216,-0.49712157,0.5028784,0.55287844,0.9028784,1.3428785,1.6728784,3.4028785,4.1028786,3.8728783,4.4928784,4.6428785,4.7428784,2.8128784,4.4728785,6.0328784,4.0828786,5.6328783,5.232878,4.232878,4.462878,4.3228784,4.8628783,4.0728784,3.5728784,0.8428784,1.3228784,2.7528784,1.7028785,0.35287842,0.18287842,2.3128784,8.032879,8.992878,11.772879,-0.2871216,-2.3171215,-2.5071216,-3.4871216,-3.4571216,-3.4971216,-3.5271215,-4.3471217,-5.0071216,-4.6971216,-3.6471217,-2.0671215,-1.0671216,-3.3871217,-5.3071218,-6.5671215,-6.0771217
0.18287842,1.6328784,-0.057121582,-0.8371216,-1.6071216,-1.9071215,-0.8371216,0.81287843,0.8928784,0.98287845,0.6628784,1.1328784,1.8328785,2.9128785,3.9628785,3.8928785,4.3928785,4.8028784,4.962878,2.9528785,4.502878,6.2828784,3.9428785,3.4028785,4.4128785,4.0528784,4.3828783,5.4328785,5.712878,5.1328783,0.26287842,0.98287845,-0.42712158,2.0628784,6.2428784,1.0728784,1.4828784,5.8728786,9.352879,8.742878,9.602879,10.072879,8.142879,7.2728786,5.1728783,0.62287843,-2.1671216,-3.2171216,-4.037122,-5.1371217,-5.6471214,-4.9271216,-3.6271217,-1.4171215,-3.6171217,-5.5271215,-7.1571217,-6.4071217
-1.0071216,1.5528784,1.2228785,-1.4871216,-0.8371216,-0.9671216,-0.8571216,0.5228784,0.61287844,-0.2871216,-0.24712159,0.14287841,0.8328784,2.9028785,3.8728783,4.1028786,3.8528783,2.5328784,2.5528784,3.1028783,3.6028783,4.9228783,2.4628785,4.6928782,3.3528783,4.232878,5.2828784,5.8828783,2.8628783,-1.2171216,-1.2271216,0.92287844,1.3028784,0.26287842,2.5928783,2.2728784,1.8528785,9.092878,10.002878,10.302878,10.942879,10.082878,9.942879,9.492878,9.042878,8.272879,6.3128786,1.1628784,-2.7571216,-5.5771217,-6.9071217,-6.537122,-5.4871216,-3.3071215,-3.2871215,-7.3071218,-8.197122,-7.1371217
0.15287842,2.6228783,2.2728784,1.3228784,-0.9671216,-1.7171216,-2.5471215,-1.5471215,0.11287842,-2.3671217,-1.9271216,-0.9971216,0.44287843,1.4828784,2.4628785,3.2128785,3.4528785,3.2028785,3.6328783,2.2828784,2.0428784,4.712878,1.7828784,4.4928784,6.2728786,5.8628783,6.3328786,6.1628785,0.9728784,0.092878416,-0.7171216,0.7628784,1.5828785,0.9028784,1.6028785,2.0428784,8.262878,8.322879,7.8928785,8.152879,8.602879,8.732879,9.062879,9.532879,9.702878,9.502878,8.362879,7.1328783,2.9228785,-4.017122,-7.1971216,-8.297122,-7.4571214,-6.1271214,-4.247122,-4.537122,-7.4471216,-7.6071215
0.092878416,0.7228784,1.2728784,-0.26712158,-2.1671216,-3.2071216,-2.6171217,-2.8771217,-3.8371215,-2.8071215,-2.3371215,-1.2171216,-0.12712158,0.5328784,1.1628784,2.0028784,2.8628783,3.1128783,3.3128784,3.9928784,2.2428784,5.0928783,2.8628783,3.6328783,4.8328786,6.0828786,6.8228784,3.4928784,2.1828785,1.4228784,0.68287843,0.6628784,1.6128784,2.3228784,1.5528784,3.7328784,8.362879,8.392879,8.842878,9.322879,9.782879,9.802878,9.262878,8.392879,8.052878,8.312879,7.8028784,6.6528783,5.0228786,0.67287844,-6.3871217,-9.5671215,-9.767121,-8.8171215,-6.9571214,-5.3171215,-4.6371217,-5.2571216
-2.6371217,-2.1471217,-1.8571216,-3.2971215,-3.7771215,-4.1171217,-4.497122,-4.4471216,-4.1171217,-3.1071215,-2.6471217,-1.8371216,-1.2871215,-0.50712156,0.5028784,1.5428784,2.4928784,3.1328783,3.9228785,4.5728784,5.1028786,3.9228785,5.002878,2.3828783,3.6628785,3.7428784,4.4028783,3.8328784,-1.5171216,-0.15712158,-0.62712157,-0.12712158,0.6928784,3.8428783,2.2928784,7.712878,8.672878,10.022879,11.232879,11.402879,10.412878,9.592878,8.852879,8.492878,8.422878,10.142879,9.972878,3.0028784,1.1328784,1.0328784,-4.3971214,-9.467121,-11.447122,-10.727121,-9.217121,-7.8471217,-6.787122,-5.6671214
-2.2671216,-3.8071215,-4.2571216,-4.2971215,-4.1571217,-4.6371217,-5.0271215,-4.6171217,-4.9871216,-3.8371215,-3.0271215,-2.3971217,-2.1571217,-1.2471216,-0.04712158,1.3228784,2.0628784,2.8428783,3.5128784,4.2628784,5.0928783,2.0028784,4.0328784,5.4428782,3.2128785,3.0928783,4.212878,2.9428785,2.6828785,0.81287843,0.6328784,2.0128784,0.7228784,2.8828783,1.6128784,6.7428784,7.8328786,8.342878,8.692879,9.402879,8.942879,9.232879,9.812879,9.772879,10.822879,13.042878,13.862879,7.8628783,-5.3871217,-3.6771216,-4.4571214,-9.417122,-11.967121,-12.287122,-10.897121,-9.387121,-8.557121,-7.267122
-6.1971216,-5.4671216,-4.6771216,-4.6471214,-3.9871216,-5.2371216,-5.8671217,-5.5871215,-4.8371215,-4.0771217,-3.1471217,-3.2471216,-2.7871215,-1.7671216,-0.27712157,0.68287843,1.5628784,2.5728784,3.3228784,3.8628783,4.3928785,5.2928786,4.7028785,4.1128783,3.2528784,3.1628785,2.5128784,3.7628784,2.2428784,2.9228785,0.99287844,1.8828784,0.12287842,0.5228784,4.5128784,6.8728786,7.2628784,7.712878,8.512878,9.172878,9.6828785,10.6828785,12.082878,12.382878,13.312879,15.152879,16.772879,10.502878,-5.9671216,-6.3671217,-3.8171215,-9.347121,-11.207122,-12.877122,-12.397121,-10.907122,-9.517121,-7.8771214
-5.8471217,-6.5671215,-5.517122,-4.3771214,-4.8571215,-5.3071218,-5.6871214,-5.5571218,-4.9771214,-4.1771216,-4.2171216,-3.8871217,-3.2071216,-2.1171217,-0.9171216,0.16287842,1.1528784,2.0928783,2.7928784,3.5228784,3.8728783,3.7528784,3.9128785,3.9228785,4.3528786,1.5528784,2.5128784,2.7228785,1.3428785,3.3728783,-0.08712158,-1.2471216,-1.5171216,1.9728785,5.0228786,5.9928784,6.8328786,7.5828786,8.872878,9.882878,10.982879,12.092878,12.362879,13.582878,13.902879,15.252878,17.152878,11.752878,-4.4871216,-4.5471215,-2.9871216,-6.6171217,-9.897121,-11.737122,-12.627122,-11.967121,-10.217121,-8.057121
-5.9371214,-7.5671215,-5.8871217,-5.1771216,-4.6171217,-4.517122,-5.497122,-6.2371216,-5.6971216,-4.7971215,-4.6271214,-4.4671216,-3.9171216,-2.9171216,-1.7771215,-0.45712158,0.73287845,1.5728784,2.1928785,2.8428783,3.4128785,3.5228784,3.0228784,2.8828783,2.8428783,3.5128784,4.0528784,3.2628784,0.67287844,0.4328784,0.35287842,0.8928784,2.6328783,3.1728785,4.3528786,5.9528785,7.3128786,8.1828785,9.362879,10.542878,11.212878,12.812879,12.782879,13.572879,13.482879,14.642879,16.022879,18.272879,0.5828784,0.08287842,-4.1671214,-3.8271215,-6.8571215,-9.847121,-10.647121,-11.037122,-10.047122,-8.667122
