raw-data-f/2018100718.json
{"header": { "discipline":0, "disciplineName":"Meteorological products", "gribEdition":2, "gribLength":75042, "center":7, "centerName":"US National Weather Service - NCEP(WMC)", "subcenter":0, "refTime":"2018-10-07T18:00:00.000Z", "significanceOfRT":1, "significanceOfRTName":"Start of forecast", "productStatus":0, "productStatusName":"Operational products", "productType":1, "productTypeName":"Forecast products", "productDefinitionTemplate":0, "productDefinitionTemplateName":"Analysis/forecast at horizontal level/layer at a point in time", "parameterCategory":2, "parameterCategoryName":"Momentum", "parameterNumber":3, "parameterNumberName":"V-component_of_wind", "parameterUnit":"m.s-1", "genProcessType":2, "genProcessTypeName":"Forecast", "forecastTime":0, "surface1Type":103, "surface1TypeName":"Specified height level above ground", "surface1Value":10.0, "surface2Type":255, "surface2TypeName":"Missing", "surface2Value":0.0, "gridDefinitionTemplate":0, "gridDefinitionTemplateName":"Latitude_Longitude", "numberPoints":65160, "shape":6, "shapeName":"Earth spherical with radius of 6,371,229.0 m", "gridUnits":"degrees", "resolution":48, "winds":"true", "scanMode":0, "nx":360, "ny":181, "basicAngle":0, "lo1":0.0, "la1":90.0, "lo2":359.0, "la2":-90.0, "dx":1.0, "dy":1.0 }, "data":
[rows 26 to 51 of 181, columns 295 to 353 of 360]
-0.21636719,0.27363282,-0.25636718,-0.3063672,0.0036328125,0.15363282,0.2136328,-0.05636719,-0.15636718,-0.2663672,-0.16636719,0.3536328,1.2636328,2.4236329,0.22363281,-1.0563672,2.7036328,3.4936328,1.9636328,0.073632814,-1.1363672,-3.3463671,-6.3663673,-9.426367,-8.506367,-15.196367,-14.816367,-11.746367,-12.486367,-10.516367,-5.6163673,-2.0063672,0.6736328,2.9636328,3.3436327,2.9836328,2.6536329,2.7136328,2.8336327,3.123633,3.0536327,2.5636327,2.393633,1.4936328,0.82363284,2.2936327,0.4836328,-0.5863672,-1.1363672,1.0736328,3.4536328,4.543633,4.663633,4.6736326,4.6936326,4.9236326,5.353633,5.623633,5.7136326
1.4236329,2.9036329,1.9736328,0.4136328,-1.1863672,-2.1663673,-2.366367,-1.6263672,-0.8863672,-1.0963672,-1.8963672,-2.4263673,-2.5663671,-1.9763672,-1.6363672,-0.31636718,-1.1163672,-1.4463671,-0.5863672,-1.4063672,-3.5663671,-6.506367,-4.336367,-3.606367,-11.116367,-18.746367,-14.366367,-9.236367,-9.026367,-8.856367,-7.706367,1.2536328,9.723633,9.393633,7.2836328,4.623633,3.4436328,3.0036328,3.603633,5.003633,5.183633,4.643633,3.9836328,3.353633,2.7536328,2.123633,1.3736328,1.8736328,2.5636327,2.883633,2.9836328,3.0336328,2.9036329,2.633633,2.5936327,2.9436328,3.4236329,3.9036329,4.313633
2.643633,1.5336328,0.8636328,-0.3863672,-1.4163672,-2.3263671,-2.9163673,-3.5863671,-4.3263674,-4.0563674,-3.0463672,-2.7163672,-3.366367,-4.416367,-4.106367,-4.4263673,-1.9063672,-2.9963672,-2.5263672,-3.2563672,-2.5963671,-4.166367,-2.5163672,-2.5463672,-10.816367,-16.116367,-12.356367,-7.1763673,-6.086367,-0.44636717,6.563633,9.323633,9.353633,8.303633,6.263633,4.123633,2.7136328,1.8136328,3.2236328,5.263633,5.523633,5.813633,5.683633,5.3436327,4.9636326,4.4036326,3.643633,3.1536329,2.9536328,2.8036327,3.0136328,3.1536329,3.0036328,2.603633,2.2136328,1.9836328,2.1936328,2.8436327,2.7536328
1.5336328,1.6036328,0.8136328,-0.6563672,-1.5063672,-2.0463672,-3.0863671,-4.396367,-5.5763674,-6.226367,-6.1763673,-5.566367,-5.276367,-5.1363673,-5.3063674,-5.586367,-6.796367,-5.8063674,-6.5963674,-0.016367188,-0.06636719,-3.7063673,-1.1063672,-3.0963671,-9.636367,-11.196367,-8.4563675,-4.4263673,-0.2663672,2.143633,3.603633,5.1136327,6.003633,5.163633,3.0736327,1.3836328,0.31363282,1.6836329,4.5336328,5.8436327,6.933633,7.333633,7.163633,6.6936326,5.973633,4.993633,3.9936328,3.2336328,2.4936328,2.4636328,3.133633,3.6836329,3.5136328,2.9136329,2.393633,2.0936327,1.7936329,1.5236328,0.7736328
0.15363282,-2.0363672,-2.4063673,-3.2363672,-3.7563672,-4.486367,-4.266367,-4.5963674,-5.226367,-5.456367,-5.776367,-6.3463674,-6.5763674,-6.2863674,-5.756367,-5.1963673,-5.1363673,-5.896367,-5.356367,-4.5963674,-4.816367,-1.2163672,-2.356367,-2.866367,-2.116367,-1.6163672,-1.7563672,-1.0763671,0.5236328,2.1936328,3.4036329,3.7436328,3.4136329,2.7636328,2.0636327,1.7736328,2.853633,4.793633,6.0536327,7.003633,7.3836327,7.293633,6.953633,6.523633,5.8236327,4.8036327,3.7236328,2.9236329,2.2236328,2.123633,2.6936328,3.1536329,2.9236329,2.2236328,1.6336328,1.2836328,0.8536328,0.063632816,-0.5163672
-1.4763672,-1.2863672,-3.4263673,-3.0963671,-4.026367,-4.666367,-5.166367,-5.186367,-5.4663672,-5.516367,-5.396367,-5.1363673,-5.0563674,-5.506367,-5.9263673,-5.776367,-5.416367,-5.026367,-5.086367,-5.6363673,-4.5963674,-4.606367,-3.0963671,-2.0563672,-0.9163672,0.2136328,1.0836328,1.7236328,2.2036328,2.353633,2.4236329,2.2936327,2.0636327,2.0436327,2.3236327,3.0036328,3.7236328,4.433633,5.2836328,6.083633,6.503633,6.743633,6.8236327,6.4436326,5.6336327,4.5936327,3.4636328,2.2636328,1.6336328,1.6936328,2.0936327,2.373633,2.2036328,1.8636328,1.7336328,1.3636328,0.57363284,0.2536328,-1.3663672
-0.3263672,-0.6563672,-1.5063672,-2.606367,-2.376367,-2.9263673,-4.856367,-5.566367,-5.8663673,-5.736367,-5.456367,-4.856367,-4.296367,-4.086367,-4.4663672,-5.146367,-5.496367,-5.296367,-4.876367,-4.476367,-4.026367,-3.2963672,-1.6363672,0.063632816,1.2136328,1.8536328,2.1836329,2.2336328,2.2736328,2.3036327,2.3136327,2.143633,2.0036328,2.0336328,2.2336328,2.5636327,3.113633,3.7436328,4.4636326,5.123633,5.563633,5.813633,5.743633,5.253633,4.433633,3.373633,2.363633,1.6436328,1.4336329,1.6236328,1.9136329,1.9836328,1.9436328,1.7436328,0.9236328,0.2536328,-0.3263672,-1.0563672,1.2636328
-1.9363672,-2.9263673,-3.9863672,-4.236367,-3.4663672,-5.0563674,-5.4663672,-4.6563673,-5.516367,-5.1763673,-4.8463674,-4.336367,-3.6663673,-3.2063673,-3.1763673,-3.8363671,-4.5363674,-4.646367,-4.226367,-3.4863672,-2.616367,-1.7663672,-0.92636716,-0.37636718,0.15363282,0.7236328,1.0936328,1.5036328,1.5936328,1.4436328,1.1836329,1.0836328,1.2136328,1.5036328,1.9136329,2.4836328,3.103633,3.8136327,4.413633,4.933633,5.3836327,5.5336328,5.203633,4.373633,3.2136328,2.353633,2.0936327,1.7936329,1.4036328,1.4936328,1.7136328,1.7136328,1.1936328,0.34363282,-0.24636719,-0.31636718,0.4536328,3.633633,6.8236327
-2.5763671,-2.636367,-3.4363673,-3.8363671,-4.0763674,-2.8263671,-4.5363674,-3.876367,-3.7963672,-5.396367,-4.516367,-4.0563674,-3.6663673,-3.3363671,-3.4163673,-3.3263671,-3.7963672,-4.586367,-4.756367,-4.4063673,-3.7963672,-3.126367,-2.2563672,-0.9663672,0.3836328,1.3736328,1.7936329,1.6736329,1.4336329,1.1436328,0.82363284,0.63363284,0.88363284,1.4536328,2.1636329,2.8236327,3.353633,3.8436327,4.4436326,4.8036327,4.6336327,3.9936328,3.2936327,2.8136327,2.1936328,1.5236328,1.0836328,1.0936328,1.4536328,1.7036328,1.4636328,0.6136328,-0.09636719,-0.23636718,-0.5763672,2.6936328,7.833633,9.823633,10.223633
-2.6763673,-3.2063673,-3.886367,-4.496367,-4.3263674,-4.016367,-4.4463673,-4.0363674,-4.4063673,-4.0963674,-3.5163672,-3.1563673,-3.106367,-2.8163671,-2.606367,-2.7563672,-2.866367,-3.126367,-3.5763671,-3.636367,-3.3263671,-2.7063673,-1.5863671,-0.0063671875,1.4136329,1.9136329,1.6436328,1.0936328,0.5936328,0.3536328,0.34363282,0.5436328,1.2136328,1.8936328,2.5036328,3.0336328,3.393633,3.613633,3.4936328,3.1836329,2.853633,2.353633,1.7336328,1.2236328,0.9036328,0.7836328,1.1236328,1.6336328,1.4436328,0.69363284,0.16363281,-0.3063672,-0.5863672,4.0736327,8.853633,10.033633,10.803633,6.543633,5.273633
-4.246367,-3.9663672,-3.0063672,-4.6763673,-3.6563673,-3.386367,-2.2063673,-2.7963672,-4.626367,-4.0563674,-4.5763674,-3.896367,-3.896367,-4.106367,-3.8263671,-3.6763673,-3.4463673,-3.1963673,-2.876367,-2.4763672,-1.9663672,-1.5463672,-1.1863672,-0.7863672,-0.09636719,0.4836328,0.4436328,0.2636328,0.20363282,0.2136328,0.4136328,0.9236328,1.5136328,2.0136328,2.4236329,2.7736328,2.7036328,2.5036328,2.0436327,1.3236328,0.8336328,0.7236328,0.4436328,0.23363282,0.8336328,1.3236328,1.0136328,0.7536328,0.3536328,-1.0263672,0.7936328,6.9036326,9.413632,9.5436325,10.223633,9.423633,6.043633,3.613633,4.873633
-3.146367,-3.4363673,-3.876367,-3.7563672,-3.2363672,-3.9563673,-3.8063672,-3.6863673,-3.376367,-3.4963672,-3.9963672,-5.046367,-5.8463674,-5.246367,-4.506367,-4.1963673,-4.016367,-3.7563672,-3.4163673,-3.0863671,-2.7163672,-2.396367,-2.2963672,-2.0663671,-1.4463671,-0.8263672,-0.7763672,-0.6863672,-0.12636718,0.57363284,1.1936328,1.9136329,2.3436327,2.0436327,1.9636328,1.9336329,1.3136328,0.5236328,0.15363282,-0.3263672,-0.92636716,-0.8463672,-0.2763672,-0.12636718,0.3536328,0.69363284,-1.6163672,-1.6263672,5.183633,9.783633,9.473633,9.433633,9.893633,9.423633,8.703632,8.723633,4.9436326,4.0336328,4.333633
-4.016367,-4.876367,-4.4063673,-4.436367,-4.646367,-4.1363673,-4.006367,-3.9463673,-5.376367,-4.6563673,-0.9463672,-3.7363672,-5.626367,-5.5563674,-5.016367,-4.3063674,-3.606367,-2.7963672,-2.1763673,-1.9663672,-1.7163672,-1.7863672,-2.616367,-3.2563672,-3.3163671,-2.856367,-1.9063672,-0.7663672,0.12363281,1.0836328,1.6336328,1.3536328,1.3436328,1.0036328,0.34363282,-0.34636718,-0.8863672,-1.4963672,-2.3263671,-2.2063673,-1.5963672,-1.2363672,-0.7063672,-2.6563673,-3.0063672,5.123633,10.603633,10.623632,10.283633,10.123632,9.653633,8.903633,8.263633,7.6936326,6.973633,4.5736327,3.393633,3.5736327,6.0936327
-4.5563674,-4.526367,-4.6363673,-4.006367,-4.416367,-4.146367,-5.9263673,-5.666367,-4.046367,-2.9263673,-3.356367,-3.896367,-4.376367,-4.0363674,-3.4063673,-3.1763673,-2.5163672,-1.7563672,-0.3663672,0.4836328,-0.54636717,-2.0463672,-3.2763672,-3.9363673,-3.7663672,-3.136367,-2.2163672,-1.1463672,0.22363281,1.3036329,1.3436328,0.33363283,-0.21636719,-0.6963672,-1.4463671,-2.4563673,-3.5263672,-3.2263672,-3.0963671,-3.1663673,-4.376367,-6.086367,3.2836328,11.673633,11.983633,11.773633,11.553633,10.753633,9.523633,8.333632,7.6536326,7.2836328,6.893633,6.253633,5.433633,4.503633,4.373633,4.543633,3.6636329
-2.136367,-2.4663672,-2.2563672,-2.5363672,-3.5063672,-3.7963672,-4.276367,-4.686367,-4.1963673,-3.366367,-3.7563672,-3.5163672,-2.626367,-3.2563672,-2.866367,-1.9363672,-2.0063672,-1.5363672,-0.9963672,-1.2463672,-1.8263671,-2.4563673,-2.626367,-2.7263672,-2.376367,-1.8663672,-1.3363671,-0.4263672,0.37363282,0.5236328,-0.026367188,-1.5463672,-2.4863672,-3.0663671,-3.4263673,-3.6963673,-3.9263673,-3.9863672,-6.496367,-5.1163673,11.673633,13.873632,13.093633,12.5436325,11.933633,11.003633,9.923633,8.623632,7.6336327,6.9236326,6.663633,6.333633,5.993633,5.253633,4.583633,4.3636327,3.9136329,3.0436327,2.133633
-4.666367,-8.166368,-5.3663673,-5.336367,-6.186367,-5.236367,-4.4063673,-1.8163671,-2.7263672,-1.6763672,-1.9063672,-2.3363671,-4.566367,-3.7963672,-2.0863671,-1.0263672,-1.5563672,-1.0863671,-1.3063672,-2.0063672,-2.4263673,-2.8163671,-2.7863672,-2.136367,-1.9263672,-1.6463672,-1.3063672,-1.2063671,-1.0963672,-1.2063671,-2.0263672,-2.9763672,-3.6963673,-4.4263673,-4.796367,-4.6163673,-6.1363673,-4.496367,11.0436325,14.283633,14.133633,13.103633,11.993633,11.173633,10.263633,9.433633,8.593633,7.6736326,6.9636326,6.6336327,6.2136326,5.6536326,5.1336327,4.493633,3.6836329,2.8336327,1.9936328,1.0036328,-0.37636718
-2.7163672,-8.996367,-8.586368,-6.5763674,-6.476367,-5.5763674,-2.8363671,-4.496367,-3.5963671,-3.0863671,-3.6963673,-2.886367,-3.4563673,-3.7363672,2.9036329,0.69363284,-1.1763672,-1.9063672,-2.7863672,-3.4663672,-3.9263673,-3.9763672,-3.7463672,-3.6963673,-3.5663671,-2.6863673,-2.3063672,-3.2263672,-3.3063672,-3.0163672,-3.4063673,-3.9763672,-4.516367,-4.9663672,-5.8463674,-2.4563673,11.653633,13.763633,13.613633,13.073633,11.443633,10.363633,10.123632,9.613633,9.283633,8.623632,8.143633,7.563633,6.833633,6.1536326,5.753633,5.163633,4.413633,3.5036328,2.393633,1.2536328,0.17363282,-1.2563672,-3.1663673
-3.4263673,-9.186367,-10.006367,-9.266367,-3.0863671,-1.6963671,-3.0763671,-1.9263672,-1.8863672,-2.896367,-3.4263673,-3.2263672,-1.3063672,5.743633,2.3036327,-0.3663672,-2.3163671,-3.386367,-4.1363673,-4.666367,-5.046367,-5.736367,-5.5563674,-5.066367,-3.9863672,-3.2463672,-3.626367,-3.7163672,-3.7563672,-3.4063673,-4.1163673,-4.356367,-3.8263671,0.23363282,7.583633,12.263633,12.713633,12.103633,11.123632,9.483633,8.663632,8.753633,8.633633,8.833632,8.783633,8.423633,7.683633,7.163633,6.563633,5.8236327,4.9236326,3.9836328,2.8436327,1.6336328,0.49363282,-0.54636717,-1.8663672,-3.636367,-5.336367
-3.3463671,-6.126367,-5.896367,-4.3263674,-1.8263671,-0.046367187,-0.9663672,-2.1863673,-3.8363671,-5.4063673,-5.766367,-4.506367,-2.6763673,0.013632813,-0.6463672,-2.7063673,-3.9863672,-4.916367,-5.756367,-6.456367,-6.8863673,-6.896367,-6.756367,-4.356367,-3.5663671,-2.0763671,-2.5663671,-2.4563673,-2.2563672,-2.7163672,0.40363282,6.1736326,7.5736327,8.353633,10.583632,10.803633,10.093633,9.153633,8.383633,7.293633,7.3436327,7.483633,7.973633,8.463633,8.433633,7.703633,7.063633,6.5336328,5.8636327,4.853633,3.5036328,1.9536328,0.5936328,-0.41636717,-1.1563672,-2.1663673,-3.356367,-4.5563674,-6.2163672
-3.5763671,-3.4163673,-2.386367,-2.5863671,-3.106367,-1.8963672,-1.5763671,-2.3263671,-3.886367,-5.5763674,-6.236367,-5.186367,-3.126367,-3.4863672,-4.0363674,-4.6563673,-5.4663672,-6.8663673,-7.526367,-8.016367,-7.6563673,-7.276367,-6.996367,-5.776367,-1.4863672,0.7236328,0.9336328,1.0636328,2.7736328,5.563633,7.473633,8.563633,9.033633,9.253633,8.733633,8.003633,7.7136326,7.3636327,6.683633,6.743633,7.0736327,7.143633,7.4436326,7.623633,7.663633,6.683633,6.1336327,5.4636326,4.5736327,3.0436327,1.3636328,0.023632813,-0.7063672,-1.5963672,-2.4963672,-3.1663673,-3.8463671,-4.6963673,-6.236367
-0.3263672,0.14363281,-1.2763672,-2.2463672,-3.376367,-2.1963673,-0.3063672,-3.106367,-5.256367,-6.4663672,-6.836367,-6.0363674,-6.0363674,-5.996367,-5.976367,-6.836367,-7.726367,-7.9063673,-8.306367,-8.606367,-8.336368,-2.6863673,6.603633,8.843633,8.123632,7.8836327,7.763633,7.703633,7.353633,7.3436327,7.2836328,7.0736327,8.333632,8.033633,7.023633,6.623633,6.563633,6.023633,5.8636327,7.453633,7.6936326,6.9636326,6.583633,6.813633,6.773633,5.9436326,5.1736326,4.243633,3.0336328,1.5636328,0.103632815,-0.9963672,-2.1963673,-3.2363672,-4.2863674,-5.046367,-4.8063674,-4.1363673,-3.9163673
1.2136328,-0.2963672,-1.4963672,-1.7263672,-1.8263671,-2.8063672,-3.126367,-5.376367,-7.1963673,-8.036367,-8.616367,-7.986367,-7.936367,-8.046368,-8.2063675,-8.316367,-8.536367,-8.426367,-8.226367,1.0336328,6.3636327,7.6536326,8.903633,9.403633,9.993633,8.883633,7.8436327,7.183633,7.273633,7.013633,7.123633,7.4036326,6.813633,5.5936327,4.973633,4.913633,3.9636328,5.043633,6.9436326,7.1336327,6.6936326,6.143633,5.3836327,5.973633,5.5736327,4.833633,3.7136328,2.7536328,1.5736328,0.15363282,-1.2263672,-2.7063673,-4.0563674,-5.6363673,-6.986367,-8.776367,-3.1863673,-2.0663671,-2.116367
-0.55636716,-1.7863672,-1.6863672,-1.5763671,-2.1663673,-3.636367,-6.006367,-8.276367,-9.566367,-10.166368,-9.816367,-10.436367,-10.506367,-10.366367,-10.036367,-9.306367,-8.966367,-5.336367,5.683633,6.253633,8.643633,8.033633,8.093633,8.693633,8.963633,8.613633,8.0436325,7.643633,7.1936326,6.9436326,6.1336327,5.1936326,4.2136326,3.123633,2.5636327,0.16363281,4.773633,6.393633,5.603633,4.893633,4.6936326,4.6136327,4.873633,5.313633,4.663633,3.1736329,2.393633,1.0036328,-0.15636718,-1.3063672,-2.7663672,-4.496367,-6.1963673,-8.146367,-10.2063675,-11.846367,-8.696367,-1.9363672,0.3636328
-2.5763671,-2.6863673,-2.7063673,-2.7363672,-4.226367,-5.496367,-7.856367,-9.686367,-11.196367,-11.486367,-11.966367,-12.266367,-12.656367,-12.646367,-11.656367,-7.756367,4.6336327,5.6936326,8.763633,8.383633,9.073633,9.253633,9.363633,9.333632,8.753633,8.673633,8.193633,7.223633,6.813633,5.503633,4.4036326,3.1636329,1.5236328,0.40363282,-1.9863672,-0.92636716,3.7036328,4.603633,3.5536327,2.5436327,3.2336328,4.4236326,4.8836327,4.3036327,3.6536329,2.8136327,0.9836328,0.13363281,-1.1363672,-2.136367,-3.5963671,-5.486367,-7.5963674,-9.686367,-10.746367,-10.946367,-9.916368,-0.6263672,-1.4763672
-2.9363673,-3.4663672,-3.4663672,-4.646367,-5.4263673,-7.146367,-9.166368,-11.346367,-12.226367,-13.096367,-13.696367,-14.086368,-14.476367,-13.346367,-3.0163672,2.9236329,5.853633,7.243633,8.913632,9.383633,9.883633,10.053633,9.973633,9.563633,8.963633,8.613633,7.413633,6.413633,5.223633,4.043633,2.7236328,0.5836328,-1.2563672,-3.2363672,-4.336367,0.6636328,1.6636329,2.5536327,2.7036328,2.4936328,2.0836327,2.633633,3.6736329,3.4936328,2.9336329,1.8136328,1.0736328,-0.6463672,-1.6463672,-2.5763671,-4.086367,-5.876367,-7.726367,-9.466367,-9.936367,-9.226367,-9.056367,-1.4563671,-2.636367
-3.8263671,-4.126367,-4.6563673,-5.876367,-6.666367,-8.246367,-10.336368,-12.076367,-13.266367,-14.426367,-15.226367,-16.356367,-15.316367,-8.486367,-2.9863672,1.9536328,7.0736327,10.503633,11.053633,10.263633,9.833632,10.213633,10.283633,9.473633,9.233633,7.9636326,6.6936326,4.993633,3.9536328,2.5936327,0.17363282,-2.2463672,-3.6963673,-6.296367,-3.4063673,-0.076367185,0.31363282,1.1836329,2.0236328,2.8236327,3.0036328,3.3136327,4.0536327,3.8336327,2.623633,1.6436328,0.073632814,-1.1363672,-2.1563673,-3.2263672,-4.4063673,-6.026367,-7.9063673,-9.786367,-8.126368,-7.566367,-3.2363672,-0.8763672,-1.0663671
