raw-data-f/2018100806f3.json
{"header": { "discipline":0, "disciplineName":"Meteorological products", "gribEdition":2, "gribLength":75587, "center":7, "centerName":"US National Weather Service - NCEP(WMC)", "subcenter":0, "refTime":"2018-10-08T06:00:00.000Z", "significanceOfRT":1, "significanceOfRTName":"Start of forecast", "productStatus":0, "productStatusName":"Operational products", "productType":1, "productTypeName":"Forecast products", "productDefinitionTemplate":0, "productDefinitionTemplateName":"Analysis/forecast at horizontal level/layer at a point in time", "parameterCategory":2, "parameterCategoryName":"Momentum", "parameterNumber":3, "parameterNumberName":"V-component_of_wind", "parameterUnit":"m.s-1", "genProcessType":2, "genProcessTypeName":"Forecast", "forecastTime":3, "surface1Type":103, "surface1TypeName":"Specified height level above ground", "surface1Value":10.0, "surface2Type":255, "surface2TypeName":"Missing", "surface2Value":0.0, "gridDefinitionTemplate":0, "gridDefinitionTemplateName":"Latitude_Longitude", "numberPoints":65160, "shape":6, "shapeName":"Earth spherical with radius of 6,371,229.0 m", "gridUnits":"degrees", "resolution":48, "winds":"true", "scanMode":0, "nx":360, "ny":181, "basicAngle":0, "lo1":0.0, "la1":90.0, "lo2":359.0, "la2":-90.0, "dx":1.0, "dy":1.0 }, "data":
[rows 78 to 103 of 181, columns 295 to 353 of 360]
0.3158008,0.33580077,0.58580077,0.10580078,0.03580078,0.15580077,-0.4441992,-1.3541992,-1.9041992,-2.7941992,-3.4941993,-3.8941991,-3.3641992,-2.9441993,-2.4741993,-2.5641992,-3.0341992,-2.7341993,-2.7141993,-3.6241992,-4.364199,-4.614199,-2.6041992,0.72580075,2.7158008,4.6858006,3.5258007,3.2158008,0.025800781,-1.5841992,-2.8441992,-4.174199,-4.444199,-4.5141993,-4.824199,-4.9341993,-4.284199,-3.2841992,-1.4641992,-0.38419923,-0.15419921,0.38580078,0.2758008,-0.21419922,-0.53419924,-1.2841992,-2.1041992,-2.7941992,-3.2141993,-1.5841992,-0.4741992,-0.08419922,-0.60419923,0.7958008,1.6358008,1.6558008,1.3058008,0.90580076,0.44580078
-1.4741992,0.26580077,1.3958008,-0.19419922,-0.09419922,-0.3141992,0.11580078,0.045800783,-0.18419921,-1.8241992,-1.9541992,-2.2541993,-2.0341992,-1.2241992,-1.1041992,-0.5741992,-0.19419922,-1.2441993,-2.0841992,-2.2141993,-1.9241992,-0.8141992,0.35580078,0.8558008,3.1758008,4.6458006,4.345801,2.5358007,0.6158008,-1.7141992,-2.6041992,-3.4341993,-4.4141994,-4.364199,-4.654199,-4.5141993,-4.444199,-2.664199,-0.91419923,0.075800784,1.0158008,0.44580078,0.14580078,-0.26419923,-0.8741992,-1.5141993,-2.5541992,-2.9841993,-2.3441992,-1.5841992,-0.90419924,-0.2541992,0.44580078,0.41580078,0.96580076,1.1858008,1.5158008,1.2958008,0.84580076
1.5158008,-0.16419922,-0.3441992,0.9358008,-0.15419921,-0.22419922,-0.53419924,-0.85419923,-1.0341992,-0.7441992,-1.0241992,-0.77419925,0.65580076,1.1458008,0.17580079,-0.24419922,0.05580078,-0.36419922,-1.0341992,-1.8841993,-1.7341992,-0.19419922,0.97580075,1.7758008,4.075801,5.135801,4.5058007,3.6258008,1.9858007,-0.8941992,-2.8041992,-3.174199,-2.4741993,-3.4941993,-3.164199,-4.3141994,-3.5941992,-0.7341992,2.1458008,3.4858007,2.7358007,1.6458008,1.3558007,0.6258008,-1.4541992,-2.1041992,-2.8041992,-2.6241992,-1.6241993,-0.8641992,-0.35419923,-0.77419925,0.44580078,-0.12419922,0.48580077,1.4458008,1.1358008,0.7958008,0.6058008
-0.2841992,-1.0841992,-0.35419923,0.6158008,0.7958008,1.3358008,1.1858008,0.13580078,-0.6741992,0.13580078,0.025800781,-0.15419921,0.7458008,1.0158008,1.8058008,1.4358008,-0.8241992,-1.1641992,-1.4441992,-0.22419922,0.36580077,0.23580079,1.2058008,2.9858007,3.9058008,4.825801,4.3358006,2.8958008,1.4758008,0.08580078,-1.8341992,-2.9841993,-2.8041992,-1.9241992,-3.2241993,-3.1541991,-1.9641992,2.7558007,3.6358008,3.4458008,3.9158008,5.8558006,3.7658007,2.4958007,0.8158008,0.13580078,0.18580078,0.11580078,1.7558007,1.5458008,1.2758008,1.2358007,0.6958008,1.2558007,0.8658008,1.3658007,0.83580077,0.89580077,0.59580076
0.4058008,-0.24419922,0.4058008,1.0558008,0.96580076,0.9558008,0.9558008,-0.59419924,-1.5841992,-1.3241992,-1.1641992,-0.46419922,0.64580077,1.5058007,2.2958007,1.5958008,1.4858007,2.2558007,1.6558008,0.5658008,0.6358008,2.4858007,3.5958009,4.215801,4.0858006,3.6258008,3.1358008,2.4658008,1.2358007,0.045800783,-0.33419922,-2.3141992,-2.924199,-2.2241993,-1.4941993,-2.0841992,-1.5641992,0.6658008,4.1658006,5.215801,6.845801,5.8958006,4.975801,3.835801,3.6058009,2.325801,2.0258007,0.35580078,-1.1541992,-1.2541993,0.19580078,0.38580078,0.38580078,0.5158008,0.18580078,-0.2841992,-0.5141992,0.28580078,0.3458008
0.5558008,-0.13419922,-0.19419922,-0.03419922,-0.12419922,0.5558008,0.22580078,-1.2041992,-1.2941992,-1.4241992,-0.7641992,0.17580079,0.7658008,1.1758008,1.2458007,1.8058008,2.4758008,2.075801,2.5958009,2.9558008,3.4158008,3.2758007,2.9658008,2.6158009,2.3958008,2.5658007,2.5958009,2.4758008,2.3758008,-0.32419923,-0.02419922,-0.02419922,-0.5741992,-0.7441992,-0.8041992,-0.24419922,0.90580076,2.2258008,4.765801,6.635801,6.305801,6.1658006,4.9358006,5.2358007,5.5458007,4.455801,3.1758008,2.2658007,1.0158008,-1.3641992,-1.7041992,-0.45419922,0.08580078,-0.5841992,-0.5841992,-0.21419922,-0.6741992,-0.09419922,0.2758008
0.71580076,0.13580078,0.4058008,0.96580076,0.7558008,0.7658008,0.48580077,0.14580078,-0.52419925,0.20580079,1.2258008,1.0758008,0.9958008,1.2858008,1.4158008,1.8758007,1.8758007,2.1858008,2.1858008,2.2558007,2.2558007,2.2158008,1.9058008,1.5258008,1.6358008,1.6858008,1.5258008,2.3958008,2.6358008,2.8158007,0.6158008,-0.3741992,-0.11419922,0.16580078,0.8758008,2.1458008,4.0858006,5.965801,7.3358006,8.105801,7.8758006,7.1458006,7.0258007,7.0058007,5.975801,4.745801,3.9058008,3.6158009,2.8658009,2.2558007,2.1258008,2.325801,2.3758008,0.7958008,-0.4441992,-0.84419924,-0.13419922,-0.29419923,0.16580078
-0.27419922,0.39580077,0.5158008,-1.1641992,-0.2541992,-1.1341993,-0.5041992,-0.46419922,0.14580078,0.25580078,-0.03419922,0.36580077,0.7658008,2.0458007,1.7558007,1.6358008,1.6358008,1.5358008,1.6658008,1.5958008,1.4458008,1.4658008,1.6958008,1.9758008,2.6358008,3.1458008,3.2958007,2.9758008,3.1358008,3.0458007,3.2958007,2.9258008,3.3758008,4.325801,4.5658007,4.7358007,5.5658007,6.535801,7.035801,7.205801,7.705801,7.705801,7.535801,6.8358006,5.8158007,5.1258006,5.1258006,4.405801,5.445801,5.715801,5.705801,4.195801,4.015801,3.8858008,2.8658009,1.5958008,1.0858008,0.36580077,0.045800783
-1.0941992,-0.5041992,-0.7541992,-1.0241992,-2.2441993,-1.8441992,-1.6741992,-1.0341992,-0.5041992,-0.22419922,-0.05419922,0.18580078,0.5458008,0.53580076,2.1158009,1.3658007,0.9958008,0.8158008,0.77580076,0.7558008,0.89580077,1.1458008,1.2658008,2.575801,2.7958007,2.9458008,3.5258007,4.1058006,4.265801,4.465801,4.2958007,5.1858006,4.765801,5.555801,6.5058007,6.905801,7.055801,6.825801,6.805801,7.8358006,7.405801,7.655801,7.325801,6.7558007,6.055801,5.925801,5.725801,6.135801,6.785801,5.5858006,5.5258007,6.135801,5.155801,4.7358007,4.7958007,4.3958006,5.1058006,4.215801,3.8158007
-0.7441992,0.4658008,-0.41419923,-0.5141992,0.6858008,-1.1941992,-1.2741992,-0.8241992,-0.5741992,-0.46419922,0.015800782,0.045800783,-0.044199217,0.29580078,0.4058008,0.39580077,0.4058008,0.20580079,0.06580078,0.25580078,0.4058008,1.0258008,1.9258008,2.575801,3.2258008,3.9058008,4.245801,4.365801,4.865801,5.705801,5.5658007,5.3958006,6.345801,6.725801,7.0258007,6.845801,6.925801,7.515801,8.035801,7.6058006,7.7758007,7.215801,6.5458007,6.4858007,6.1858006,5.9158006,5.7958007,6.155801,5.745801,6.365801,6.765801,6.6658006,6.4858007,6.0058007,5.5058007,5.6058006,5.945801,5.8958006,6.265801
0.14580078,-0.6141992,-0.78419924,-0.02419922,-0.6341992,-0.66419923,-0.4741992,-0.6141992,-0.6841992,-1.1441993,-0.41419923,-0.4441992,0.15580077,-0.044199217,0.41580078,0.015800782,-0.18419921,-0.104199216,-0.11419922,-0.3741992,-0.19419922,0.6358008,1.1858008,1.7358007,2.7558007,3.825801,4.4858007,4.7558007,5.245801,5.865801,6.575801,6.8158007,6.8758006,7.0458007,7.2758007,7.5858006,7.705801,6.945801,7.445801,7.3958006,6.785801,6.5258007,6.825801,6.5458007,6.555801,6.285801,6.195801,5.805801,5.965801,5.955801,6.8758006,6.9358006,6.455801,5.925801,5.705801,5.4858007,5.5458007,5.955801,5.655801
-0.5641992,-0.65419924,-0.27419922,-0.17419922,-0.42419922,-0.5441992,-0.90419924,-0.52419925,-0.07419922,-0.33419922,-0.23419923,-0.41419923,-0.3741992,-0.42419922,-0.9841992,-0.8341992,-1.0541992,-0.8841992,-0.8641992,-0.9841992,-1.1641992,-0.9241992,-0.02419922,1.1058007,2.4558008,3.6158009,4.465801,5.095801,5.0058007,5.0458007,5.615801,6.0058007,6.4858007,6.965801,7.195801,7.175801,7.5258007,7.2358007,7.225801,7.465801,6.965801,6.175801,6.195801,5.615801,5.7758007,6.715801,6.845801,7.1458006,5.9858007,5.905801,5.825801,5.3958006,5.5258007,5.555801,5.5258007,5.245801,5.015801,4.715801,4.725801
-0.9941992,-0.9341992,-0.6341992,-0.6841992,-0.3741992,-0.6141992,-0.6141992,-0.39419922,0.17580079,-0.044199217,-0.22419922,-0.5041992,-0.004199219,-0.48419923,-2.2541993,-1.6041992,-2.3141992,-2.1141992,-1.8541992,-1.7441993,-1.8741993,-2.164199,-1.8341992,-0.13419922,1.6058007,3.0658007,4.2358007,5.1058006,5.425801,5.365801,5.3358006,5.805801,6.2958007,6.555801,6.965801,6.705801,6.765801,7.1258006,6.945801,6.3358006,6.2758007,5.9358006,5.8758006,6.3758006,6.0858006,5.825801,6.5258007,5.925801,6.245801,5.465801,4.405801,4.285801,3.9358008,4.015801,4.1458006,4.675801,4.865801,5.0058007,5.135801
-0.97419924,-0.9541992,-0.8341992,-0.7441992,-0.78419924,-0.5441992,-0.45419922,-0.35419923,-0.7541992,-0.78419924,-0.85419923,-0.59419924,-1.0641992,-0.8741992,-0.7041992,-0.5541992,-0.8241992,-0.08419922,-0.32419923,-2.2741992,-2.3041992,-1.6241993,-1.0041993,-0.07419922,1.4058008,2.825801,3.7058008,4.7558007,5.405801,4.995801,5.1658006,5.555801,5.655801,5.555801,5.5058007,5.905801,6.155801,6.135801,5.365801,5.305801,5.135801,5.2758007,5.5458007,5.955801,5.8158007,5.6658006,5.205801,5.225801,4.885801,3.7058008,3.3058007,2.7658007,2.8558009,2.9158008,3.4158008,3.8758008,4.575801,5.245801,5.455801
-0.84419924,0.17580079,-0.4341992,-0.4741992,-0.5541992,-0.14419922,-0.12419922,-0.41419923,-0.60419923,-0.71419924,-0.7541992,-0.6441992,-0.02419922,-0.6241992,-0.65419924,-0.96419924,-0.6741992,-0.6141992,-0.5741992,-0.4441992,-0.5641992,-2.674199,-1.2941992,-0.11419922,1.7458007,2.8658009,3.7258008,4.225801,4.925801,5.305801,5.385801,5.705801,5.3958006,5.495801,5.785801,5.0058007,4.9858007,4.555801,4.385801,4.5658007,4.1458006,3.9758008,3.9658008,4.115801,3.9758008,3.4658008,3.2558007,3.9658008,3.8558009,3.4858007,3.4758008,3.4558008,2.8058007,2.6658008,3.1358008,3.7658007,4.305801,4.5058007,5.015801
-0.41419923,-0.7441992,-0.014199219,-0.41419923,-0.6241992,0.39580077,-0.84419924,-0.42419922,-0.45419922,-0.12419922,0.09580078,-0.02419922,-0.42419922,-0.6341992,-0.6341992,-0.6941992,-1.1341993,-0.90419924,-0.8341992,-1.0941992,-1.0541992,-0.71419924,-0.38419923,-0.22419922,1.4958007,1.7458007,4.3758006,4.305801,5.075801,5.445801,6.115801,6.1658006,5.725801,5.2958007,5.285801,5.845801,4.1458006,3.9158008,3.6558008,3.4758008,3.4258008,3.5258007,3.7258008,4.175801,4.445801,5.035801,5.0458007,4.6058006,4.535801,4.595801,4.5458007,4.5858006,4.655801,4.265801,4.215801,4.5458007,4.345801,4.4858007,4.715801
-0.6741992,-1.0841992,-0.7341992,-0.24419922,0.25580078,-0.24419922,-0.12419922,0.33580077,0.08580078,-0.03419922,0.3158008,0.38580078,0.17580079,-0.2541992,-0.7041992,-0.91419923,-0.9941992,-0.9341992,-1.1241993,-0.71419924,-0.7541992,-1.1741992,-1.4941993,-0.53419924,-0.2541992,0.89580077,1.7158008,5.555801,6.1258006,6.6858006,7.095801,6.765801,6.475801,6.675801,5.6058006,5.4158006,5.155801,3.6758008,2.6858008,2.825801,3.7558007,3.7158008,4.1858006,5.055801,5.475801,5.4858007,5.6258006,5.015801,5.1858006,4.975801,5.075801,4.865801,4.8558006,5.055801,4.705801,4.6458006,3.8858008,4.285801,4.465801
-0.53419924,-0.7941992,-0.6341992,-0.9541992,-0.7641992,0.38580078,0.65580076,0.58580077,0.5758008,0.045800783,-0.09419922,0.08580078,0.19580078,-0.6241992,-0.7041992,-0.7941992,-1.5841992,-2.0441992,-2.1241992,-1.6941992,-2.0741992,-1.4141992,-1.1641992,-0.29419923,-0.32419923,0.35580078,0.4658008,1.1458008,4.575801,5.305801,6.8558006,6.195801,6.0458007,6.325801,6.1458006,5.7558007,5.0258007,4.825801,4.445801,4.8958006,5.1658006,5.265801,5.4358006,5.1858006,4.705801,4.5058007,4.7958007,5.0458007,5.425801,5.635801,5.2758007,5.6258006,5.655801,5.405801,4.9358006,4.6058006,5.035801,5.225801,4.925801
-0.104199216,0.025800781,-0.52419925,-0.20419922,0.0058007813,-0.3141992,0.06580078,-0.19419922,0.32580078,0.7558008,0.32580078,-0.19419922,0.36580077,-0.11419922,-0.104199216,0.045800783,-0.9941992,-1.4541992,-1.7441993,-1.3241992,-2.4341993,-1.0641992,-0.8841992,-0.59419924,-0.19419922,-0.4741992,0.09580078,2.5458007,3.0458007,3.4658008,6.0258007,5.975801,5.3558006,5.6058006,5.6258006,4.8758006,5.115801,5.0458007,5.0258007,4.9358006,4.845801,4.865801,4.6858006,4.635801,4.5258007,3.9758008,3.8858008,4.1658006,4.805801,5.385801,5.215801,4.3358006,3.9958007,4.215801,4.765801,4.6458006,4.6658006,4.695801,4.825801
-0.60419923,-0.24419922,-0.72419924,-0.23419923,-0.36419922,-1.3441992,-0.6741992,-0.8241992,0.22580078,0.5458008,0.47580078,0.6358008,0.15580077,0.53580076,0.36580077,-0.5141992,-0.97419924,-1.4241992,-0.5841992,-0.49419922,-2.7141993,-0.90419924,-0.29419923,0.5758008,0.5058008,0.7458008,1.2958008,1.1958008,6.115801,3.9258008,3.2258008,5.5658007,4.9358006,4.9858007,4.825801,5.305801,5.445801,5.345801,5.135801,5.055801,4.6858006,4.535801,4.6858006,4.8158007,4.745801,4.5258007,4.3158007,3.9458008,3.3658009,3.5658007,4.305801,4.055801,4.0058007,5.055801,4.675801,4.705801,4.7558007,4.905801,4.9858007
-0.36419922,-0.65419924,-0.32419923,-0.27419922,-0.46419922,-0.77419925,-0.4041992,0.015800782,-0.4741992,0.36580077,0.90580076,0.41580078,0.13580078,0.025800781,0.3458008,0.4058008,0.12580079,-0.19419922,0.075800784,1.1058007,1.3058008,-0.9441992,0.9958008,1.0258008,2.6658008,2.5158007,3.3158007,1.6558008,1.6458008,2.7558007,2.3058007,4.7758007,5.035801,4.945801,4.9358006,4.3558006,4.095801,4.155801,3.9858007,3.5558007,3.1358008,3.5258007,3.9458008,3.8958008,3.7658007,4.0458007,3.9358008,3.825801,3.585801,3.2758007,2.9158008,3.3858008,4.455801,4.515801,4.5458007,4.725801,4.9158006,4.945801,4.8958006
-0.14419922,-0.6441992,-0.8141992,-0.7941992,-0.45419922,-0.3441992,-0.11419922,-0.39419922,-0.30419922,-1.4841992,-0.9341992,-0.60419923,0.41580078,-0.39419922,-0.14419922,-0.3141992,0.2758008,-0.84419924,0.28580078,-0.4741992,0.29580078,0.53580076,1.2058008,1.9058008,2.6358008,3.2258008,3.825801,1.4858007,0.9558008,0.8258008,4.325801,4.6858006,4.3758006,4.5258007,4.6258006,4.5658007,4.455801,4.5258007,4.135801,3.7658007,3.835801,3.6858008,3.835801,4.2358007,4.055801,3.6358008,3.325801,2.9758008,2.9258008,3.085801,3.835801,4.135801,4.1058006,4.1658006,4.2758007,4.475801,4.6658006,4.7758007,5.135801
-0.8141992,-0.46419922,-0.77419925,-0.8741992,-0.84419924,-0.6341992,-0.5441992,-0.8641992,-0.84419924,-0.15419921,-0.8141992,-0.8241992,-0.4741992,-0.4741992,-0.23419923,-0.06419922,0.52580076,-0.48419923,-1.4341992,0.045800783,0.71580076,-0.044199217,0.6958008,0.28580078,3.0158007,4.555801,2.835801,1.2358007,0.22580078,1.7258008,3.085801,3.8658009,4.0658007,4.035801,4.225801,4.305801,3.9758008,4.075801,4.095801,4.0058007,4.1258006,4.155801,4.385801,4.445801,4.3358006,4.2558007,3.835801,3.7958007,3.9358008,3.4758008,3.1758008,3.1958008,3.3958008,3.7358007,4.0658007,4.2558007,4.4158006,5.0658007,4.675801
-1.0041993,-1.1641992,-1.1541992,-1.9741992,-0.9241992,-0.09419922,-0.05419922,0.06580078,-0.38419923,-0.66419923,-0.7441992,-0.5141992,-0.23419923,-0.29419923,-0.14419922,0.3758008,0.8258008,1.0158008,1.0758008,0.33580077,0.6358008,-0.5541992,0.18580078,3.7258008,1.8258008,1.9058008,0.9358008,0.025800781,0.72580075,1.2758008,2.4258008,2.8058007,3.4058008,3.8558009,4.095801,3.3058007,3.9058008,4.095801,4.325801,4.2558007,4.285801,4.1458006,4.0658007,4.0658007,4.3358006,4.3558006,4.3758006,4.2358007,3.9758008,3.8158007,3.5658007,3.3458009,3.3858008,3.6958008,4.205801,4.455801,4.2958007,4.2558007,4.515801
-1.2741992,-1.0441992,-1.2241992,-2.0941992,-0.7441992,-0.32419923,-0.6341992,-0.78419924,-0.3741992,-0.6441992,-0.60419923,-0.8641992,-0.8641992,0.015800782,-0.38419923,0.2758008,0.8158008,0.025800781,0.5058008,-0.5041992,-1.0941992,0.8758008,1.1758008,1.0358008,0.03580078,-0.24419922,0.6358008,0.6658008,1.2158008,1.0758008,1.9058008,2.6058009,2.9158008,2.9158008,3.7458007,4.195801,4.1458006,4.3758006,4.3758006,4.2358007,4.135801,4.365801,4.305801,4.225801,4.465801,4.595801,4.675801,4.6058006,4.3958006,4.135801,4.0258007,4.2358007,3.9258008,3.6658008,3.7058008,3.9558008,4.015801,4.055801,4.225801
-1.7141992,-2.1441991,-1.3341992,-1.3141992,-2.7241993,-1.1941992,-0.45419922,-0.22419922,-0.45419922,-0.8141992,-0.12419922,-0.3441992,-0.49419922,-1.0341992,-0.45419922,0.29580078,0.8058008,1.4658008,-0.66419923,0.33580077,0.19580078,-0.11419922,-0.90419924,-1.6141992,0.5158008,1.1758008,0.15580077,1.2958008,1.1858008,0.8858008,1.2358007,2.4858007,2.4858007,2.1558008,2.5458007,3.0358007,3.4258008,3.9258008,4.2358007,4.3358006,4.535801,4.385801,4.2958007,4.325801,4.4158006,4.5058007,4.465801,4.3358006,4.475801,4.6258006,4.495801,4.405801,4.495801,4.385801,4.0458007,4.015801,4.205801,4.2558007,4.195801
