raw-data-f/2018101012f3.json
{"header": { "discipline":0, "disciplineName":"Meteorological products", "gribEdition":2, "gribLength":75585, "center":7, "centerName":"US National Weather Service - NCEP(WMC)", "subcenter":0, "refTime":"2018-10-10T12:00:00.000Z", "significanceOfRT":1, "significanceOfRTName":"Start of forecast", "productStatus":0, "productStatusName":"Operational products", "productType":1, "productTypeName":"Forecast products", "productDefinitionTemplate":0, "productDefinitionTemplateName":"Analysis/forecast at horizontal level/layer at a point in time", "parameterCategory":2, "parameterCategoryName":"Momentum", "parameterNumber":3, "parameterNumberName":"V-component_of_wind", "parameterUnit":"m.s-1", "genProcessType":2, "genProcessTypeName":"Forecast", "forecastTime":3, "surface1Type":103, "surface1TypeName":"Specified height level above ground", "surface1Value":10.0, "surface2Type":255, "surface2TypeName":"Missing", "surface2Value":0.0, "gridDefinitionTemplate":0, "gridDefinitionTemplateName":"Latitude_Longitude", "numberPoints":65160, "shape":6, "shapeName":"Earth spherical with radius of 6,371,229.0 m", "gridUnits":"degrees", "resolution":48, "winds":"true", "scanMode":0, "nx":360, "ny":181, "basicAngle":0, "lo1":0.0, "la1":90.0, "lo2":359.0, "la2":-90.0, "dx":1.0, "dy":1.0 }, "data":
[rows 78 to 103 of 181, columns 290 to 347 of 360]
0.13287842,0.80287844,1.4728785,-0.037121583,-0.43712157,-0.6671216,-0.8971216,-1.6371216,-2.3571215,-1.9171215,-1.1471215,-0.8571216,-0.51712155,0.4028784,0.15287842,0.11287842,0.24287842,-0.4771216,-0.50712156,0.062878415,0.44287843,2.0328784,2.6128783,3.2028785,3.8228784,2.8828783,3.3128784,2.7128785,0.38287842,-0.117121585,0.23287842,-1.7571216,-2.5571215,-3.2971215,-3.3471215,-3.0071216,-4.7371216,-7.2171216,1.6328784,15.602879,9.362879,3.4528785,1.6028785,0.012878418,-1.2171216,-2.1771216,-3.7371216,-3.8571215,-3.6271217,-3.8071215,-4.1171217,-3.9571216,-3.6871216,-3.3071215,0.4928784,-1.5271215,-1.4571216,-1.0071216
-2.3171215,-0.3571216,0.3028784,0.26287842,-0.20712158,-1.3671216,-1.0771216,-1.7571216,-2.0471215,-2.1871216,-0.6571216,0.8928784,1.4228784,0.8328784,0.73287845,0.6628784,0.5828784,0.61287844,1.1628784,0.6628784,1.0328784,1.6228784,2.3728783,2.2428784,2.9628785,2.6828785,2.2128785,1.9528785,-0.10712158,-1.5571216,-1.3171216,-2.0971215,-2.6671216,-2.4871216,-2.9171216,-1.7671216,-0.077121586,1.5528784,6.212878,10.022879,9.352879,3.4428785,1.7728784,0.9628784,-1.1571215,-2.8771217,-4.0471215,-4.6371217,-4.5471215,-4.2071214,-4.2271214,-4.2371216,-4.2171216,-3.4771216,-2.3171215,-0.21712159,-1.8771216,-1.1371216
-2.0271215,-0.3471216,0.25287843,0.4028784,-0.7971216,-0.62712157,1.3428785,-0.16712159,-1.4171215,0.7828784,2.4228785,2.0728784,1.2528784,0.9728784,0.6528784,0.74287844,0.7228784,0.80287844,1.2528784,1.0228784,1.6228784,1.7628784,2.7828784,3.5228784,3.1328783,2.3928785,1.4428784,0.45287842,-0.16712159,-1.5171216,-2.3371215,-2.5371215,-2.8771217,-2.2271216,1.7028785,4.0528784,3.6928785,4.8928785,6.4128785,7.3528786,6.1128783,4.8528786,2.5828784,2.0528784,-0.5571216,-2.8471215,-4.4171214,-4.7071214,-5.2971215,-4.8971214,-4.6071215,-4.7371216,-4.1971216,-3.7071216,-2.7171216,-1.2271216,0.61287844,-1.2171216
0.5728784,-1.1571215,-0.3171216,-0.33712158,0.31287843,0.18287842,-0.3471216,-0.117121585,0.4028784,0.5928784,1.5728784,1.9828784,1.6028785,0.98287845,0.9128784,1.1328784,1.4728785,1.7128785,1.9828784,2.2128785,2.0728784,3.0328784,3.0128784,2.6728785,2.2428784,1.8728784,1.3828784,1.0828785,0.45287842,-0.50712156,-1.3771216,-1.6471215,-0.30712157,2.0528784,4.5128784,5.002878,4.9328785,5.6928782,6.1628785,6.4728785,5.3828783,4.502878,3.0028784,-0.007121582,-1.3671216,-3.6271217,-4.5671215,-5.2071214,-5.9171214,-5.9071217,-5.3271217,-4.5971217,-4.3371215,-3.6071215,-2.3671217,-2.1571217,-2.3071215,0.29287842
-1.3171216,-1.0271215,-1.2271216,-0.3571216,0.35287842,0.28287843,-0.037121583,-0.13712159,0.04287842,0.29287842,0.5928784,0.13287842,1.4328784,1.1528784,1.4628785,1.8228784,1.9728785,2.2228785,2.2028785,2.2228785,1.9428784,1.5728784,1.1228784,0.86287844,0.93287843,0.8528784,0.7128784,0.74287844,0.4928784,0.062878415,-0.04712158,0.6628784,1.7828784,3.2928784,4.1028786,4.6628785,5.0428786,5.252878,5.5828786,5.2828784,4.8028784,3.7528784,2.9228785,2.6828785,-0.6471216,-2.8371215,-4.9771214,-5.8071218,-6.6071215,-6.1971216,-6.037122,-4.6471214,-3.6571217,-2.6571217,-2.4071217,-2.5571215,-2.5071216,-1.1171216
-2.6971216,-2.5271215,-2.8071215,-2.0971215,0.092878416,0.7228784,-0.017121581,0.7728784,0.44287843,0.16287842,0.92287844,0.62287843,-0.017121581,1.2628784,1.4928784,1.7628784,1.8028784,1.9428784,1.7328784,1.2528784,0.6528784,0.5328784,0.99287844,0.92287844,0.7028784,0.48287842,0.35287842,0.18287842,0.092878416,0.31287843,0.81287843,1.9528785,2.8828783,3.6128783,4.7428784,5.6228786,5.6128783,5.3928785,4.8028784,4.2928786,3.8028784,3.1228783,2.4428785,1.1328784,0.6928784,-1.8671216,-3.9171216,-5.0971217,-4.9871216,-5.4071217,-4.037122,-3.2771215,-2.7371216,-2.6771216,-1.9971216,-2.4171216,-2.3271215,-1.2871215
-2.4171216,-0.3871216,-0.94712156,-0.29712158,0.32287842,-0.3471216,0.13287842,0.10287842,-1.5171216,0.5328784,-0.6571216,-0.37712157,0.13287842,-1.4971216,-1.9971216,-1.7171216,-0.4771216,1.4228784,0.81287843,0.56287843,0.55287844,0.7228784,1.0728784,1.3628784,0.5328784,0.002878418,-0.29712158,0.5328784,0.9128784,1.3628784,2.1328783,2.6328783,3.3228784,3.8728783,4.3628783,4.6128783,4.732878,4.462878,4.0828786,3.7228785,3.0328784,2.6128783,2.3628783,0.37287843,-0.057121582,-0.87712157,-1.3771216,-1.3671216,-1.0971216,-1.1171216,-1.0771216,-1.4671216,-0.29712158,1.1528784,0.7928784,0.6528784,1.5428784,2.1228783
-1.3171216,-0.82712156,-1.0871216,1.0928785,-0.13712159,-0.26712158,-0.3471216,0.62287843,1.4728785,2.0128784,1.3228784,-0.2571216,-0.43712157,0.022878418,0.55287844,1.0328784,0.81287843,-0.24712159,0.10287842,0.22287841,0.6428784,0.99287844,0.8528784,0.55287844,0.4928784,0.99287844,1.0828785,1.2628784,1.5628784,2.0528784,2.4928784,3.0128784,3.1428785,3.9228785,4.4428782,4.502878,4.3128786,4.212878,4.0128784,3.5128784,2.5928783,3.0728784,2.5028784,1.5028784,-0.56712157,0.16287842,1.0528784,0.67287844,0.68287843,1.5128784,-0.13712159,0.8528784,1.9628785,1.8928784,1.8028784,1.7228785,2.2328784,3.1828785
-0.22712158,0.44287843,0.8928784,0.6928784,1.2828784,1.0328784,0.7228784,0.5828784,1.5028784,1.6128784,1.6028785,-0.43712157,-0.6471216,0.052878417,0.48287842,0.6528784,0.5228784,0.08287842,-0.30712157,0.62287843,0.55287844,0.12287842,0.26287842,0.3328784,0.6928784,1.0328784,1.3528785,1.5528784,2.0228784,2.4828784,3.0428784,3.7728784,4.4728785,4.3628783,4.2928786,4.4428782,4.4928784,4.1528783,4.1528783,3.5028784,3.3928785,3.4528785,2.6028783,1.2028785,2.1328783,2.0128784,1.9828784,1.8828784,2.1228783,2.2428784,2.6228783,2.0628784,2.2328784,2.6928785,2.8928785,3.2228785,3.1528785,3.9528785
-0.3271216,-0.8371216,-0.3171216,-0.24712159,0.73287845,0.7928784,-0.04712158,0.20287842,0.11287842,-0.33712158,0.2728784,-0.2571216,0.22287841,0.26287842,0.14287841,0.4228784,0.5328784,0.34287843,-0.057121582,-0.40712157,-0.45712158,-0.46712157,0.022878418,0.68287843,0.8228784,0.8228784,1.1528784,1.6828784,2.0128784,2.4528785,3.0628784,3.6428785,4.002878,4.232878,4.3028784,4.2028785,4.0428786,4.232878,4.4028783,4.8328786,4.5928783,4.0128784,3.9028785,4.7628784,4.0928783,4.3828783,4.2828784,4.1328783,3.5928783,3.1628785,3.2928784,3.3428783,3.7328784,3.5328784,2.6628785,3.8128784,4.9228783,4.9728785
-0.037121583,-0.18712159,-0.08712158,-0.63712156,-0.7271216,-0.12712158,1.2128785,-0.4471216,-0.7871216,-0.8671216,-0.75712156,-0.077121586,-0.077121586,0.3328784,1.0928785,0.5028784,0.23287842,-0.26712158,0.04287842,-0.9271216,-1.2771215,-0.9271216,-0.3571216,0.08287842,0.44287843,0.7128784,0.98287845,1.3728784,1.8628784,2.3628783,2.9828784,3.5728784,4.002878,4.1528783,4.2028785,4.3728786,4.6428785,5.0628786,5.0728784,4.8328786,4.5628786,4.2228785,4.0728784,4.2728786,4.2828784,4.1428785,4.1328783,3.9528785,4.4528785,4.6228786,4.4428782,4.3228784,4.0728784,5.462878,5.9328785,5.8728786,5.6628785,5.9228783
-0.69712156,0.5428784,-0.94712156,-1.1071216,-0.04712158,0.45287842,-0.08712158,-0.15712158,-0.6771216,-0.5871216,-0.04712158,0.21287842,0.29287842,0.34287843,0.12287842,0.34287843,0.012878418,-0.06712158,-0.027121581,-0.40712157,-0.6571216,-1.4871216,-0.9771216,-0.56712157,0.04287842,0.6428784,1.0028784,1.5128784,2.0928783,2.6428785,3.0728784,3.4328785,3.7928784,4.0728784,4.0228786,4.232878,4.8828783,5.5128784,5.482878,4.6728783,4.2928786,4.4428782,4.1628785,3.7528784,3.9428785,4.002878,4.4128785,4.5128784,4.6028786,4.8228784,5.3428783,5.3328786,5.3428783,5.7728786,5.712878,5.4728785,5.4928784,5.5328784
-0.51712155,-1.0671216,-0.57712156,-1.2571216,0.35287842,-0.29712158,-0.5371216,-0.5871216,-0.46712157,-0.2871216,-0.037121583,0.062878415,-0.13712159,-0.09712158,-0.10712158,-0.14712158,-0.36712158,-0.42712158,-0.57712156,-1.4171215,-1.0671216,-2.4271216,-1.1071216,-0.5871216,0.062878415,0.5828784,1.1328784,1.7928784,2.2728784,2.9128785,3.4728785,3.9428785,4.0328784,4.1328783,4.4928784,4.6928782,4.9728785,5.1828785,5.1828785,4.7628784,4.4728785,4.5828786,5.0728784,5.0728784,5.0128784,4.732878,4.8828783,5.1228786,5.232878,5.2028785,5.6028786,6.2728786,6.3328786,5.4728785,5.2828784,5.0928783,4.8528786,4.9128785
-0.15712158,-0.8071216,-0.81712157,-1.4371216,-1.1871216,-0.7971216,-0.87712157,-0.6571216,-0.3571216,-0.42712158,-0.29712158,-0.007121582,-0.017121581,0.24287842,-0.08712158,-0.51712155,-0.6671216,-0.29712158,-0.9771216,-1.1871216,-1.5271215,-1.9071215,-0.7471216,-1.1871216,-0.5371216,0.7728784,0.99287844,1.7028785,2.2828784,3.1328783,3.7528784,4.482878,4.9728785,5.4328785,5.3328786,5.5628786,5.6828785,5.6228786,5.5328784,5.6228786,5.5628786,5.3328786,5.4928784,5.6528783,5.462878,5.3028784,5.1028786,5.502878,5.7228785,6.0628786,5.8228784,5.7828784,5.6828785,5.5628786,5.0428786,4.8028784,4.8628783,5.1928782
-0.3271216,-0.33712158,-0.49712157,-0.88712156,-0.81712157,-0.93712157,-0.7771216,-0.88712156,-0.81712157,-0.5271216,-0.6171216,-0.45712158,-0.6171216,-0.43712157,-0.17712158,0.20287842,-0.5371216,-0.6771216,-0.82712156,-0.87712157,-0.9571216,-1.1871216,-0.5571216,-0.37712157,-0.4771216,-0.3571216,-0.09712158,1.5528784,2.2328784,3.1028783,4.2028785,4.8428783,4.9328785,5.1228786,5.7228785,5.1228786,4.9528785,4.7028785,4.8528786,5.0828786,5.4128785,5.7628784,5.7828784,6.1728783,6.0728784,6.1328783,6.6628785,6.1628785,6.1128783,6.2828784,6.5328784,6.2428784,6.0928783,6.0328784,5.712878,5.6428785,5.502878,5.4228783
-0.24712159,-0.04712158,0.9728784,0.17287841,0.6328784,-0.7271216,-0.7971216,-0.87712157,-0.7971216,-0.3871216,-0.48712158,-0.7271216,-0.9771216,-0.7971216,-0.8071216,-1.2971215,-0.7471216,-0.7171216,-1.0271215,-0.37712157,-0.3571216,-0.6171216,-0.5971216,-0.9671216,-0.5271216,-0.9071216,0.38287842,0.8328784,-0.4471216,-0.4171216,0.35287842,5.6828785,5.6828785,5.5328784,5.1328783,5.6128783,5.5228786,5.712878,5.0328784,4.5628786,4.6928782,5.0328784,5.6128783,5.9328785,6.2628784,6.3328786,6.0628786,6.2628784,6.1428785,6.1728783,6.0928783,6.0728784,6.0728784,5.8528786,5.6928782,5.7928786,5.8728786,5.8028784
1.4828784,1.9228784,1.5828785,1.0028784,0.052878417,-0.57712156,-1.0271215,-1.0671216,-1.2271216,-0.9671216,-1.0571216,-1.0471215,-0.9071216,-0.7171216,-1.1371216,-1.0071216,-0.87712157,-0.69712156,-0.62712157,-0.7071216,-0.7271216,-0.57712156,-0.24712159,-0.3571216,-1.2871215,-0.7871216,1.1428784,1.9028784,1.7328784,0.92287844,1.3028784,1.2028785,2.3128784,4.1228786,5.9728785,5.3328786,4.9428782,4.9328785,4.6628785,4.502878,4.3128786,4.1728783,4.1728783,4.4228783,4.7828784,5.0628786,5.2628784,5.4428782,5.5628786,5.502878,5.5628786,5.232878,5.4128785,5.9028783,6.1528783,6.232878,6.1828785,6.0628786
0.5228784,0.9428784,0.4928784,0.62287843,0.12287842,-0.027121581,-1.1271216,-1.4671216,-1.1071216,-1.0671216,-0.9271216,0.3628784,1.1928784,-1.1371216,-0.3871216,0.7528784,-0.12712158,-0.46712157,-0.63712156,-0.76712155,-0.9871216,-0.93712157,-0.6671216,-0.45712158,-0.27712157,0.16287842,0.7628784,1.8728784,2.0528784,1.2828784,1.5028784,2.1728785,2.0128784,-1.1071216,1.1128784,5.8528786,4.9028783,4.2428784,4.0328784,4.0828786,3.9028785,3.7228785,3.6128783,3.3428783,3.0628784,3.0128784,3.3228784,4.1028786,4.6028786,4.712878,5.0728784,5.1528783,5.1328783,5.3728786,5.7928786,5.8028784,5.982878,5.982878
-0.63712156,-0.16712159,0.022878418,-0.48712158,0.67287844,-0.22712158,-1.0071216,-1.3971215,-1.2871215,-1.1671215,-0.81712157,-1.6271216,-0.93712157,-0.8971216,0.012878418,0.24287842,0.16287842,-0.17712158,0.04287842,-0.057121582,-0.57712156,-1.1671215,-0.6571216,0.07287842,-0.14712158,-0.81712157,0.092878416,0.56287843,1.5828785,1.5628784,1.4828784,1.2528784,2.4128785,2.4428785,2.6828785,5.232878,4.8428783,4.1528783,3.9028785,4.0128784,3.8028784,3.8228784,4.0228786,4.0428786,3.9728785,3.7328784,3.8228784,3.8928785,4.0428786,3.8328784,3.8328784,4.3628783,4.5928783,5.0128784,5.5828786,5.7628784,5.6428785,5.6628785
-1.7871215,-2.3971217,-1.5571216,-0.94712156,-0.3271216,-1.2871215,-1.0071216,-1.2571216,-1.2071216,-1.0471215,-1.2271216,-0.68712157,-0.9971216,-1.3971215,-0.37712157,-0.37712157,-0.077121586,0.15287842,-0.06712158,-0.17712158,0.19287843,-0.7971216,-0.18712159,-0.22712158,-0.14712158,0.19287843,0.4328784,0.92287844,1.6828784,2.0928783,1.6128784,1.7428784,0.6628784,3.9528785,3.1528785,3.6828785,5.0328784,4.3328786,3.9328785,3.8028784,3.7628784,3.4928784,3.5728784,4.2728786,4.2228785,4.2428784,4.1628785,4.2428784,4.1128783,3.8028784,3.7128785,4.002878,3.9228785,4.1628785,4.5728784,5.4028783,5.3428783,5.3528786
-2.2171216,-2.2171216,-1.7571216,-0.6171216,-0.39712158,-0.8071216,-1.2271216,-1.1371216,-1.2171216,-1.2371216,-0.82712156,-0.62712157,-0.18712159,-0.94712156,-0.49712157,-0.2571216,0.24287842,0.15287842,-0.117121585,-0.20712158,0.32287842,0.10287842,-0.2571216,-1.0571216,-1.3571216,-0.9671216,-0.43712157,0.68287843,1.5228784,2.6928785,2.5828784,2.7828784,2.6928785,1.9028784,2.3728783,2.7828784,3.9028785,3.8628783,3.8028784,3.6928785,3.5628784,3.4528785,3.2128785,2.9728785,3.0928783,3.3928785,3.5628784,3.4128785,3.3828783,3.2328784,3.0828784,3.3028784,3.4528785,3.7728784,4.0928783,4.4128785,4.8228784,5.0228786
-2.4471216,-2.4071217,-2.0871215,-1.2971215,-0.8671216,-1.4671216,-1.3571216,-1.2971215,-1.3871216,-1.4771216,-1.4571216,-1.1971216,-0.26712158,0.7628784,0.9528784,-0.76712155,-0.12712158,-0.46712157,0.23287842,0.052878417,0.45287842,0.9128784,0.5228784,-1.2171216,-1.7371216,-1.1171216,0.13287842,1.1928784,1.6128784,2.1828785,1.8228784,1.9428784,3.3128784,2.2928784,2.1328783,2.8528783,2.9228785,3.0028784,2.9228785,2.8228784,3.0328784,3.1828785,3.1428785,3.1528785,2.9428785,3.0428784,3.2528784,3.3228784,3.3228784,3.1728785,3.1028783,3.1528785,3.3228784,3.9428785,4.1928782,4.4528785,4.6628785,4.8028784
-2.8471215,-2.3571215,-2.4471216,-1.7271216,-1.8971215,-1.9071215,-1.9271216,-1.8171216,-1.3671216,-1.3371216,-1.3271216,-0.9871216,-0.75712156,-0.9771216,-0.2871216,-0.5371216,-0.7071216,-0.3471216,-0.007121582,0.21287842,0.8528784,0.28287843,0.12287842,-1.0171216,-1.1371216,0.29287842,0.5828784,0.17287841,-1.8771216,1.6028785,2.8128784,2.3128784,1.9428784,2.8028784,2.1728785,2.2528784,2.3828783,2.2628784,2.2428784,2.4128785,2.6228783,2.6428785,2.7328784,2.9728785,3.1628785,3.1228783,2.9828784,2.7628784,2.7328784,2.8328784,2.6328783,2.7728784,3.2028785,3.3328784,3.7228785,4.1628785,4.462878,4.9028783
-1.3571216,-1.6471215,-2.3871217,-2.0371215,-1.9371216,-1.9571216,-1.6871216,-2.0171216,-1.9271216,-1.5171216,-1.1871216,-0.7871216,-0.9271216,-1.0471215,-1.0371215,-0.23712158,-0.57712156,-0.5571216,-0.26712158,-0.027121581,-0.18712159,1.1628784,1.3428785,-2.4271216,-1.0971216,-0.7471216,-0.5971216,-1.7371216,1.5628784,1.3328785,0.7828784,1.2828784,1.3828784,1.5628784,1.6428784,1.1628784,1.4728785,1.7628784,2.1528785,2.3728783,2.3028784,2.4928784,2.8428783,2.8228784,2.8328784,2.7228785,2.7828784,2.5728784,2.4328785,2.3628783,2.0828784,2.1328783,2.3928785,2.6528785,2.9328785,3.3328784,3.9028785,4.3528786
-1.1271216,-1.4471216,-2.5271215,-2.1671216,-1.8271216,-1.8971215,-1.7571216,-1.8671216,-2.6571217,-1.8471216,-1.4571216,-1.3371216,-1.3371216,-1.4271216,-1.1571215,0.14287841,-0.5971216,-0.7271216,-0.29712158,-0.13712159,0.062878415,-0.6671216,0.022878418,1.3328785,-1.0071216,-1.3871216,-0.40712157,2.0728784,0.47287843,-0.4171216,-0.027121581,0.8928784,0.4928784,0.6928784,0.4928784,0.9528784,1.1228784,1.1628784,1.5628784,1.5928785,1.8228784,2.0228784,2.1728785,2.4728785,2.8028784,3.0728784,2.6628785,2.3928785,2.0128784,1.4728785,1.4928784,1.7028785,1.7128785,1.8128784,2.0728784,2.6128783,2.9128785,3.2628784
-1.4071215,-1.0671216,-2.8471215,-2.8071215,-2.8171215,-2.2571216,-2.7771215,-1.8571216,-2.1371217,-2.2671216,-1.3671216,-1.4171215,-1.5571216,-1.7871215,-3.4271216,-1.2571216,-0.9971216,-0.7771216,-0.22712158,-0.4171216,0.8928784,-0.13712159,-1.1571215,-2.1571217,-1.4371216,-0.2871216,0.5428784,0.052878417,-1.6171216,-1.5571216,-1.3571216,0.35287842,-0.8671216,-0.5871216,-0.39712158,-0.22712158,-0.23712158,0.15287842,0.13287842,0.67287844,1.0828785,1.5828785,2.1228783,2.5028784,2.7928784,2.7828784,2.8528783,2.4528785,1.9628785,1.6928784,1.6428784,1.4128784,1.4028784,1.4728785,1.6828784,2.0128784,2.3928785,2.8328784
