raw-data-f/2018101012.json
{"header": { "discipline":0, "disciplineName":"Meteorological products", "gribEdition":2, "gribLength":74844, "center":7, "centerName":"US National Weather Service - NCEP(WMC)", "subcenter":0, "refTime":"2018-10-10T12:00:00.000Z", "significanceOfRT":1, "significanceOfRTName":"Start of forecast", "productStatus":0, "productStatusName":"Operational products", "productType":1, "productTypeName":"Forecast products", "productDefinitionTemplate":0, "productDefinitionTemplateName":"Analysis/forecast at horizontal level/layer at a point in time", "parameterCategory":2, "parameterCategoryName":"Momentum", "parameterNumber":2, "parameterNumberName":"U-component_of_wind", "parameterUnit":"m.s-1", "genProcessType":2, "genProcessTypeName":"Forecast", "forecastTime":0, "surface1Type":103, "surface1TypeName":"Specified height level above ground", "surface1Value":10.0, "surface2Type":255, "surface2TypeName":"Missing", "surface2Value":0.0, "gridDefinitionTemplate":0, "gridDefinitionTemplateName":"Latitude_Longitude", "numberPoints":65160, "shape":6, "shapeName":"Earth spherical with radius of 6,371,229.0 m", "gridUnits":"degrees", "resolution":48, "winds":"true", "scanMode":0, "nx":360, "ny":181, "basicAngle":0, "lo1":0.0, "la1":90.0, "lo2":359.0, "la2":-90.0, "dx":1.0, "dy":1.0 }, "data":
[rows 52 to 77 of 181, columns 58 to 115 of 360]
-3.417412,-4.587412,-4.1674123,-3.4774122,-3.437412,-3.087412,-2.5074122,-1.657412,0.7525879,-1.907412,0.55258787,1.9225879,1.9425879,1.1625879,2.542588,-0.9274121,2.402588,-3.427412,-2.9774122,-0.6074121,-3.217412,-3.3274121,-3.097412,-3.4974122,-3.3174121,-3.3274121,-3.947412,-4.057412,-3.2774122,-0.56741214,-0.45741212,-1.2974122,-1.4674121,-0.5574121,-1.027412,1.3125879,-0.05741211,1.592588,-0.18741211,-0.2674121,2.5225878,-1.3974121,-0.7774121,-0.39741212,-1.3674121,-3.837412,-2.927412,-1.2574121,-3.0574121,-3.117412,-2.5574121,-1.407412,-3.677412,-2.2274122,-0.01741211,-1.7074121,-0.13741212,-2.0674121
0.9125879,0.08258789,-2.5574121,-2.2374122,-2.5674121,-3.707412,-3.2274122,-1.3074121,-1.3674121,-1.6874121,0.9725879,-1.0974121,1.7025878,1.1325879,1.0425879,-1.1774122,-0.06741211,0.4525879,-1.8574121,-1.2374121,-1.7674121,-2.637412,-3.0574121,-1.2574121,-2.907412,-1.6174121,-1.157412,0.80258787,-0.7274121,0.41258788,-0.6174121,-4.2074122,-1.777412,-2.087412,-3.607412,-2.187412,-0.9874121,0.5225879,2.812588,2.342588,0.7925879,1.7825879,-5.677412,-1.2674121,-1.1274121,0.4825879,-0.6774121,-2.7774122,-1.8174121,-1.6474121,-2.217412,-2.117412,-1.6274121,-0.9074121,0.9125879,-1.3574121,0.74258786,-2.2474122
0.2725879,-0.05741211,-4.837412,-2.0374122,-1.5774121,0.20258789,-4.1674123,-0.9074121,-1.6274121,0.4025879,-2.587412,1.7125878,3.102588,0.3125879,0.6925879,0.20258789,0.7325879,2.122588,0.99258786,2.082588,2.642588,-0.3774121,-1.3174121,-1.027412,0.4825879,-0.69741213,-0.6174121,0.6925879,2.5025878,1.8025879,0.6625879,-0.9874121,-1.7574121,-1.6074121,-1.4474121,-1.657412,-1.5674121,-0.15741211,-0.8974121,-1.0174121,0.08258789,1.222588,-0.6674121,-0.5574121,-0.5974121,0.0025878907,-0.9374121,-3.457412,-1.7574121,-1.5374122,-0.50741214,-0.7774121,-1.3074121,0.17258789,3.4225879,-2.7474122,0.9725879,-3.847412
0.9125879,0.9825879,-1.4674121,-5.307412,-3.5074122,-0.1474121,4.262588,4.232588,4.472588,3.9325879,0.1625879,-2.847412,-1.4774121,-1.5674121,-0.42741212,0.47258788,-0.1474121,2.332588,0.47258788,1.7825879,2.312588,4.162588,3.832588,3.792588,4.6425877,3.9525878,4.342588,5.282588,4.1425877,1.7925879,3.912588,3.552588,1.9025879,0.09258789,2.7025878,3.2625878,0.7925879,-3.367412,-0.6874121,-3.2674122,-2.127412,-1.0874121,-0.18741211,0.4925879,-0.6574121,-0.4074121,1.2025878,-1.0474122,-2.877412,0.32258788,-0.7674121,-0.13741212,-1.2674121,0.07258789,1.1425879,-1.0074121,-2.637412,-2.887412
3.2625878,-2.887412,-2.8074121,-2.107412,1.2825879,1.3625879,3.662588,3.822588,4.722588,3.792588,5.592588,0.11258789,-2.0274122,-3.5174122,-1.027412,1.5625879,-0.4174121,-0.08741211,2.132588,0.3125879,2.0025878,2.892588,5.762588,7.1225877,6.342588,5.922588,5.692588,3.4825878,5.662588,5.132588,6.112588,4.712588,0.3125879,1.2725879,3.0125878,0.38258788,-0.2574121,-0.36741212,-0.03741211,-0.21741211,1.592588,1.8125879,-0.6674121,-0.88741213,1.1925879,-1.277412,-0.11741211,-1.4974121,-0.2674121,-0.94741213,1.1325879,-0.7374121,0.04258789,-1.3474121,0.20258789,1.1525879,-0.3474121,-1.3074121
1.8325878,0.7025879,-2.097412,1.8025879,3.7125878,3.372588,1.7625879,2.292588,2.5225878,3.352588,2.822588,4.222588,-6.257412,1.342588,-2.0274122,0.7225879,-1.3374121,-0.27741212,-0.5174121,1.0525879,1.5825878,1.7525879,6.8125877,8.762588,8.712588,7.952588,5.662588,5.182588,3.7125878,4.992588,5.3925877,4.552588,5.032588,5.462588,2.352588,1.6625879,1.3025879,0.2425879,1.3725879,0.6025879,0.08258789,0.8725879,0.32258788,1.1225879,-0.9974121,-0.2574121,-1.1974121,-1.5174121,0.7825879,0.3125879,-0.4474121,-0.42741212,-1.1974121,0.0025878907,-0.9874121,-0.17741211,-0.20741211,-2.187412
2.122588,3.282588,-1.2974122,0.93258786,4.0425878,3.7325878,5.1425877,2.9725878,3.872588,6.342588,6.402588,1.2025878,-3.5574121,-0.18741211,-0.2274121,0.02258789,-1.9674121,-0.7374121,-0.3574121,-1.0674121,2.052588,4.532588,3.832588,5.522588,6.152588,5.342588,4.6225877,3.872588,4.472588,5.252588,4.8125877,4.612588,4.252588,4.452588,2.862588,0.10258789,-1.027412,0.4225879,0.8225879,0.1925879,-0.7774121,2.7125878,-0.17741211,-1.1174121,-0.24741212,-0.3774121,-0.94741213,0.07258789,-0.7074121,0.1925879,0.47258788,-0.36741212,0.1625879,-0.5974121,0.06258789,-0.7474121,-0.8474121,-2.5474122
1.9925879,4.222588,1.1825879,-2.097412,4.282588,5.232588,3.842588,4.422588,2.842588,5.2925878,5.132588,0.3925879,-2.5374122,-1.9774121,1.472588,0.2825879,0.8125879,-1.7974122,-0.6274121,0.86258787,0.35258788,0.68258786,2.632588,3.6825879,3.7325878,5.362588,4.612588,3.552588,3.9525878,5.682588,3.802588,4.722588,2.9625878,0.7125879,0.06258789,0.8425879,1.3125879,-0.33741212,0.8425879,-0.18741211,-0.18741211,-0.9074121,1.2825879,-1.2074121,-1.6374121,1.0725878,1.5325879,-1.9374121,-0.8674121,-0.7774121,0.7625879,-0.3574121,-0.8374121,-0.9174121,-0.3874121,-0.6774121,-0.39741212,-1.0874121
-1.4674121,2.822588,4.472588,-2.0374122,1.9425879,4.772588,6.242588,5.492588,3.4225879,5.3725877,-0.1474121,0.99258786,1.6925879,-0.1474121,1.4125879,1.6525879,1.1725879,-1.2174121,-1.5474122,-0.39741212,0.02258789,1.9225879,0.6225879,0.7625879,-1.4674121,4.652588,6.282588,5.5625877,5.402588,5.472588,2.862588,1.3325878,2.402588,2.7025878,-1.0974121,-2.5474122,-2.107412,-0.9274121,2.042588,0.5825879,1.592588,-1.0774121,-0.5774121,-0.30741212,1.0425879,0.5225879,-2.337412,-1.3074121,-1.4374121,-0.8774121,-1.2674121,-0.0074121095,-0.04741211,0.93258786,-0.7674121,-1.1974121,-0.5974121,-1.2674121
-3.337412,0.7325879,4.942588,-1.6274121,-0.4674121,1.6625879,2.312588,-0.7874121,1.9225879,1.8825879,0.6425879,3.892588,2.2425878,0.5325879,0.20258789,1.6925879,0.5425879,3.2325878,-1.9374121,-1.9274122,-1.4874121,-1.5874121,-0.39741212,0.3725879,0.8825879,1.1825879,1.2525879,1.722588,3.2025878,2.892588,2.0125878,-0.7874121,1.9425879,0.80258787,-1.9474121,-2.7374122,-1.027412,-1.3574121,-1.8574121,3.622588,2.892588,0.4525879,0.4525879,-0.7174121,0.5225879,-1.0774121,-0.13741212,-1.4174122,-1.2374121,-1.277412,-0.20741211,0.3325879,-0.9174121,0.55258787,-0.3574121,-1.6274121,-0.6574121,-0.8474121
-2.377412,-1.7974122,1.3725879,0.7025879,-1.8074121,3.4825878,3.592588,0.44258788,3.822588,-0.3474121,0.6625879,1.8325878,0.06258789,-1.0174121,0.1925879,1.4425879,2.9225879,3.402588,2.312588,-2.127412,-1.9274122,-2.447412,-1.9974121,-1.6974121,-1.6274121,-0.13741212,0.6625879,0.8725879,-1.0074121,0.47258788,1.7125878,1.7525879,-0.6574121,-1.5874121,0.7325879,0.09258789,-0.63741213,0.07258789,-1.2074121,-1.1474121,-0.23741211,1.7825879,1.0025879,-0.8674121,0.9725879,-1.5674121,0.6225879,-1.1274121,-0.8574121,-1.3074121,-0.5374121,-0.2874121,-0.8474121,-0.88741213,0.3625879,-0.56741214,-1.0874121,-0.18741211
-4.1874123,-2.2474122,1.842588,5.922588,-4.1074123,-0.18741211,0.6625879,0.4825879,0.0025878907,-1.5774121,0.1925879,-0.2574121,-0.8674121,-1.3874121,0.20258789,2.602588,3.1725879,3.342588,3.4325879,-1.657412,-1.4574121,-1.9974121,-2.5474122,-2.2774122,-1.9874121,-2.0274122,-1.4774121,-1.4474121,-0.39741212,0.3125879,-0.3174121,-0.02741211,0.012587891,0.3125879,-0.09741211,-0.5474121,0.5225879,-0.15741211,0.09258789,-0.4774121,-1.407412,1.4325879,-1.157412,-0.1474121,0.07258789,-1.9474121,-1.4674121,-0.7374121,-1.1174121,-1.2474121,-1.2474121,-0.1474121,-1.4574121,-1.9174122,-0.5774121,-0.7174121,-0.69741213,0.6225879
3.1925879,1.6525879,2.592588,2.352588,-3.677412,-4.117412,-1.0374122,-1.7874122,-1.9574121,-0.8774121,-1.2874122,-2.167412,-0.6174121,-0.69741213,0.7825879,2.152588,2.6725879,2.842588,2.382588,1.7725879,-0.8674121,-1.4374121,-3.377412,-2.2674122,-1.7574121,-2.2374122,-2.207412,-2.657412,-2.4874122,-2.407412,-2.2574122,-1.7574121,-1.7674121,-1.2474121,-0.9374121,0.05258789,-1.4874121,-1.0774121,0.2725879,-0.12741211,-0.8474121,0.012587891,-0.4074121,-0.5474121,-0.75741214,-0.7774121,-1.5174121,-0.6074121,-1.1274121,-0.5574121,-0.7974121,0.06258789,-1.6474121,-1.3874121,-0.23741211,0.9425879,-0.9274121,1.222588
-1.8974121,0.15258789,1.3925879,2.1925879,1.2925879,-1.5774121,1.7425879,0.8525879,-0.18741211,2.382588,-0.09741211,-1.4774121,0.29258788,0.012587891,0.3125879,0.8125879,1.6525879,1.1925879,1.7825879,0.2425879,0.38258788,-0.09741211,-3.417412,-2.697412,-2.4774122,-2.867412,-1.4774121,-2.5574121,-2.207412,-2.0774121,-1.9874121,-1.8374121,-0.30741212,-1.8374121,-1.2374121,-0.18741211,-0.9874121,0.1625879,-0.42741212,0.7025879,-0.63741213,-0.6674121,-0.7174121,-1.3274121,-0.6874121,-0.7474121,-1.2874122,0.5725879,-0.1674121,0.6625879,0.5825879,0.0025878907,-1.0574121,-1.8274121,-0.49741212,0.012587891,-1.6174121,1.472588
-7.3774123,-3.687412,-1.777412,-0.17741211,-0.8474121,-0.9974121,-0.2274121,0.9225879,3.282588,3.332588,4.2925878,4.672588,5.472588,4.662588,2.332588,0.20258789,-1.9274122,2.2125878,0.8725879,-0.7474121,0.6025879,-1.1874121,-1.7474121,-1.8274121,-1.8074121,-2.847412,-1.1974121,-2.0674121,-3.0274122,-2.4774122,-1.6474121,-1.2274121,-1.277412,-1.8174121,-0.5774121,-0.9174121,-0.6874121,-0.5574121,-0.5974121,-0.12741211,-0.63741213,-0.1974121,-1.1274121,-1.1674122,-0.8574121,-0.9974121,-1.3074121,0.11258789,0.7325879,0.7825879,-0.3274121,0.2825879,-1.0374122,-0.56741214,0.11258789,-0.5374121,0.012587891,0.05258789
-4.047412,-3.917412,-2.7974122,-3.3174121,-2.347412,-0.9274121,1.4925879,3.4325879,4.212588,3.832588,2.892588,5.722588,3.082588,1.1425879,3.7025878,-0.04741211,0.9825879,1.5125879,0.23258789,0.18258789,1.0725878,-1.9974121,-1.7074121,-1.2274121,-1.777412,-1.3874121,-2.207412,-3.387412,-1.6274121,-2.627412,-1.0074121,-1.7074121,-1.9374121,-2.107412,-0.21741211,-0.56741214,-0.5474121,-0.6174121,-0.63741213,-1.2174121,-1.1874121,-0.7174121,-0.7774121,-1.0674121,-0.8774121,-0.69741213,-1.2074121,0.47258788,-0.077412106,-0.5774121,0.7625879,-1.2274121,0.10258789,-0.04741211,0.02258789,-1.1874121,-0.94741213,1.0225879
-6.2074122,-8.797412,-3.7374122,-2.7974122,-1.4474121,0.3425879,1.5825878,2.282588,2.652588,2.5125878,2.5225878,3.842588,2.082588,1.5225879,-2.0574121,1.4125879,1.1925879,1.7025878,0.86258787,0.74258786,0.9225879,-1.0774121,-0.20741211,-0.4174121,-1.5574121,-3.457412,-4.297412,-1.4874121,-2.117412,-2.7574122,-5.9174123,-6.037412,-5.8774123,-7.677412,-2.197412,-0.6574121,0.23258789,-2.337412,0.2625879,-0.4874121,-0.94741213,-0.56741214,-0.50741214,-0.2674121,-0.36741212,-0.39741212,-1.2574121,-0.7074121,-0.7874121,-1.3574121,0.6525879,-0.3574121,-0.3474121,-1.1474121,-0.7274121,0.5225879,-1.3174121,-3.927412
-8.707412,-6.967412,-5.277412,-4.407412,-3.647412,-2.917412,-1.7374121,-0.5774121,0.5725879,1.2025878,1.8725879,3.532588,7.0425878,4.0425878,0.4225879,2.362588,1.8025879,-2.597412,0.14258789,1.0525879,0.68258786,-1.277412,0.18258789,-2.0174122,0.03258789,-2.3074121,-5.247412,-1.0074121,-2.347412,-8.417412,-9.357412,-9.327412,-11.307412,-9.457412,-5.987412,0.20258789,-0.8674121,-1.8174121,0.3425879,-0.7174121,-0.4174121,-0.4374121,-0.077412106,-0.7274121,-0.75741214,-0.6274121,-0.8474121,-0.05741211,-0.02741211,0.41258788,-5.297412,-2.3174121,-1.1074121,-7.987412,-5.557412,-4.327412,-4.237412,-6.217412
-6.587412,-7.1474123,-6.747412,-5.987412,-4.977412,-4.407412,-4.067412,-3.0074122,-1.4974121,0.2725879,1.5725878,2.5225878,4.682588,4.302588,1.9025879,2.662588,0.9825879,-2.387412,-0.6474121,1.1325879,-0.13741212,-0.7974121,1.0325879,-0.7474121,-0.5374121,-2.5774121,-1.3674121,-0.8074121,-6.967412,-11.317412,-10.847412,-9.937412,-5.577412,-12.567412,-7.657412,-6.3974123,-1.5474122,1.972588,0.05258789,-0.50741214,-1.027412,-0.4674121,-0.6074121,-0.5974121,-0.15741211,-0.9074121,-0.8774121,-0.50741214,0.3425879,-3.5274122,-6.767412,-4.307412,-3.157412,-4.587412,-5.927412,-5.557412,-5.1274123,-5.4374123
-7.697412,-8.927412,-8.377412,-6.6674123,-4.547412,-2.877412,-2.2874122,-2.877412,-2.647412,-1.7974122,0.12258789,1.9025879,3.162588,3.4925878,3.7325878,4.462588,1.2325879,-2.957412,-2.7474122,-1.1974121,0.06258789,-0.17741211,2.0225878,0.41258788,-1.0974121,-0.06741211,1.3125879,-10.477412,-14.897412,-12.017412,-8.747412,-7.777412,-6.747412,-6.9174123,-6.637412,-5.827412,-1.4974121,0.7125879,0.11258789,0.3625879,-1.2574121,-0.4474121,0.4225879,-1.0474122,-0.0074121095,-0.4374121,-0.8074121,-0.69741213,-1.4774121,-6.077412,-7.177412,-1.1774122,0.2425879,-5.217412,-5.717412,-5.987412,-5.007412,-4.427412
-9.307412,-11.607412,-10.507412,-8.967412,-6.787412,-4.297412,-2.377412,-0.7974121,-2.3174121,-1.3674121,-0.2574121,0.7725879,2.312588,3.5225878,4.3325877,3.402588,2.812588,-2.8274121,-3.937412,-1.8074121,0.4225879,0.5325879,1.5525879,1.6425879,-0.3174121,0.9125879,6.682588,-24.407412,-25.967413,-7.977412,-5.557412,-4.6074123,-4.347412,-4.067412,-4.777412,-4.747412,-5.047412,-1.0574121,-0.2974121,0.5625879,-0.7774121,-0.9074121,-0.20741211,-1.5174121,-0.42741212,0.25258788,-2.107412,0.07258789,1.3325878,-5.4374123,-4.287412,-6.1474123,-7.557412,-5.3974123,-5.557412,-5.067412,-4.407412,-4.1474123
-12.877412,-15.647412,-14.317412,-11.477412,-8.137412,-5.337412,-2.7474122,-0.69741213,0.23258789,-1.1974121,0.17258789,1.5525879,1.6825879,2.6725879,4.092588,3.7225878,3.2525878,-3.2674122,-4.737412,-2.107412,0.4025879,1.2525879,1.2025878,2.0225878,1.9925879,5.1225877,14.5525875,32.812588,7.962588,-1.7574121,-1.9774121,-1.2474121,-2.2474122,-2.397412,-3.0574121,-3.5674121,-3.0274122,-1.8874121,-0.9974121,1.3225878,0.12258789,-1.3674121,-0.02741211,-0.8974121,0.11258789,-0.077412106,-2.2774122,-2.717412,-0.81741214,0.9125879,-3.0174122,-5.487412,-5.6874123,-4.557412,-4.017412,-4.3574123,-3.9974122,-3.967412
-15.307412,-20.937412,-18.557411,-12.077412,-7.557412,-5.497412,-3.167412,-1.0174121,0.3125879,0.11258789,0.2825879,1.2725879,2.2225878,2.2725878,3.382588,3.552588,1.4525878,-0.7074121,-2.937412,-2.687412,0.4025879,0.7225879,0.8225879,2.162588,7.262588,5.962588,11.482588,16.722588,11.592587,3.572588,1.2725879,0.7525879,-0.3874121,-0.3274121,-0.88741213,-3.167412,-3.2374122,-0.6574121,-0.5474121,-0.08741211,0.6425879,-0.8774121,-0.4474121,-2.087412,-1.1974121,-2.0174122,-2.377412,-3.637412,-0.6474121,-1.277412,-0.50741214,-4.157412,-5.387412,-4.277412,-3.637412,-3.5474122,-3.7774122,-3.877412
-10.667412,-24.347412,-9.847412,-8.597412,-5.947412,-3.157412,-3.0574121,-0.8774121,0.18258789,0.80258787,0.7925879,1.4925879,1.6525879,3.0225878,2.802588,3.052588,1.7725879,2.1925879,-1.9774121,-0.7874121,0.0025878907,-0.2674121,0.9025879,2.582588,7.112588,7.452588,6.492588,9.272588,9.072588,6.072588,3.112588,2.1825879,1.3325878,1.3725879,1.2125878,-1.9274122,-2.0374122,-1.0074121,-0.7474121,-0.0074121095,-0.27741212,-0.42741212,0.5325879,-0.9174121,-2.0374122,-2.117412,-1.1374121,1.2725879,-0.33741212,-0.4474121,-0.8274121,0.23258789,-4.807412,-4.047412,-4.097412,-3.967412,-4.027412,-4.037412
18.902588,14.232588,1.4025879,-0.0074121095,-1.1674122,-1.1474121,-0.9674121,-0.2274121,0.9825879,1.1225879,1.1925879,1.6925879,1.8825879,2.132588,3.1925879,3.122588,3.112588,2.092588,0.15258789,-0.88741213,1.0125879,-0.4874121,-0.6474121,0.74258786,4.762588,6.862588,8.912588,9.782588,8.0525875,5.762588,3.542588,3.1925879,2.9225879,3.9825878,3.582588,-0.09741211,-0.6874121,0.3925879,0.4325879,-0.3874121,-0.7674121,-0.13741212,-0.6574121,-0.9974121,-1.2074121,-0.9874121,-0.6774121,0.11258789,0.4825879,-1.0374122,-1.9174122,-0.12741211,-3.467412,-3.927412,-4.427412,-4.3974123,-4.3774123,-4.217412
21.392588,17.722588,9.982588,5.592588,2.152588,0.99258786,0.9425879,0.7325879,1.6925879,1.9125879,1.9925879,2.592588,2.552588,2.4625878,2.632588,3.282588,3.4225879,1.3625879,-0.02741211,0.6925879,0.2125879,1.0125879,-0.33741212,1.9025879,4.172588,6.882588,7.5425878,7.8525877,6.992588,5.052588,3.4325879,3.2125878,3.782588,4.982588,4.492588,1.6225879,1.0625879,1.8125879,1.3825879,0.6725879,0.8125879,0.12258789,-1.5574121,1.222588,-0.01741211,-1.4974121,-0.18741211,-0.6874121,-0.8674121,-1.907412,-2.7274122,-1.2274121,-2.107412,-4.317412,-4.7074122,-4.517412,-4.6074123,-3.967412
