raw-data-f/2018100800f3.json
{"header": { "discipline":0, "disciplineName":"Meteorological products", "gribEdition":2, "gribLength":75292, "center":7, "centerName":"US National Weather Service - NCEP(WMC)", "subcenter":0, "refTime":"2018-10-08T00:00:00.000Z", "significanceOfRT":1, "significanceOfRTName":"Start of forecast", "productStatus":0, "productStatusName":"Operational products", "productType":1, "productTypeName":"Forecast products", "productDefinitionTemplate":0, "productDefinitionTemplateName":"Analysis/forecast at horizontal level/layer at a point in time", "parameterCategory":2, "parameterCategoryName":"Momentum", "parameterNumber":3, "parameterNumberName":"V-component_of_wind", "parameterUnit":"m.s-1", "genProcessType":2, "genProcessTypeName":"Forecast", "forecastTime":3, "surface1Type":103, "surface1TypeName":"Specified height level above ground", "surface1Value":10.0, "surface2Type":255, "surface2TypeName":"Missing", "surface2Value":0.0, "gridDefinitionTemplate":0, "gridDefinitionTemplateName":"Latitude_Longitude", "numberPoints":65160, "shape":6, "shapeName":"Earth spherical with radius of 6,371,229.0 m", "gridUnits":"degrees", "resolution":48, "winds":"true", "scanMode":0, "nx":360, "ny":181, "basicAngle":0, "lo1":0.0, "la1":90.0, "lo2":359.0, "la2":-90.0, "dx":1.0, "dy":1.0 }, "data":
[rows 140 to 167 of 181, columns 124 to 185 of 360]
7.58229,7.58229,7.13229,6.2322903,4.57229,3.48229,3.47229,2.95229,2.59229,3.43229,4.96229,3.31229,-0.73770994,-2.97771,-4.42771,-5.34771,-6.18771,-6.50771,-6.89771,-6.7477098,-6.5177097,-6.06771,-5.52771,-4.94771,-4.22771,-3.77771,-3.6277099,-3.46771,-2.99771,-2.55771,-2.3777099,-2.15771,-1.60771,-1.16771,-0.95770997,-0.90770996,-0.70770997,-0.39770997,-0.23770995,-0.24770996,-0.33770996,-0.04770996,0.55229,0.56229,0.22229004,0.11229004,-0.08770996,-0.38770998,-0.83770996,-1.24771,-1.4577099,-1.38771,-1.3177099,-1.63771,-2.18771,-2.54771,-2.57771,-2.1377099,-1.41771,-1.1977099,-1.12771,-0.93771
6.28229,7.2322903,6.90229,6.11229,4.87229,2.73229,1.46229,1.6622901,2.51229,3.3822901,3.64229,3.80229,3.95229,3.52229,0.60229003,-2.45771,-3.58771,-4.83771,-5.79771,-6.75771,-7.30771,-7.03771,-6.59771,-5.84771,-4.62771,-3.52771,-3.44771,-3.83771,-3.55771,-2.30771,-1.28771,-1.24771,-1.16771,-0.78770995,-0.46770996,-0.16770996,0.11229004,0.31229004,0.24229003,0.08229004,-0.06770996,-0.09770996,-0.007709961,-0.30770996,-0.52770996,-0.52770996,-0.50771,-0.75771,-1.09771,-1.3177099,-1.3277099,-1.60771,-2.02771,-2.34771,-2.58771,-2.74771,-2.70771,-2.34771,-1.99771,-1.6777099,-1.3377099,-1.01771
5.69229,6.81229,7.12229,6.7322903,5.88229,4.76229,0.97229004,-0.10770996,0.06229004,0.66229004,1.62229,2.02229,2.22229,2.6122901,2.73229,2.22229,-0.57771,-3.35771,-4.89771,-5.53771,-6.09771,-6.43771,-6.06771,-4.9977098,-3.3677099,-2.40771,-1.75771,-1.91771,-1.75771,-0.36770996,0.62229,1.01229,1.24229,1.1622901,1.01229,1.1622901,1.59229,1.65229,1.12229,0.69229007,0.52229005,0.43229005,0.37229005,0.032290038,-0.62771,-1.14771,-1.5677099,-1.5877099,-1.26771,-1.22771,-1.60771,-2.04771,-2.49771,-2.8677099,-2.80771,-2.76771,-2.76771,-2.66771,-2.54771,-2.44771,-2.29771,-1.9377099
4.24229,5.61229,6.05229,5.83229,5.26229,4.31229,2.65229,-1.24771,-2.09771,-1.29771,-0.55770993,0.37229005,0.84229004,0.72229004,0.82229006,1.50229,1.8022901,1.21229,0.012290039,-2.00771,-2.66771,-2.20771,-1.35771,-1.0677099,-0.41770995,-0.037709963,0.50229,0.96229005,1.4222901,1.9222901,2.3522902,2.95229,3.6022902,3.84229,4.04229,3.92229,4.01229,4.06229,3.95229,4.11229,4.15229,4.33229,4.07229,3.40229,2.65229,1.3122901,-1.28771,-2.74771,-2.79771,-2.51771,-2.34771,-2.35771,-2.6377099,-2.96771,-3.1477098,-3.00771,-2.94771,-2.91771,-2.8877099,-2.83771,-2.79771,-2.6477098
4.69229,4.93229,4.7522902,4.32229,4.03229,3.6122901,2.79229,-0.57771,-3.1177099,-2.69771,-2.02771,-1.3377099,-0.78770995,-0.96770996,-1.84771,-2.16771,-1.88771,-1.99771,-3.03771,-3.57771,-3.35771,-3.20771,-3.06771,-2.53771,-2.04771,-1.1877099,-0.30770996,0.28229004,0.72229004,1.14229,1.25229,1.52229,2.19229,2.75229,3.16229,3.50229,3.6222901,3.83229,4.18229,4.39229,4.9822903,5.28229,5.90229,6.68229,6.92229,7.13229,7.49229,7.94229,6.84229,2.28229,-2.58771,-4.47771,-4.34771,-4.2477098,-4.10771,-3.76771,-3.58771,-3.43771,-3.19771,-3.05771,-2.95771,-2.92771
3.98229,4.17229,4.18229,3.6122901,3.47229,2.71229,2.46229,2.93229,-0.27770996,-4.18771,-3.74771,-3.46771,-3.08771,-2.43771,-2.1277099,-2.70771,-3.29771,-3.71771,-4.14771,-4.47771,-4.70771,-4.48771,-3.73771,-3.31771,-2.67771,-1.40771,-0.47770995,0.14229004,0.60229003,1.0722901,1.48229,1.86229,2.34229,2.81229,3.1322901,3.19229,3.18229,3.22229,3.25229,3.53229,3.98229,4.39229,4.7522902,5.13229,5.59229,6.02229,6.45229,7.0022902,7.44229,7.42229,6.67229,5.86229,3.93229,-1.9477099,-6.02771,-5.43771,-4.60771,-4.34771,-3.81771,-3.32771,-2.96771,-2.71771
2.55229,3.1322901,3.48229,3.71229,3.6122901,3.06229,2.18229,1.5722901,1.86229,0.25229004,-4.18771,-4.94771,-4.80771,-4.13771,-3.32771,-3.1477098,-3.60771,-4.05771,-4.02771,-3.94771,-4.13771,-4.07771,-3.6177099,-3.3977098,-3.33771,-1.9277099,-1.13771,-0.60770994,-0.62771,0.032290038,0.88229007,1.5422901,2.21229,2.79229,3.26229,3.3822901,3.32229,3.42229,3.45229,3.59229,3.93229,4.19229,4.26229,4.28229,4.52229,4.78229,5.36229,5.82229,6.17229,6.39229,6.4822903,6.70229,5.88229,3.54229,2.34229,0.07229004,-3.48771,-4.0177097,-3.68771,-3.35771,-2.95771,-2.6377099
2.89229,3.06229,3.30229,3.33229,3.1022902,2.26229,1.58229,1.0722901,1.35229,0.98229,-1.47771,-5.71771,-5.92771,-5.48771,-4.84771,-4.29771,-3.96771,-3.70771,-3.6177099,-3.57771,-3.57771,-3.42771,-3.10771,-2.95771,-2.65771,-2.28771,-1.54771,-0.57771,-0.34770995,-0.007709961,-0.07770996,-0.15770996,0.60229003,1.50229,2.42229,2.99229,3.02229,2.6022902,2.89229,3.49229,4.02229,4.45229,4.56229,4.63229,4.72229,5.37229,5.5022902,5.83229,5.66229,5.80229,6.08229,6.31229,6.29229,5.60229,4.15229,2.1322901,-0.87771,-4.0177097,-4.95771,-4.83771,-4.65771,-4.05771
2.18229,2.34229,2.3622901,2.33229,2.29229,2.20229,1.89229,1.51229,1.3122901,1.08229,-0.47770995,-4.88771,-6.37771,-6.47771,-6.27771,-5.47771,-4.56771,-3.70771,-3.10771,-2.81771,-2.70771,-2.59771,-2.49771,-2.3777099,-2.16771,-1.8177099,-1.5677099,-1.14771,-0.61770993,-0.52770996,-0.13770996,0.92229,1.27229,1.51229,2.6122901,3.59229,4.06229,4.13229,3.84229,3.91229,4.2322903,4.29229,4.31229,4.57229,4.80229,5.02229,5.31229,5.47229,5.62229,5.62229,5.64229,5.7322903,5.95229,6.91229,7.39229,4.07229,-1.29771,-2.6177099,-3.27771,-4.22771,-3.72771,-2.84771
1.52229,1.20229,1.0622901,1.02229,1.03229,1.22229,1.35229,1.3122901,1.24229,0.52229005,-0.18770996,-0.30770996,-0.10770996,-3.21771,-6.23771,-4.72771,-3.81771,-2.71771,-1.9277099,-1.59771,-1.51771,-1.34771,-1.36771,-1.51771,-1.54771,-1.35771,-1.02771,-0.64770997,-0.23770995,0.16229004,0.68229,1.2922901,1.86229,2.3722901,3.39229,4.82229,5.5022902,5.57229,5.5022902,5.06229,4.20229,3.79229,3.6122901,3.82229,4.47229,4.96229,5.51229,5.82229,5.89229,5.62229,5.08229,4.87229,5.06229,4.65229,4.24229,4.2522902,7.37229,9.16229,2.58229,-3.1377099,-3.01771,-2.43771
1.8122901,1.27229,0.86229,0.45229003,0.18229003,0.50229,1.00229,1.0422901,0.63229007,-0.04770996,-0.82771,-1.65771,-2.25771,-2.69771,-2.79771,-2.51771,-2.1377099,-1.73771,-1.50771,-1.23771,-0.98770994,-0.69771,-0.28770995,0.04229004,0.19229004,0.46229005,0.86229,1.51229,2.28229,3.09229,4.14229,5.15229,5.94229,6.54229,6.86229,7.32229,7.32229,6.94229,6.41229,5.76229,5.02229,4.17229,3.77229,3.83229,4.16229,4.5022902,4.61229,4.60229,4.57229,4.41229,4.17229,3.64229,3.44229,3.15229,3.56229,3.6222901,3.3822901,2.03229,1.10229,0.68229,0.54229003,0.35229003
0.28229004,0.74229,0.93229,1.03229,0.83229005,0.55229,0.22229004,-0.18770996,-0.70770997,-1.23771,-1.63771,-2.02771,-2.34771,-2.24771,-2.17771,-2.01771,-1.53771,-1.0777099,-0.50771,-0.04770996,0.16229004,0.42229003,0.84229004,1.63229,3.06229,4.54229,5.45229,5.42229,5.49229,5.61229,5.53229,5.91229,6.36229,6.60229,6.90229,7.30229,7.46229,7.34229,6.83229,5.95229,5.04229,3.97229,3.3722901,3.29229,3.55229,4.09229,4.71229,5.01229,4.69229,4.47229,4.32229,4.07229,3.59229,3.03229,2.50229,2.30229,2.19229,1.76229,1.2922901,1.3022901,1.09229,-0.43770996
2.90229,2.51229,2.20229,1.84229,1.4122901,0.68229,-0.25770995,-0.97770995,-1.16771,-1.16771,-1.27771,-1.3177099,-1.38771,-1.39771,-1.22771,-0.89770997,-0.76771,-0.78770995,-0.59770995,-0.23770995,-0.91770995,-0.32770997,0.74229,1.34229,2.00229,2.42229,2.96229,3.3822901,3.56229,3.53229,3.59229,3.91229,4.70229,5.40229,5.70229,5.96229,6.42229,6.65229,6.45229,5.54229,4.08229,2.78229,2.3622901,2.15229,2.04229,2.39229,2.72229,2.98229,3.30229,3.8622901,4.20229,3.48229,1.72229,1.21229,2.46229,3.39229,3.17229,2.92229,2.53229,2.40229,2.40229,2.09229
2.54229,1.8122901,1.03229,0.23229004,-0.26770997,-0.22770996,-0.14770997,-0.37770995,-0.84770995,-1.75771,-2.79771,-2.67771,-2.02771,-1.77771,-1.72771,-1.37771,-0.87771,-1.59771,-2.34771,-2.04771,-1.6977099,-1.23771,-0.64770997,0.17229004,1.21229,2.04229,2.58229,2.96229,3.14229,3.17229,3.27229,3.58229,4.01229,4.39229,4.79229,5.37229,5.87229,6.21229,6.4822903,6.58229,6.24229,5.70229,5.20229,4.80229,4.67229,4.38229,3.53229,3.1222901,3.00229,3.27229,3.84229,4.09229,4.28229,4.04229,3.89229,4.11229,4.2322903,4.01229,3.93229,3.89229,3.79229,3.73229
4.37229,3.39229,2.15229,0.96229005,0.13229004,-0.46770996,-0.86770993,-0.95770997,-1.1877099,-1.21771,-0.87771,-2.77771,-2.32771,-2.35771,-2.45771,-2.31771,-2.1377099,-2.07771,-1.9577099,-1.7077099,-1.40771,-0.88771,-0.20770997,0.54229003,1.39229,2.16229,2.76229,3.09229,2.89229,2.39229,2.41229,2.74229,3.21229,3.79229,4.35229,4.83229,5.06229,5.22229,5.62229,5.69229,4.65229,3.83229,3.17229,2.71229,2.3622901,2.31229,2.59229,3.1322901,3.71229,4.17229,4.59229,4.91229,5.27229,5.57229,5.58229,5.59229,5.68229,5.2522902,5.19229,5.10229,5.21229,5.08229
6.52229,6.52229,5.7522902,3.1222901,0.27229005,-0.60770994,-1.12771,-2.30771,-3.01771,-2.25771,-0.77770996,-0.54770994,-0.86770993,-1.0577099,-1.00771,-0.90770996,-0.68771,-0.60770994,-0.65770996,-0.55770993,-0.29770997,0.15229005,0.85229003,1.6922901,2.3722901,2.91229,3.02229,2.6022902,2.19229,2.06229,2.20229,2.33229,2.54229,2.92229,3.3622901,3.76229,4.11229,4.10229,4.2522902,4.18229,2.02229,1.4122901,1.3122901,1.5522901,2.16229,2.79229,3.34229,3.79229,4.14229,4.47229,4.67229,4.82229,5.0022902,5.08229,5.13229,5.53229,6.01229,6.07229,5.7522902,5.57229,5.54229,5.47229
4.32229,4.64229,6.33229,6.2322903,4.09229,1.77229,-0.54770994,-0.31770995,-0.43770996,1.8022901,2.15229,0.82229006,0.54229003,0.32229003,0.95229006,1.13229,1.5422901,0.62229,-0.41770995,1.11229,1.8222901,1.4222901,2.25229,2.95229,2.8722901,3.08229,3.17229,2.8822901,2.52229,2.19229,2.16229,2.26229,2.3822901,2.6122901,2.74229,2.66229,2.6122901,2.40229,2.00229,1.4422901,0.26229003,0.04229004,0.33229005,0.96229005,1.78229,2.43229,3.02229,3.6322901,4.2322903,4.78229,5.15229,5.38229,5.54229,5.58229,5.52229,5.40229,5.39229,5.44229,5.52229,5.37229,5.18229,4.95229
6.64229,8.62229,9.55229,8.37229,5.39229,3.1222901,-0.30770996,0.67229,1.51229,3.39229,4.2522902,3.30229,3.6122901,3.8522902,4.15229,4.95229,5.29229,6.56229,4.7522902,6.7322903,8.56229,3.99229,2.31229,3.79229,2.47229,3.20229,3.52229,3.46229,3.69229,3.43229,3.01229,2.64229,2.39229,2.16229,2.03229,1.95229,1.77229,1.47229,0.83229005,-0.21770996,-0.76771,-0.75771,-0.40770996,0.25229004,1.00229,1.6922901,2.39229,3.16229,3.95229,4.69229,5.32229,5.84229,6.15229,6.36229,6.32229,6.31229,6.2322903,6.16229,6.21229,6.17229,6.13229,6.10229
5.78229,7.85229,9.46229,9.79229,9.68229,9.25229,6.65229,3.83229,2.6022902,3.90229,5.7522902,6.37229,5.22229,4.94229,5.53229,6.26229,6.95229,7.79229,7.99229,9.66229,9.62229,9.38229,10.44229,6.21229,1.25229,0.34229004,1.63229,2.31229,1.86229,1.86229,2.25229,2.8522902,3.51229,3.1122901,2.30229,1.8122901,1.47229,1.03229,0.35229003,-0.33770996,-0.81771,-1.29771,-1.47771,-1.2077099,-0.30770996,0.90229005,1.9222901,2.78229,3.67229,4.2522902,4.87229,5.88229,6.60229,7.09229,7.47229,7.36229,7.11229,7.08229,7.08229,7.12229,7.2522902,7.34229
5.33229,6.20229,7.17229,7.78229,8.22229,8.06229,7.40229,6.38229,5.64229,4.83229,5.46229,6.70229,6.15229,5.08229,4.91229,5.79229,6.9822903,8.37229,10.16229,12.2422905,12.70229,11.97229,11.84229,11.29229,10.78229,10.31229,9.63229,9.32229,7.20229,3.3622901,1.27229,0.31229004,-1.00771,-1.71771,0.012290039,1.20229,1.49229,1.10229,0.72229004,0.26229003,-0.58770996,-1.26771,-1.48771,-1.8177099,-1.27771,0.56229,2.06229,3.07229,3.91229,4.59229,5.17229,6.65229,8.47229,8.41229,7.94229,7.30229,7.27229,7.54229,7.66229,7.64229,7.61229,7.70229
4.22229,4.61229,5.27229,6.15229,6.59229,6.16229,5.97229,5.93229,5.78229,5.93229,6.24229,6.68229,6.33229,5.66229,5.34229,5.81229,6.49229,7.12229,8.01229,8.83229,9.22229,9.54229,9.47229,9.53229,9.73229,9.86229,9.9922905,10.25229,9.95229,8.36229,6.90229,6.26229,5.82229,4.79229,2.02229,1.36229,0.51229006,-1.28771,-1.5777099,-1.26771,-1.25771,-1.63771,-1.40771,-0.81771,-0.47770995,0.02229004,0.99229,2.09229,3.26229,4.96229,6.17229,7.21229,8.82229,9.34229,9.04229,8.10229,7.92229,8.06229,8.00229,7.80229,7.66229,7.72229
4.20229,4.5022902,4.90229,5.55229,6.29229,6.59229,6.55229,6.35229,6.30229,6.46229,6.5022902,6.27229,6.2322903,6.19229,6.01229,5.92229,5.93229,5.99229,6.18229,6.63229,6.84229,7.14229,7.71229,8.2422905,8.56229,8.61229,8.60229,8.63229,8.51229,8.15229,7.65229,6.99229,6.30229,5.55229,5.05229,4.54229,2.99229,2.67229,0.83229005,-0.46770996,-0.16770996,1.26229,1.50229,-0.25770995,-2.43771,-2.91771,-1.77771,0.20229004,1.62229,3.08229,6.42229,8.89229,9.16229,8.9922905,8.70229,8.37229,8.14229,8.05229,7.77229,7.52229,7.43229,7.52229
4.41229,4.86229,5.22229,5.38229,5.57229,5.9822903,6.71229,7.29229,7.54229,7.60229,7.40229,7.26229,7.09229,6.7322903,6.19229,5.60229,5.47229,5.92229,6.37229,6.47229,6.47229,6.68229,6.94229,7.01229,7.01229,7.04229,7.2522902,7.41229,7.43229,7.42229,7.30229,7.04229,6.77229,6.44229,6.2522902,6.24229,6.26229,8.27229,8.46229,3.31229,0.72229004,2.48229,2.8822901,1.4122901,-0.23770995,0.53229004,-0.34770995,-0.60770994,5.17229,9.72229,10.05229,9.47229,9.47229,9.19229,8.57229,7.99229,7.65229,7.46229,7.29229,7.11229,7.07229,7.2322903
4.0022902,4.18229,4.4822903,4.76229,5.05229,5.60229,6.10229,6.4822903,6.69229,6.78229,7.04229,7.17229,7.24229,7.18229,6.62229,6.06229,5.99229,6.12229,6.15229,6.19229,6.29229,6.43229,6.57229,6.71229,6.81229,7.01229,7.12229,7.10229,7.2522902,7.4822903,7.55229,7.31229,6.82229,6.21229,5.69229,6.0022902,7.87229,8.64229,5.54229,1.75229,2.00229,3.78229,2.03229,0.78229004,0.052290037,0.60229003,3.49229,6.7522902,8.27229,8.67229,9.33229,9.53229,8.86229,8.19229,7.58229,7.03229,6.66229,6.72229,6.65229,6.63229,6.71229,6.85229
3.78229,4.02229,4.26229,4.38229,4.5022902,4.78229,5.28229,5.67229,6.06229,6.36229,6.61229,6.81229,6.79229,6.7322903,6.60229,6.44229,6.46229,6.5022902,6.49229,6.54229,6.64229,6.70229,6.7522902,6.81229,6.87229,6.97229,7.03229,7.15229,7.18229,6.95229,6.40229,5.60229,4.60229,3.73229,3.07229,3.04229,1.65229,-1.49771,-1.41771,1.00229,0.19229004,-2.69771,-2.09771,0.80229,3.3522902,4.36229,5.13229,6.2322903,6.80229,7.43229,8.22229,8.56229,7.92229,6.64229,6.51229,6.2522902,6.11229,5.96229,5.77229,5.87229,5.89229,5.92229
4.38229,4.59229,4.84229,4.91229,4.99229,5.03229,5.11229,5.15229,5.20229,5.28229,5.41229,5.57229,5.83229,5.88229,5.7322903,5.66229,5.79229,5.92229,5.90229,5.89229,5.96229,6.10229,6.27229,6.46229,6.7522902,7.14229,7.54229,7.60229,7.51229,7.37229,6.87229,6.33229,5.64229,4.40229,2.49229,1.01229,0.22229004,-1.50771,-3.16771,-3.53771,-2.29771,0.08229004,2.22229,3.42229,4.04229,4.10229,4.30229,5.08229,6.64229,8.22229,8.93229,8.09229,6.29229,5.38229,5.10229,5.05229,5.22229,5.17229,5.20229,5.32229,5.41229,5.39229
4.07229,4.30229,4.60229,4.78229,4.95229,5.16229,5.27229,5.31229,5.26229,5.16229,5.0022902,4.82229,4.84229,4.90229,5.10229,5.15229,5.20229,5.2322903,5.43229,5.68229,5.90229,6.12229,6.36229,6.59229,6.89229,7.37229,7.91229,8.36229,8.72229,9.07229,9.46229,9.85229,9.72229,8.90229,7.17229,5.44229,4.85229,3.50229,2.68229,2.82229,3.34229,5.84229,8.62229,7.30229,3.00229,1.64229,5.77229,10.84229,11.97229,10.30229,8.42229,6.95229,5.83229,4.9822903,4.32229,3.93229,3.83229,3.91229,4.09229,4.21229,4.37229,4.47229
4.03229,4.16229,4.37229,4.67229,4.79229,4.81229,4.84229,4.77229,4.76229,4.58229,4.49229,4.33229,4.28229,4.15229,4.13229,4.13229,4.27229,4.38229,4.64229,4.78229,4.88229,5.05229,5.29229,5.58229,5.84229,6.06229,6.30229,6.72229,7.34229,7.99229,8.42229,8.69229,9.19229,10.06229,11.04229,10.34229,7.44229,3.69229,0.59229004,0.58229005,8.36229,18.25229,16.65229,2.6322901,-6.06771,-0.21770996,13.23229,18.48229,15.53229,12.31229,10.81229,9.61229,8.16229,6.61229,5.42229,4.52229,3.69229,3.1322901,2.92229,2.98229,3.07229,3.08229
