raw-data-f/2018100912f3.json
{"header": { "discipline":0, "disciplineName":"Meteorological products", "gribEdition":2, "gribLength":75438, "center":7, "centerName":"US National Weather Service - NCEP(WMC)", "subcenter":0, "refTime":"2018-10-09T12:00:00.000Z", "significanceOfRT":1, "significanceOfRTName":"Start of forecast", "productStatus":0, "productStatusName":"Operational products", "productType":1, "productTypeName":"Forecast products", "productDefinitionTemplate":0, "productDefinitionTemplateName":"Analysis/forecast at horizontal level/layer at a point in time", "parameterCategory":2, "parameterCategoryName":"Momentum", "parameterNumber":2, "parameterNumberName":"U-component_of_wind", "parameterUnit":"m.s-1", "genProcessType":2, "genProcessTypeName":"Forecast", "forecastTime":3, "surface1Type":103, "surface1TypeName":"Specified height level above ground", "surface1Value":10.0, "surface2Type":255, "surface2TypeName":"Missing", "surface2Value":0.0, "gridDefinitionTemplate":0, "gridDefinitionTemplateName":"Latitude_Longitude", "numberPoints":65160, "shape":6, "shapeName":"Earth spherical with radius of 6,371,229.0 m", "gridUnits":"degrees", "resolution":48, "winds":"true", "scanMode":0, "nx":360, "ny":181, "basicAngle":0, "lo1":0.0, "la1":90.0, "lo2":359.0, "la2":-90.0, "dx":1.0, "dy":1.0 }, "data":
[rows 150 to 174 of 181, columns 114 to 170 of 360]
19.467756,20.097755,20.597755,19.677757,17.297756,20.407757,18.947756,21.417757,21.597755,21.497757,21.447756,21.227757,21.037756,20.337757,20.007757,19.547756,19.687756,19.317757,18.957756,18.587757,18.247757,17.887756,17.607756,17.347755,17.087757,16.817757,16.567757,16.457756,16.367756,17.047756,17.657757,17.357756,16.387756,15.427756,14.607757,14.147757,13.267756,13.207756,13.7277565,13.997756,14.037756,13.927756,13.717756,13.7277565,13.357757,13.367756,13.2277565,13.547756,14.367756,15.157757,15.507756,15.857757,14.107757,11.917756,10.807756,10.287756,9.767756
16.197756,17.307756,19.397757,19.537756,18.987757,18.317757,18.697756,19.547756,18.757757,18.937756,18.977757,18.097755,19.717756,20.697756,20.427757,19.807756,19.657757,19.597755,18.847755,18.337757,18.137756,17.167757,16.817757,16.957756,16.677757,16.827757,17.267756,17.277756,16.687756,16.547756,17.917757,17.377756,15.927756,14.797756,13.797756,13.107757,12.177756,12.757756,13.497756,13.927756,12.917756,11.757756,10.737757,10.107757,12.387756,13.237757,13.487757,13.447757,13.667756,13.557756,13.437757,14.017756,14.217756,10.487757,9.087756,9.097756,9.367756
13.947757,14.527757,14.787756,15.537756,16.517756,17.467756,18.207756,17.547756,17.107756,16.907757,16.307756,15.887756,15.997756,15.517756,15.587756,15.667756,17.867756,18.667757,18.377756,18.067757,17.567757,14.467756,13.377756,13.457756,13.257756,12.9777565,13.087756,13.167756,12.887756,13.577756,14.677756,14.447757,11.947757,10.127756,8.337756,7.7677565,8.207756,7.6977563,6.5377564,5.277756,5.1977563,6.7477565,8.817757,9.837756,9.097756,7.797756,8.017756,8.897757,10.957756,11.167756,10.537756,8.007756,5.3677564,1.9077563,4.087756,6.3277564,6.6477566
10.917756,11.657757,12.897757,14.397757,15.837756,16.697756,16.557756,15.987757,15.397757,14.667756,13.847756,13.4777565,13.7277565,13.567757,13.137756,13.257756,12.887756,12.427756,12.057756,11.607757,11.617756,10.897757,10.527757,10.487757,10.887756,11.867756,13.457756,13.307756,12.597756,14.097756,14.817757,11.377756,6.9377565,4.507756,2.3877563,1.3877563,0.88775635,1.9477563,2.7777565,4.4977565,5.5777564,5.757756,4.7877564,5.297756,5.4977565,5.9577565,6.3977566,8.087756,9.307756,3.1777563,1.2177564,0.28775635,-0.5222437,0.017756348,0.51775634,2.2777565,3.7277563
8.097756,8.677756,8.467756,7.4977565,7.377756,7.797756,8.947757,9.587756,8.737757,8.827756,10.247756,10.967756,10.467756,9.847756,9.057756,8.217756,7.5777564,7.3277564,7.4377565,7.8277564,8.057756,8.927756,9.927756,11.427756,12.747756,12.407757,9.247756,3.3877563,-3.0822437,-7.0422435,-8.112244,-7.6022434,-6.8322434,-5.6122437,-4.2122436,-2.6022437,-0.69224364,0.93775636,2.2377563,3.0977564,3.7177563,4.127756,4.337756,4.4977565,4.607756,4.627756,4.547756,3.8977563,1.8977563,2.2577562,2.0577564,2.1277564,2.0977564,2.2577562,2.7177563,3.0677564,3.3277564
4.4277563,4.527756,1.2077564,0.77775633,-0.55224365,-2.4122436,-5.7722435,-8.482244,-9.792244,-9.762243,-8.662244,-6.492244,-4.5722437,-4.3022437,-5.6722436,-7.7622437,-9.412244,-10.412244,-10.552243,-10.392243,-10.232244,-10.0222435,-9.672244,-8.862244,-8.042244,-7.5322437,-7.4622436,-7.492244,-7.0822434,-6.2522435,-5.2622437,-4.2922435,-3.2622437,-1.8422437,-0.34224364,0.9077563,1.8177563,2.4677563,2.9577563,3.2877564,3.4777563,3.6077564,3.6777563,3.6577563,3.5777564,3.6077564,3.7377563,3.7877564,3.5677564,3.1177564,2.7677565,2.7177563,2.7977564,2.8477564,2.9077563,3.0077562,3.1677563
0.76775634,-1.4122436,-1.3822436,-3.3222437,-4.9822435,-7.2122436,-9.932243,-12.202244,-13.352243,-13.822244,-15.072244,-15.752244,-13.932243,-12.092243,-12.952244,-14.662244,-15.642243,-13.672244,-13.432243,-14.452244,-10.542244,-10.012243,-9.252244,-9.442244,-7.932244,-6.6322436,-5.992244,-6.0722437,-4.952244,-4.7622437,-3.7522438,-2.6522436,-1.8022437,-0.9522436,-0.28224364,0.52775633,1.4777564,2.1477563,2.4177563,2.4777563,2.5677564,2.6677563,2.7277563,2.7777565,2.8677564,2.9377563,2.9077563,2.8277564,2.6877563,2.5877564,2.4477563,2.1977563,2.0177565,1.9577564,2.0277565,2.2577562,2.6177564
1.7377564,0.9877564,-2.4922438,-4.122244,-3.6922436,-3.5722437,-4.6022434,-5.6522436,-11.732244,-12.822244,-12.742244,-15.222243,-11.212244,-7.222244,-5.9022436,-1.8522437,-12.342243,-13.002244,-12.862244,-8.412244,-6.9022436,-9.422244,-7.6922436,-7.5922437,-6.0422435,-5.7622437,-4.872244,-5.1122437,-2.9222436,-3.2722437,0.077756345,0.047756348,-0.78224367,-1.5522437,-2.3522437,-2.3922436,-1.8722436,-1.5022436,-0.9622437,-0.24224365,0.48775634,1.0977564,1.5077564,1.7477564,1.9377563,2.0777564,2.0777564,1.9077563,1.7677563,1.4277563,0.9877564,0.87775636,0.9877564,1.1577563,1.2877563,1.4077563,1.3377564
-4.452244,-5.9822435,-6.5922437,-7.0122437,-7.5222435,-8.922244,-10.382244,-11.482244,-11.712244,-11.912244,-11.362244,-9.882244,-9.172244,-9.042244,-9.502244,-9.722243,-9.732244,-9.962244,-11.2722435,-10.102243,-7.952244,-6.372244,-6.2722435,-5.972244,-4.9622436,-2.9622436,-1.1322436,0.20775634,-0.78224367,2.1777563,-2.8922436,-6.1922436,2.6377563,2.5377564,-1.1822437,-1.1322436,-1.4122436,-1.6022437,-1.3722436,-1.5322436,-2.4122436,-2.0422437,-1.4122436,-0.94224364,-0.31224364,-0.032243654,0.12775634,0.19775635,0.20775634,0.21775635,0.32775635,0.43775636,0.46775636,0.44775635,0.34775636,0.16775635,-0.012243653
-5.372244,-6.372244,-6.8822436,-7.7322435,-8.502244,-9.012243,-9.362244,-10.122244,-10.562243,-10.812243,-10.552243,-9.762243,-8.912244,-9.032244,-8.882244,-9.262243,-9.532244,-10.012243,-10.622244,-9.362244,-8.312243,-3.2222435,-2.9322436,-4.3822436,-4.0422435,-2.6922436,-1.8422437,-1.0822437,0.17775635,0.7977564,-0.38224366,-0.25224364,-1.0422436,-3.7922437,-4.682244,-4.0222435,-1.6622436,-1.1122437,-2.3822436,-2.7722437,-2.6422436,-1.1522436,-1.3922436,-0.45224366,-0.80224365,-0.11224365,0.50775635,1.0777564,0.9877564,0.87775636,0.61775637,0.30775633,0.12775634,0.077756345,0.12775634,0.30775633,0.80775636
-5.5622435,-6.5322437,-7.182244,-7.5222435,-7.7822437,-8.102243,-8.492244,-8.752244,-8.712244,-8.952244,-9.322244,-9.122244,-8.842243,-7.682244,-6.5222435,-7.222244,-8.482244,-8.252244,-7.3822436,-7.622244,-4.4222436,-2.5422437,-3.5822437,-4.242244,-4.1922436,-2.3422437,-0.48224366,0.87775636,2.1577563,1.6977563,0.62775636,-0.63224363,-2.3822436,-3.4922438,-2.8522437,-2.4822435,-3.4322436,-3.3622437,-2.7522438,-4.5222435,-5.2722435,-4.4222436,-3.5522437,-2.0722437,-2.9822435,-0.042243652,1.5777564,-1.5722437,-1.6922437,-1.6222436,-0.92224365,-0.22224365,-0.08224365,0.26775634,0.7977564,1.5977564,2.2777565
-6.222244,-6.5922437,-6.7922435,-6.7922435,-6.7822437,-6.932244,-7.0822434,-7.0822434,-7.182244,-7.242244,-7.3422437,-7.3522434,-7.1922436,-6.8222437,-6.242244,-5.742244,-5.5622435,-5.6922436,-5.0222435,-3.9122436,-2.8122437,-3.0522437,-3.4322436,-2.4222436,-1.3222437,-0.5822437,0.43775636,0.46775636,0.5977563,-0.0022436522,-0.45224366,-1.7822436,-2.6622436,-2.6422436,-2.4822435,-2.9522436,-3.5622437,-3.5522437,-3.7922437,-4.0222435,-3.9222436,-3.9222436,-3.7322435,-3.3622437,-2.4422436,-0.44224367,1.8077563,3.5777564,-2.4122436,0.017756348,0.077756345,-3.8022437,0.62775636,1.9377563,1.5477563,1.1877563,3.0677564
-5.8322434,-5.472244,-5.7522435,-5.9422436,-5.992244,-6.0822434,-6.2322435,-6.4022436,-6.4022436,-6.472244,-6.412244,-6.0222435,-5.4822435,-4.9422436,-4.7922435,-4.7322435,-3.9122436,-3.0922437,-2.5622437,-1.3522437,-0.94224364,-0.79224366,0.09775635,0.48775634,0.61775637,0.39775634,-0.97224367,-1.2822436,-0.93224365,-0.94224364,-1.4522437,-1.6722436,-1.6222436,-1.8422437,-1.9722437,-2.2622437,-2.4522436,-2.5122437,-2.8622437,-2.9922438,-2.7222435,-2.6822436,-2.7522438,-2.7122436,-1.4322437,1.5577563,3.0577564,3.6577563,3.5477564,-1.7622436,-1.9122436,-1.3822436,-0.54224366,1.5277563,-0.88224363,0.9777563,3.3477564
-5.5722437,-5.622244,-5.472244,-5.372244,-5.4622436,-5.452244,-5.3122435,-5.2922435,-5.1922436,-5.0522437,-4.722244,-4.1922436,-3.6322436,-3.1022437,-2.9422436,-2.2922437,-0.94224364,-0.022243652,0.61775637,0.87775636,1.6477563,1.6677563,1.4577564,1.6477563,1.3177563,0.7277563,0.5477564,0.64775634,0.37775636,-0.0022436522,-0.31224364,-0.45224366,-0.47224367,-0.55224365,-0.57224363,-0.7122437,-0.99224365,-1.4522437,-1.5522437,-1.2822436,-0.88224363,-0.36224365,0.05775635,0.7977564,1.6177564,2.1977563,2.9277563,3.6277564,1.3277564,-1.7622436,-3.3422437,-0.88224363,3.7977564,0.71775633,2.0977564,2.6277564,4.6577563
-4.452244,-4.3622437,-4.2122436,-4.1922436,-4.0322437,-3.6322436,-3.3322437,-3.1722436,-2.8922436,-2.4422436,-1.8022437,-1.1422436,-0.29224366,0.42775634,0.9877564,1.8177563,2.1077564,2.3377564,2.7477562,2.7677565,3.8077564,4.4377565,3.7177563,3.1677563,2.7277563,2.9577563,3.3477564,2.9877563,2.3977563,2.0077562,1.8277564,1.6677563,1.5877564,1.5777564,1.5977564,1.6977563,2.0177565,2.5677564,3.2277563,3.9577563,4.567756,5.1777563,5.3877563,5.837756,6.8977566,7.1577563,5.9577565,1.7477564,2.0777564,3.9277563,2.9677563,3.0077562,1.6877563,0.37775636,1.6077564,3.9077563,5.2877564
-1.9522437,-1.9522437,-1.7122437,-1.4422437,-1.2222437,-0.98224366,-0.67224365,-0.27224365,0.25775635,0.95775634,1.7177564,2.3977563,2.9677563,3.5377564,4.1177564,4.4877563,4.527756,4.6577563,4.7277565,4.6677566,4.8677564,5.2677565,5.627756,5.277756,4.4777565,4.567756,4.9377565,4.6777563,4.4677563,4.4577565,4.1877565,4.1477566,4.1377563,4.0977564,4.3477564,4.587756,4.9477563,5.4977565,6.0177565,6.4977565,7.0377564,7.4677563,7.857756,8.797756,10.277757,11.297756,11.407757,9.897757,11.297756,14.337756,11.957756,9.697757,8.507756,7.027756,5.277756,3.8777564,3.1077564
-0.34224364,-0.12224365,0.13775635,0.47775635,0.82775635,1.2677563,1.8177563,2.3277564,2.8277564,3.3377564,3.7477562,4.1177564,4.607756,5.0577564,5.4177566,5.5977564,5.4577565,5.4277563,5.4977565,5.337756,5.1877565,5.1777563,5.5177565,5.7277565,5.6777563,5.6477566,5.4877563,5.3477564,5.4077563,5.337756,5.087756,4.9877563,5.007756,4.9877563,4.9777565,5.067756,5.3677564,5.587756,5.5577564,5.547756,5.7377563,6.1877565,4.4377565,1.5777564,3.5177565,6.317756,7.1777563,9.197757,6.1477566,6.2877564,4.1477566,3.8777564,3.5777564,2.5177565,1.6277564,2.3277564,3.8777564
0.5977563,0.81775635,1.0577563,1.3377564,1.5977564,1.8777564,2.1877563,2.4077563,2.6277564,2.9277563,3.3277564,3.7577562,4.2277565,4.797756,5.1977563,5.277756,5.3677564,5.4377565,5.547756,5.5977564,5.587756,5.6177564,5.7477565,5.777756,5.7077565,5.7477565,5.837756,5.857756,5.857756,5.757756,5.5977564,5.567756,5.6377563,5.6177564,5.587756,5.6377563,5.6577563,5.6177564,5.507756,5.357756,5.337756,5.4777565,5.337756,4.6677566,4.6377563,5.257756,5.3877563,5.127756,5.317756,4.257756,4.9377565,4.5577564,2.6877563,0.89775634,0.7377564,1.9977564,3.1077564
2.3877563,2.5177565,2.6677563,2.8477564,2.9977562,3.1577563,3.3477564,3.4877563,3.6077564,3.8277564,4.047756,4.297756,4.7177563,5.2277565,5.567756,5.757756,5.9577565,6.127756,6.1877565,6.127756,5.8977566,5.6677566,5.627756,5.7077565,5.7877564,5.8677564,5.9477563,5.8877563,5.857756,5.9477563,5.9377565,5.9277563,6.047756,6.1477566,6.1977563,6.357756,6.527756,6.607756,6.7677565,7.027756,7.2377563,7.0377564,5.587756,4.337756,6.357756,6.547756,4.317756,1.5977564,0.047756348,1.9477563,2.9577563,1.1277564,-0.82224363,0.56775635,4.0977564,6.567756,6.877756
3.2677565,3.3777564,3.4577563,3.5377564,3.6677563,3.8277564,3.9577563,4.1377563,4.3077564,4.4077563,4.5177565,4.7277565,5.027756,5.3977566,5.7677565,5.9777565,6.0377564,6.1577563,6.2077565,6.127756,5.9677563,5.8077564,5.6777563,5.587756,5.5977564,5.6677566,5.6777563,5.6477566,5.6777563,5.797756,5.9677563,6.087756,6.1577563,6.1977563,6.1877565,6.107756,6.047756,6.1377563,6.357756,6.357756,6.2877564,6.1577563,4.2877564,3.3577564,2.8477564,3.2077563,5.317756,8.577756,8.017756,7.6977563,8.257756,10.487757,12.207756,12.537756,11.687757,10.607757,10.017756
3.3977563,3.5177565,3.5177565,3.5177565,3.5377564,3.5577564,3.6477563,3.7577562,3.8077564,3.8277564,3.9077563,4.0177565,4.107756,4.2377563,4.4977565,4.6977563,4.7277565,4.757756,4.9277563,5.1477566,5.1677566,5.0777564,4.9977565,4.9477563,4.797756,4.507756,4.2277565,4.0177565,3.9277563,3.9777563,3.9877563,3.8577564,3.7477562,3.9577563,4.4177566,4.607756,4.4277563,4.8077564,5.7677565,5.4477563,3.2777565,2.0677564,2.7277563,2.9777563,3.2677565,4.4377565,7.047756,6.817756,5.4577565,4.877756,5.2377563,6.027756,7.027756,7.8477564,8.127756,7.9077563,7.4077563
3.2577562,3.2877564,3.3977563,3.5277565,3.6577563,3.7577562,3.8177564,3.8377564,3.8377564,3.8077564,3.7377563,3.7077563,3.8277564,4.1677566,4.6477566,5.0577564,5.257756,5.257756,5.107756,4.8277564,4.4377565,3.9577563,3.3877563,2.7977564,2.2977564,1.9177563,1.6377563,1.3477564,1.0677563,0.87775636,0.74775636,0.42775634,-0.13224365,-0.57224363,-0.54224366,-0.07224365,0.41775635,0.7377564,1.0177563,1.4277563,1.8877563,1.2477564,-1.2922436,-3.1422436,-3.3122437,-0.33224365,2.6877563,4.2877564,4.297756,4.4477563,5.3977566,6.297756,5.9877563,4.7177563,2.9377563,1.3477564,0.31775635
2.7177563,2.8277564,2.9777563,3.1277564,3.2477562,3.2977564,3.2577562,3.1377563,2.9977562,2.8977563,2.8077564,2.6577563,2.4377563,2.1577563,1.8377564,1.5177563,1.2877563,1.2077564,1.2377564,1.2877563,1.3177563,1.3577564,1.3977563,1.3077563,0.9777563,0.41775635,-0.16224365,-0.6422436,-0.92224365,-1.1422436,-1.3622437,-1.5322436,-1.5422436,-1.3622437,-1.0322436,-0.74224365,-0.66224366,-0.94224364,-1.4322437,-1.8322437,-1.8022437,-1.3722436,-0.5922437,0.40775636,1.4477563,2.2077563,2.9977562,3.0877564,3.5877564,3.3577564,3.9577563,4.547756,4.8977566,4.4477563,2.8877563,0.57775635,-1.6222436
2.1277564,1.6877563,1.2277564,0.82775635,0.50775635,0.31775635,0.23775634,0.26775634,0.33775634,0.42775634,0.50775635,0.5477564,0.55775636,0.5377563,0.50775635,0.46775636,0.39775634,0.25775635,-0.0022436522,-0.34224364,-0.7122437,-1.0122436,-1.2022437,-1.2722436,-1.2622436,-1.2522436,-1.3522437,-1.6122437,-2.0322437,-2.5122437,-2.9922438,-3.4122436,-3.7522438,-3.9922438,-4.0722437,-3.9222436,-3.5122437,-2.7322435,-1.7622436,-0.7722437,0.15775634,1.1177564,2.1877563,2.6977563,1.8277564,-0.40224364,-2.0522437,-1.7322437,0.22775635,0.9077563,-0.60224366,-2.3322437,-1.7922436,0.82775635,3.4577563,3.9677563,2.4777563
1.2977563,1.1877563,1.0677563,0.95775634,0.8577564,0.76775634,0.6677563,0.51775634,0.33775634,0.13775635,-0.07224365,-0.26224366,-0.45224366,-0.62224364,-0.80224365,-0.9622437,-1.0922437,-1.1822437,-1.2522436,-1.3422437,-1.4922436,-1.7322437,-2.0422437,-2.4022436,-2.7522438,-3.0422437,-3.2422438,-3.3722436,-3.4822435,-3.6122437,-3.8122437,-4.0622435,-4.3022437,-4.472244,-4.5122437,-4.4222436,-4.2622437,-4.0622435,-3.8022437,-3.5722437,-3.4122436,-3.3422437,-3.3122437,-3.1822436,-2.6922436,-1.5022436,0.35775635,2.5877564,4.067756,3.7077563,1.4477563,-1.7222437,-4.0722437,-4.0622435,-1.2522436,1.5477563,3.1777563
