raw-data-f/2018100618.json
{"header": { "discipline":0, "disciplineName":"Meteorological products", "gribEdition":2, "gribLength":74553, "center":7, "centerName":"US National Weather Service - NCEP(WMC)", "subcenter":0, "refTime":"2018-10-06T18:00:00.000Z", "significanceOfRT":1, "significanceOfRTName":"Start of forecast", "productStatus":0, "productStatusName":"Operational products", "productType":1, "productTypeName":"Forecast products", "productDefinitionTemplate":0, "productDefinitionTemplateName":"Analysis/forecast at horizontal level/layer at a point in time", "parameterCategory":2, "parameterCategoryName":"Momentum", "parameterNumber":3, "parameterNumberName":"V-component_of_wind", "parameterUnit":"m.s-1", "genProcessType":2, "genProcessTypeName":"Forecast", "forecastTime":0, "surface1Type":103, "surface1TypeName":"Specified height level above ground", "surface1Value":10.0, "surface2Type":255, "surface2TypeName":"Missing", "surface2Value":0.0, "gridDefinitionTemplate":0, "gridDefinitionTemplateName":"Latitude_Longitude", "numberPoints":65160, "shape":6, "shapeName":"Earth spherical with radius of 6,371,229.0 m", "gridUnits":"degrees", "resolution":48, "winds":"true", "scanMode":0, "nx":360, "ny":181, "basicAngle":0, "lo1":0.0, "la1":90.0, "lo2":359.0, "la2":-90.0, "dx":1.0, "dy":1.0 }, "data":
[rows 104 to 129 of 181, columns 0 to 59 of 360]
3.4396021,3.379602,3.089602,2.789602,2.719602,3.049602,2.9196022,2.769602,2.599602,3.259602,3.309602,3.589602,4.0596023,0.19960205,-1.0203979,-0.690398,-1.0303979,-1.6203979,-1.600398,-1.700398,-1.7403979,-0.14039795,1.789602,1.2596021,0.22960205,0.5696021,0.77960205,1.2296021,2.239602,1.899602,2.9296021,1.6196021,3.6996021,3.739602,-0.5003979,2.6896021,0.91960204,0.53960204,3.629602,3.529602,3.029602,11.309602,9.659602,9.319602,8.489602,6.8296022,3.589602,-1.8803979,-2.670398,-0.510398,0.91960204,4.049602,5.029602,3.969602,3.339602,2.359602,1.419602,2.089602,2.889602,3.629602
3.759602,2.829602,2.599602,2.889602,2.799602,2.819602,2.549602,2.369602,2.469602,2.6696022,2.959602,3.279602,3.009602,1.569602,0.07960205,-1.600398,-1.220398,-1.570398,-0.46039796,0.72960204,1.049602,0.45960206,1.3796021,1.949602,-0.010397949,0.60960203,1.4896021,1.199602,0.53960204,0.85960203,1.429602,1.2296021,1.199602,2.4296021,1.679602,2.719602,3.069602,2.459602,3.569602,3.819602,3.399602,10.279602,9.149602,9.099602,9.119602,8.139602,3.239602,-2.760398,-3.390398,-0.23039795,-0.34039795,1.959602,3.1696022,3.9096022,3.4096022,2.239602,1.309602,1.439602,2.4096022,3.099602
3.769602,3.499602,3.119602,2.6896021,2.739602,2.6996021,2.549602,2.579602,2.239602,1.919602,2.589602,3.829602,2.4196022,-0.8103979,-2.270398,-1.7703979,-0.70039797,1.279602,1.169602,0.8196021,0.97960204,0.76960206,0.52960205,1.409602,1.2396021,-0.29039794,-0.050397947,2.219602,1.429602,-1.4803979,0.10960205,-0.7503979,-1.080398,-0.03039795,1.2396021,1.799602,1.9996021,2.759602,3.379602,3.499602,3.519602,8.239602,8.269602,8.689602,9.639602,7.499602,-0.19039795,-3.0903978,-3.8203979,0.19960205,-0.510398,0.21960205,1.6396021,2.329602,3.209602,2.639602,1.039602,0.679602,1.6096021,2.279602
3.519602,3.129602,3.059602,3.079602,3.249602,3.239602,3.1796021,2.989602,2.779602,3.259602,3.579602,3.4396021,2.229602,-2.030398,-1.940398,0.6896021,1.289602,1.179602,1.6296021,1.819602,2.1996021,2.1896021,2.249602,1.5996021,1.669602,1.4896021,1.539602,0.12960204,0.019602051,0.20960206,-1.4803979,-0.26039794,0.36960205,0.619602,1.9796021,2.229602,2.4096022,2.719602,1.809602,5.209602,7.439602,7.509602,7.469602,8.099602,9.899602,4.499602,2.329602,-5.100398,-2.3103979,-0.85039794,-2.920398,-0.880398,0.69960207,1.159602,1.5096021,2.219602,1.4896021,-0.20039795,0.78960204,1.539602
3.059602,2.839602,2.799602,3.389602,3.589602,3.869602,3.979602,3.349602,2.629602,2.279602,2.349602,3.269602,2.759602,1.429602,-0.04039795,0.36960205,2.399602,1.839602,1.0196021,1.2396021,1.789602,2.319602,2.049602,2.039602,1.579602,0.39960206,-0.77039796,-1.6203979,-0.20039795,2.039602,2.719602,2.639602,3.1996021,1.539602,1.6096021,2.809602,2.729602,5.519602,7.299602,7.109602,7.099602,6.529602,6.379602,6.939602,6.259602,5.159602,4.799602,-1.0203979,-0.60039794,-1.1103979,-3.600398,-1.670398,-0.02039795,-0.050397947,0.8196021,1.159602,1.2696021,-0.14039795,-0.570398,0.40960205
2.6996021,2.639602,2.649602,3.459602,4.409602,4.549602,4.929602,4.699602,3.9096022,2.9496021,2.009602,0.89960206,1.559602,1.0096021,1.209602,-0.25039795,0.929602,0.25960204,1.1296021,0.929602,1.839602,1.589602,2.269602,2.459602,2.489602,1.1396021,0.75960207,-0.5003979,1.0996021,2.969602,3.639602,1.819602,2.069602,0.51960206,0.94960207,0.79960203,4.779602,7.149602,7.129602,7.659602,7.699602,7.8296022,6.0396023,5.649602,6.169602,2.489602,2.739602,3.299602,0.57960206,-1.2803979,-4.150398,-2.540398,-0.70039797,-1.160398,-0.22039795,0.809602,1.409602,-0.8103979,-2.110398,-1.080398
2.399602,2.529602,2.869602,3.219602,4.009602,4.5396023,4.509602,5.029602,4.929602,3.769602,1.659602,-0.30039796,-1.410398,0.40960205,1.439602,5.739602,-2.430398,7.169602,-0.41039795,0.22960205,0.70960206,1.909602,2.069602,2.349602,2.729602,3.239602,3.799602,3.579602,2.989602,1.539602,1.4696021,1.669602,1.8496021,-0.050397947,0.43960205,2.4496021,4.699602,7.529602,8.149602,8.279602,8.059602,7.599602,6.839602,5.649602,4.929602,1.809602,0.809602,1.029602,-0.84039795,-6.4603977,-4.890398,-2.720398,-1.3803979,-1.7303979,-1.100398,0.30960205,2.329602,-3.5703979,-3.410398,-2.990398
2.399602,2.399602,2.6796021,3.279602,4.0396023,4.739602,4.869602,4.649602,5.129602,5.209602,3.889602,0.89960206,-0.96039796,0.12960204,1.689602,3.549602,1.449602,-4.770398,8.379602,-1.2403979,0.23960204,1.329602,1.669602,1.659602,-0.66039795,-0.29039794,3.879602,3.1896021,1.789602,0.95960206,0.45960206,0.96960205,1.569602,1.339602,-0.08039795,2.299602,6.359602,8.139602,8.709602,8.749602,8.619602,7.569602,6.129602,5.339602,2.119602,1.079602,0.52960205,-0.44039795,-0.570398,-6.740398,-5.060398,-2.5903978,-2.350398,-2.520398,0.69960207,-0.17039795,3.029602,-0.91039795,-4.910398,-4.490398
2.619602,2.719602,3.009602,3.309602,3.6696022,4.679602,5.479602,5.619602,6.0396023,6.279602,5.919602,5.369602,4.239602,3.469602,4.219602,3.9096022,4.089602,0.06960205,-9.560398,-0.04039795,0.26960206,0.54960203,1.1296021,1.7696021,1.589602,0.26960206,0.63960207,0.18960205,-0.35039794,-0.89039797,0.18960205,0.97960204,1.159602,1.659602,1.329602,1.3596021,8.429602,9.219602,9.279602,9.019602,8.669602,8.119602,6.439602,4.399602,1.029602,0.63960207,0.50960207,-1.040398,-2.920398,-7.140398,-5.040398,-2.610398,-2.130398,-2.8403978,-1.160398,1.539602,3.359602,-1.4903979,-5.2103977,-5.470398
2.769602,3.019602,3.299602,3.6896021,3.999602,4.349602,5.0396023,5.729602,5.639602,6.349602,6.859602,6.299602,5.589602,6.029602,6.099602,0.70960206,3.809602,1.199602,4.7896023,-0.23039795,0.39960206,0.9396021,0.8796021,1.049602,1.7396021,1.6096021,0.19960205,-2.730398,-3.440398,-2.780398,0.63960207,0.23960204,1.329602,2.619602,3.759602,3.029602,9.609602,9.099602,9.329602,9.189602,9.159602,8.279602,6.609602,3.879602,-0.71039796,1.289602,2.599602,-0.25039795,-7.850398,-7.390398,-5.340398,-3.360398,-2.390398,-2.680398,-1.9003979,0.6296021,1.9896021,1.319602,-1.7303979,-3.900398
2.4196022,2.989602,3.459602,3.799602,4.249602,4.459602,4.709602,5.0596023,5.269602,5.159602,6.759602,6.689602,5.889602,4.919602,6.569602,4.119602,3.4496021,2.779602,0.32960206,-0.29039794,0.619602,0.65960205,-0.32039794,-0.8103979,-0.25039795,0.07960205,-0.16039795,-1.300398,-0.17039795,-1.420398,-1.060398,1.0996021,2.219602,2.889602,2.769602,1.909602,8.589602,9.249602,10.0496025,10.399602,9.969602,8.359602,6.359602,3.969602,-0.61039793,-0.820398,-0.12039795,-1.450398,-9.070398,-6.970398,-5.4603977,-4.230398,-3.260398,-3.010398,-2.010398,-0.570398,0.6896021,1.079602,0.559602,0.31960204
2.079602,2.759602,3.389602,3.9096022,4.169602,4.3096023,4.119602,4.459602,4.739602,4.479602,5.439602,6.609602,8.149602,6.649602,7.669602,4.819602,2.609602,4.139602,0.58960205,-1.190398,-0.18039794,-0.18039794,-0.630398,-0.90039796,-2.3103979,-2.200398,-1.550398,-1.160398,-1.800398,-2.980398,-1.2403979,0.10960205,1.2296021,0.91960204,2.4296021,5.959602,7.179602,8.759602,10.039602,10.899602,10.699602,9.249602,7.339602,4.3296022,-0.65039796,-1.450398,2.259602,-2.710398,-9.160398,-6.880398,-5.400398,-3.260398,-4.220398,-2.660398,-1.5303979,-1.690398,-0.49039796,-0.010397949,0.35960206,0.679602
1.929602,2.639602,3.269602,3.6796021,3.989602,4.259602,4.379602,3.9396021,3.879602,4.349602,4.469602,5.799602,7.369602,6.699602,6.899602,3.9496021,1.4796021,2.959602,-1.080398,-2.230398,-1.2503979,-0.12039795,0.38960207,-0.48039794,-2.730398,-4.100398,-3.530398,-1.7503979,0.90960205,0.04960205,-0.67039794,0.26960206,0.19960205,2.149602,4.0596023,5.739602,7.099602,8.959602,10.129602,10.959602,11.169602,10.289602,9.379602,6.839602,-3.890398,-7.4403977,-4.060398,-8.620398,-8.740398,-6.110398,-4.600398,-4.840398,-4.770398,-3.100398,-1.700398,-0.85039794,-1.690398,-2.280398,-1.830398,-0.42039794
1.699602,2.349602,2.9096022,3.489602,3.869602,4.299602,4.779602,4.269602,4.459602,4.849602,5.159602,5.529602,6.509602,5.989602,6.429602,5.749602,1.939602,2.629602,-0.33039796,-2.360398,-2.490398,-1.180398,-1.300398,-1.330398,-1.7403979,1.459602,1.5996021,0.8796021,0.04960205,0.04960205,-0.6203979,-0.18039794,0.29960206,1.819602,3.979602,5.879602,7.219602,8.659602,10.199602,11.189602,12.089602,11.479602,11.289602,12.269602,-6.290398,-7.2103977,-6.990398,-7.850398,-5.490398,-4.1903977,-4.1903977,-5.2103977,-4.4203978,-2.720398,-1.3803979,-1.660398,-1.910398,-2.530398,-1.4803979,-1.060398
1.299602,2.209602,2.779602,3.129602,3.739602,4.219602,4.589602,5.159602,4.959602,4.949602,5.299602,6.479602,7.209602,6.8296022,5.919602,5.209602,2.389602,0.83960205,4.229602,-4.630398,-3.490398,-2.210398,-0.8103979,-0.25039795,-1.340398,1.029602,0.27960205,1.1096021,1.7496021,0.10960205,-0.26039794,-0.47039795,-0.5603979,0.85960203,3.239602,5.5596023,7.179602,8.479602,9.7996025,10.999602,12.129602,12.059602,10.339602,8.739602,1.429602,-2.950398,-5.9203978,-5.200398,-4.540398,-4.1903977,-3.740398,-3.770398,-3.860398,-3.140398,-2.5803978,-2.8003979,-3.430398,-3.100398,-3.010398,-1.8703979
0.9996021,1.419602,2.1996021,2.719602,3.059602,3.639602,4.219602,4.529602,5.319602,5.599602,5.569602,6.169602,7.219602,6.939602,6.5596023,5.139602,2.599602,-0.64039797,2.589602,-0.77039796,-1.0303979,-0.010397949,-0.70039797,1.569602,-0.010397949,1.689602,-1.720398,0.71960205,1.2296021,-1.3703979,1.959602,0.52960205,-3.3303978,-0.09039795,2.399602,4.869602,6.749602,8.039602,9.159602,10.339602,11.389602,12.119602,9.859602,6.019602,2.1596022,-0.5003979,-4.6903977,-5.780398,-4.780398,-4.790398,-4.1703978,-4.640398,-5.290398,-4.020398,-3.030398,-2.8303978,-3.3203979,-3.650398,-2.880398,-1.800398
0.09960205,0.619602,1.2596021,1.9996021,2.609602,3.469602,4.009602,4.169602,4.839602,5.629602,5.479602,6.189602,6.859602,8.359602,8.269602,7.259602,5.519602,6.929602,2.529602,-2.640398,-2.950398,-1.310398,3.289602,2.019602,1.5096021,-0.11039795,0.16960205,1.799602,1.9796021,-0.18039794,-0.34039795,-3.370398,-2.5803978,-0.43039796,1.799602,4.189602,6.0596023,7.569602,8.589602,9.389602,10.099602,10.929602,10.319602,7.239602,4.199602,2.9296021,-0.10039795,-2.370398,-1.670398,-2.230398,-3.760398,-4.110398,-5.500398,-4.760398,-3.380398,-2.910398,-2.8103979,-2.900398,-2.460398,-1.720398
-0.12039795,-0.08039795,0.6896021,1.449602,1.899602,2.369602,3.479602,3.889602,4.319602,5.229602,5.799602,6.529602,7.979602,8.429602,9.089602,9.339602,9.149602,6.249602,1.319602,2.1996021,-2.3103979,-1.700398,-2.130398,-2.260398,-0.04039795,-1.420398,-2.270398,2.219602,0.06960205,0.96960205,-1.2803979,-4.590398,-2.480398,-0.53039795,1.5996021,3.709602,5.649602,6.859602,7.929602,8.579602,8.949602,9.259602,9.659602,8.499602,5.5796022,2.649602,1.3696021,-0.050397947,-1.040398,-2.0603979,-3.150398,-3.220398,-2.5603979,-2.730398,-3.5503979,-3.210398,-2.640398,-2.480398,-2.0603979,-1.680398
-0.83039796,-0.55039793,-0.03039795,0.679602,1.289602,1.659602,2.749602,3.289602,3.6596022,4.409602,4.879602,6.099602,6.739602,7.7896023,8.889602,9.869602,9.939602,9.229602,9.269602,2.609602,1.679602,-0.16039795,-0.15039796,2.259602,1.319602,1.579602,2.269602,0.6896021,0.94960207,-0.52039796,-4.590398,-3.250398,-1.810398,-0.03039795,1.669602,3.829602,5.679602,6.849602,7.239602,7.519602,8.189602,8.379602,8.379602,8.039602,7.029602,4.869602,2.269602,0.619602,-0.29039794,-1.290398,-2.360398,-2.8103979,-2.600398,-3.280398,-3.230398,-1.6203979,-0.71039796,-0.5003979,-0.39039794,-1.060398
-0.59039795,-0.19039795,-0.35039794,-0.11039795,0.32960206,1.049602,1.419602,2.6896021,2.889602,3.519602,4.929602,5.249602,6.399602,7.519602,8.749602,9.7996025,10.889602,10.629602,5.209602,1.689602,4.509602,2.039602,7.439602,-0.02039795,1.159602,3.559602,1.3596021,1.1196021,-1.850398,-2.410398,-2.160398,-1.790398,-0.86039793,0.59960204,2.609602,4.0396023,5.509602,6.479602,6.919602,7.169602,7.479602,7.7896023,7.8296022,7.479602,7.129602,6.899602,5.5396023,2.589602,0.009602051,-1.0303979,-2.3403978,-3.5603979,-3.480398,-2.930398,-2.5503979,-2.910398,-2.3303978,-1.3703979,-0.58039796,-0.38039795
-1.4003979,-1.040398,-0.72039795,-0.30039796,0.10960205,0.22960205,0.7496021,1.2596021,2.219602,3.1996021,3.869602,4.699602,5.5396023,6.379602,7.419602,8.379602,9.349602,10.769602,10.879602,0.989602,2.759602,1.4996021,1.689602,0.59960204,-0.09039795,-0.37039796,0.70960206,-0.33039796,0.02960205,0.46960205,0.69960207,0.88960207,1.079602,2.119602,3.229602,4.149602,5.129602,5.949602,6.699602,6.909602,6.839602,7.109602,7.139602,6.689602,6.129602,5.609602,4.909602,4.389602,3.789602,1.929602,-0.37039796,-1.4903979,-1.7303979,-1.6303979,-1.310398,-1.070398,-1.2403979,-1.6103979,-1.8803979,-1.600398
-2.160398,-1.430398,-0.820398,-0.30039796,-0.6203979,-0.39039794,0.19960205,0.64960206,1.309602,1.959602,2.789602,3.769602,4.709602,5.5796022,6.069602,6.569602,6.749602,6.669602,5.739602,3.6896021,1.9696021,2.6996021,2.639602,1.799602,0.65960205,0.43960205,0.809602,1.529602,1.8496021,2.099602,2.119602,2.539602,2.719602,2.789602,3.1896021,4.219602,5.3096023,5.5596023,6.759602,7.119602,6.889602,6.409602,5.869602,5.549602,5.0396023,4.419602,4.0396023,3.839602,3.529602,2.6696022,1.679602,0.739602,-0.19039795,-0.690398,-0.66039795,-0.630398,-0.80039793,-1.050398,-1.4803979,-2.0703979
-3.140398,-2.430398,-2.100398,-1.330398,-0.8703979,-0.9303979,-0.6203979,0.14960206,0.79960203,1.149602,2.049602,3.149602,4.299602,4.619602,4.499602,4.499602,4.649602,4.3096023,3.149602,1.929602,1.649602,1.319602,1.529602,1.779602,1.6096021,1.319602,1.4996021,2.329602,2.349602,3.649602,3.379602,4.319602,4.949602,4.649602,6.3296022,7.049602,7.859602,8.009602,7.819602,7.489602,6.949602,6.369602,5.729602,4.759602,3.379602,3.049602,3.009602,1.9996021,0.76960206,0.96960205,1.6096021,0.809602,-0.89039797,-1.700398,-1.950398,-1.7703979,-1.670398,-1.700398,-1.820398,-2.290398
-4.790398,-4.270398,-3.5903978,-3.160398,-2.630398,-2.020398,-2.150398,-1.690398,-0.630398,0.12960204,1.529602,3.259602,4.0796022,3.889602,2.799602,2.809602,3.209602,3.379602,3.019602,1.959602,1.4796021,1.039602,0.75960207,1.039602,1.2396021,1.319602,1.5196021,2.029602,2.379602,2.719602,3.499602,4.009602,4.409602,5.859602,6.729602,7.359602,7.759602,8.459602,9.119602,9.079602,8.689602,8.039602,7.459602,7.279602,7.729602,7.999602,7.529602,5.949602,3.539602,1.4696021,0.50960207,-0.22039795,-0.59039795,-0.31039795,0.35960206,0.46960205,0.41960204,-0.5603979,-2.210398,-3.510398
-5.360398,-5.020398,-4.980398,-4.720398,-4.470398,-3.640398,-2.740398,-2.0703979,-0.85039794,-0.34039795,1.039602,2.9096022,4.359602,3.799602,1.929602,1.439602,2.839602,3.319602,3.4496021,2.839602,1.919602,1.3496021,1.179602,1.419602,1.529602,1.6196021,2.219602,2.119602,2.519602,3.229602,3.6596022,4.519602,5.889602,6.479602,7.589602,8.669602,9.5496025,10.539602,11.059602,10.959602,10.649602,9.979602,9.149602,8.449602,7.859602,7.229602,6.5596023,6.099602,5.919602,5.239602,3.739602,2.089602,0.60960203,-0.880398,-1.720398,-1.970398,-2.130398,-2.5703979,-2.940398,-3.240398
-6.310398,-5.740398,-5.030398,-4.870398,-4.980398,-4.800398,-4.230398,-3.520398,-2.640398,-1.710398,0.059602052,2.279602,3.249602,3.1896021,-0.02039795,1.449602,1.9896021,1.4796021,1.309602,2.109602,1.909602,1.289602,1.2596021,0.679602,0.66960204,0.97960204,0.9996021,1.459602,1.669602,2.149602,3.309602,4.009602,5.199602,5.999602,7.249602,8.509602,9.729602,10.379602,11.009602,11.859602,12.329602,12.519602,11.2996025,10.539602,9.849602,9.219602,8.289602,7.359602,7.3296022,7.159602,6.939602,5.639602,3.509602,1.3596021,-3.9794922E-4,-0.58039796,-0.690398,-1.220398,-2.660398,-3.760398
