raw-data-f/2018100712.json
{"header": { "discipline":0, "disciplineName":"Meteorological products", "gribEdition":2, "gribLength":74725, "center":7, "centerName":"US National Weather Service - NCEP(WMC)", "subcenter":0, "refTime":"2018-10-07T12:00:00.000Z", "significanceOfRT":1, "significanceOfRTName":"Start of forecast", "productStatus":0, "productStatusName":"Operational products", "productType":1, "productTypeName":"Forecast products", "productDefinitionTemplate":0, "productDefinitionTemplateName":"Analysis/forecast at horizontal level/layer at a point in time", "parameterCategory":2, "parameterCategoryName":"Momentum", "parameterNumber":3, "parameterNumberName":"V-component_of_wind", "parameterUnit":"m.s-1", "genProcessType":2, "genProcessTypeName":"Forecast", "forecastTime":0, "surface1Type":103, "surface1TypeName":"Specified height level above ground", "surface1Value":10.0, "surface2Type":255, "surface2TypeName":"Missing", "surface2Value":0.0, "gridDefinitionTemplate":0, "gridDefinitionTemplateName":"Latitude_Longitude", "numberPoints":65160, "shape":6, "shapeName":"Earth spherical with radius of 6,371,229.0 m", "gridUnits":"degrees", "resolution":48, "winds":"true", "scanMode":0, "nx":360, "ny":181, "basicAngle":0, "lo1":0.0, "la1":90.0, "lo2":359.0, "la2":-90.0, "dx":1.0, "dy":1.0 }, "data":
[rows 104 to 129 of 181, columns 59 to 117 of 360]
4.0766506,4.0966506,4.28665,4.5066504,5.0666504,5.7166505,6.1366506,6.2766504,6.2766504,6.3366504,5.5466504,3.8866503,3.3166504,3.0966504,3.0866504,2.9466505,3.0166504,2.6766503,2.3966503,2.0766504,1.5666504,1.7466503,1.9066504,1.9466504,2.0166504,2.2766504,2.1666503,2.4466505,2.4866505,2.2766504,1.5766504,2.4866505,2.7166505,3.4966505,4.1966505,4.5966506,5.01665,5.24665,5.3566504,5.4466505,3.4566505,1.7466503,1.3166504,1.1866504,1.9266504,2.2866504,2.2766504,2.1866503,2.3066504,3.1266503,3.3866503,3.6566503,4.0666504,4.1266503,4.0666504,4.0666504,4.26665,4.5266504,4.8866506
3.3966503,3.6566503,3.5366504,3.6566503,4.1166506,4.74665,5.1566505,5.4066505,5.4066505,5.6966505,5.1866503,3.7066505,2.5966504,3.5166504,3.5066504,3.2566504,3.2266505,3.1966505,2.8966503,3.3266504,3.6566503,3.4566505,3.3166504,2.2666504,1.9566504,1.9866503,2.1966505,2.1066504,1.9566504,1.8366504,1.9466504,2.1566503,2.8766503,3.5266504,4.0866504,4.6966505,4.9366503,5.3566504,5.8966503,6.1766505,5.8766503,3.7466505,1.4266504,0.26665038,0.7866504,2.4966505,3.2766504,3.1166503,2.9966505,3.1666503,3.6166503,3.9866505,4.4166503,4.7066503,4.8966503,4.8766503,4.74665,4.5766506,4.51665
2.3666503,3.3166504,3.1166503,3.0666504,3.7866504,4.6066504,4.8466506,4.4666505,4.5266504,4.6366506,3.9266503,3.2866504,2.5566504,2.5866504,3.4666505,3.2566504,2.7066505,3.3166504,3.1466503,3.0866504,3.2466505,2.8866503,2.8866503,2.5666504,2.2466505,1.9166504,1.4166504,0.8866504,0.6866504,1.0866504,1.7966504,2.5966504,2.6566503,3.0266504,3.1366503,3.2666504,3.9966505,5.1266503,6.0966506,6.51665,6.51665,4.5266504,2.4266503,1.5466504,1.2166504,2.6966505,3.7066505,3.7566504,3.3266504,3.2566504,3.6666503,4.2366505,4.80665,5.1366506,5.4166503,5.5266504,5.3466506,5.05665,4.6966505
2.8166504,3.3066504,3.2566504,2.6366503,3.9066503,4.8366504,5.4266505,4.3966503,3.7166505,3.3666503,2.4166503,2.1966505,2.3766503,2.7966504,3.1766503,3.0166504,1.9666504,1.0566504,0.9566504,1.5066504,1.5066504,1.7866504,1.9966503,2.1166503,1.4466504,0.3166504,0.52665037,0.6766504,1.5066504,1.6866504,1.7766504,1.9866503,2.1066504,2.0966504,2.2066505,2.6966505,3.5566504,4.3966503,5.5066504,6.4166503,6.5466504,4.8166504,3.0566504,1.6266503,1.8566504,2.2466505,2.5766504,2.9766505,3.3666503,3.8766503,4.30665,4.7366505,5.1466503,5.5066504,5.7966504,6.0066504,6.01665,5.7066503,5.0966506
1.9766504,2.9266503,3.9566505,3.8966503,3.6666503,4.3166504,4.8666506,4.3466506,2.4566505,1.8566504,0.9366504,0.9866504,1.5966504,2.0966504,2.2766504,2.9066503,2.9366503,1.6466504,1.3366504,1.4066504,1.6666504,1.8266504,1.6066504,1.5266504,0.8766504,-0.18334961,0.29665038,1.1266503,0.9766504,0.8766504,1.2666504,1.5666504,1.9366504,2.1366503,2.1166503,1.9866503,2.8366504,4.05665,4.9266505,6.0066504,6.4266505,6.7366505,6.1066504,4.3366504,3.3366504,3.3966503,2.8866503,3.1466503,3.7266505,4.0466504,4.3566504,4.9266505,5.47665,5.9266505,6.2766504,6.47665,6.3866506,5.9466505,5.0066504
1.2266504,1.9766504,2.9066503,3.4766505,3.7466505,4.6666503,4.74665,3.9066503,0.9766504,-0.08334961,-0.2333496,0.45665038,1.4266504,2.1066504,2.3666503,2.4766505,2.4266503,1.9366504,0.7266504,0.5066504,1.0166504,1.5266504,1.9566504,1.4566504,0.96665037,-0.04334961,-0.12334961,0.3066504,0.5466504,0.6966504,1.1366504,1.9366504,2.5366504,1.9966503,1.7566504,2.2266505,3.1366503,3.6266503,4.2766504,5.2066503,6.0066504,6.4066505,6.53665,6.3166504,5.4166503,3.7766504,3.6566503,3.6366503,3.8466504,4.28665,4.6766505,4.9166503,5.5466504,6.2766504,6.9266505,7.2566504,7.0766506,5.7066503,3.9066503
0.48665038,1.0766504,2.2966504,3.4166503,3.9766505,5.28665,5.2366505,3.3566504,0.3066504,-1.0433496,-0.1733496,0.26665038,0.6366504,1.2266504,1.8466504,2.3466504,2.5366504,1.6766504,0.65665036,0.8266504,1.3166504,1.9866503,1.4066504,1.3266504,0.8166504,-0.22334962,-0.8733496,-0.39334962,-0.22334962,0.2866504,1.1866504,2.5766504,3.7566504,4.1466503,2.9366503,2.7966504,2.8266504,2.9466505,3.3966503,4.01665,4.6066504,4.9166503,5.0066504,5.1766505,4.3666506,3.5566504,3.3666503,3.9266503,4.3166504,4.6066504,4.9566503,5.3266506,5.6766505,6.3166504,7.4866505,8.13665,7.7566504,6.1166506,4.4566503
-0.7733496,0.14665039,1.2166504,2.6266503,3.7066505,5.05665,5.4566503,2.9966505,0.16665038,-0.45334962,-0.10334961,0.2566504,0.7266504,1.1766504,1.6366504,1.8366504,2.1366503,2.2766504,0.8766504,0.4766504,1.2366503,2.4766505,1.9966503,1.0966504,0.9466504,-0.16334961,-0.4933496,-0.7933496,-0.4633496,0.3066504,1.5366504,2.8366504,3.6366503,4.05665,4.0266504,2.6066504,2.3966503,2.6266503,3.0566504,3.7566504,4.8466506,4.55665,4.2566504,4.4566503,3.8866503,2.9766505,3.0466504,3.9866505,4.51665,4.8266506,5.4666505,5.9166503,6.22665,6.8966503,7.9466505,8.79665,6.55665,4.9066505,4.5466504
-2.4033496,-1.0033497,0.52665037,1.6166503,3.1266503,4.1066504,5.5266504,3.5466504,0.6966504,-0.3433496,-0.08334961,0.35665038,0.07665039,-0.15334961,0.7066504,1.3266504,1.5866504,1.6366504,1.8566504,1.2466503,1.2966504,2.3266504,2.7866504,1.0266504,1.0866504,0.7966504,-0.36334962,-0.5433496,-0.5433496,0.45665038,1.8766503,3.1266503,4.0066504,4.3366504,3.5066504,2.5966504,1.8766503,2.3566504,2.7566504,3.8266504,4.6966505,5.22665,5.0866504,4.24665,3.1966505,3.1566503,4.0066504,4.4266505,4.76665,5.05665,5.1566505,5.6566505,6.6866503,8.01665,9.46665,8.616651,6.4866505,4.3966503,4.9566503
-3.2433496,-1.9033496,-0.3233496,0.7566504,1.6866504,3.1066504,4.0266504,4.30665,1.9766504,0.1266504,0.1266504,-0.13334961,-0.3233496,0.16665038,0.9566504,1.6166503,1.5766504,1.6266503,1.1166503,0.6466504,0.8666504,1.7266504,2.7766504,0.9166504,0.14665039,1.0666504,1.3966504,0.7866504,-0.7533496,0.48665038,2.0066504,2.9666505,4.05665,4.8466506,3.0266504,2.2366505,1.4366504,1.9766504,3.0066504,3.7066505,4.5866504,4.7066503,4.8366504,3.8966503,3.7366505,3.4566505,3.7466505,4.1366506,4.5766506,5.2766504,5.5666504,6.1166506,7.0966506,7.99665,9.18665,8.036651,5.55665,4.53665,4.1566505
-3.5233495,-2.9433496,-1.4633496,-0.3433496,0.4966504,1.5466504,2.3966503,3.0666504,2.3866503,0.8266504,-0.65334964,-0.4933496,-0.12334961,0.26665038,0.7266504,1.0266504,1.6366504,1.5266504,1.9166504,1.4666504,0.9166504,0.8666504,2.4966505,1.6366504,0.9966504,1.4766504,1.6466504,1.2266504,-0.2033496,0.7566504,1.5566504,2.6766503,4.1466503,5.1166506,3.1366503,2.3666503,2.1766503,2.8566504,2.9566505,3.6066504,4.2766504,4.53665,4.9666505,3.1766503,3.0566504,4.5466504,4.6466503,3.8866503,4.05665,4.8766503,5.6766505,5.9466505,7.2566504,8.10665,8.76665,7.76665,7.51665,3.8866503,4.1766505
-2.6733496,-2.1733496,-1.2233496,-0.9133496,-0.5633496,0.71665037,1.4166504,1.6266503,1.7166504,1.3966504,-0.19334961,-0.42334962,0.2766504,0.3466504,-0.4633496,-0.5633496,0.6166504,1.3366504,1.4566504,2.8566504,1.9766504,0.9266504,1.0866504,1.4666504,-0.29334962,-0.9633496,-0.4333496,0.5666504,0.6366504,0.6166504,1.1966504,2.1566503,3.5666504,4.80665,4.2066503,2.6166503,2.6766503,2.9166503,2.7666504,2.9766505,4.5266504,4.9066505,5.22665,3.2766504,3.5966504,4.9266505,5.97665,4.0966506,3.9866505,5.8266506,6.8266506,6.74665,7.5666504,8.05665,8.06665,6.6266503,5.7166505,3.9966505,0.6466504
2.0466504,0.41665038,-0.0033496094,-0.5233496,-0.90334964,1.2666504,1.7366503,-0.13334961,0.48665038,0.5566504,0.5666504,0.77665037,1.0566504,1.0966504,1.0666504,-2.1033497,-1.4233496,0.09665039,0.6666504,2.3366504,2.3966503,1.6166503,1.4366504,0.8866504,-0.29334962,-0.8033496,-0.6233496,-0.22334962,0.16665038,0.6866504,0.90665036,1.7466503,3.0466504,3.6766503,4.1366506,3.4366503,3.2366505,3.2766504,2.8966503,2.8066504,4.0666504,5.6066504,5.28665,5.4166503,4.6566505,4.6866503,6.1366506,4.49665,5.3466506,6.3666506,6.9466505,7.1366506,7.8966503,8.59665,8.73665,7.3566504,6.3966503,3.6766503,1.1866504
0.32665038,0.7666504,0.59665036,0.52665037,0.7566504,1.3166504,1.7466503,0.8066504,-0.97334963,-0.8233496,-0.5033496,-0.4933496,0.35665038,1.3466504,1.4766504,-1.9233496,-2.6433496,-1.4133496,-0.3233496,0.71665037,2.1966505,2.1666503,1.3466504,0.5666504,0.17665039,-0.26334962,-0.03334961,-0.3433496,0.026650392,0.5066504,0.8966504,1.5166504,2.0566504,3.0266504,3.6766503,3.6466503,2.8966503,2.5966504,2.2466505,2.8766503,3.3766503,4.22665,4.8166504,5.0966506,5.4566503,4.9666505,5.0866504,5.0766506,5.7566504,6.6566505,7.1966505,7.6266503,8.116651,8.79665,8.38665,6.3566504,6.5866504,6.3366504,2.3366504
-0.1733496,1.5666504,2.4466505,2.0666504,1.8766503,2.1966505,1.9466504,1.6366504,0.7566504,0.1866504,-2.7033496,-1.9433496,-1.1433496,-0.18334961,0.5066504,-2.0533495,-3.4133496,-2.4733496,-1.2433496,-0.3833496,0.14665039,0.6266504,0.5366504,0.1866504,0.09665039,-0.04334961,-0.10334961,-0.21334961,-1.0133497,0.0066503906,1.2066504,1.9266504,2.3766503,2.1666503,3.3166504,3.6366503,2.5466504,2.0466504,1.4866503,2.5166504,2.8866503,3.4066503,4.1166506,4.8666506,5.5866504,5.49665,5.1866503,4.7166505,5.76665,6.6266503,7.2766504,8.116651,8.42665,8.96665,8.416651,7.2366505,6.1066504,7.0666504,4.8866506
0.06665039,1.3566504,1.5766504,1.4066504,1.9666504,2.9766505,2.4666505,0.6466504,0.3066504,0.10665039,-1.4133496,-2.2933495,-2.4933496,-1.8533496,-1.0933496,-1.9933496,-3.5733497,-3.1533496,-2.3733497,-1.7133496,-1.2533497,-0.7133496,-0.36334962,-0.33334962,-0.26334962,-0.33334962,-0.78334963,0.4966504,-0.9133496,-0.15334961,0.6866504,1.3666503,2.0166504,2.1266503,2.3166504,3.0966504,3.7766504,2.7366505,0.7966504,1.7666504,2.9666505,3.3466504,2.6466503,3.8666503,5.2566504,5.55665,5.0766506,5.3466506,5.6766505,6.3866506,7.1166506,7.9566503,8.826651,9.01665,8.666651,8.51665,3.6466503,3.8866503,5.4166503
0.3366504,0.8366504,1.3066504,1.2266504,1.3666503,1.9366504,2.5966504,0.5066504,-1.6933496,-0.42334962,1.0666504,1.4866503,1.6166503,-0.6933496,-3.2433496,-2.4633496,-3.0533495,-3.8833497,-3.1133497,-2.2533495,-1.9033496,-1.7033496,-1.6633496,-1.7433496,-1.6633496,-1.6433496,-1.6133496,-1.5033497,-1.4333496,-1.1733496,-0.65334964,0.32665038,1.5566504,1.5366504,1.4466504,2.3566504,3.6966505,2.9366503,-0.42334962,0.84665036,2.9666505,3.1466503,2.2666504,3.0866504,3.8466504,4.5066504,5.01665,5.3266506,5.9066505,6.4266505,6.8866506,7.6766505,8.63665,8.67665,9.06665,9.22665,6.1766505,2.4566505,2.4266503
1.2666504,1.2166504,1.4366504,1.4666504,1.4366504,1.5866504,1.7466503,0.5766504,-1.6933496,-1.6033496,-0.6933496,-0.26334962,0.2566504,0.6866504,0.086650394,-4.3033495,-3.8933496,-3.1633496,-3.0833497,-2.4433496,-2.3033495,-1.9133496,-2.6333497,-2.8133497,-3.0033495,-3.0533495,-3.2433496,-3.0733497,-2.7733495,-2.5933497,-1.9333496,-0.78334963,0.4466504,1.1766504,1.1266503,1.6266503,2.4966505,2.8566504,0.22665039,1.3666503,2.8366504,2.8466504,1.7566504,2.3666503,3.5366504,3.8766503,4.0966506,4.74665,5.76665,6.2766504,6.9266505,7.6166506,8.126651,8.416651,8.42665,9.39665,8.616651,2.6266503,0.38665038
1.3066504,1.3666503,1.3566504,1.3866504,1.1466504,0.3966504,0.11665039,0.23665039,0.10665039,-1.0933496,-1.6333497,-1.2333496,-0.7733496,-0.5533496,-0.7533496,-0.9433496,-4.8033495,-5.2233496,-3.9733496,-3.6533496,-2.8233497,-1.5133497,-0.9533496,-1.9433496,-3.5733497,-3.9933496,-3.9433496,-4.3133497,-4.1833496,-3.6633496,-3.0933497,-2.2233496,-1.3233496,-0.26334962,0.6066504,1.0566504,1.6566504,1.8766503,1.6066504,1.0566504,1.9866503,2.0466504,1.7666504,1.9466504,3.3666503,4.0766506,4.1166506,4.76665,5.6266503,6.0966506,6.97665,7.30665,7.8566504,8.656651,8.156651,8.46665,8.666651,1.3266504,2.4066503
3.8966503,3.2466505,2.3266504,1.9366504,2.0166504,1.6266503,0.84665036,0.07665039,-1.4733496,-2.7533495,-2.7433496,-2.6533496,-2.3533497,-2.0833497,-1.9633496,-1.6833496,-2.4033496,-5.4033494,-5.1833496,-3.7033496,-2.7233496,-1.9633496,-1.5933496,-1.6633496,-0.97334963,-1.9733496,-4.8333497,-5.1833496,-5.3333497,-4.8033495,-4.00335,-3.1633496,-2.3033495,-1.6533496,-0.8833496,0.13665038,0.7966504,0.9366504,0.8166504,0.2866504,0.3466504,1.1366504,0.5366504,1.0766504,2.6466503,3.1466503,3.8166504,4.51665,5.1366506,5.7166505,6.6666503,6.9266505,7.9266505,7.7966504,8.54665,9.29665,8.85665,0.6466504,1.9566504
4.9566503,3.4666505,3.1466503,2.9266503,2.4866505,2.1266503,1.8766503,1.4666504,0.4666504,-2.5533495,-4.4733496,-3.3133497,-3.1633496,-3.9233496,-3.9833496,-3.5333495,-2.3833497,-2.8533497,-4.1233497,-3.6933496,-2.8433497,-2.4833496,-2.6133497,-2.8033495,-1.9433496,-1.3933496,-0.9333496,-3.0033495,-5.1133494,-5.2033496,-4.7633495,-4.3733497,-3.8233497,-2.9233496,-2.4733496,-2.1233497,-1.3633496,-0.4333496,-0.24334961,-0.7433496,-1.2333496,-0.7033496,-0.5233496,-0.0033496094,2.8766503,3.5966504,3.1666503,3.3266504,4.4166503,5.1966505,5.76665,7.03665,7.4366503,7.7366505,6.9666505,7.3666506,4.4166503,1.4766504,2.9066503
9.956651,8.64665,6.0666504,2.8566504,1.7866504,1.7266504,1.3766503,1.2966504,0.90665036,-2.5133495,-3.2633495,-1.8033496,-1.3933496,-2.5533495,-5.4133496,-5.3033495,-4.8533497,-4.4033494,-4.48335,-4.3933496,-4.0833497,-3.9033496,-3.0433495,-2.4933496,-2.3233497,-1.8833497,-1.6033496,-1.7533497,-2.2933495,-3.4933496,-4.0933495,-4.6833496,-4.6033497,-3.8033495,-3.2733495,-2.8933496,-2.5633497,-2.2733495,-2.1133497,-2.5733497,-2.6233497,-1.8933496,-1.4333496,-1.1233497,0.5466504,2.2466505,3.1866503,3.6066504,2.5166504,4.03665,4.9866505,5.6966505,6.7766504,7.49665,6.8366504,6.3866506,6.1866503,3.7766504,1.4766504
10.73665,10.17665,9.88665,9.496651,7.72665,3.9666505,1.3466504,0.3366504,-0.8233496,-3.1833496,-4.02335,-2.9133496,-1.5933496,-0.9533496,-2.6133497,-6.27335,-6.5133495,-5.9533496,-5.7433496,-5.8533497,-5.52335,-5.3233495,-5.1833496,-4.46335,-3.6133497,-3.4333496,-3.0333495,-2.0333495,-1.5433496,-1.9833496,-3.5333495,-3.6033497,-4.9933496,-3.9633496,-3.3833497,-2.3433497,-2.1933496,-2.4233496,-3.2933495,-3.7733495,-3.7233496,-3.2933495,-2.4533496,-1.5433496,-0.6333496,0.6266504,1.5066504,2.5766504,3.7466505,1.5566504,3.1066504,4.78665,5.4666505,5.97665,6.4866505,5.1266503,5.8566504,4.49665,2.4566505
11.23665,10.31665,9.80665,9.52665,9.586651,9.626651,7.6666503,2.7466505,-0.4933496,-2.6233497,-3.4733496,-3.2933495,-2.6933496,-2.0133495,-1.7033496,-2.8633497,-6.8833494,-6.25335,-5.6033497,-6.0733495,-6.4933496,-6.5433497,-6.6133494,-5.9333496,-4.4533496,-3.9933496,-3.8333497,-2.6933496,-2.0833497,-0.5533496,-1.4233496,-3.1733496,-4.7633495,-4.5833497,-3.6033497,-2.9933496,-2.1333497,-1.6333497,-1.9533496,-2.5233495,-3.0433495,-3.0233495,-3.4333496,-2.9433496,-2.7633495,-1.0033497,-0.08334961,0.6766504,1.8766503,3.8066504,-0.2333496,2.7366505,4.26665,4.8266506,4.6466503,4.8566504,5.03665,4.0766506,2.3766503
11.43665,10.76665,10.02665,9.30665,8.75665,8.51665,8.67665,9.09665,5.9666505,-0.4033496,-3.5533495,-4.5733495,-4.25335,-3.4533496,-3.0733497,-3.9033496,-4.2933497,-5.2633495,-5.3933496,-4.9333496,-5.3533497,-6.2233496,-6.6233497,-7.2633495,-7.0533495,-6.0733495,-4.9933496,-3.7633495,-3.1833496,-2.4933496,-1.6333497,-1.9933496,-4.0433497,-4.2033496,-3.3733497,-2.8633497,-2.1633496,-1.9233496,-1.8033496,-1.6933496,-1.8133496,-1.7933496,-1.7333496,-2.0733497,-3.0833497,-3.3333497,-1.9233496,-0.72334963,-0.3133496,1.0666504,0.9166504,-1.1333497,2.2566504,3.7966504,3.7466505,4.0066504,4.7166505,4.4566503,0.90665036
11.39665,11.06665,10.906651,10.456651,10.02665,9.1966505,8.23665,7.4166503,8.126651,8.80665,2.1766503,-4.0633497,-5.4933496,-5.73335,-5.3333497,-4.8633494,-4.96335,-5.0933495,-5.6133494,-5.9233494,-5.3833494,-5.9933496,-6.4933496,-7.0933495,-8.383349,-7.8933496,-6.3033495,-5.1633496,-4.3033495,-3.6933496,-3.4233496,-3.5833497,-3.7933495,-3.8033495,-3.6133497,-2.9933496,-2.4733496,-2.2133496,-1.7033496,-0.8033496,-0.3233496,-0.6433496,-1.0933496,-0.6333496,-1.1233497,-4.8933496,-3.9433496,-2.9933496,-1.4533496,-0.72334963,0.03665039,-2.0033495,-1.1133496,1.2066504,2.2566504,2.6266503,3.7666504,3.8566504,3.8366504
