raw-data-f/2018101012f3.json
{"header": { "discipline":0, "disciplineName":"Meteorological products", "gribEdition":2, "gribLength":75379, "center":7, "centerName":"US National Weather Service - NCEP(WMC)", "subcenter":0, "refTime":"2018-10-10T12:00:00.000Z", "significanceOfRT":1, "significanceOfRTName":"Start of forecast", "productStatus":0, "productStatusName":"Operational products", "productType":1, "productTypeName":"Forecast products", "productDefinitionTemplate":0, "productDefinitionTemplateName":"Analysis/forecast at horizontal level/layer at a point in time", "parameterCategory":2, "parameterCategoryName":"Momentum", "parameterNumber":2, "parameterNumberName":"U-component_of_wind", "parameterUnit":"m.s-1", "genProcessType":2, "genProcessTypeName":"Forecast", "forecastTime":3, "surface1Type":103, "surface1TypeName":"Specified height level above ground", "surface1Value":10.0, "surface2Type":255, "surface2TypeName":"Missing", "surface2Value":0.0, "gridDefinitionTemplate":0, "gridDefinitionTemplateName":"Latitude_Longitude", "numberPoints":65160, "shape":6, "shapeName":"Earth spherical with radius of 6,371,229.0 m", "gridUnits":"degrees", "resolution":48, "winds":"true", "scanMode":0, "nx":360, "ny":181, "basicAngle":0, "lo1":0.0, "la1":90.0, "lo2":359.0, "la2":-90.0, "dx":1.0, "dy":1.0 }, "data":
[rows 100 to 124 of 181, columns 0 to 56 of 360]
-3.0577564,-2.5377564,-2.4377563,-2.6077564,-2.4077563,-2.1977563,-2.1377563,-1.8077563,-1.3377564,-0.58775634,1.0722437,2.3522437,3.2822437,4.202244,3.3322437,2.3322437,0.57224363,-2.5477564,0.052243654,-1.6477563,-1.3277564,-0.80775636,-1.0577563,-1.9577564,-0.41775635,-1.4477563,-1.2377564,-0.32775635,0.042243652,-1.5877564,-0.6577563,-1.0177563,-1.4577564,-4.2277565,-1.9077563,-4.6677566,-2.5477564,-2.2077563,-2.1277564,-2.9477563,-5.317756,-3.5477564,-4.837756,-6.1477566,-6.4177566,-6.2377563,-7.1477566,-8.9777565,-9.817757,-8.547756,-7.3077564,-7.2177563,-6.9977565,-6.6777563,-7.4477563,-8.267756,-8.4777565
-3.6877563,-3.2877564,-3.2277563,-3.2777565,-3.0277565,-2.8377564,-2.5177565,-2.0577564,-1.6777563,-0.52775633,0.94224364,2.3222437,3.4522436,4.452244,4.7622437,0.8422437,-0.50775635,-2.0977564,-0.39775634,-1.0177563,-1.8477564,-1.7177564,-0.96775633,-1.0977564,-1.3977563,-1.8077563,-2.2677565,-1.2577564,-0.63775635,-1.1877563,-3.4877563,-1.1777563,-1.0477563,-3.9377563,-3.1077564,-3.3777564,-2.5877564,-1.4177563,-2.6877563,-1.4977564,-4.4877563,-4.5377564,-1.5877564,1.0922437,-1.9877564,-2.8777564,-4.4177566,-6.5377564,-12.127756,-10.067757,-7.507756,-6.5977564,-6.5377564,-7.1577563,-7.9477563,-9.157757,-9.297756
-4.357756,-3.9977562,-3.9077563,-3.6977563,-3.5277565,-2.8677564,-2.6377563,-2.2677565,-2.0977564,-0.8577564,1.3022437,2.3922436,3.1322436,4.682244,2.9422436,-1.5877564,-2.2277563,-2.3377564,-1.2577564,-1.9877564,-2.3977563,-1.5477563,-0.38775635,0.08224365,-1.7277564,-0.52775633,-1.9677564,-1.9377563,-1.6777563,-1.4277563,-1.5377563,-1.1477563,-0.13775635,-2.8077564,-1.6277564,-0.30775633,-3.0577564,-1.3177563,-3.1277564,-2.4277563,-4.1377563,-4.007756,-1.9577564,-0.70775634,0.9022437,0.81224364,1.4522437,0.23224366,-1.1577563,-10.717756,-7.6177564,-6.5377564,-6.9877563,-8.587756,-9.457756,-9.737757,-9.7277565
-4.8677564,-4.4477563,-4.527756,-4.087756,-3.2177563,-3.2877564,-3.2377563,-2.8377564,-2.1677563,-0.9077563,1.5522437,3.3822436,4.0022435,5.5422435,4.5322437,-1.3577564,-2.8777564,-2.7077563,-2.2777565,-2.4377563,-2.4277563,-2.1377563,-1.2977563,-0.13775635,-0.37775636,-0.44775635,-1.8577564,-0.69775635,-0.57775635,-2.5577564,-2.0277565,-1.1577563,-0.9877564,-4.9177566,-3.4877563,0.39224365,-1.7377564,-3.0177565,-2.7877564,-2.1777563,-4.3677564,-4.257756,-3.0177565,-2.1177564,-1.2377564,-0.71775633,1.7922436,5.3322434,5.1322436,-2.3177564,-5.547756,-6.3977566,-7.337756,-9.257756,-9.677756,-9.877756,-10.037756
-4.547756,-5.0177565,-4.8877563,-4.1677566,-3.4777563,-4.007756,-3.5377564,-3.1177564,-2.3477564,-0.93775636,1.1822437,3.3822436,3.7422438,5.932244,1.7422436,-2.6377563,-3.0877564,-3.5477564,-3.2577562,-2.8377564,-3.2677565,-3.1777563,-2.3977563,-1.5777564,-1.4777564,-1.3677564,-1.7077564,-1.5377563,-0.89775634,-1.5977564,-1.6877563,-1.7777563,-2.8477564,-2.5677564,-2.5577564,-1.9477563,-1.0677563,-3.0277565,-1.1977563,-2.6077564,-3.9977562,-4.7877564,-4.8677564,-3.7177563,-2.9777563,-1.7677563,0.86224365,4.142244,2.0322437,-1.4177563,-1.0277563,-5.7677565,-7.3877563,-9.347756,-9.897757,-9.947757,-9.837756
-4.6577563,-5.0377564,-5.107756,-4.6477566,-3.2077563,-3.7677565,-3.9277563,-2.9277563,-2.2577562,-1.0277563,0.68224365,3.1722436,4.7522435,4.5722437,-4.4277563,-3.1577563,-3.4777563,-4.1177564,-4.357756,-3.9277563,-3.7277563,-3.0377564,-2.7677565,-2.1377563,-2.2477562,-2.5177565,-1.7677563,-1.3477564,-2.1077564,-2.5077562,-2.6777563,-2.1877563,-2.0877564,-1.4677564,-2.8477564,-1.4777564,-1.5577563,-0.9177563,-0.6677563,-1.5577563,-2.7977564,-4.9877563,-3.3477564,-1.3477564,0.63224363,0.81224364,1.9522437,-0.32775635,-3.4777563,-2.2977564,-0.67775637,-5.4677563,-8.217756,-9.567757,-10.007756,-10.007756,-10.197757
-4.9777565,-4.587756,-5.2377563,-4.7877564,-2.7477562,-3.3277564,-3.4277563,-3.2577562,-2.0677564,-0.93775636,-0.027756348,2.9022436,5.2922435,7.0422435,-2.2877564,-2.6977563,-4.3877563,-4.6577563,-4.027756,-3.7677565,-3.4577563,-3.2177563,-2.6977563,-2.6477563,-3.0477564,-2.9777563,-2.1277564,-2.9877563,-2.6877563,-1.3977563,-2.8477564,-2.6477563,-2.7677565,-2.8277564,-2.3677564,-1.2077564,-0.99775636,-2.3077564,2.0122437,-1.5577563,-3.4477563,-3.4777563,-1.6077564,3.0622437,4.992244,5.7522435,2.2122436,-5.7477565,-4.6577563,-4.5777564,-5.1577563,-6.6477566,-9.027757,-9.7277565,-9.787756,-10.117756,-10.317757
-4.9677563,-4.3677564,-5.027756,-4.8077564,-3.6377563,-2.4177563,-2.8977563,-2.3877563,-1.4877564,-2.0377564,-0.13775635,0.14224365,4.6322436,3.2322435,-4.547756,-2.7077563,-3.8377564,-3.8477564,-3.7677565,-3.4977562,-3.3277564,-2.7577562,-2.4477563,-2.7677565,-2.5777564,-2.1277564,-2.4677563,-3.7177563,1.1122437,1.2022437,-1.8577564,-3.1777563,-2.8277564,-3.3477564,-2.6777563,-1.5777564,-1.2577564,-2.2177563,-2.2477562,-3.8377564,-3.6777563,-2.1077564,0.08224365,5.6722436,7.5222435,5.1722436,-3.1677563,-5.3877563,-6.4477563,-2.1177564,-6.0777564,-7.817756,-9.747756,-9.527757,-9.507756,-9.547756,-9.557756
-5.1777563,-4.8077564,-4.6177564,-4.507756,-4.4977565,-2.8877563,-2.3677564,-2.2877564,-0.96775633,-2.3877563,-0.64775634,-0.87775636,1.4422437,2.8122437,-3.8377564,-3.7077563,-3.1677563,-3.8377564,-3.8577564,-3.5577564,-3.2877564,-2.8377564,-2.7277563,-2.4877563,-2.3577564,-3.7777565,-3.4077563,-0.75775635,-1.9177563,-2.6377563,-0.6077564,-1.1677563,-1.4777564,-2.6877563,-3.1477563,-1.9877564,-2.8777564,-3.8077564,-2.8777564,-2.6577563,-2.0777564,-0.51775634,1.2822436,5.1322436,4.702244,1.4622437,-1.5477563,-6.087756,-4.317756,-0.8577564,-8.347756,-9.497756,-9.207756,-9.387756,-9.7277565,-9.797756,-9.907757
-5.007756,-4.857756,-4.317756,-4.4877563,-4.8077564,-4.3677564,-2.8677564,-1.8377564,-1.3777564,0.34224364,-1.0277563,-0.57775635,-1.7577564,3.6422436,-0.74775636,-3.8577564,-2.1077564,-3.9277563,-4.817756,-4.4677563,-4.377756,-3.7777565,-3.2477562,-3.9577563,-3.4077563,-3.7477562,-2.9677563,-2.6677563,-2.1277564,-1.1777563,-1.6777563,-3.5477564,1.2922436,-3.2277563,-1.8377564,-2.6977563,-3.5577564,-2.7077563,-1.5477563,-1.4277563,-1.0177563,1.5322436,0.63224363,3.4822435,6.0722437,3.8922436,-0.64775634,-5.4677563,-2.0477564,-1.5177563,-9.187757,-9.247756,-9.387756,-9.457756,-9.617756,-9.327756,-10.237757
-4.547756,-4.4077563,-4.3077564,-3.8777564,-4.377756,-5.047756,-3.8177564,-2.0177565,-1.3777564,-0.23775634,-0.44775635,-0.8477563,-0.34775636,0.54224366,3.0322437,-1.8077563,-1.0177563,-4.067756,-3.4177563,-4.7477565,-4.257756,-4.6377563,-4.3077564,-4.9277563,-5.6477566,-4.507756,-4.0177565,-3.6377563,-4.3477564,-3.4977562,-2.7777565,-3.3277564,-2.1077564,-1.4177563,-1.7577564,-4.9477563,-1.5777564,-0.95775634,-0.76775634,-0.74775636,-0.23775634,0.29224366,-0.61775637,2.7322435,6.6722436,5.0322437,-0.51775634,-4.3977566,-0.96775633,-5.5577564,-7.797756,-8.097756,-7.7377563,-9.947757,-12.107757,-11.407757,-9.877756
-5.0977564,-4.0777564,-3.9477563,-4.2277565,-4.067756,-4.4277563,-4.3477564,-2.5977564,-1.9777564,-1.4477563,-0.40775636,-0.63775635,-0.81775635,-0.99775636,2.3522437,2.3422437,0.5922437,-0.9877564,-2.7977564,-4.2277565,-4.6177564,-4.067756,-4.507756,-4.9977565,-4.4777565,-4.797756,-6.5177565,-5.607756,-5.047756,-4.4377565,-3.6677563,-2.9577563,-2.3477564,-1.1977563,-0.43775636,-3.3677564,-1.8777564,-0.63775635,-0.05775635,-0.13775635,-0.22775635,-1.0477563,-1.7177564,4.3822436,4.0222435,1.3922436,-6.607756,-5.4677563,-0.36775634,-7.7377563,-9.397757,-10.567757,-10.947757,-11.237757,-9.697757,-3.8677564,-8.757756
-4.777756,-4.4577565,-3.9677563,-4.067756,-4.2077565,-3.9477563,-4.1677566,-3.3877563,-2.9677563,-2.1877563,-1.5277563,-0.28775635,-0.117756344,-0.06775635,-0.51775634,3.6722436,0.19224365,2.3522437,-1.8377564,-3.4777563,-3.9377563,-3.8277564,-3.7577562,-3.6577563,-3.6577563,-3.6577563,-5.607756,-5.4677563,-5.0177565,-5.1977563,-4.0377564,-2.6477563,-1.7977563,-0.9177563,-2.0577564,-3.7277563,-3.1477563,-1.1177564,-0.26775634,0.37224364,-0.18775634,0.13224365,2.2722437,2.9822435,4.622244,-4.0977564,-7.027756,-2.8877563,-1.9577564,-9.027757,-9.797756,-10.147757,-10.807756,-11.687757,-12.117756,-11.927756,-11.307756
-4.107756,-4.2377563,-4.027756,-3.5777564,-4.2677565,-3.8877563,-3.4477563,-3.6377563,-3.2177563,-3.0277565,-2.3677564,-1.4977564,0.39224365,1.4022436,0.9022437,5.182244,4.5722437,1.6322436,-0.96775633,-0.51775634,-2.5077562,-2.7977564,-2.2377563,-3.5677564,-3.1477563,-3.4077563,-4.087756,-4.877756,-1.6677563,-2.1777563,-2.6977563,-1.7677563,-1.5477563,-1.6477563,-1.0377563,-3.9677563,-3.9377563,-2.2577562,-1.1577563,-0.7377564,-2.9977562,-2.9777563,-0.037756346,2.9922438,3.1722436,-4.2877564,-8.627756,-3.7777565,-7.607756,-9.737757,-9.257756,-9.2277565,-10.917756,-11.917756,-12.097756,-11.357757,-10.857757
-4.067756,-4.047756,-3.7677565,-3.3277564,-3.1577563,-3.6977563,-3.4077563,-2.9477563,-2.9777563,-3.2177563,-3.0077562,-2.4677563,-0.23775634,1.4922436,0.67224365,3.6922436,7.392244,3.1722436,3.5122437,0.032243654,-0.70775634,-1.4577564,-0.9877564,-1.5077564,-1.7977563,-2.2377563,-3.1277564,-1.2577564,0.97224367,-1.0577563,-2.1177564,-1.7377564,-1.4177563,-2.5077562,-1.1077564,-4.7077565,-5.1877565,-3.6277564,-4.0577564,-6.0377564,-5.317756,-3.7377563,-2.4977562,0.46224365,3.1122437,-2.6277564,-5.547756,-2.7777565,-9.517756,-9.557756,-8.387756,-9.877756,-11.107757,-12.047756,-11.197757,-10.897757,-10.527757
-4.107756,-3.8177564,-3.5577564,-2.8977563,-2.6277564,-2.5177565,-3.5977564,-3.1977563,-3.0177565,-3.0677564,-2.7477562,-2.3477564,-1.0777564,0.35224366,1.1522436,3.2622437,7.492244,7.742244,3.2622437,3.1322436,0.28224364,0.56224364,0.54224366,0.9022437,-0.81775635,-0.31775635,0.27224365,0.92224365,0.53224367,-2.0077562,1.5722437,-2.4777563,-2.2977564,-3.8077564,-4.7077565,-5.5177565,-5.8477564,-7.0577564,-6.757756,-6.7377563,-6.4777565,-5.0777564,-6.2877564,-7.9377565,-7.3977566,-5.9377565,-5.777756,-4.777756,-10.647757,-9.757756,-9.167756,-10.507756,-11.647757,-11.767756,-10.847756,-10.4777565,-10.237757
-3.6777563,-3.5377564,-3.3677564,-3.0377564,-2.3277564,-2.3177564,-2.0777564,-3.4677563,-3.5077562,-3.0877564,-2.6677563,-2.1077564,-1.3877563,-0.62775636,0.022243652,0.87224364,6.0622435,8.552243,3.3922436,5.5122437,1.8322437,1.9422437,1.7722436,2.1222436,1.3022437,1.9722437,2.2722437,-0.08775635,0.50224364,1.4122436,1.2922436,-2.9977562,-3.9977562,-6.007756,-5.9777565,-5.817756,-7.067756,-7.087756,-7.3677564,-7.9077563,-8.057756,-8.897757,-10.497756,-13.387756,-16.047756,-17.167757,-14.877756,-12.4777565,-10.837756,-9.637756,-10.297756,-10.957756,-11.277757,-11.027757,-10.687757,-10.207756,-9.997756
-2.5977564,-2.7477562,-2.6777563,-2.5377564,-2.4477563,-2.4177563,-2.5977564,-2.7677565,-2.6577563,-2.7577562,-2.9777563,-1.9777564,-1.5777564,-1.0377563,-0.88775635,-0.10775635,4.2722435,8.672244,7.2322435,5.5722437,4.9222436,2.1122437,2.7522438,2.6822436,4.3222437,2.0622437,0.54224366,0.22224365,-0.6077564,0.38224366,-2.9377563,-4.1377563,-3.3777564,-5.7177563,-6.2877564,-6.4777565,-7.1577563,-7.5177565,-8.217756,-9.327756,-10.157757,-11.047756,-11.767756,-13.487757,-14.057756,-14.127756,-13.237757,-11.7277565,-9.687757,-9.617756,-9.837756,-10.187757,-10.597756,-10.517756,-10.2277565,-9.827756,-9.637756
-0.93775636,-1.3577564,-1.5477563,-1.6177564,-1.6877563,-1.9977564,-2.4977562,-2.7377563,-2.3677564,-1.9077563,-1.2677563,-1.7577564,-1.3677564,-1.3977563,-1.0477563,-1.0577563,-0.9077563,3.0122437,5.0022435,7.4622436,5.4222436,3.4022436,3.0322437,3.9322436,2.3422437,1.5222436,-0.15775634,0.74224365,-1.7077564,1.0322436,-2.7277563,-3.2377563,-4.087756,-6.357756,-6.1677566,-6.377756,-7.6177564,-8.117756,-9.257756,-10.107757,-10.787756,-11.357757,-11.917756,-13.237757,-13.207756,-12.387756,-11.697757,-10.487757,-9.487757,-9.217756,-9.447757,-9.547756,-10.067757,-9.767756,-9.587756,-9.307756,-8.987757
1.5522437,1.0922437,0.54224366,0.23224366,-0.24775635,-0.64775634,-1.1477563,-1.5577563,-1.5577563,-1.4177563,-0.9077563,-0.56775635,-0.6577563,-0.71775633,-0.63775635,0.042243652,0.012243653,1.7422436,6.1922436,6.3322434,5.5022435,6.3222437,3.7422438,5.642244,3.2422438,1.0922437,1.4022436,0.97224367,0.8422437,-1.3477564,-3.8377564,-2.7077563,-8.567757,-7.3077564,-6.6477566,-6.8677564,-7.9577565,-8.487757,-8.987757,-9.847756,-10.397757,-10.417756,-11.077756,-11.927756,-11.517756,-10.837756,-10.217756,-9.757756,-9.507756,-9.437757,-9.367756,-9.257756,-9.2277565,-8.857757,-8.957756,-8.557756,-8.097756
4.202244,3.8922436,3.5122437,2.9222436,2.4322436,1.6822437,0.9622437,0.20224366,-0.44775635,-0.81775635,-0.9077563,-0.67775637,-0.33775634,-0.57775635,-0.37775636,0.012243653,0.48224366,0.102243654,4.0922437,6.5422435,7.242244,6.1322436,6.5822434,5.0222435,4.7722435,3.3622437,0.9622437,1.0422436,-1.8377564,-1.4877564,-2.0077562,-6.9577565,-9.287756,-7.3877563,-6.7377563,-7.2477565,-7.8877563,-8.597756,-8.607757,-9.137756,-9.4777565,-9.077756,-9.267756,-9.087756,-9.337756,-8.997756,-8.937757,-8.9777565,-8.707756,-8.307756,-8.277757,-8.277757,-7.8877563,-8.217756,-8.137756,-7.7077565,-7.1477566
4.3822436,5.7522435,6.2522435,5.8522434,5.182244,4.5222435,3.7222435,2.8222437,1.7022437,0.67224365,-0.22775635,-0.70775634,-0.6577563,-0.5977563,-0.75775635,-0.027756348,0.28224364,0.82224363,1.2322437,4.8522434,5.7322435,7.392244,6.0922437,5.9822435,5.8322434,4.7722435,3.2122436,2.3122437,-1.4877564,-4.087756,-2.5477564,-7.9577565,-8.637756,-7.1977563,-6.607756,-7.2877564,-7.8077564,-8.647757,-7.9877563,-8.357757,-8.427756,-8.577756,-9.057756,-8.427756,-8.147757,-7.857756,-7.7677565,-7.6877565,-7.507756,-7.1477566,-7.1177564,-7.2877564,-7.047756,-7.1777563,-6.9677563,-6.5577564,-5.9477563
6.412244,6.0322437,6.6022434,7.7922435,7.932244,6.972244,6.182244,5.3522434,4.3822436,3.0022438,1.5022436,-0.017756348,-1.0177563,-1.2877563,-1.6277564,-0.87775636,0.012243653,1.1322436,3.9622436,4.3022437,5.3022437,7.7722435,7.7322435,6.7322435,6.642244,7.2322435,4.2722435,-0.7277563,-2.8377564,-0.20775634,-7.9177566,-7.757756,-7.6677566,-6.607756,-6.6577563,-6.9177566,-7.087756,-7.5177565,-7.5577564,-7.1577563,-7.047756,-7.4877563,-7.567756,-7.1677566,-6.8477564,-6.627756,-6.087756,-6.357756,-6.377756,-6.047756,-5.6877565,-6.0977564,-6.2077565,-5.8977566,-5.3477564,-4.8677564,-4.1477566
5.7622437,7.0922437,8.132244,8.062243,7.8522434,8.822244,7.6722436,7.2622437,6.662244,5.5222435,3.9622436,2.4122436,0.25224364,-0.99775636,-1.0377563,-0.5377563,-0.007756348,0.5222437,1.4922436,2.4522436,3.4522436,6.8422437,0.13224365,4.7622437,-6.5577564,-5.507756,-4.107756,-2.0477564,2.4822435,2.9122436,-3.7977564,-5.9277563,-6.4377565,-5.9377565,-6.067756,-5.8077564,-6.067756,-6.6877565,-6.9177566,-6.4477563,-5.7877564,-5.357756,-5.5177565,-5.4777565,-5.2677565,-5.2877564,-5.027756,-4.797756,-4.8677564,-4.4777565,-4.3977566,-4.6677566,-4.7077565,-4.4677563,-4.377756,-3.2877564,-0.81775635
5.7722435,6.9422436,8.152244,8.692244,9.042244,8.932243,9.722243,9.332244,7.742244,7.3122435,6.1722436,4.682244,3.0722437,1.0822437,-0.24775635,-0.23775634,0.102243654,-0.047756348,-0.70775634,0.80224365,-0.96775633,-0.33775634,-0.19775635,1.0022436,1.9022436,3.9522436,5.3322434,4.5322437,2.1122437,0.48224366,-2.0677564,-3.5777564,-4.6977563,-4.7277565,-4.7477565,-5.6177564,-5.7677565,-5.7377563,-5.547756,-5.127756,-4.5177565,-3.7477562,-3.7277563,-3.8477564,-3.6677563,-3.4177563,-3.4777563,-3.4377563,-3.0477564,-2.8277564,-2.9677563,-2.9877563,-2.7277563,-2.4577563,-1.8177563,-0.7977564,-0.75775635
