raw-data-f/2018100906f3.json
{"header": { "discipline":0, "disciplineName":"Meteorological products", "gribEdition":2, "gribLength":74893, "center":7, "centerName":"US National Weather Service - NCEP(WMC)", "subcenter":0, "refTime":"2018-10-09T06:00:00.000Z", "significanceOfRT":1, "significanceOfRTName":"Start of forecast", "productStatus":0, "productStatusName":"Operational products", "productType":1, "productTypeName":"Forecast products", "productDefinitionTemplate":0, "productDefinitionTemplateName":"Analysis/forecast at horizontal level/layer at a point in time", "parameterCategory":2, "parameterCategoryName":"Momentum", "parameterNumber":3, "parameterNumberName":"V-component_of_wind", "parameterUnit":"m.s-1", "genProcessType":2, "genProcessTypeName":"Forecast", "forecastTime":3, "surface1Type":103, "surface1TypeName":"Specified height level above ground", "surface1Value":10.0, "surface2Type":255, "surface2TypeName":"Missing", "surface2Value":0.0, "gridDefinitionTemplate":0, "gridDefinitionTemplateName":"Latitude_Longitude", "numberPoints":65160, "shape":6, "shapeName":"Earth spherical with radius of 6,371,229.0 m", "gridUnits":"degrees", "resolution":48, "winds":"true", "scanMode":0, "nx":360, "ny":181, "basicAngle":0, "lo1":0.0, "la1":90.0, "lo2":359.0, "la2":-90.0, "dx":1.0, "dy":1.0 }, "data":
[rows 52 to 77 of 181, columns 300 to 359 of 360]
-3.653899,-3.5338988,-3.903899,-5.533899,-4.893899,-5.693899,-6.573899,-8.413898,-9.793899,-10.543899,-11.063899,-11.983899,-12.523899,-13.333899,-13.523899,-13.113899,-12.463899,-12.573899,-13.323899,-13.603899,-13.663898,-13.573899,-13.313899,-13.643899,-11.703899,0.82610106,6.736101,6.986101,5.756101,4.8461013,4.3861012,4.156101,7.396101,7.586101,5.716101,3.4461012,4.626101,3.2561011,1.9061011,0.89610106,-0.3238989,-1.2338989,-2.673899,-3.713899,-4.303899,-3.973899,-3.653899,-3.683899,-4.723899,-2.933899,-0.15389892,0.016101073,1.346101,1.6561011,1.336101,-0.0038989258,-0.9638989,1.6761011,0.89610106,-2.453899
-2.713899,-1.3038989,-3.2538989,-5.213899,-5.953899,-6.8638988,-7.583899,-9.593899,-10.953899,-11.3738985,-12.073899,-12.243899,-12.823899,-13.573899,-13.063899,-13.003899,-13.093899,-13.333899,-13.403899,-13.003899,-12.973899,-11.053899,-3.713899,2.396101,3.896101,4.906101,5.416101,4.766101,3.4661012,2.5161011,1.346101,5.3861012,5.906101,4.836101,3.4661012,3.526101,3.106101,1.246101,0.6861011,-1.0738989,-1.623899,-2.223899,-2.813899,-3.463899,-3.9838989,-4.043899,-3.5438988,-3.5038989,-3.3038988,-2.563899,-1.1738989,-0.09389892,0.8061011,2.9961011,-1.6938989,3.336101,2.776101,1.9261011,-4.9238987,-5.373899
-4.743899,-3.0438988,-2.5038989,-5.453899,-6.813899,-7.393899,-8.383899,-10.393899,-11.613899,-11.833899,-12.583899,-12.393899,-13.483899,-14.493899,-14.583899,-15.023899,-14.033899,-12.323899,-10.253899,-2.923899,1.4161011,2.536101,4.226101,4.606101,4.166101,4.216101,3.926101,2.596101,1.7061011,0.9161011,0.19610107,4.106101,4.956101,3.4761012,2.2561011,2.606101,1.1761011,-0.5838989,-1.663899,-2.0338988,-2.603899,-2.8038988,-2.933899,-3.203899,-3.563899,-3.5238988,-3.143899,-2.583899,-2.423899,-2.093899,-1.7038989,-1.2338989,-0.91389894,-0.7438989,0.94610107,-0.46389893,-0.29389894,-4.513899,-5.1738987,-1.6838989
-5.523899,-5.833899,-1.8138989,-5.603899,-7.483899,-7.933899,-9.293899,-10.823899,-11.603899,-12.3738985,-12.073899,-13.313899,-14.743899,-15.6238985,-15.993899,-15.723899,-11.143899,-2.453899,2.1961012,3.4561012,4.396101,4.626101,4.956101,4.466101,4.216101,3.7661011,1.736101,1.366101,0.45610106,-0.45389894,2.166101,2.056101,3.536101,2.2261012,1.0361011,-0.9638989,-2.073899,-2.2538989,-2.933899,-3.2838988,-3.2538989,-3.673899,-4.1338987,-4.713899,-4.093899,-3.0438988,-2.443899,-1.6038989,-1.2238989,-1.2138989,-1.4938989,-2.073899,-3.2838988,-4.333899,0.11610107,0.9161011,-0.72389895,-0.023898926,-0.13389893,3.796101
-6.143899,-7.223899,-2.393899,-5.243899,-8.133899,-8.813899,-10.253899,-11.223899,-11.6238985,-12.073899,-12.493899,-14.443899,-15.803899,-17.073898,-18.2239,-13.633899,-4.843899,1.5561011,5.216101,7.726101,7.776101,6.816101,6.056101,5.006101,4.906101,2.596101,0.7261011,-0.73389894,0.22610107,0.65610105,0.9361011,0.5361011,2.036101,0.90610105,-1.283899,-2.8038988,-3.693899,-2.713899,-3.223899,-3.613899,-4.693899,-5.333899,-5.533899,-5.323899,-4.683899,-3.473899,-2.163899,-0.8338989,-0.113898925,-0.80389893,-1.3238989,-1.8538989,-2.2538989,-1.5438989,0.7561011,1.616101,1.876101,1.846101,3.436101,6.496101
-5.343899,-5.9238987,-3.573899,-5.483899,-8.533899,-9.443899,-10.513899,-11.313899,-11.803899,-12.223899,-13.013899,-14.883899,-15.993899,-17.603899,-19.1139,-19.0239,-10.963899,12.426101,15.296101,11.776101,9.586102,7.8861012,6.996101,5.466101,4.646101,1.626101,0.26610106,-2.383899,1.1961011,1.1961011,-0.91389894,-0.91389894,0.10610107,-0.14389892,-2.0038989,-4.233899,-4.003899,-3.0038989,-3.463899,-4.603899,-5.293899,-5.473899,-5.263899,-3.903899,-3.563899,-0.8938989,3.606101,3.4761012,1.976101,0.7961011,-1.1038989,-1.0638989,1.236101,1.8861011,2.5161011,3.316101,-1.633899,3.1961012,4.256101,4.246101
-4.793899,-5.513899,-4.843899,-6.303899,-8.823899,-9.853899,-10.553899,-11.133899,-11.713899,-12.073899,-12.713899,-14.3738985,-14.473899,-16.2139,-17.1939,-20.2039,-2.7638988,22.426102,18.256102,14.226101,11.546101,8.496101,7.226101,5.406101,4.0961013,0.7861011,-0.44389892,-2.353899,1.726101,-0.61389893,-1.133899,-2.2938988,-1.393899,-2.113899,-3.0438988,-4.6538987,-4.853899,-3.653899,-4.023899,-4.543899,-5.093899,-5.073899,-3.613899,-1.5838989,0.21610108,2.4461012,5.276101,5.166101,5.436101,2.6961012,2.136101,0.4261011,-0.16389893,-0.79389894,0.25610107,2.086101,2.046101,3.2161012,2.326101,-0.053898927
-3.7638988,-4.853899,-5.343899,-7.043899,-9.433899,-9.853899,-10.073899,-10.453899,-10.813899,-11.333899,-11.853899,-12.983899,-12.323899,-11.8738985,-10.583899,-4.953899,7.606101,16.496101,16.9761,13.416101,10.586102,7.676101,6.526101,5.856101,3.5061011,-0.23389892,-1.373899,-0.8838989,-1.9238989,0.26610106,-1.283899,-2.9938989,-2.333899,-2.603899,-3.7438989,-4.593899,-4.583899,-3.4938989,-3.683899,-4.803899,-5.183899,-4.293899,-3.313899,0.47610107,2.546101,3.9461012,6.666101,5.336101,4.166101,3.4461012,2.7561011,5.106101,3.896101,1.976101,0.3961011,2.606101,3.096101,2.066101,1.486101,3.9861012
-4.073899,-5.253899,-5.563899,-8.073899,-9.643899,-9.833899,-9.903899,-9.813899,-9.843899,-9.903899,-10.363899,-10.483899,-10.603899,-8.963899,-5.913899,-1.1038989,7.216101,11.786101,12.426101,11.286101,8.586102,6.426101,4.5761013,5.656101,2.9461012,-0.6438989,-1.4738989,-1.9438989,-1.9538989,-1.7038989,-2.103899,-2.943899,-3.313899,-2.7938988,-3.563899,-4.553899,-4.913899,-4.433899,-3.623899,-3.203899,-3.213899,-2.0138988,0.13610107,2.566101,3.676101,5.236101,4.206101,3.066101,2.546101,1.1961011,-0.023898926,0.4261011,0.9761011,0.96610105,2.7461011,2.776101,2.2061012,2.086101,1.4361011,4.716101
-4.6738987,-5.6138988,-6.233899,-8.293899,-9.233899,-9.493899,-9.303899,-9.093899,-8.833899,-8.933899,-8.363899,-8.163898,-7.413899,-5.933899,-3.323899,2.0061011,6.316101,8.966101,9.576101,8.546101,7.026101,6.286101,4.496101,4.296101,1.6861011,-0.97389895,-1.763899,-1.873899,-2.2638988,-3.2938988,-1.4638989,-2.453899,-3.0338988,-3.333899,-2.9938989,-3.7438989,-3.8038988,-3.2938988,-2.673899,-1.653899,-1.763899,-1.4238989,1.996101,0.84610105,3.886101,3.526101,1.1661011,-0.7138989,2.176101,1.716101,1.366101,2.066101,4.986101,4.196101,4.086101,2.126101,1.6661011,2.066101,1.7961011,4.686101
-4.663899,-5.353899,-6.1738987,-6.773899,-7.833899,-8.223899,-8.153899,-7.683899,-7.6138988,-7.9038987,-8.053899,-7.593899,-6.593899,-4.093899,0.8161011,3.116101,5.606101,6.906101,7.256101,7.356101,7.146101,6.086101,5.206101,3.166101,0.3661011,-0.45389894,-2.0238988,-1.8138989,-2.5038989,-2.8038988,-2.853899,-1.873899,-2.353899,-2.9838989,-3.373899,-3.2638988,-3.0538988,-2.863899,-2.123899,-1.5938989,-1.753899,-1.6738989,-1.4938989,0.65610105,5.546101,1.966101,0.9961011,3.586101,3.4961011,2.4561012,1.986101,2.596101,2.4561012,1.346101,0.96610105,0.6161011,-0.18389893,-0.23389892,0.7361011,3.9661012
-5.1538987,-5.603899,-6.253899,-6.753899,-7.163899,-7.1338987,-6.853899,-6.813899,-6.023899,-5.1538987,-3.4938989,-2.2638988,-1.5938989,-0.49389893,0.6261011,3.626101,3.9661012,5.176101,6.626101,7.376101,6.3461013,5.036101,3.646101,1.746101,-0.3238989,-0.9338989,-1.3138989,-2.323899,-1.9938989,-1.9238989,-2.913899,-2.4938989,-2.673899,-2.593899,-3.073899,-2.973899,-3.153899,-3.103899,-2.833899,-2.5438988,-2.2338989,-1.5438989,-0.19389893,1.4061011,0.6161011,0.5361011,1.6761011,1.746101,1.376101,-0.78389895,0.44610107,2.4661012,4.666101,6.3861012,5.006101,1.586101,-1.0638989,-3.683899,-1.623899,1.3061011
-5.783899,-6.453899,-6.513899,-6.483899,-6.583899,-6.553899,-6.023899,-5.3838987,-4.773899,-4.943899,-4.743899,-3.9838989,-3.0438988,-0.33389893,2.556101,1.9561011,1.976101,4.336101,4.896101,6.586101,5.006101,4.046101,2.9761012,1.586101,0.22610107,0.10610107,-1.633899,-2.713899,-2.723899,-2.123899,-2.2338989,-2.7638988,-2.643899,-3.193899,-2.683899,-2.323899,-2.5238988,-2.343899,-2.183899,-1.8438989,-1.633899,-0.73389894,-0.083898924,-0.92389894,-1.2138989,-0.033898927,0.46610108,1.0561011,0.52610105,0.036101073,0.52610105,4.236101,5.5761013,5.376101,2.636101,1.5461011,-3.2538989,-5.313899,-3.613899,-2.593899
-5.433899,-5.8638988,-6.083899,-6.283899,-6.273899,-6.223899,-5.933899,-5.993899,-5.993899,-6.063899,-4.1338987,-0.07389893,-0.113898925,-0.033898927,0.11610107,-1.1038989,1.096101,2.9661012,4.976101,5.876101,4.946101,3.9461012,2.866101,1.6461011,0.45610106,-1.1838989,-2.323899,-2.623899,-2.443899,-2.2738988,-2.603899,-3.103899,-3.2438989,-3.3038988,-2.723899,-3.2638988,-2.7738988,-2.5338988,-2.2738988,-1.6838989,-1.2038989,-1.623899,-2.5438988,-2.833899,-1.7038989,0.29610106,-0.8138989,-1.8038989,-0.41389892,1.856101,7.006101,4.836101,3.186101,-1.8338989,-4.073899,-4.003899,-3.373899,-4.823899,-4.163899,-2.663899
-4.223899,-4.843899,-5.243899,-5.463899,-5.593899,-5.393899,-5.663899,-5.213899,-4.033899,-2.103899,-1.7438989,-1.4538989,-1.7038989,-1.9838989,-1.3538989,0.056101073,1.876101,4.166101,5.176101,6.0761013,4.806101,3.686101,2.4961011,1.236101,-0.26389894,-1.913899,-2.713899,-3.113899,-2.853899,-2.643899,-2.7938988,-3.343899,-3.7438989,-3.913899,-3.713899,-2.9838989,-2.333899,-1.6138989,-1.8338989,-2.863899,-3.2938988,-4.083899,-3.903899,-2.893899,-1.163899,-1.513899,-2.0038989,-2.333899,-2.603899,1.5761011,2.7361012,0.84610105,-1.9238989,-0.17389892,-0.92389894,-1.9638989,-2.8038988,-3.823899,-4.993899,-2.943899
-3.9938989,-4.573899,-4.543899,-5.593899,-4.9238987,-4.103899,-4.343899,-4.163899,-3.873899,-3.7938988,-3.823899,-3.863899,-2.833899,-0.7438989,0.08610108,1.5061011,1.9061011,3.116101,4.566101,4.696101,4.166101,2.796101,1.4061011,0.036101073,-1.3538989,-2.373899,-3.0538988,-3.313899,-3.213899,-3.373899,-3.683899,-3.893899,-3.833899,-3.903899,-3.5438988,-3.323899,-3.5438988,-4.063899,-4.1738987,-4.823899,-5.433899,-5.253899,-3.973899,-2.7438989,-1.9838989,-2.383899,-4.253899,-4.273899,-0.73389894,2.776101,-1.763899,-4.1138988,1.7861011,-1.383899,-2.0238988,-1.3338989,-2.7538989,-2.113899,-4.083899,-2.973899
-3.963899,-4.373899,-4.753899,-4.783899,-4.1738987,-3.843899,-3.9938989,-4.533899,-5.003899,-4.783899,-2.723899,-1.143899,-0.72389895,-0.5638989,0.40610108,2.686101,3.0161011,3.796101,4.306101,3.6961012,2.046101,0.88610107,-0.0038989258,-0.9438989,-1.9338989,-2.7338989,-3.343899,-3.593899,-3.643899,-3.653899,-3.7738988,-3.713899,-3.8038988,-4.123899,-4.483899,-4.763899,-5.003899,-5.323899,-6.063899,-6.433899,-6.313899,-5.353899,-4.143899,-4.553899,-4.1138988,-4.6338987,-4.1138988,-3.8038988,0.63610107,1.0161011,1.0061011,2.346101,-1.133899,-2.0538988,-0.24389893,-0.55389893,-1.263899,-1.7038989,-2.2838988,-1.523899
-2.353899,-2.833899,-3.2938988,-4.083899,-4.053899,-4.223899,-5.4038987,-5.503899,-3.7338989,-2.213899,-0.7438989,-0.53389895,-0.30389893,0.016101073,0.64610106,1.4461011,1.966101,2.4561012,2.4561012,1.966101,1.116101,0.046101075,-0.8238989,-1.7238989,-2.603899,-3.3038988,-3.813899,-4.063899,-4.083899,-4.043899,-4.043899,-4.203899,-4.513899,-4.933899,-5.323899,-5.643899,-6.163899,-6.693899,-7.083899,-6.9038987,-6.123899,-5.913899,-5.603899,-6.143899,-5.9038987,-5.1738987,-4.313899,-1.4538989,2.546101,2.346101,3.366101,3.2661011,2.2561011,0.41610107,0.20610107,-0.053898927,-1.163899,-1.783899,-1.7038989,-1.3338989
-1.8438989,-2.2338989,-2.823899,-3.833899,-4.783899,-4.483899,-3.833899,-3.563899,-2.7738988,-1.8038989,-1.3038989,-0.9438989,-1.013899,-0.5238989,0.026101075,0.3961011,0.71610105,1.2961011,1.1461011,0.6061011,-0.16389893,-0.8838989,-1.633899,-2.2938988,-3.0038989,-3.473899,-3.7938988,-3.7538989,-3.7738988,-3.953899,-4.243899,-4.643899,-5.093899,-5.463899,-5.803899,-6.143899,-6.523899,-6.813899,-6.643899,-6.123899,-5.783899,-5.9238987,-7.443899,-7.3638988,-5.1538987,-5.773899,0.47610107,1.0761011,3.4761012,3.276101,2.896101,3.426101,3.416101,1.876101,1.4361011,-0.24389893,-1.1138989,-1.9238989,-2.343899,-2.9838989
-3.4838989,-4.103899,-3.943899,-3.8038988,-3.333899,-2.373899,-1.9938989,-2.863899,-2.2938988,-2.073899,-1.4838989,-1.4838989,-1.1738989,-0.67389894,-0.33389893,-0.13389893,0.26610106,0.49610108,0.47610107,-0.18389893,-0.8838989,-1.4438989,-2.183899,-2.833899,-3.203899,-3.373899,-3.623899,-3.7338989,-3.943899,-4.313899,-4.713899,-5.123899,-5.3638988,-5.533899,-5.763899,-6.103899,-6.103899,-6.023899,-5.643899,-5.513899,-5.623899,-6.233899,-8.043899,-7.293899,-4.833899,-2.883899,1.7661011,3.7261012,3.5061011,3.576101,1.5361011,0.35610107,0.33610108,0.9361011,-0.3238989,-0.7038989,-1.6738989,-3.0238988,-3.663899,-4.573899
-1.0938989,-1.8638989,-2.203899,-3.173899,-2.113899,-1.5938989,-2.423899,-2.203899,-2.2638988,-1.5738989,-1.1038989,-1.3238989,-1.0938989,-0.7138989,-0.66389894,-0.46389893,-0.06389893,0.4261011,0.14610107,-0.66389894,-1.7238989,-2.2838988,-2.473899,-2.633899,-2.933899,-3.423899,-3.673899,-3.973899,-4.183899,-4.493899,-4.843899,-5.003899,-5.103899,-5.333899,-5.443899,-5.553899,-5.753899,-5.733899,-5.693899,-5.943899,-6.413899,-6.793899,-7.163899,-6.1738987,-4.033899,-1.8138989,-0.90389895,-0.25389892,3.136101,-0.78389895,-0.44389892,-1.5938989,-1.9338989,-1.283899,-1.893899,-2.823899,-3.7538989,-5.033899,-4.833899,-5.273899
-1.1838989,-1.7938989,-2.463899,-2.673899,-0.67389894,-0.86389893,-1.623899,-2.103899,-1.8638989,-1.2238989,-1.8638989,-1.7038989,-1.263899,-1.513899,-1.7138989,-1.3038989,-0.49389893,0.07610107,-0.22389893,-0.8238989,-1.2338989,-1.9338989,-2.173899,-2.5038989,-2.683899,-3.5538988,-3.7338989,-4.123899,-4.503899,-4.6738987,-4.3838987,-4.083899,-4.213899,-4.683899,-6.033899,-5.663899,-5.353899,-5.793899,-5.793899,-5.843899,-5.553899,-5.433899,-5.1138988,-4.073899,-2.2838988,-1.133899,-1.7238989,-2.863899,0.16610107,0.7461011,-0.53389895,-1.5938989,-2.673899,-3.383899,-4.103899,-5.233899,-5.473899,-2.463899,-2.623899,-2.223899
-0.7638989,-1.773899,-2.583899,-0.72389895,-0.23389892,-1.4738989,-2.7838988,-2.633899,-2.833899,-2.7938988,-2.193899,-1.643899,-2.353899,-2.383899,-1.783899,-0.86389893,-0.47389892,-0.21389893,-0.5638989,-1.023899,-1.3138989,-1.6738989,-1.9438989,-2.5338988,-3.2938988,-3.833899,-4.393899,-4.963899,-4.973899,-4.473899,-3.843899,-3.683899,-3.7838988,-3.683899,-1.6838989,-3.123899,-4.6538987,-4.513899,-4.823899,-4.8638988,-4.713899,-4.063899,-3.0438988,-2.0038989,-1.283899,-1.7438989,-1.5538989,-3.103899,-2.723899,1.3261011,0.45610106,-1.6738989,-2.383899,-3.7638988,-4.6738987,-3.833899,-4.073899,-3.5438988,-2.183899,-0.78389895
-0.8138989,-0.86389893,-0.5638989,-0.42389894,-1.503899,-2.573899,-3.713899,-3.463899,-3.703899,-3.0338988,-1.4638989,-2.0038989,-2.423899,-2.343899,-1.3138989,-0.49389893,0.28610107,-0.19389893,-0.39389893,-0.7538989,-1.373899,-1.873899,-2.673899,-3.393899,-4.033899,-4.753899,-5.073899,-5.253899,-4.853899,-4.413899,-4.3638988,-3.913899,-3.433899,-2.593899,-2.583899,-3.723899,-3.0538988,-3.0538988,-2.4838989,-2.693899,-2.903899,-2.583899,-2.423899,-1.753899,-1.4938989,-1.4938989,-1.8138989,-2.2338989,-1.383899,0.036101073,0.006101074,-0.26389894,-2.913899,-3.813899,-4.063899,-3.073899,-2.163899,-0.49389893,2.626101,3.136101
-1.1938989,-1.1738989,-1.4738989,-1.9738989,-2.823899,-3.723899,-3.5338988,-3.603899,-3.473899,-2.813899,-2.313899,-2.603899,-2.703899,-1.263899,-0.90389895,-0.7038989,-0.6438989,-0.17389892,-0.06389893,-0.92389894,-0.8838989,-1.8038989,-3.063899,-3.7938988,-5.103899,-5.4238987,-5.193899,-4.793899,-4.443899,-4.303899,-3.943899,-3.133899,-1.8438989,-1.6738989,-0.54389894,-0.6938989,-2.2638988,-2.893899,-2.883899,-2.2838988,-1.7338989,-1.4938989,-1.4638989,-1.7138989,-0.8338989,-0.9638989,-0.53389895,-0.33389893,0.44610107,-0.60389894,-1.9638989,0.006101074,-1.1138989,-0.98389894,-0.80389893,1.7861011,3.296101,3.7561011,4.186101,4.046101
-1.873899,-1.9738989,-1.8638989,-2.2338989,-3.2838988,-3.673899,-2.5238988,-1.023899,-1.5538989,-1.8338989,-1.763899,-3.073899,-2.7438989,-1.8138989,-0.42389894,-0.06389893,-0.3238989,1.246101,1.6861011,1.0061011,-1.023899,-2.0438988,-3.713899,-5.1138988,-5.393899,-6.373899,-6.493899,-5.483899,-4.513899,-3.083899,-0.5038989,1.976101,3.1961012,3.416101,1.866101,0.6661011,-0.36389893,-1.163899,-1.9738989,-1.9338989,-1.253899,-1.123899,-1.4838989,-1.5638989,-0.8238989,-0.49389893,-0.083898924,1.1661011,0.41610107,-0.54389894,-1.3038989,-0.7038989,-0.5738989,2.806101,4.236101,4.606101,3.326101,4.276101,4.676101,4.6161013
