raw-data-f/2018100900.json
{"header": { "discipline":0, "disciplineName":"Meteorological products", "gribEdition":2, "gribLength":74598, "center":7, "centerName":"US National Weather Service - NCEP(WMC)", "subcenter":0, "refTime":"2018-10-09T00:00:00.000Z", "significanceOfRT":1, "significanceOfRTName":"Start of forecast", "productStatus":0, "productStatusName":"Operational products", "productType":1, "productTypeName":"Forecast products", "productDefinitionTemplate":0, "productDefinitionTemplateName":"Analysis/forecast at horizontal level/layer at a point in time", "parameterCategory":2, "parameterCategoryName":"Momentum", "parameterNumber":3, "parameterNumberName":"V-component_of_wind", "parameterUnit":"m.s-1", "genProcessType":2, "genProcessTypeName":"Forecast", "forecastTime":0, "surface1Type":103, "surface1TypeName":"Specified height level above ground", "surface1Value":10.0, "surface2Type":255, "surface2TypeName":"Missing", "surface2Value":0.0, "gridDefinitionTemplate":0, "gridDefinitionTemplateName":"Latitude_Longitude", "numberPoints":65160, "shape":6, "shapeName":"Earth spherical with radius of 6,371,229.0 m", "gridUnits":"degrees", "resolution":48, "winds":"true", "scanMode":0, "nx":360, "ny":181, "basicAngle":0, "lo1":0.0, "la1":90.0, "lo2":359.0, "la2":-90.0, "dx":1.0, "dy":1.0 }, "data":
[rows 130 to 155 of 181, columns 0 to 58 of 360]
-1.1190943,-1.2290943,-2.4090943,-3.7090943,-4.779094,-4.229094,-2.6090941,-0.8490942,0.6609058,1.9009057,1.2409058,-1.5690942,-3.6990943,-3.7890942,-1.9390942,-0.7090942,-0.91909426,-1.4490943,-6.1790943,-9.469094,-11.739094,-10.269094,-10.419094,-9.659094,-9.329094,-9.899095,-9.719094,-9.379094,-8.959094,-9.659094,-10.089094,-8.709094,-7.3290944,-7.5590944,-6.8690944,-6.6390944,-6.2390943,-5.8690944,-5.279094,-4.779094,-4.2190943,-2.9390943,-3.8890944,-3.4390943,-1.6490942,-0.8990942,-0.5990942,-0.7090942,-1.5490942,-1.5590942,0.34090576,1.4009057,2.1909058,3.2209058,4.1509056,4.2109056,4.270906,5.5909057,7.140906
-2.3190942,-2.3990943,-3.1690943,-4.729094,-5.569094,-5.209094,-3.7790942,-2.0890942,-0.5990942,1.1409057,1.9209057,0.50090575,-2.8090942,-4.649094,-3.5590942,-1.6590942,-0.08909424,-2.6290941,-7.459094,-9.489094,-9.299094,-10.199094,-8.829094,-9.189095,-10.309094,-9.709094,-9.299094,-8.799094,-8.409094,-8.759094,-8.639094,-9.039094,-8.909094,-7.649094,-7.069094,-5.689094,-6.4890943,-6.339094,-6.6590943,-4.8090944,-2.9790943,-1.6590942,-1.6390942,-1.2890942,-0.61909425,-0.44909424,-0.80909425,-1.3590943,-0.8390942,-0.7190942,0.93090576,2.3109057,3.3509057,3.9309058,3.9509058,4.2809057,5.660906,5.770906,5.8609056
-3.5590942,-3.9290943,-4.299094,-5.499094,-6.689094,-6.4090943,-4.8290944,-3.2990942,-1.8190942,-1.0590942,0.6509058,0.34090576,-2.3190942,-5.339094,-5.0390944,-2.7690942,1.7709057,-4.299094,-7.3890944,-9.139094,-8.679094,-8.009094,-9.219094,-11.179094,-12.209094,-10.869094,-9.969094,-9.189095,-8.659094,-8.409094,-8.929094,-9.249094,-8.209094,-7.6790943,-7.339094,-6.899094,-6.4490943,-6.0990944,-4.9690943,-4.069094,-3.6890943,-2.8690941,-2.1590943,-1.4690943,-0.92909425,-0.55909425,-0.85909426,-1.0290942,-1.0090942,-0.67909425,-0.37909424,1.9909058,3.0109057,3.6309059,3.6209059,3.7809057,2.7409058,3.9309058,4.750906
-3.2290943,-3.9690943,-4.629094,-5.9490943,-7.4690943,-7.6790943,-6.1590943,-4.529094,-3.2290943,-1.1890942,-0.16909423,0.09090576,-1.7690942,-5.919094,-6.999094,-5.479094,-2.3590941,-2.2590942,-7.249094,-8.289094,-9.109095,-8.829094,-8.919094,-8.589094,-9.179094,-10.129094,-9.799094,-9.2290945,-9.079094,-9.099094,-9.2290945,-9.879094,-8.739094,-8.009094,-7.249094,-6.6590943,-6.5190945,-6.0190945,-5.259094,-4.339094,-3.3590941,-2.5890942,-1.9390942,-1.4190942,-1.2190943,-0.93909425,-0.92909425,-1.3190942,-1.5890943,-1.3890942,-1.2890942,-1.1790942,-1.2190943,-0.74909425,-0.17909424,0.30090576,1.0509057,2.5209057,4.310906
-3.5790942,-3.6690943,-4.359094,-5.689094,-7.359094,-8.419094,-7.509094,-5.749094,-4.5190945,-3.2690942,-1.4790943,-0.75909424,-1.6290942,-4.479094,-7.5790944,-7.4090943,-5.359094,-2.3390942,-7.419094,-7.649094,-8.9790945,-9.589094,-10.079094,-9.429094,-8.779095,-8.769094,-9.239094,-9.399095,-8.869094,-8.859095,-9.209094,-9.549094,-9.209094,-8.459094,-7.7390943,-6.979094,-6.4290943,-5.979094,-5.3490944,-4.6390944,-3.7190943,-2.6590943,-1.7290943,-0.79909426,-0.43909425,-0.93909425,-1.5490942,-1.9390942,-2.1890943,-2.1790943,-1.9490943,-1.7690942,-2.2790942,-2.8990943,-2.5290942,-1.4690943,0.07090576,1.6709057,3.0809057
-4.069094,-4.259094,-4.279094,-4.7890944,-6.5790944,-8.449094,-8.429094,-6.979094,-5.7390943,-4.249094,-2.6890943,-1.9390942,-1.8090942,-3.1390944,-6.7690945,-8.739094,-7.5390944,-6.5590944,-4.799094,-8.449094,-8.079094,-8.969094,-9.759094,-10.419094,-9.529095,-8.919094,-8.069095,-7.779094,-7.959094,-8.409094,-9.059094,-9.159094,-9.309094,-9.139094,-8.469094,-7.729094,-7.109094,-6.4290943,-5.689094,-4.9090943,-4.029094,-3.2290943,-2.2290943,-1.0290942,-1.1090943,-1.1690942,-1.6090943,-1.9890943,-2.3390942,-2.3290942,-2.0190942,-2.3690941,-3.3590941,-3.6090941,-3.3990943,-2.6290941,-1.2090943,0.20090576,1.4809058
-3.5190942,-5.029094,-5.729094,-5.8490944,-6.2190943,-7.5190945,-8.739094,-8.409094,-6.6390944,-5.4890943,-3.8290942,-2.4490943,-2.2090943,-2.6990943,-5.2890944,-7.749094,-8.949094,-8.329094,-7.7690945,-7.229094,-8.9790945,-9.209094,-8.239094,-8.749094,-9.2290945,-9.419094,-9.099094,-8.529095,-7.7190943,-7.419094,-7.549094,-7.779094,-7.819094,-7.7390943,-8.019094,-8.059094,-7.729094,-7.1190944,-6.439094,-5.5390944,-4.4490943,-3.4690943,-2.1590943,-1.4290942,-1.1090943,-1.1690942,-1.7690942,-2.3490942,-2.4190943,-2.2690942,-2.4290943,-2.9890943,-3.4690943,-4.0190945,-3.9890943,-3.6490943,-2.7490942,-1.2390943,0.34090576
-3.6390944,-4.759094,-5.6990943,-6.759094,-7.419094,-7.8690944,-8.789094,-9.219094,-7.649094,-6.3090944,-5.4890943,-4.259094,-2.7690942,-2.2190943,-3.8290942,-6.589094,-8.539094,-9.599094,-9.499094,-8.849094,-8.809094,-9.089094,-9.7290945,-9.539094,-8.779095,-9.069095,-9.2290945,-8.769094,-8.519094,-8.409094,-7.9490943,-7.6790943,-6.919094,-6.359094,-6.499094,-6.8290944,-7.189094,-7.7390943,-7.6390944,-6.3890944,-5.1990943,-4.109094,-3.4590943,-2.7590942,-2.6290941,-2.7390943,-2.6890943,-2.5790942,-2.5190942,-2.7990942,-3.3590941,-3.9290943,-4.2890944,-4.419094,-4.569094,-4.3690944,-3.4490943,-2.0290942,-0.50909424
-3.9390943,-5.759094,-6.8890944,-6.8290944,-7.939094,-8.239094,-8.469094,-9.119094,-8.579094,-6.8890944,-6.009094,-5.359094,-4.4290943,-3.2990942,-2.6490943,-4.4890943,-6.879094,-8.589094,-9.759094,-10.619094,-9.9790945,-8.999094,-9.609095,-9.709094,-10.179094,-10.379094,-9.409094,-8.819095,-8.579094,-8.7290945,-8.219094,-7.6390944,-7.6590943,-7.5790944,-7.0590944,-6.729094,-6.629094,-6.9090943,-6.899094,-6.259094,-5.499094,-4.6990943,-3.9390943,-3.5090942,-3.4190943,-3.2090943,-2.9090943,-2.5290942,-2.7190943,-3.2890942,-4.0590944,-4.999094,-5.7690945,-6.029094,-5.6190944,-4.5590944,-3.6290941,-2.7490942,-1.0990943
-3.2690942,-5.6390944,-7.609094,-8.629094,-8.069095,-8.919094,-9.339094,-9.149095,-9.219094,-8.719094,-6.759094,-6.109094,-5.4490943,-4.479094,-3.4390943,-3.5090942,-4.9090943,-7.0590944,-8.279095,-9.259094,-10.269094,-10.899095,-9.559094,-9.529095,-10.089094,-10.539094,-10.639094,-10.009094,-8.9790945,-8.349094,-7.4090943,-7.109094,-7.0990944,-6.7690945,-6.6590943,-6.8890944,-7.189094,-7.3490944,-6.9690943,-6.5790944,-6.129094,-5.589094,-5.029094,-4.4290943,-3.9390943,-3.6190941,-3.4290943,-3.2590942,-2.9990942,-3.2390943,-4.1390944,-5.5590944,-6.8690944,-7.1790943,-6.4090943,-5.529094,-4.399094,-2.9790943,-1.0590942
-3.4190943,-5.129094,-7.3890944,-9.529095,-9.879094,-9.649095,-10.699094,-10.919094,-10.659094,-9.589094,-8.609095,-6.439094,-5.7690945,-5.1190944,-4.6390944,-4.3890944,-3.9090943,-4.819094,-6.9090943,-8.329094,-9.439095,-9.839094,-10.739094,-10.519094,-9.379094,-9.849094,-9.849094,-9.929094,-10.089094,-9.399095,-8.319095,-7.3090944,-6.8490944,-6.779094,-6.7190943,-6.799094,-6.879094,-6.8290944,-6.439094,-5.939094,-5.609094,-5.339094,-5.0990944,-4.7390943,-4.3890944,-3.6790943,-2.9990942,-2.7290943,-2.6290941,-2.9390943,-3.9990942,-5.649094,-7.529094,-8.109095,-7.399094,-6.109094,-4.6790943,-2.9090943,-1.6190943
-2.1490943,-3.9790943,-5.459094,-8.199094,-10.499094,-10.629094,-10.969094,-11.569095,-11.409094,-10.969094,-9.629094,-8.029095,-5.9090943,-4.339094,-3.5490942,-3.4490943,-3.9390943,-4.259094,-5.049094,-6.8290944,-8.579094,-9.459094,-9.869094,-10.109095,-10.889094,-10.569095,-9.989094,-9.819095,-9.019094,-8.589094,-8.499094,-8.209094,-7.8690944,-7.1790943,-6.5390944,-6.339094,-6.3290944,-6.189094,-5.8690944,-5.1990943,-4.529094,-4.1190944,-3.8290942,-3.6490943,-3.5090942,-3.2390943,-2.8690941,-2.6890943,-2.7790942,-3.2490942,-3.9490943,-5.859094,-7.859094,-8.259094,-7.3490944,-5.9090943,-4.379094,-2.8490942,-1.4690943
5.6109056,1.5409057,-3.7390943,-6.569094,-8.469094,-9.949094,-11.129094,-11.169094,-11.399095,-11.319095,-10.039094,-8.289094,-6.319094,-5.009094,-4.0190945,-3.5290942,-4.1390944,-4.9290943,-5.4490943,-4.9090943,-6.4090943,-7.7690945,-8.909094,-9.829094,-10.469094,-10.849094,-10.789094,-10.689095,-10.329094,-9.679094,-8.749094,-7.8690944,-7.4490943,-7.0590944,-6.8090944,-6.779094,-6.189094,-6.089094,-6.049094,-5.6590943,-5.0390944,-4.609094,-4.209094,-3.8290942,-3.3390942,-2.9290943,-2.7790942,-2.7390943,-2.7990942,-3.4190943,-4.729094,-6.4690943,-7.379094,-7.5990944,-6.859094,-5.5790944,-3.9690943,-2.3190942,-0.63909423
5.4809055,4.1109056,3.3109057,0.5409058,-3.3790941,-6.2190943,-8.469094,-10.599094,-11.639094,-10.689095,-8.769094,-6.9690943,-5.689094,-4.3290944,-4.1190944,-4.1190944,-3.7890942,-3.6390944,-4.459094,-5.629094,-5.919094,-6.4490943,-7.4090943,-8.049094,-8.699094,-9.219094,-9.799094,-10.029095,-9.9790945,-9.629094,-9.019094,-8.429094,-7.819094,-6.939094,-6.339094,-6.089094,-5.8490944,-5.499094,-4.819094,-4.1190944,-3.4890943,-2.9090943,-2.5390942,-2.2990942,-2.2890942,-2.3590941,-2.6490943,-2.9690943,-3.6390944,-5.1790943,-6.1390944,-6.729094,-6.4690943,-6.259094,-5.629094,-4.4290943,-2.4290943,-0.73909426,0.58090574
5.9209056,4.8409057,3.1809058,2.9809058,2.1409059,-0.91909426,-3.1290941,-5.5990944,-7.5390944,-7.1190944,-6.609094,-6.5190945,-5.4490943,-4.779094,-4.649094,-4.7390943,-4.4490943,-2.8790941,-1.8590943,-3.3490942,-5.359094,-5.9690943,-6.279094,-6.249094,-6.479094,-7.049094,-7.7390943,-8.379094,-8.519094,-8.399095,-8.009094,-7.549094,-6.9690943,-6.3090944,-5.8290944,-5.319094,-4.7390943,-4.3090944,-3.6090941,-3.1790943,-2.7190943,-2.3090942,-2.0490942,-1.9590943,-2.0190942,-2.3490942,-3.0890942,-4.249094,-5.609094,-6.779094,-6.709094,-5.569094,-4.7890944,-3.9890943,-2.9290943,-2.4690943,-1.1190943,0.6009058,1.8709058
7.240906,5.1309056,3.8509057,2.0509057,1.8809057,0.80090576,-4.2390943,-5.6590943,-6.799094,-7.259094,-7.109094,-6.5790944,-6.7690945,-6.819094,-5.979094,-4.689094,-3.3890944,-1.9390942,-0.75909424,-0.40909424,-1.1090943,-2.3990943,-3.6890943,-4.339094,-4.9090943,-5.299094,-5.6390944,-5.979094,-6.1190944,-6.2390943,-6.249094,-5.939094,-5.5790944,-5.259094,-4.939094,-4.689094,-4.3490944,-4.0190945,-3.7990942,-3.5890942,-3.3190942,-2.9790943,-2.7190943,-2.5790942,-2.7390943,-3.4690943,-4.9290943,-6.2690945,-6.549094,-6.0990944,-5.279094,-4.1190944,-2.7190943,-1.0490942,0.6509058,2.0109057,3.2209058,4.5909057,5.3209057
7.830906,8.140905,7.470906,5.520906,2.3209057,1.8209058,0.70090574,-2.6790943,-5.069094,-5.9890943,-6.7890944,-7.3490944,-6.8290944,-5.609094,-4.479094,-3.8890944,-3.3990943,-2.7690942,-2.0890942,-1.4290942,-1.0790943,-1.1090943,-1.4490943,-1.9090942,-2.2090943,-3.0490942,-3.7490942,-4.189094,-4.479094,-4.669094,-4.759094,-4.8290944,-4.729094,-4.549094,-4.3490944,-4.129094,-3.8690941,-3.6190941,-3.5290942,-3.5690942,-3.6490943,-3.5690942,-3.5990942,-4.1390944,-5.2190943,-6.6590943,-7.2390943,-7.1190944,-6.1190944,-4.569094,-2.4990942,-0.6490942,1.2009058,2.6609058,3.6009057,4.680906,5.8609056,6.1309056,6.3009057
8.350905,8.820906,8.830906,8.700906,8.040906,6.890906,4.850906,1.6409057,-1.4090942,-2.9890943,-3.7390943,-4.359094,-4.279094,-3.9790943,-3.5190942,-2.9590943,-2.5090942,-2.3390942,-2.2990942,-2.3690941,-2.3490942,-2.3090942,-2.3490942,-2.4390943,-2.4590943,-2.6890943,-2.7390943,-2.5790942,-2.8290942,-3.1890943,-3.6990943,-4.0790944,-4.069094,-3.7690942,-3.3590941,-2.9790943,-2.8290942,-2.6190941,-2.6890943,-3.1490943,-3.6790943,-4.3690944,-5.4890943,-7.089094,-8.329094,-8.139094,-7.3490944,-5.799094,-3.7990942,-2.1590943,-0.72909427,0.83090574,2.9709058,4.890906,5.8009057,5.750906,5.930906,6.890906,7.540906
6.9609056,7.330906,7.830906,8.140905,8.200906,8.210906,7.850906,7.080906,6.000906,4.6909056,3.6209059,2.9009058,2.4609058,2.3309057,2.2309058,2.4609058,2.3509057,2.1609058,2.1209059,1.9509058,1.3509058,0.48090577,-0.029094238,-0.37909424,-1.1390942,-1.7490942,-2.1690943,-2.2190943,-2.2290943,-2.3790941,-2.6090941,-3.0290942,-3.7090943,-3.1390944,-2.1690943,-1.7890942,-2.0890942,-2.1790943,-2.3390942,-2.7990942,-3.4390943,-5.069094,-7.839094,-9.269094,-9.219094,-7.819094,-5.649094,-4.8090944,-3.7390943,-1.8390943,1.2609057,3.1209059,4.4209056,5.100906,5.6709056,6.370906,6.350906,7.850906,9.100905
5.6509056,5.930906,6.310906,6.5109057,6.5909057,6.1709056,5.9809055,6.100906,5.9609056,5.5309057,4.9809055,4.680906,4.640906,4.640906,4.950906,5.2609057,5.2309055,5.1109056,4.740906,4.290906,4.6109056,4.540906,3.9509058,3.9209058,3.9209058,2.7409058,0.67090577,-0.98909426,-1.8590943,-2.8090942,-3.5490942,-3.7490942,-3.3990943,-2.4790943,-1.9090942,-1.6990943,-2.4090943,-2.5990942,-2.9190943,-3.8790941,-5.0590944,-5.9090943,-6.4890943,-5.9290943,-5.029094,-4.2190943,-3.6290941,-3.4490943,-2.6790943,-0.60909426,0.33090577,1.7509058,2.7009058,3.2809057,3.7109058,4.200906,5.0909057,5.6909056,5.790906
5.0509057,5.1309056,5.180906,5.250906,5.2609057,5.3809056,5.390906,5.3009057,5.0509057,4.910906,4.8409057,4.6709056,4.520906,4.470906,4.470906,4.600906,4.660906,4.870906,5.0709057,5.270906,5.810906,6.020906,5.600906,5.0309057,4.4209056,3.8709059,3.7509058,3.1609058,1.1009058,-1.4290942,-2.7490942,-2.9290943,-3.0690942,-3.0490942,-2.8290942,-2.6090941,-2.6690943,-2.5190942,-2.3590941,-2.2290943,-2.5890942,-3.4390943,-4.2890944,-4.839094,-4.799094,-4.3690944,-3.4190943,-2.8090942,-2.1190941,-0.9590942,0.55090576,1.9209057,2.6309059,2.9509058,3.0109057,3.0709057,3.5009058,4.240906,5.0309057
4.3809056,4.410906,4.600906,4.6709056,4.6309056,4.6109056,4.500906,4.350906,4.270906,4.120906,4.040906,4.000906,4.0109057,4.0509057,4.1709056,4.3409057,4.5709057,4.8209057,5.0709057,5.1909056,5.3209057,5.5509057,5.7109056,5.9409056,5.790906,4.850906,3.3809059,1.4209057,-1.1390942,-2.3890944,-3.3490942,-3.5490942,-3.8490942,-3.9290943,-3.9290943,-3.5790942,-2.6290941,-2.4390943,-2.3990943,-2.5090942,-2.6990943,-3.1390944,-3.8290942,-4.4690943,-4.439094,-4.259094,-3.6590943,-3.0290942,-2.0990942,-0.7690942,0.81090575,1.9209057,2.5409057,2.8809059,3.0609057,3.2209058,3.5809057,3.9709058,4.620906
3.5609057,3.6609058,3.7009058,3.7209058,3.7609057,3.7509058,3.7909057,3.7909057,3.8109057,3.8109057,3.8009057,3.8209057,3.8609056,3.9009058,3.9909058,4.1109056,4.2809057,4.470906,4.7609057,5.040906,5.370906,5.680906,6.1109056,6.3609056,6.600906,6.810906,6.660906,3.1609058,-3.0190942,-3.5390942,-4.379094,-5.2190943,-5.249094,-5.0390944,-4.629094,-3.9590943,-3.6790943,-3.1790943,-2.8390942,-2.4990942,-2.3590941,-2.4990942,-2.8690941,-3.1790943,-3.3390942,-3.3890944,-3.1490943,-2.5990942,-1.6890942,-0.32909423,0.9809058,1.8109058,2.3509057,2.6709058,2.8209057,2.9609058,3.0909057,3.4209058,4.2809057
2.6409059,2.8309057,2.9509058,2.9809058,2.9909058,3.0609057,3.1509058,3.2309058,3.3109057,3.4209058,3.5009058,3.5609057,3.6309059,3.7209058,3.8109057,3.9509058,4.1309056,4.350906,4.5909057,4.8809056,5.290906,5.680906,6.0509057,6.4809055,6.9809055,7.5309057,7.830906,7.9009056,6.430906,2.3009057,-0.93909425,-2.4090943,-3.1290941,-3.5290942,-3.8990943,-4.0790944,-3.6890943,-3.6090941,-3.3390942,-2.9190943,-2.8890944,-3.0290942,-3.2290943,-3.3690941,-3.3490942,-3.1390944,-2.7690942,-2.1390944,-1.1490942,0.040905762,0.9609058,1.5909058,2.0409057,2.3109057,2.5109057,2.6609058,2.8509057,3.2009058,3.5709057
1.8709058,2.1509058,2.3709059,2.5409057,2.6209059,2.6409059,2.6509058,2.7009058,2.8509057,3.0109057,3.1309059,3.2809057,3.3309057,3.4009058,3.4409058,3.5309057,3.6309059,3.8209057,4.080906,4.330906,4.640906,4.9409056,5.310906,5.720906,6.000906,6.220906,6.3609056,6.350906,5.6909056,4.1509056,2.4709058,0.7109058,-0.92909425,-2.0090942,-2.6590943,-3.1990943,-3.2090943,-2.6690943,-2.8590941,-3.0890942,-3.2090943,-3.2490942,-3.2690942,-3.2490942,-3.1190941,-2.8490942,-2.3790941,-1.6690942,-0.7190942,0.18090576,0.88090575,1.3509058,1.6909058,1.9309058,2.2809057,2.7109058,3.1409059,3.5309057,3.9009058
1.6109058,2.0809057,2.4109058,2.4909058,2.4109058,2.3309057,2.3209057,2.3809059,2.4609058,2.6209059,2.8809059,3.0909057,3.1609058,3.2409058,3.3509057,3.3809059,3.3309057,3.3109057,3.4209058,3.6509058,3.8909059,4.0909057,4.2809057,4.450906,4.6109056,4.750906,4.8209057,4.720906,4.5509057,4.3609056,3.6509058,2.3409057,1.0909058,-0.06909424,-1.1190943,-1.7690942,-1.9390942,-2.3290942,-2.7090943,-2.9090943,-3.0490942,-3.1290941,-3.0990942,-2.9890943,-2.7490942,-2.3690941,-1.8490943,-1.1890942,-0.43909425,0.23090576,0.8409058,1.4009057,1.6209058,1.9609058,2.8509057,3.3809059,3.6609058,4.120906,4.5509057
