raw-data-f/2018100900.json
{"header": { "discipline":0, "disciplineName":"Meteorological products", "gribEdition":2, "gribLength":74807, "center":7, "centerName":"US National Weather Service - NCEP(WMC)", "subcenter":0, "refTime":"2018-10-09T00:00:00.000Z", "significanceOfRT":1, "significanceOfRTName":"Start of forecast", "productStatus":0, "productStatusName":"Operational products", "productType":1, "productTypeName":"Forecast products", "productDefinitionTemplate":0, "productDefinitionTemplateName":"Analysis/forecast at horizontal level/layer at a point in time", "parameterCategory":2, "parameterCategoryName":"Momentum", "parameterNumber":2, "parameterNumberName":"U-component_of_wind", "parameterUnit":"m.s-1", "genProcessType":2, "genProcessTypeName":"Forecast", "forecastTime":0, "surface1Type":103, "surface1TypeName":"Specified height level above ground", "surface1Value":10.0, "surface2Type":255, "surface2TypeName":"Missing", "surface2Value":0.0, "gridDefinitionTemplate":0, "gridDefinitionTemplateName":"Latitude_Longitude", "numberPoints":65160, "shape":6, "shapeName":"Earth spherical with radius of 6,371,229.0 m", "gridUnits":"degrees", "resolution":48, "winds":"true", "scanMode":0, "nx":360, "ny":181, "basicAngle":0, "lo1":0.0, "la1":90.0, "lo2":359.0, "la2":-90.0, "dx":1.0, "dy":1.0 }, "data":
[rows 104 to 129 of 181, columns 58 to 115 of 360]
-5.329961,-4.749961,-5.079961,-6.049961,-6.629961,-7.1599607,-7.039961,-6.829961,-7.019961,-7.419961,-7.599961,-7.169961,-6.9499607,-8.229961,-8.429961,-8.6899605,-8.269961,-7.799961,-7.509961,-7.1799607,-6.749961,-6.589961,-7.039961,-7.1999607,-7.739961,-7.439961,-7.939961,-8.389961,-8.109961,-8.099961,-7.599961,-6.739961,-5.999961,-5.559961,-4.939961,-4.359961,-3.889961,-4.149961,-4.299961,-4.609961,-5.489961,-6.789961,-7.419961,-7.609961,-7.559961,-7.669961,-7.279961,-7.099961,-6.169961,-5.6999607,-5.219961,-4.729961,-4.139961,-3.509961,-2.7899609,-2.089961,-1.3899609,-0.86996096
-5.539961,-5.009961,-5.129961,-5.4499607,-6.069961,-6.579961,-6.549961,-6.249961,-7.029961,-7.509961,-7.1999607,-6.9499607,-7.099961,-7.259961,-7.529961,-7.959961,-7.769961,-7.209961,-7.129961,-6.569961,-6.259961,-5.339961,-6.229961,-6.379961,-7.349961,-7.389961,-8.299961,-8.659961,-7.749961,-7.839961,-7.519961,-6.9499607,-6.229961,-5.9099607,-4.759961,-3.7699609,-3.449961,-3.109961,-3.609961,-4.089961,-5.829961,-7.4099607,-7.809961,-8.229961,-8.349961,-8.069961,-7.579961,-6.829961,-6.339961,-5.759961,-5.289961,-4.6599607,-4.009961,-3.229961,-2.379961,-1.549961,-0.9899609,-0.46996093
-5.469961,-5.319961,-5.339961,-5.329961,-5.919961,-6.109961,-6.209961,-6.289961,-7.499961,-8.059961,-7.6999607,-7.539961,-7.239961,-6.899961,-6.969961,-7.469961,-7.229961,-6.689961,-6.539961,-6.019961,-5.549961,-4.829961,-5.1799607,-6.209961,-7.019961,-7.649961,-7.839961,-8.389961,-7.609961,-7.479961,-7.479961,-6.9499607,-6.439961,-5.959961,-5.1999607,-3.8199608,-2.469961,-2.719961,-3.709961,-4.9299607,-6.109961,-8.549961,-8.809961,-8.529961,-8.549961,-8.519961,-8.059961,-7.109961,-6.519961,-6.089961,-5.379961,-4.749961,-3.8199608,-3.129961,-2.189961,-1.189961,-0.61996096,0.09003906
-5.589961,-5.789961,-5.489961,-5.349961,-5.9299607,-5.989961,-6.039961,-6.629961,-7.969961,-7.609961,-7.1799607,-7.299961,-6.919961,-6.769961,-7.089961,-7.169961,-6.9499607,-6.289961,-5.959961,-5.249961,-5.239961,-4.119961,-3.709961,-5.149961,-7.309961,-7.869961,-8.319961,-7.959961,-7.719961,-7.809961,-7.399961,-6.879961,-6.329961,-6.529961,-6.269961,-4.739961,-2.669961,-3.249961,-4.309961,-4.509961,-6.599961,-8.019961,-9.179961,-8.809961,-8.949961,-8.199961,-7.839961,-7.459961,-6.819961,-6.069961,-5.1999607,-4.479961,-3.5699608,-2.979961,-1.949961,-1.049961,-0.17996094,0.48003906
-6.4299607,-6.029961,-5.959961,-5.439961,-6.269961,-6.829961,-6.389961,-8.289961,-8.349961,-7.899961,-6.979961,-6.819961,-6.4099607,-6.389961,-6.6999607,-6.769961,-6.509961,-5.869961,-5.589961,-4.789961,-4.189961,-4.059961,-2.499961,-5.459961,-6.399961,-8.489961,-7.259961,-6.669961,-7.109961,-7.1999607,-7.289961,-7.109961,-6.4099607,-6.599961,-6.729961,-5.549961,-4.269961,-5.089961,-5.339961,-6.9299607,-8.359961,-9.239961,-9.329961,-8.729961,-8.429961,-8.129961,-7.419961,-6.869961,-6.6599607,-5.669961,-4.539961,-3.729961,-3.0799608,-2.489961,-1.7599609,-0.93996096,0.040039062,0.81003904
-6.979961,-6.829961,-6.319961,-5.689961,-6.6799607,-7.829961,-7.969961,-8.289961,-8.029961,-7.989961,-7.1799607,-6.799961,-6.389961,-6.509961,-7.119961,-6.359961,-5.849961,-5.4099607,-5.029961,-4.339961,-3.719961,-3.449961,-3.619961,-6.029961,-7.459961,-8.069961,-7.559961,-6.919961,-7.459961,-6.959961,-7.139961,-6.759961,-6.619961,-6.629961,-6.729961,-5.939961,-4.809961,-5.149961,-8.619961,-10.609961,-9.709961,-9.919961,-9.629961,-8.139961,-7.879961,-7.579961,-7.129961,-6.579961,-5.9499607,-5.239961,-3.859961,-3.0499609,-2.499961,-1.9599609,-1.4599609,-0.68996096,0.27003905,1.210039
-5.6799607,-6.979961,-7.669961,-7.9099607,-7.919961,-8.709961,-8.109961,-7.939961,-7.849961,-7.729961,-7.229961,-6.9299607,-6.459961,-6.4499607,-6.249961,-5.869961,-5.549961,-4.829961,-4.189961,-3.639961,-3.349961,-3.719961,-5.209961,-6.219961,-7.419961,-8.509961,-7.9099607,-7.539961,-6.749961,-6.379961,-5.899961,-6.029961,-6.499961,-6.479961,-6.329961,-6.099961,-4.789961,-4.039961,-6.039961,-8.989961,-8.839961,-9.4399605,-8.499961,-7.639961,-7.509961,-7.239961,-6.069961,-5.319961,-4.719961,-4.339961,-3.589961,-2.839961,-2.0399609,-1.6099609,-1.3599609,-0.5499609,0.61003906,1.6600391
-6.459961,-6.889961,-8.6499605,-8.979961,-8.8999605,-8.329961,-7.689961,-7.4499607,-7.279961,-7.189961,-7.069961,-6.609961,-6.019961,-5.9299607,-5.639961,-5.4299607,-5.259961,-4.4099607,-3.659961,-3.169961,-3.359961,-4.229961,-5.969961,-7.4299607,-8.759961,-7.589961,-7.549961,-6.489961,-5.919961,-4.729961,-4.6999607,-5.589961,-6.019961,-6.849961,-6.779961,-5.369961,-4.549961,-3.469961,-5.279961,-6.819961,-8.079961,-8.609961,-7.799961,-7.529961,-7.439961,-7.059961,-5.609961,-4.249961,-3.989961,-3.699961,-2.939961,-2.669961,-2.149961,-1.6199609,-0.94996095,-0.42996094,0.55003905,1.9900391
-6.9299607,-7.4499607,-9.289961,-8.539961,-7.879961,-7.329961,-6.779961,-6.4299607,-6.359961,-6.629961,-6.499961,-6.149961,-6.149961,-6.009961,-5.499961,-5.129961,-4.649961,-4.279961,-3.629961,-3.259961,-3.429961,-4.399961,-6.969961,-8.519961,-7.709961,-6.959961,-6.879961,-5.799961,-4.969961,-4.139961,-4.049961,-5.619961,-6.649961,-6.729961,-6.719961,-5.279961,-4.109961,-3.599961,-4.069961,-5.4299607,-8.099961,-7.849961,-7.119961,-6.539961,-6.629961,-6.389961,-5.129961,-3.749961,-3.109961,-2.919961,-2.3299608,-2.509961,-2.119961,-1.7199609,-0.7199609,-0.13996094,0.55003905,0.73003906
-6.969961,-7.969961,-8.599961,-7.759961,-6.769961,-5.709961,-5.1999607,-4.9099607,-5.209961,-5.209961,-5.669961,-5.539961,-5.119961,-4.919961,-4.829961,-4.369961,-4.049961,-4.229961,-4.1799607,-3.599961,-3.459961,-3.919961,-6.709961,-6.969961,-7.119961,-6.9099607,-6.339961,-5.689961,-4.919961,-4.1799607,-3.199961,-5.899961,-6.439961,-6.609961,-5.749961,-4.309961,-3.159961,-3.149961,-4.359961,-6.029961,-6.829961,-6.879961,-6.649961,-5.509961,-4.999961,-5.489961,-4.529961,-3.5799608,-2.8299608,-2.639961,-1.939961,-1.799961,-1.819961,-1.3799609,-0.31996095,-0.48996094,0.5200391,0.38003907
-5.609961,-7.919961,-7.879961,-6.989961,-5.9499607,-4.6599607,-3.699961,-3.0599608,-2.709961,-4.309961,-4.399961,-4.549961,-4.739961,-4.4499607,-4.379961,-4.339961,-4.149961,-4.209961,-4.549961,-4.6599607,-4.389961,-2.879961,-6.479961,-6.109961,-6.109961,-6.439961,-5.999961,-5.4099607,-4.129961,-4.129961,-4.259961,-5.069961,-6.359961,-6.339961,-5.529961,-4.249961,-2.719961,-3.719961,-4.439961,-5.6599607,-7.399961,-7.819961,-6.549961,-5.589961,-4.019961,-4.829961,-4.399961,-3.349961,-2.459961,-2.439961,-1.689961,-1.779961,-1.7699609,-1.1199609,0.050039064,-0.109960936,0.32003906,1.5300391
-7.489961,-8.8999605,-7.559961,-6.579961,-4.689961,-4.419961,-4.629961,-4.209961,-3.0199609,-4.049961,-4.019961,-3.009961,-3.009961,-3.8299608,-4.189961,-4.219961,-4.839961,-4.669961,-4.289961,-4.519961,-4.329961,-4.329961,-5.289961,-5.099961,-5.009961,-5.239961,-5.439961,-5.319961,-5.049961,-4.059961,-2.929961,-3.909961,-7.079961,-6.069961,-5.469961,-4.599961,-3.0799608,-2.0699608,-3.3099608,-7.569961,-8.329961,-6.739961,-5.359961,-4.109961,-4.229961,-5.069961,-3.879961,-2.949961,-2.709961,-2.339961,-1.2499609,-1.3699609,-1.4899609,-0.31996095,0.80003905,1.210039,1.6300391,2.9700391
-8.549961,-8.1899605,-7.389961,-6.279961,-5.279961,-3.709961,-3.679961,-4.129961,-3.379961,-3.089961,-3.229961,-2.629961,-2.919961,-3.239961,-3.739961,-3.5699608,-3.649961,-3.919961,-3.669961,-3.589961,-3.5299609,-2.7799609,-2.979961,-3.0599608,-3.7999609,-3.839961,-4.689961,-4.669961,-4.489961,-3.959961,-4.819961,-5.749961,-6.089961,-6.019961,-5.369961,-5.069961,-4.739961,-7.009961,-7.609961,-8.139961,-6.569961,-4.419961,-3.869961,-4.479961,-5.559961,-4.549961,-2.699961,-2.359961,-3.229961,-2.469961,-1.049961,3.90625E-5,-0.20996094,0.60003906,1.8600391,2.590039,2.090039,2.320039
-8.019961,-7.1599607,-6.389961,-5.599961,-5.169961,-5.309961,-5.439961,-3.969961,-3.0199609,-1.3399609,-1.409961,-1.909961,-2.929961,-2.659961,-2.709961,-3.409961,-2.839961,-2.7699609,-2.889961,-3.209961,-2.7699609,-2.119961,-1.899961,-0.82996094,-2.879961,-3.509961,-3.509961,-4.219961,-3.969961,-3.699961,-3.739961,-3.8199608,-4.539961,-5.009961,-5.209961,-5.1599607,-5.189961,-5.999961,-6.589961,-6.359961,-5.339961,-4.279961,-4.4299607,-6.049961,-5.9099607,-4.539961,-4.569961,-4.259961,-4.089961,-2.419961,-1.289961,-0.33996093,0.29003906,1.060039,2.4300392,3.000039,2.490039,4.270039
-7.009961,-6.739961,-6.4299607,-6.4499607,-6.119961,-6.709961,-6.209961,-4.829961,-3.7699609,-2.219961,-3.119961,-2.859961,-3.0399609,-4.229961,-4.009961,-3.649961,-2.409961,-1.689961,-1.5099609,-1.2399609,-1.569961,-2.089961,-1.309961,0.11003906,-0.21996094,-2.0499609,-2.5599608,-2.679961,-2.609961,-2.399961,-3.2899609,-2.499961,-1.899961,-3.179961,-4.629961,-5.1799607,-4.239961,-3.7699609,-4.1799607,-4.779961,-5.6999607,-7.259961,-7.889961,-6.9099607,-5.609961,-5.319961,-4.569961,-3.989961,-3.169961,-2.2899609,-1.289961,-0.74996096,0.18003906,0.91003907,2.490039,3.570039,3.260039,0.5300391
-6.569961,-6.349961,-6.879961,-7.479961,-7.359961,-6.9499607,-6.1799607,-4.999961,-3.959961,-3.2999609,-2.499961,-2.199961,-2.419961,-3.499961,-4.009961,-3.999961,-3.599961,-2.379961,-0.27996093,0.100039065,0.27003905,0.42003906,0.010039062,0.54003906,2.490039,0.15003906,-1.8599609,-2.229961,-1.949961,-2.3099608,-3.0399609,-2.7799609,-2.259961,-1.559961,-3.449961,-5.329961,-3.999961,-3.249961,-3.889961,-5.1599607,-7.289961,-7.579961,-7.129961,-6.6799607,-6.169961,-5.559961,-4.959961,-4.299961,-3.359961,-2.459961,-1.309961,-0.51996094,0.47003907,1.6200391,2.120039,3.9300392,3.280039,-3.489961
-7.339961,-6.169961,-5.759961,-7.119961,-6.629961,-5.629961,-4.369961,-3.659961,-3.5499609,-3.3099608,-3.5299609,-4.039961,-4.189961,-4.569961,-4.129961,-3.149961,-2.8299608,-1.909961,-1.2299609,-1.039961,1.590039,2.640039,1.550039,0.80003905,0.060039062,0.5800391,0.25003907,-1.7599609,-0.9099609,-1.649961,-1.9899609,-2.679961,-3.0799608,-2.749961,-4.549961,-4.639961,-3.719961,-3.109961,-3.229961,-5.9299607,-7.219961,-7.329961,-6.939961,-6.469961,-5.9299607,-5.479961,-4.969961,-4.009961,-3.209961,-2.249961,-1.149961,-0.67996097,1.330039,0.82003903,2.280039,2.900039,-3.889961,-4.719961
-7.399961,-7.829961,-7.489961,-6.489961,-6.019961,-5.209961,-4.309961,-4.1599607,-4.399961,-3.839961,-3.839961,-3.479961,-3.749961,-3.889961,-4.269961,-4.139961,-3.129961,-2.429961,-1.559961,-0.36996093,0.69003904,1.7700391,4.200039,2.850039,1.950039,0.49003905,1.2300391,-0.70996094,-0.42996094,-0.69996095,-0.50996095,-0.40996093,-2.3199608,-1.909961,-3.389961,-3.389961,-2.8299608,-2.5799608,-4.749961,-6.049961,-6.6999607,-6.239961,-6.129961,-5.839961,-5.269961,-4.809961,-4.269961,-3.5499609,-2.669961,-1.8699609,-1.029961,-0.6099609,0.7800391,0.88003904,0.7600391,-1.799961,-6.829961,-7.289961
-5.569961,-5.479961,-6.019961,-5.1799607,-5.079961,-4.269961,-3.479961,-2.939961,-2.909961,-3.409961,-4.979961,-5.649961,-5.609961,-5.4099607,-4.4099607,-4.559961,-3.469961,-4.099961,-4.589961,-3.5599608,-1.3699609,1.450039,2.4400392,5.360039,4.120039,3.330039,1.8900391,-0.08996094,0.62003905,0.48003906,0.41003907,0.61003906,-0.23996094,-1.0099609,-0.31996095,-2.239961,-1.8699609,-3.609961,-5.459961,-5.619961,-4.569961,-4.389961,-4.489961,-4.329961,-4.339961,-3.939961,-3.0199609,-2.499961,-2.099961,-1.579961,-0.94996095,-0.5499609,0.5100391,-0.36996093,-3.969961,-5.869961,-7.669961,-7.369961
-4.319961,-3.8099608,-3.379961,-3.0299609,-2.3299608,-0.9899609,-0.82996094,-0.35996094,-1.049961,-2.219961,-2.969961,-3.619961,-3.0199609,-2.249961,-2.249961,-3.389961,-5.639961,-6.739961,-5.759961,-4.969961,-4.589961,-3.729961,-1.1099609,2.150039,5.450039,3.9700391,3.860039,3.290039,2.020039,2.100039,2.300039,1.600039,0.74003905,0.23003906,0.41003907,-0.70996094,-1.039961,-2.0799608,-2.839961,-2.8199608,-2.379961,-1.949961,-1.5899609,-1.919961,-2.499961,-2.5299609,-2.0199609,-1.0899609,-1.3699609,-1.1399609,-0.6699609,-0.27996093,-0.9899609,-1.6299609,-7.099961,-7.869961,-8.609961,-7.369961
-1.919961,-1.5899609,-1.049961,-0.76996094,-0.29996094,0.31003907,0.82003903,1.190039,1.350039,1.350039,1.460039,-0.019960938,0.17003906,0.7700391,0.7700391,-4.469961,-6.879961,-6.839961,-5.249961,-4.319961,-4.4299607,-5.099961,-4.099961,-2.8199608,0.62003905,5.110039,4.660039,5.030039,4.410039,4.710039,3.800039,3.150039,1.820039,1.2700391,1.3800391,0.63003904,0.14003906,-0.079960935,-0.19996093,-0.12996094,0.50003904,1.5400391,2.2000391,2.340039,1.1600391,0.060039062,-0.42996094,-0.14996094,-0.28996095,-0.80996096,-0.33996093,-0.109960936,-2.879961,-5.379961,-7.1799607,-7.629961,-8.049961,-4.529961
0.6500391,1.350039,2.500039,2.4400392,2.500039,2.280039,2.490039,2.900039,3.110039,3.350039,3.1700392,2.2100391,1.950039,2.080039,1.9800391,-4.509961,-5.649961,-5.459961,-4.479961,-4.809961,-4.859961,-4.499961,-4.739961,-4.819961,-4.369961,-0.63996094,1.0000391,1.4100391,2.030039,3.910039,5.8200393,4.410039,3.090039,2.080039,1.830039,1.950039,1.6500391,1.6400391,1.9100391,2.7200391,3.300039,4.080039,4.310039,5.540039,4.500039,2.6900392,2.120039,1.8900391,0.47003907,-0.70996094,-0.43996093,-0.36996093,-6.1999607,-8.229961,-9.069961,-7.999961,-8.569961,-8.1899605
3.650039,4.250039,4.620039,5.330039,5.600039,6.000039,5.280039,5.060039,5.530039,5.440039,5.540039,4.370039,3.9300392,3.610039,2.780039,-2.7799609,-3.5299609,-2.939961,-2.369961,-2.839961,-3.2699609,-3.899961,-4.499961,-4.569961,-4.519961,-4.779961,-5.119961,-4.749961,-1.5899609,3.110039,6.370039,5.890039,4.220039,3.120039,2.9800391,2.790039,2.7300391,2.7200391,3.1800392,3.610039,3.1700392,4.080039,3.580039,4.5900393,3.650039,4.290039,4.010039,3.030039,1.2500391,-0.82996094,-1.179961,-3.739961,-8.059961,-8.109961,-8.029961,-7.629961,-6.4299607,-6.109961
7.130039,7.480039,7.8000393,7.890039,7.950039,8.250039,8.430039,7.730039,7.600039,7.890039,7.5900393,7.210039,5.690039,5.210039,4.230039,1.930039,-0.5399609,-1.299961,0.16003907,-0.77996093,-1.8399609,-2.379961,-3.0299609,-3.8099608,-4.1599607,-4.349961,-3.7999609,-4.239961,-3.399961,-1.3599609,1.810039,5.930039,5.740039,4.8400393,4.250039,4.0900393,3.830039,4.100039,4.400039,4.950039,4.960039,4.5900393,5.180039,4.730039,4.310039,4.160039,4.480039,3.330039,1.550039,-0.9099609,-2.7799609,-5.389961,-6.6599607,-7.249961,-6.239961,-4.879961,-4.6799607,-5.849961
8.940039,9.640039,10.070039,10.690039,10.970039,11.140039,11.030039,10.890039,10.440039,9.320039,9.550039,9.170039,7.8200393,6.560039,6.230039,2.900039,0.44003907,1.6300391,1.8800391,0.38003907,-0.17996094,-0.7299609,-1.8399609,-2.649961,-2.589961,-2.3099608,-2.5199609,-2.589961,-2.469961,-1.799961,-1.2099609,2.9800391,0.92003906,1.670039,2.4200392,2.640039,3.140039,4.640039,6.030039,6.350039,5.830039,4.440039,5.980039,5.5900393,3.9400392,3.530039,3.780039,3.9800391,0.38003907,-0.69996095,-2.5799608,-2.599961,-4.009961,-5.969961,-5.319961,-4.739961,-6.289961,-7.9099607
10.040039,10.270039,10.440039,10.930039,11.3100395,11.930039,12.970039,13.6000395,13.3100395,12.220039,11.290039,10.450039,9.890039,8.260039,7.900039,7.690039,5.770039,5.0900393,3.640039,2.090039,1.180039,0.5800391,-0.119960934,-1.0199609,-1.3799609,-1.5199609,-1.189961,-1.3599609,-2.129961,-2.189961,-2.0499609,-1.8699609,2.2300391,3.020039,4.060039,4.160039,3.740039,4.200039,5.480039,5.770039,6.140039,5.030039,4.8000393,3.9300392,3.130039,2.870039,3.000039,0.17003906,-1.279961,-0.019960938,-1.399961,-2.169961,-2.949961,-5.269961,-4.9299607,-4.799961,-6.759961,-6.969961
