raw-data-f/2018100618.json
{"header": { "discipline":0, "disciplineName":"Meteorological products", "gribEdition":2, "gribLength":74822, "center":7, "centerName":"US National Weather Service - NCEP(WMC)", "subcenter":0, "refTime":"2018-10-06T18:00:00.000Z", "significanceOfRT":1, "significanceOfRTName":"Start of forecast", "productStatus":0, "productStatusName":"Operational products", "productType":1, "productTypeName":"Forecast products", "productDefinitionTemplate":0, "productDefinitionTemplateName":"Analysis/forecast at horizontal level/layer at a point in time", "parameterCategory":2, "parameterCategoryName":"Momentum", "parameterNumber":2, "parameterNumberName":"U-component_of_wind", "parameterUnit":"m.s-1", "genProcessType":2, "genProcessTypeName":"Forecast", "forecastTime":0, "surface1Type":103, "surface1TypeName":"Specified height level above ground", "surface1Value":10.0, "surface2Type":255, "surface2TypeName":"Missing", "surface2Value":0.0, "gridDefinitionTemplate":0, "gridDefinitionTemplateName":"Latitude_Longitude", "numberPoints":65160, "shape":6, "shapeName":"Earth spherical with radius of 6,371,229.0 m", "gridUnits":"degrees", "resolution":48, "winds":"true", "scanMode":0, "nx":360, "ny":181, "basicAngle":0, "lo1":0.0, "la1":90.0, "lo2":359.0, "la2":-90.0, "dx":1.0, "dy":1.0 }, "data":
[rows 0 to 24 of 181, columns 116 to 173 of 360]
-5.5095754,-5.389575,-5.2595754,-5.1295753,-4.999575,-4.869575,-4.7395754,-4.599575,-4.4695754,-4.329575,-4.189575,-4.0495753,-3.9095752,-3.769575,-3.6195753,-3.4795752,-3.3295753,-3.1895752,-3.039575,-2.8895752,-2.7395751,-2.5895753,-2.4395752,-2.289575,-2.1395752,-1.9795752,-1.8295752,-1.6695752,-1.5195752,-1.3595752,-1.2095752,-1.0495752,-0.8995752,-0.7395752,-0.5795752,-0.41957518,-0.2695752,-0.1095752,0.050424803,0.2004248,0.36042482,0.5204248,0.6804248,0.8304248,0.9904248,1.1504248,1.3004248,1.4604248,1.6104248,1.7704248,1.9204248,2.0704248,2.230425,2.3804247,2.5304248,2.6804247,2.8304248,2.980425
-6.459575,-6.3395753,-6.2195754,-6.0895753,-5.9695754,-5.8395753,-5.709575,-5.5895753,-5.459575,-5.3395753,-5.209575,-5.0895753,-4.9695754,-4.8395753,-4.7195754,-4.599575,-4.4895754,-4.389575,-4.269575,-4.159575,-4.059575,-3.9395752,-3.8395753,-3.7295752,-3.6195753,-3.5095751,-3.3895752,-3.279575,-3.1595752,-3.039575,-2.9195752,-2.789575,-2.6795752,-2.539575,-2.3895752,-2.2395751,-2.0895753,-1.9395752,-1.7595752,-1.5795752,-1.3895752,-1.1995752,-0.9995752,-0.7895752,-0.5795752,-0.35957518,-0.1395752,0.08042481,0.3104248,0.5404248,0.7604248,0.9904248,1.2004248,1.4204248,1.6404248,1.8604248,2.0604248,2.2504249
-6.659575,-6.5095754,-6.3595753,-6.209575,-6.059575,-5.889575,-5.729575,-5.559575,-5.389575,-5.2195754,-5.0495753,-4.869575,-4.689575,-4.499575,-4.2995753,-4.099575,-3.8995752,-3.7095752,-3.5095751,-3.309575,-3.1195753,-2.9195752,-2.7395751,-2.549575,-2.3695753,-2.1995752,-2.029575,-1.8695751,-1.7195752,-1.5795752,-1.4395752,-1.3195752,-1.2095752,-1.0995752,-0.9895752,-0.8995752,-0.7995752,-0.6895752,-0.5895752,-0.4695752,-0.35957518,-0.2495752,-0.119575195,0.020424806,0.15042481,0.2904248,0.4404248,0.5804248,0.7304248,0.8804248,1.0304248,1.1804248,1.3204248,1.4604248,1.5904248,1.7204248,1.8404248,1.9604248
-7.499575,-7.2995753,-7.1095753,-6.889575,-6.679575,-6.459575,-6.229575,-5.999575,-5.769575,-5.5295753,-5.289575,-5.0495753,-4.809575,-4.579575,-4.3395753,-4.1095753,-3.8795753,-3.6495752,-3.4295752,-3.2095752,-2.9995751,-2.779575,-2.5795753,-2.3795753,-2.1795752,-1.9795752,-1.7795752,-1.5695752,-1.3495752,-1.1195751,-0.8795752,-0.6295752,-0.3795752,-0.1095752,0.15042481,0.4104248,0.6504248,0.8804248,1.0604248,1.2104248,1.3104248,1.3404248,1.3504248,1.2604249,1.1504248,1.0104249,0.8704248,0.7904248,0.72042483,0.7104248,0.72042483,0.7404248,0.8004248,0.8704248,0.9904248,1.1104248,1.2604249,1.4204248
-8.489575,-8.229575,-7.959575,-7.669575,-7.369575,-7.059575,-6.7395754,-6.419575,-6.099575,-5.7795753,-5.459575,-5.139575,-4.8195753,-4.499575,-4.189575,-3.8695753,-3.5795753,-3.309575,-3.0695753,-2.8695753,-2.6995752,-2.549575,-2.4195752,-2.289575,-2.1595752,-2.0095751,-1.8495752,-1.6695752,-1.4795752,-1.2795752,-1.0695752,-0.8395752,-0.5895752,-0.32957518,-0.039575197,0.2604248,0.5804248,0.8904248,1.1904248,1.4704248,1.7104248,1.8904248,2.0204248,2.0904248,2.0704248,1.9504248,1.7704248,1.5504248,1.3504248,1.2104248,1.1304249,1.1604248,1.2504249,1.3704247,1.5104249,1.6304249,1.7604249,1.8904248
-8.849575,-8.689575,-8.509575,-8.299575,-8.049575,-7.749575,-7.409575,-7.0295753,-6.619575,-6.1995754,-5.7595754,-5.329575,-4.929575,-4.559575,-4.249575,-3.9795752,-3.7595751,-3.5795753,-3.3995752,-3.2095752,-2.9795752,-2.7395751,-2.4595752,-2.1995752,-1.9495752,-1.7395751,-1.5695752,-1.4395752,-1.3095752,-1.1895752,-1.0295752,-0.7995752,-0.5095752,-0.1395752,0.2604248,0.6804248,1.0604248,1.3804249,1.6604248,1.8204248,1.9104248,1.9604248,1.9304248,1.8204248,1.6604248,1.5004249,1.4004248,1.3504248,1.3404248,1.3604248,1.4304248,1.5204248,1.6604248,1.8404248,2.0504248,2.2504249,2.3804247,2.450425
-8.129575,-7.9695754,-7.8195753,-7.659575,-7.4895754,-7.2795753,-7.039575,-6.7395754,-6.399575,-6.0295753,-5.649575,-5.289575,-4.9495754,-4.619575,-4.309575,-3.9995751,-3.6695752,-3.3395753,-2.9895751,-2.6495752,-2.309575,-1.9995751,-1.7195752,-1.4595752,-1.2195752,-0.9895752,-0.7595752,-0.5595752,-0.3795752,-0.2495752,-0.1595752,-0.079575196,4.248047E-4,0.090424806,0.2504248,0.4604248,0.72042483,1.0204248,1.2804248,1.4904248,1.6004248,1.5904248,1.5104249,1.4104248,1.3804249,1.4204248,1.5304248,1.6604248,1.8104248,1.9504248,2.0604248,2.1104248,2.1704247,2.190425,2.210425,2.2404249,2.3004248,2.3304248
-6.4895754,-6.3595753,-6.2395754,-6.1295753,-6.019575,-5.909575,-5.7595754,-5.559575,-5.3195753,-5.039575,-4.749575,-4.479575,-4.189575,-3.8895752,-3.5795753,-3.2395751,-2.8695753,-2.4995751,-2.1195753,-1.7295752,-1.3395752,-0.9795752,-0.6695752,-0.41957518,-0.1995752,-0.009575196,0.1604248,0.3104248,0.42042482,0.5104248,0.6104248,0.7604248,0.9504248,1.1504248,1.3404248,1.4704248,1.5204248,1.5004249,1.4404248,1.3504248,1.2904248,1.3204248,1.4104248,1.5604248,1.7104248,1.8304248,1.9404248,2.0104249,2.0404248,2.0604248,2.0804248,2.1204247,2.1804247,2.230425,2.3004248,2.2804248,2.220425,2.1504247
-4.3195753,-4.389575,-4.349575,-4.2395754,-4.099575,-3.9595752,-3.8295753,-3.7295752,-3.6495752,-3.549575,-3.4195752,-3.2395751,-3.019575,-2.7495751,-2.4495752,-2.0895753,-1.6895752,-1.2795752,-0.8895752,-0.6795752,-0.3095752,0.030424805,0.3004248,0.4504248,0.53042483,0.5504248,0.5704248,0.6504248,0.8604248,1.1204247,1.2904248,1.3804249,1.4004248,1.4304248,1.4804248,1.5104249,1.4904248,1.3904248,1.2204248,1.0704248,0.9804248,1.0104249,1.2604249,1.5704248,1.8604248,2.0604248,2.1604247,2.1504247,2.0904248,2.0104249,1.9604248,1.9204248,1.9104248,1.9204248,1.9304248,1.9404248,1.9604248,2.0004249
-0.1295752,-0.8195752,-1.3795753,-1.7095752,-1.8295752,-1.7595752,-1.6095752,-1.4895751,-1.4795752,-1.5595752,-1.6195751,-1.5495752,-1.3495752,-1.1795752,-0.8495752,-0.6495752,-0.4595752,-0.2495752,-0.019575195,0.24042481,0.4504248,0.5704248,0.6104248,0.6904248,0.9204248,1.2604249,1.5204248,1.6304249,1.6304249,1.6604248,1.7404248,1.7604249,1.6804248,1.5704248,1.5104249,1.5804248,1.7004248,1.7404248,1.7104248,1.6304249,1.5404248,1.4904248,1.4804248,1.6104248,1.7204248,1.7004248,1.5704248,1.4704248,1.5604248,1.7604249,1.9804248,2.1104248,2.0404248,1.8004248,1.4804248,1.2304248,1.1904248,1.3204248
5.420425,4.4104247,3.3904247,2.3704247,1.4804248,0.8904248,0.6904248,0.6804248,0.6004248,0.33042482,4.248047E-4,-0.17957519,-0.1395752,0.030424805,0.2304248,0.4004248,0.5404248,0.6404248,0.7004248,0.7404248,0.7904248,0.8904248,1.1004248,1.4304248,1.8204248,2.1704247,2.4204247,2.5404248,2.5404248,2.4004247,2.1204247,1.8004248,1.6304249,1.7004248,1.9404248,2.2404249,2.480425,2.6404247,2.7704248,2.8804247,2.9204247,2.8904247,2.7604249,2.5804248,2.3504248,1.9404248,1.5404248,1.3504248,1.3104248,1.3504248,1.4004248,1.4204248,1.3904248,1.3704247,1.3604248,1.3704247,1.3704247,1.3604248
8.400425,7.500425,6.3704247,5.080425,3.8404248,2.9204247,2.4304247,2.1604247,1.8204248,1.3604248,0.9504248,0.7904248,0.8404248,0.97042483,1.0804248,1.1704248,1.2104248,1.1804248,1.1504248,1.3204248,1.7404248,2.2804248,2.7604249,3.4004247,4.1604247,4.9104247,5.310425,5.350425,4.590425,3.8304248,3.200425,2.5804248,2.2404249,2.3904247,2.5104249,2.460425,2.3804247,2.460425,2.7604249,3.0704248,3.2704248,3.2604249,3.0404248,2.7604249,2.4104247,1.9604248,1.4304248,0.9404248,0.7904248,0.8904248,1.0904248,1.2304248,1.2604249,1.2304248,1.1704248,1.0904248,1.0204248,0.8204248
9.060425,8.560425,7.820425,6.610425,5.270425,4.3004246,3.7504249,3.200425,2.3004248,1.3704247,1.0104249,1.2604249,1.5804248,1.6004248,1.4904248,1.5504248,1.9904248,2.5804248,2.9304247,3.2604249,3.7604249,4.190425,4.540425,5.040425,5.310425,5.340425,5.1404247,4.920425,4.670425,3.8104248,2.9304247,2.6204247,2.970425,3.5004249,3.6704247,3.200425,2.3304248,1.7304248,1.8804249,2.450425,2.8804247,2.9004247,2.6004248,2.1804247,1.8304248,1.5104249,1.3704247,1.2404248,1.1804248,1.1204247,1.1404248,1.1704248,1.1004248,0.9504248,0.7504248,0.5204248,0.3204248,0.2504248
9.100425,9.020425,8.6304245,7.8904247,6.540425,5.480425,5.1804247,4.7604246,3.5804248,2.9304247,3.2904248,3.5904248,3.1104248,2.7904248,3.480425,3.980425,4.270425,4.3904247,4.570425,4.9904246,5.360425,5.560425,5.6804247,5.630425,5.250425,4.9904246,5.090425,5.320425,5.230425,5.1404247,4.960425,4.840425,4.590425,4.340425,4.7204247,4.4504247,3.8804247,2.950425,2.220425,2.0104249,2.0704248,2.0304248,1.7504249,1.4704248,1.4504248,1.5104249,1.5504248,1.4204248,1.2504249,1.0904248,0.9404248,0.7704248,0.53042483,0.2804248,0.090424806,-0.079575196,-0.2195752,-0.2195752
8.430425,9.230425,9.060425,8.540424,8.000424,6.7204247,6.6204247,6.3704247,5.770425,6.270425,6.850425,6.040425,4.710425,4.210425,4.630425,4.900425,4.4704247,3.720425,4.150425,4.860425,4.6604247,4.610425,3.720425,3.0604248,4.0504246,3.0904248,3.5404248,4.590425,4.480425,4.560425,5.070425,5.330425,4.880425,4.230425,4.060425,3.730425,2.6204247,1.4704248,1.0504248,1.1804248,1.3204248,1.3804249,1.4704248,1.5504248,1.5604248,1.4404248,1.2804248,1.1404248,0.9104248,0.72042483,0.6104248,0.4804248,0.3804248,0.3004248,0.1704248,-0.059575196,-0.4495752,-0.8595752
9.6304245,10.640425,11.230425,11.3804245,10.850425,8.820425,7.1404247,6.3704247,6.7204247,7.610425,7.090425,5.9504247,5.710425,5.880425,5.520425,5.100425,4.8004246,4.8704247,4.920425,4.7804246,4.2604246,3.8304248,3.6304247,3.460425,3.3704247,3.220425,3.6604247,3.6204247,5.2204247,5.570425,4.7804246,3.8004248,2.9004247,2.8704247,3.4104247,4.610425,4.310425,2.5604248,0.9204248,0.5104248,0.6204248,0.8504248,1.1604248,1.3604248,1.3604248,1.2204248,1.0104249,0.8304248,0.7704248,0.6904248,0.4704248,0.2804248,0.1704248,0.0704248,-0.119575195,-0.2595752,-0.32957518,-0.5095752
9.320425,9.560425,9.520425,9.520425,9.620425,9.580425,9.400425,9.190425,8.310425,6.6604247,6.070425,6.5104246,6.670425,5.820425,5.2804246,5.2604246,5.3904247,5.5504246,5.600425,4.750425,4.3004246,4.520425,4.8704247,4.9304247,5.1204247,5.1404247,5.330425,5.630425,5.2404246,4.650425,3.980425,3.6004248,3.7504249,3.8604248,3.5304248,3.3204248,3.220425,2.470425,1.4104248,0.9404248,0.8804248,0.7604248,0.8804248,1.0004249,0.8104248,0.6704248,0.6804248,0.6704248,0.3204248,-0.059575196,-0.4495752,-0.77957517,-0.7295752,-0.5995752,-0.6795752,-0.7595752,-0.5695752,-0.3395752
4.730425,4.810425,4.9704247,5.7004247,7.0304246,7.0104246,7.960425,8.820425,5.4704247,3.8404248,4.2804246,6.4704247,4.6404247,5.000425,6.130425,6.000425,6.1204247,5.690425,5.060425,4.690425,4.980425,5.610425,5.790425,5.1804247,5.540425,5.590425,4.900425,4.540425,4.360425,4.250425,4.2804246,3.960425,2.7804248,1.9004248,2.480425,2.970425,2.5404248,1.7204248,1.2604249,0.8904248,0.3404248,-0.2595752,-0.6195752,-0.4895752,-0.1095752,0.4804248,0.5404248,0.21042481,-0.32957518,-0.7495752,-0.77957517,-0.6795752,-0.7095752,-0.6895752,-0.7695752,-1.0895752,-1.6395752,-1.9695752
3.9004247,4.600425,4.690425,4.2804246,3.8504248,3.6504247,3.7604249,3.5704248,2.5304248,3.3304248,5.350425,4.310425,4.820425,7.750425,6.2604246,6.0504246,5.770425,4.860425,4.7604246,4.980425,4.7404246,4.270425,3.9904249,3.960425,2.3004248,1.7504249,2.210425,2.200425,2.3304248,3.0804248,3.8204248,2.5704248,2.1504247,1.7904248,1.0104249,1.1204247,2.1204247,2.0804248,1.0904248,0.8604248,0.6104248,-0.079575196,-0.3495752,-0.3195752,-0.3195752,-0.2195752,-0.089575194,4.248047E-4,-0.029575195,-0.3195752,-0.5095752,-0.7695752,-1.1695752,-1.6595752,-2.299575,-3.1895752,-3.6895752,-3.7395751
3.730425,3.700425,3.9904249,4.060425,3.4304247,2.230425,0.5604248,0.5704248,2.6704247,1.8604248,2.0704248,1.5504248,2.9904249,5.0304246,2.190425,2.190425,0.2604248,1.0304248,1.6304249,1.3004248,0.5604248,0.36042482,0.24042481,-0.2195752,-0.009575196,0.9104248,1.8904248,2.2804248,2.1804247,2.0004249,2.4004247,3.0804248,2.3504248,2.3004248,2.7404249,1.6704248,0.100424804,0.4504248,0.8804248,0.5704248,0.4604248,0.3504248,-0.009575196,-0.2195752,-0.6395752,-1.2295752,-1.0595752,-0.6895752,-0.6695752,-0.6695752,-0.8295752,-1.2195752,-2.2195752,-3.5695753,-4.209575,-4.349575,-4.179575,-3.779575
3.2704248,3.5404248,3.3304248,3.1504247,2.230425,2.3704247,2.1804247,1.2504249,0.8204248,1.0804248,1.4104248,0.4104248,-0.77957517,0.72042483,1.9604248,1.3804249,1.1204247,-0.2495752,-0.4495752,0.6304248,0.2504248,0.5504248,0.3004248,-0.4895752,0.7704248,1.0304248,0.53042483,0.72042483,1.4704248,2.3304248,2.7904248,2.8004248,1.7904248,1.9804248,1.9004248,2.0404248,2.0204248,1.1804248,1.1304249,1.2304248,1.3904248,1.2304248,0.9504248,0.8804248,-1.1895752,-3.029575,-2.6895752,-2.3895752,-1.5795752,-1.3595752,-1.3195752,-1.2495751,-1.6895752,-2.6195753,-3.0995753,-1.9795752,-0.7495752,-0.9795752
2.5004249,2.8104248,2.5304248,2.3104248,2.3504248,1.7404248,1.0304248,0.2804248,-0.089575194,-0.7395752,-2.049575,-1.5295752,-1.0695752,2.4304247,1.4804248,1.8404248,0.5104248,-0.019575195,-0.6595752,-1.4095752,-0.71957517,-0.8695752,0.3704248,-1.3395752,0.21042481,-0.039575197,0.33042482,0.36042482,0.08042481,0.7904248,1.0804248,1.3704247,2.0604248,2.7704248,2.6004248,2.3404248,1.9304248,1.7104248,1.6304249,0.97042483,0.9404248,0.8604248,0.9804248,0.060424805,-1.6195751,-0.8395752,-1.0195752,-0.8395752,-1.2495751,-1.1295753,1.0004249,1.7604249,2.2504249,2.9904249,5.020425,3.3104248,1.1004248,0.4804248
2.4904249,2.0804248,2.8304248,2.6504247,2.3904247,1.2504249,0.7504248,0.39042482,-0.4295752,-0.4795752,-1.1395752,-1.3195752,-0.3995752,2.0204248,1.5104249,1.1704248,0.9304248,0.3504248,-0.2195752,-0.7895752,-0.8295752,-0.009575196,-1.0995752,0.7404248,-0.7895752,1.0404248,1.3904248,1.2504249,1.0804248,1.5804248,1.3604248,0.9404248,1.8404248,3.4104247,3.6604247,2.6104248,0.18042481,0.5804248,0.8504248,-0.5795752,-0.089575194,0.4604248,0.78042483,0.7604248,1.4204248,1.7804248,0.53042483,0.3104248,1.0104249,1.0404248,-0.2795752,-1.1795752,-0.5095752,-0.029575195,0.8704248,1.4204248,1.7704248,1.4104248
2.6404247,2.960425,2.450425,1.4804248,1.4404248,1.3504248,2.1104248,1.6404248,0.1304248,0.2504248,-0.6495752,-0.9095752,0.4104248,1.5704248,1.0404248,1.1404248,0.8504248,0.3704248,0.6704248,0.8604248,-0.2695752,-0.8095752,-1.7695752,-1.5495752,0.7104248,0.42042482,-0.3495752,-0.6795752,-0.2895752,1.4904248,2.730425,4.170425,3.230425,2.3204248,2.230425,2.6704247,1.7904248,0.6804248,1.2804248,1.0204248,0.8804248,1.5904248,1.7004248,1.6804248,2.0804248,1.2504249,2.1104248,2.0604248,1.4904248,1.3404248,-0.059575196,-0.38957518,0.6304248,1.1104248,-1.3295752,-0.8395752,-0.039575197,0.9604248
2.2604249,1.9704248,1.8104248,1.1304249,0.9004248,1.8004248,2.8104248,2.0104249,0.8804248,0.7404248,-0.6695752,-1.7895752,-1.0095752,0.15042481,1.3504248,1.0404248,-0.009575196,0.2004248,0.4804248,0.4604248,-0.1595752,-0.52957517,-1.5695752,-1.3295752,-1.7695752,0.9904248,0.8504248,0.4704248,-0.019575195,0.1404248,-0.41957518,0.090424806,2.2404249,6.570425,7.290425,4.560425,2.4204247,2.2804248,1.7204248,1.6404248,1.2304248,1.0704248,2.0304248,1.1904248,0.7304248,0.7404248,0.5004248,0.33042482,0.9404248,0.6204248,0.9604248,1.2904248,0.1104248,-0.7395752,-1.2095752,-1.1295753,-0.4695752,0.030424805
