raw-data-f/2018101000f3.json
{"header": { "discipline":0, "disciplineName":"Meteorological products", "gribEdition":2, "gribLength":75131, "center":7, "centerName":"US National Weather Service - NCEP(WMC)", "subcenter":0, "refTime":"2018-10-10T00:00:00.000Z", "significanceOfRT":1, "significanceOfRTName":"Start of forecast", "productStatus":0, "productStatusName":"Operational products", "productType":1, "productTypeName":"Forecast products", "productDefinitionTemplate":0, "productDefinitionTemplateName":"Analysis/forecast at horizontal level/layer at a point in time", "parameterCategory":2, "parameterCategoryName":"Momentum", "parameterNumber":2, "parameterNumberName":"U-component_of_wind", "parameterUnit":"m.s-1", "genProcessType":2, "genProcessTypeName":"Forecast", "forecastTime":3, "surface1Type":103, "surface1TypeName":"Specified height level above ground", "surface1Value":10.0, "surface2Type":255, "surface2TypeName":"Missing", "surface2Value":0.0, "gridDefinitionTemplate":0, "gridDefinitionTemplateName":"Latitude_Longitude", "numberPoints":65160, "shape":6, "shapeName":"Earth spherical with radius of 6,371,229.0 m", "gridUnits":"degrees", "resolution":48, "winds":"true", "scanMode":0, "nx":360, "ny":181, "basicAngle":0, "lo1":0.0, "la1":90.0, "lo2":359.0, "la2":-90.0, "dx":1.0, "dy":1.0 }, "data":
[rows 100 to 124 of 181, columns 174 to 231 of 360]
-3.3902416,-4.460242,-4.3902416,-4.110242,-4.070242,-3.9702418,-3.2002418,-2.4102416,-1.7902417,-1.6502417,-1.7802417,-1.1102417,0.5597583,-0.6802417,-0.0802417,-0.2902417,-0.8102417,-2.4502418,-3.5002418,-3.4702418,-4.5302415,-6.090242,-6.380242,-6.1602416,-5.3702416,-5.570242,-6.3002415,-6.610242,-6.4302416,-6.210242,-6.460242,-6.8102417,-6.1402416,-5.820242,-6.2802415,-7.090242,-7.6202416,-6.690242,-6.480242,-6.360242,-6.5502415,-6.7702417,-6.7802415,-7.0202417,-7.6602416,-8.000241,-7.7802415,-7.690242,-7.5302415,-7.2602415,-7.2802415,-7.0302415,-8.400242,-8.900242,-8.410242,-8.170241,-8.460241,-8.930242
-3.0002418,-4.1602416,-4.1402416,-3.6702416,-3.2902417,-3.2102418,-3.1302416,-2.9402418,-3.2102418,-3.1102417,-2.1602416,-1.4302417,-0.5502417,1.2197583,1.2997583,0.3097583,0.6997583,-1.8102417,-2.8302417,-4.460242,-5.0602417,-5.0802417,-6.0402417,-5.8002415,-5.9902415,-5.170242,-5.570242,-6.340242,-6.3702416,-6.2702417,-6.0802417,-5.8302417,-6.210242,-5.7002416,-6.0102415,-6.420242,-6.9502416,-6.440242,-6.0302415,-5.9102416,-5.9702415,-6.380242,-6.230242,-6.0602417,-6.4502416,-7.5602417,-7.610242,-7.3902416,-7.2502418,-6.670242,-6.6402416,-7.150242,-7.9502416,-8.740242,-8.400242,-8.300241,-8.630241,-9.000241
-3.3802416,-3.1502416,-3.3702416,-3.9302416,-4.0602417,-3.2802417,-2.8502417,-3.1102417,-3.4502418,-3.5902417,-3.0902417,-2.0602417,-1.2502418,-0.5202417,0.6797583,-0.7602417,0.7797583,-1.2902417,-2.5402417,-4.0102415,-5.3002415,-5.6202416,-5.7602415,-6.210242,-6.8002415,-5.710242,-5.3002415,-5.6002417,-5.9302416,-6.090242,-5.900242,-5.9102416,-5.590242,-5.5502415,-5.3302417,-5.7002416,-5.8702416,-5.7702417,-5.2402415,-5.4902415,-5.710242,-5.9302416,-5.980242,-5.7402415,-5.960242,-6.880242,-7.5302415,-7.070242,-6.7702417,-6.4502416,-6.5302415,-6.920242,-7.230242,-8.130241,-8.310242,-8.460241,-8.250241,-8.790241
-3.4702418,-3.4402418,-3.4802418,-3.9402418,-4.3702416,-4.4302416,-3.8702416,-3.8102417,-4.0602417,-4.2902417,-4.110242,-3.8402417,-2.5602417,-3.3202417,-3.0602417,-1.7302417,-1.8702416,-0.3102417,-1.8202417,-4.090242,-5.5202417,-5.860242,-5.6202416,-6.090242,-5.6802416,-5.630242,-5.3302417,-4.7602415,-4.7402415,-5.5602417,-5.3702416,-5.1602416,-5.110242,-4.6202416,-4.9902415,-5.0402417,-5.0802417,-5.130242,-5.320242,-5.610242,-5.690242,-5.5402417,-5.5202417,-5.380242,-6.860242,-6.9102416,-7.0802417,-6.690242,-6.3502417,-6.090242,-6.170242,-6.5802417,-6.650242,-7.650242,-8.040241,-8.320242,-8.240242,-8.610242
-3.0402417,-3.2402418,-3.7802417,-3.6502416,-4.5302415,-4.1802416,-4.7802415,-4.570242,-4.860242,-5.1402416,-5.1802416,-5.0402417,-5.1002417,-4.8902416,-4.940242,-4.1402416,-3.5502417,-3.4902418,-2.2302418,-4.920242,-6.4702415,-6.110242,-5.920242,-6.0302415,-6.1802416,-5.900242,-5.340242,-4.6402416,-4.400242,-4.4102416,-4.7602415,-4.340242,-3.9202416,-3.8702416,-4.0402417,-4.2502418,-4.210242,-4.7202415,-4.730242,-5.1202416,-5.0602417,-4.840242,-4.840242,-5.6602416,-6.070242,-6.5202417,-6.650242,-6.2702417,-5.940242,-5.5802417,-5.5202417,-6.0802417,-6.150242,-6.840242,-7.3502417,-8.120242,-8.350242,-8.210241
-3.5902417,-3.1102417,-3.1202416,-3.7002418,-4.650242,-5.170242,-5.360242,-5.480242,-5.0102415,-5.2202415,-5.8002415,-5.7002416,-5.7702417,-4.960242,-5.2002416,-5.3902416,-4.940242,-4.590242,-4.7702417,-7.6202416,-8.530242,-6.6202416,-5.670242,-6.1402416,-6.2002416,-5.570242,-5.190242,-3.5502417,-2.7202418,-4.610242,-4.4302416,-3.7602417,-3.5402417,-3.2602417,-3.1602416,-3.1802416,-3.9002416,-4.6202416,-4.210242,-4.1802416,-4.4502416,-4.2202415,-4.670242,-4.8702416,-5.130242,-5.5102415,-6.4102416,-5.6802416,-5.4902415,-5.3102417,-4.210242,-5.3702416,-5.630242,-5.650242,-7.2402415,-7.8902416,-8.130241,-8.050241
-3.8202417,-3.0202417,-2.6002417,-2.2402418,-3.1402416,-5.4902415,-5.880242,-6.0002418,-5.690242,-5.7902417,-6.2002416,-6.360242,-6.5602417,-6.4902415,-4.7002416,-4.5502415,-6.2502418,-7.0202417,-7.690242,-9.0102415,-8.350242,-8.650242,-5.670242,-5.9102416,-5.1402416,-5.0002418,-4.590242,-4.170242,-4.710242,-5.0102415,-4.0002418,-3.4002416,-3.2202418,-3.0502417,-2.6602416,-1.8302417,-2.2902417,-3.0502417,-3.5102417,-3.2802417,-3.2402418,-3.3702416,-3.6602416,-4.0802417,-4.2602415,-4.570242,-5.840242,-5.190242,-5.090242,-4.940242,-4.5202417,-5.420242,-5.820242,-5.4902415,-6.8102417,-7.420242,-7.650242,-7.6602416
-3.5702417,-3.3602417,-2.4602418,-3.8102417,-4.3302417,-5.1802416,-6.130242,-5.7002416,-6.6202416,-5.5302415,-5.860242,-6.5102415,-6.820242,-7.090242,-7.320242,-7.440242,-6.2802415,-8.120242,-9.380241,-9.430242,-8.5102415,-7.6802416,-7.150242,-4.6402416,-4.2702417,-4.3102417,-4.5302415,-4.1202416,-3.1702416,-3.7202418,-3.0702417,-2.7202418,-2.4002416,-2.3902416,-1.8902417,-2.4902418,-0.4802417,-1.2402416,-2.1702416,-2.1002417,-1.9802417,-1.6202416,-2.0802417,-2.8402417,-3.2602417,-3.6902418,-4.440242,-4.5502415,-4.610242,-4.5202417,-4.4102416,-5.3902416,-5.4702415,-5.2702417,-5.5602417,-7.1202416,-6.980242,-7.5402417
-5.0302415,-3.1702416,-1.5102417,1.8597583,-0.5802417,-5.2002416,-4.9702415,-4.9502416,-5.5002418,-5.650242,-5.630242,-6.2502418,-7.0102415,-7.2802415,-7.5802417,-7.130242,-7.3102417,-7.6802416,-7.5302415,-7.590242,-6.9302416,-6.3102417,-6.2702417,-5.630242,-4.900242,-4.0102415,-3.7102418,-3.6202416,-4.0802417,-3.2802417,-2.0402417,-2.0302417,-2.2002418,-2.2002418,-1.8902417,-1.1002417,-0.9702417,0.3197583,-0.4202417,-0.45024168,-2.4169922E-4,0.2197583,-0.0802417,-0.8502417,-1.5302417,-2.0202417,-3.0202417,-3.6502416,-3.8702416,-3.9802418,-3.9402418,-4.8302417,-4.7902417,-4.0102415,-5.2502418,-5.920242,-6.4902415,-6.8302417
-4.090242,-4.2402415,-3.6202416,-4.7802415,-5.940242,-4.1402416,-4.4102416,-4.7402415,-5.1602416,-5.610242,-5.8102417,-5.7502418,-6.2502418,-6.7502418,-7.0602417,-7.9102416,-7.900242,-7.1802416,-7.2702417,-7.380242,-7.5802417,-7.5502415,-6.9302416,-6.6002417,-5.2202415,-4.3902416,-3.7002418,-3.5302417,-2.4902418,-2.4202416,-2.7402418,-3.3202417,-3.1602416,-2.2502418,-1.5602417,-1.4302417,-0.5302417,-1.3702416,0.0297583,1.6197582,2.4797583,2.0397582,2.2297583,1.0897583,0.1997583,-0.3902417,-1.2202417,-2.2502418,-2.7702417,-3.1302416,-3.1302416,-3.8402417,-4.4702415,-5.1602416,-5.6002417,-5.7002416,-6.2502418,-5.6802416
-4.1002417,-3.6102417,-3.5402417,-2.6302416,-2.7702417,-3.7902417,-3.5802417,-3.8102417,-4.670242,-5.2602415,-5.5102415,-5.730242,-6.070242,-6.7502418,-6.960242,-7.0602417,-7.0302415,-7.5202417,-7.980242,-8.430242,-8.310242,-7.960242,-7.6202416,-7.170242,-6.0202417,-4.960242,-4.7402415,-4.420242,-3.8402417,-2.6002417,-1.9702417,-1.3702416,-1.9402417,-2.3102417,-2.3902416,-2.2002418,-0.8702417,0.0997583,0.6997583,1.0497583,2.5497582,3.1997583,2.9897583,2.6897583,1.8297583,1.3897583,0.8397583,-0.4002417,-1.2802417,-2.0702417,-2.3702416,-2.6502416,-3.5802417,-4.8502417,-5.0502415,-5.320242,-5.380242,-5.0102415
-3.4502418,-3.3402417,-2.8302417,-3.5102417,-2.6702416,-2.2102418,-1.7802417,-2.6002417,-3.5902417,-3.9602418,-4.130242,-4.860242,-6.630242,-6.9702415,-6.380242,-6.5202417,-6.6602416,-7.0002418,-7.2802415,-7.6602416,-8.040241,-7.670242,-7.340242,-7.3702416,-7.5202417,-6.9902415,-6.1002417,-5.0802417,-4.9502416,-4.1402416,-4.0302415,-3.4002416,-2.7702417,-2.5302417,-1.8002417,-1.9202417,-1.4102417,-0.6802417,1.0797583,2.0097582,3.3897583,3.5197582,3.4397583,3.6097584,4.139758,3.1997583,2.2097583,1.3897583,0.1997583,-0.4802417,-1.1502417,-1.8102417,-2.2002418,-2.7502418,-4.1402416,-4.1602416,-3.7602417,-3.6302416
-2.7902417,-2.6402416,-2.4502418,-2.1902418,-2.2402418,-1.6002417,-0.8002417,-1.7202417,-2.2302418,-2.0002418,-2.0602417,-3.6902418,-6.820242,-7.1202416,-6.150242,-5.9702415,-6.150242,-6.5502415,-6.980242,-7.5302415,-9.150242,-10.020242,-9.600242,-8.840241,-8.120242,-7.2702417,-6.4902415,-5.900242,-5.7602415,-5.090242,-4.5202417,-4.5602417,-4.960242,-4.7602415,-3.8702416,-2.4902418,-1.0802417,0.1297583,0.9497583,1.5897583,3.5197582,4.139758,4.4197583,4.429758,4.769758,5.039758,3.1397583,2.2297583,1.8097583,0.6597583,0.5097583,-0.2202417,-1.1802417,-1.7202417,-2.7502418,-3.2302418,-3.4302416,-3.4302416
-1.6402417,-1.6302418,-1.3102417,-0.8402417,-0.3602417,0.0597583,-0.8202417,1.3597583,-0.6102417,-0.9002417,-1.1402417,-3.8202417,-6.960242,-6.820242,-6.1802416,-5.7902417,-5.840242,-7.0102415,-8.930242,-10.340241,-10.360242,-9.960241,-9.340241,-8.370242,-7.460242,-6.730242,-5.9102416,-5.0202417,-4.4502416,-4.4702415,-4.1802416,-4.610242,-4.7902417,-3.8702416,-2.7502418,-1.5602417,-0.2402417,0.8497583,1.7897583,3.1597583,3.6997583,4.7197585,5.8597584,5.2797585,5.139758,4.9997582,4.6897583,3.9697583,2.5997584,2.3297584,1.9397583,1.7197583,0.2197583,-0.8202417,-1.4502417,-2.0702417,-2.8002417,-3.2602417
-1.2302417,-0.7202417,-0.2202417,0.3497583,1.2797583,1.8397583,1.8997583,0.3797583,0.7797583,1.1797583,0.2697583,-5.150242,-6.7902417,-6.610242,-5.980242,-5.8102417,-6.130242,-8.110242,-9.650242,-10.130241,-9.460241,-9.270242,-8.480242,-7.4102416,-6.5602417,-6.0402417,-5.5302415,-4.8002415,-4.170242,-3.3502417,-3.5502417,-3.6102417,-3.0802417,-2.2602417,-1.1202416,0.0797583,1.3397583,2.4997582,3.3397584,3.9297583,4.8597584,5.8997583,6.1697583,6.099758,5.7997584,4.7997584,5.0297585,5.1897583,3.7897582,3.0997584,2.6897583,1.8197583,0.6597583,0.3697583,-0.6402417,-1.3602417,-2.1002417,-2.5602417
-1.8502417,-1.3402417,-0.5402417,0.3797583,1.4397583,2.2297583,2.0797584,0.5197583,0.5697583,1.6297584,-0.4002417,-4.940242,-7.5302415,-6.2802415,-6.2502418,-6.420242,-6.150242,-7.5402417,-9.390242,-9.500241,-9.070242,-8.110242,-7.5002418,-6.5502415,-5.840242,-5.2202415,-4.8902416,-4.4102416,-4.0102415,-4.2802415,-4.1002417,-3.1502416,-2.2602417,-1.0002418,0.3297583,1.6597583,2.9697583,4.2497582,5.2197585,5.769758,6.1697583,6.6097584,7.2997584,7.4697585,6.7197585,6.7397585,5.0897584,5.9797583,5.289758,3.7897582,2.8497584,1.9997582,1.4697583,1.1897583,0.4397583,-0.7202417,-1.4102417,-1.9102417
-2.8302417,-2.8502417,-2.6202416,-2.0002418,-1.2402416,-0.6702417,-1.5302417,-8.240242,-7.690242,-3.7202418,-4.8502417,-8.090241,-6.1202416,-5.460242,-6.3302417,-7.190242,-8.100242,-9.560242,-9.520242,-9.080242,-8.040241,-7.0802417,-6.5502415,-6.2202415,-5.630242,-5.110242,-5.0802417,-4.7502418,-4.3502417,-4.4902415,-3.9402418,-3.0102417,-1.5802417,-0.4402417,1.0297583,2.2597582,3.5497582,5.139758,6.2297583,6.9897585,7.3397584,7.869758,8.369759,8.639758,8.709759,8.309758,7.099758,6.6897583,5.9697585,5.039758,3.3597584,2.5197582,2.2197583,2.1697583,1.5097584,-0.1502417,-0.5402417,-0.9602417
-3.5202417,-3.9902418,-4.210242,-4.650242,-6.7602415,-8.7602415,-8.960241,-8.660242,-9.030242,-7.6002417,-5.2902417,-5.980242,-4.570242,-3.1802416,-5.3102417,-7.440242,-9.240242,-9.150242,-8.320242,-7.6802416,-7.3002415,-6.6002417,-6.1002417,-5.960242,-5.440242,-5.1202416,-5.610242,-5.5802417,-5.3002415,-4.5102415,-3.4402418,-2.1502416,-0.8802417,0.7097583,2.2097583,3.2397583,4.0897584,4.7497582,5.2497582,6.0097585,7.289758,8.379758,9.119759,9.229758,10.179758,9.689758,8.4897585,7.2597585,6.849758,6.019758,4.9497585,3.4397583,3.3197584,2.3997583,2.1497583,1.0597583,0.1597583,-0.1902417
-3.2302418,-4.0402417,-4.170242,-4.440242,-5.4302416,-6.670242,-6.8102417,-6.2602415,-5.940242,-4.2202415,-2.9502418,-1.2302417,-5.0002418,-5.320242,-5.0602417,-6.8902416,-8.080242,-8.180242,-7.7802415,-7.0102415,-6.3902416,-5.7502418,-5.150242,-5.110242,-5.4102416,-5.2002416,-5.230242,-4.690242,-4.0502415,-3.6702416,-2.7602417,-1.4202417,0.0197583,1.7497582,3.0597582,3.9297583,4.679758,4.539758,3.2397583,3.7197583,5.1997585,6.769758,8.189758,8.939758,10.599758,10.359758,8.529758,8.849758,8.529758,6.7497582,4.3397584,3.7397583,3.5897584,2.9597583,2.4097583,1.8097583,0.8497583,0.7397583
-2.7902417,-3.5202417,-3.6902418,-3.5402417,-4.2202415,-5.840242,-5.840242,-5.1002417,-3.3802416,-3.2102418,-5.880242,-5.670242,-3.9502418,-3.3402417,-4.420242,-5.130242,-5.3702416,-7.340242,-6.7402415,-5.940242,-5.210242,-4.8902416,-4.6402416,-4.1602416,-4.7702417,-5.0802417,-4.8302417,-4.130242,-3.7802417,-3.3002417,-2.8902416,-2.5002418,-1.5902417,-0.5002417,0.2897583,1.5997583,1.3597583,2.1597583,3.0397582,3.6697583,4.429758,5.1097584,5.579758,6.9497585,9.059758,9.849758,9.379758,8.589758,8.389758,7.4797583,7.2197585,6.039758,5.619758,4.4497585,3.4297583,2.0897584,1.4397583,-0.4102417
-2.0302417,-2.6502416,-3.0602417,-3.2102418,-2.8002417,-4.0602417,-4.230242,-4.2802415,-4.4702415,-4.7602415,-5.110242,-4.7602415,-3.6302416,-3.7702417,-4.670242,-6.170242,-7.1602416,-6.820242,-5.360242,-4.5802417,-4.5002418,-4.130242,-4.0602417,-3.6402416,-4.1002417,-4.3302417,-4.3702416,-4.2502418,-3.7802417,-3.0602417,-3.0502417,-2.5602417,-1.8602417,-1.8902417,-2.4602418,-1.8202417,-0.0302417,1.7997583,3.3297584,3.3097582,3.8397584,5.2297583,5.8397584,6.349758,7.2197585,8.269758,9.559758,9.079759,7.7497582,6.7997584,7.2797585,7.119758,4.1097584,3.5097582,2.4597583,1.9897583,0.29975832,-3.4702418
-0.9202417,-0.9202417,-1.3702416,-1.5402417,-1.4502417,-1.1502417,-1.9602417,-2.5002418,-3.3802416,-4.820242,-3.8102417,-3.3402417,-3.7102418,-3.0702417,-4.110242,-4.5502415,-5.170242,-4.860242,-4.0802417,-3.1202416,-2.9902418,-2.9402418,-3.7002418,-3.1202416,-3.4602418,-3.5902417,-3.7602417,-3.3902416,-3.1702416,-2.8702416,-2.6702416,-2.6102417,-2.3702416,-1.4602417,-0.9802417,-0.3102417,0.9197583,2.0597582,2.9297583,3.3097582,3.5897584,4.8397584,6.159758,6.579758,7.329758,8.569758,9.379758,9.109758,6.9197583,6.2997584,6.6297584,6.0697584,0.5097583,-0.4702417,-1.3102417,-2.0002418,-1.7602417,-5.0202417
-0.2902417,0.2197583,1.4997582,1.2297583,0.2497583,0.4997583,1.0797583,-0.4702417,-1.7202417,-2.5602417,-2.4202416,-1.9202417,-1.4302417,-1.2502418,-1.3902417,-2.7402418,-3.0102417,-2.5002418,-2.1702416,-2.1602416,-1.7302417,-1.5802417,-2.8702416,-2.7802417,-2.8002417,-2.7802417,-2.6002417,-2.3402417,-2.1802416,-1.9202417,-1.5102417,-1.8802418,-1.7102417,-1.0802417,-0.7202417,-0.6502417,0.4597583,1.4297583,2.4997582,3.5397582,4.6497583,5.869758,7.3397584,7.7397585,8.419758,10.139758,10.119759,8.119759,6.659758,5.9597583,4.2997584,0.7297583,-2.0502417,-2.7702417,-3.4902418,-4.4102416,-5.1402416,-4.960242
1.7297583,2.2197583,2.2797582,2.6397583,3.0297582,2.2397583,2.3597584,1.1797583,0.8897583,-0.0902417,-0.1002417,0.3297583,0.3897583,0.9697583,0.1397583,-0.6102417,-1.0302417,-0.1002417,-0.13024169,-1.7902417,-0.9002417,-0.4302417,-1.2702417,-1.9402417,-1.7302417,-1.4302417,-1.1702417,-0.8602417,-0.8502417,-0.9902417,-0.4702417,-0.6902417,-0.8402417,-2.4169922E-4,0.3097583,-0.3202417,0.4297583,0.9497583,2.2597582,3.5697584,5.0697584,7.2997584,9.389758,10.439758,11.979758,12.399758,11.319758,7.5897584,5.5297585,5.3397584,2.7797582,-1.4802417,-5.110242,-5.0202417,-4.9902415,-4.940242,-5.4902415,-5.610242
1.3597583,3.0097582,3.7897582,4.2097583,4.059758,4.4197583,4.579758,4.0297585,3.2397583,3.0897584,2.7497582,2.7797582,2.6697583,2.7297583,2.0497582,1.4597583,1.5297583,1.6697583,1.2497582,-0.5002417,0.0497583,0.3997583,-0.4302417,0.0597583,-0.0802417,0.2597583,0.4397583,0.2697583,-0.3502417,0.1097583,0.8297583,0.8597583,0.4397583,0.9997583,1.4397583,1.0397583,1.1897583,1.4197583,2.3097582,3.7697582,5.139758,7.2797585,9.749759,13.319758,15.779758,13.369759,9.789759,4.9397583,3.6097584,1.4797583,-3.1102417,-6.3502417,-8.160242,-8.500241,-8.410242,-6.730242,-6.2902417,-5.5402417
