raw-data-f/2018100818f3.json
{"header": { "discipline":0, "disciplineName":"Meteorological products", "gribEdition":2, "gribLength":75159, "center":7, "centerName":"US National Weather Service - NCEP(WMC)", "subcenter":0, "refTime":"2018-10-08T18:00:00.000Z", "significanceOfRT":1, "significanceOfRTName":"Start of forecast", "productStatus":0, "productStatusName":"Operational products", "productType":1, "productTypeName":"Forecast products", "productDefinitionTemplate":0, "productDefinitionTemplateName":"Analysis/forecast at horizontal level/layer at a point in time", "parameterCategory":2, "parameterCategoryName":"Momentum", "parameterNumber":3, "parameterNumberName":"V-component_of_wind", "parameterUnit":"m.s-1", "genProcessType":2, "genProcessTypeName":"Forecast", "forecastTime":3, "surface1Type":103, "surface1TypeName":"Specified height level above ground", "surface1Value":10.0, "surface2Type":255, "surface2TypeName":"Missing", "surface2Value":0.0, "gridDefinitionTemplate":0, "gridDefinitionTemplateName":"Latitude_Longitude", "numberPoints":65160, "shape":6, "shapeName":"Earth spherical with radius of 6,371,229.0 m", "gridUnits":"degrees", "resolution":48, "winds":"true", "scanMode":0, "nx":360, "ny":181, "basicAngle":0, "lo1":0.0, "la1":90.0, "lo2":359.0, "la2":-90.0, "dx":1.0, "dy":1.0 }, "data":
[rows 130 to 155 of 181, columns 0 to 57 of 360]
-3.7880394,-4.8980393,-4.6180396,-4.1180396,-3.0980396,-1.5680395,-0.28803957,0.76196045,0.80196047,-0.35803956,-5.5580397,-6.6380396,-5.3680396,-3.2380395,-1.0480396,-0.56803954,-3.9180396,-6.1780396,-8.35804,-9.548039,-10.498039,-9.98804,-9.828039,-8.10804,-8.4680395,-8.538039,-8.248039,-7.9080396,-7.6680393,-9.10804,-9.56804,-8.09804,-7.2380395,-7.0080395,-6.0880394,-5.5980396,-5.7880397,-5.7880397,-5.5580397,-4.7280397,-3.8680396,-2.4380395,-2.8380396,-2.9780395,-1.1080395,-0.5180395,-0.41803956,-0.73803955,-1.4480395,-0.9580395,0.6119605,1.3419604,1.9319605,2.8219604,3.4019604,3.2019606,3.6719604,4.8319607
-3.5780396,-5.5580397,-5.8680396,-5.3380394,-4.0580397,-2.6180396,-1.3980396,-0.37803954,0.45196044,0.51196045,-2.7780395,-7.5380397,-7.0080395,-4.7880397,-3.0780396,-1.6280396,-5.7180395,-6.9980397,-7.9880395,-8.34804,-8.168039,-9.39804,-8.13804,-8.26804,-8.758039,-8.038039,-7.9280396,-7.43804,-7.4080396,-7.6480393,-7.3280396,-8.418039,-7.9780397,-6.8580394,-6.2680397,-4.9280396,-5.4180393,-5.7080398,-5.9180393,-4.5480394,-3.0180395,-1.7080395,-1.5880395,-1.1280396,-0.67803955,-0.78803957,-1.4480395,-1.8680396,-0.92803955,-0.37803954,0.95196044,2.0319605,2.7919605,3.2519605,3.8419604,5.0719604,6.5219603,6.5719604
-3.8680396,-5.5680394,-6.5380397,-6.3480396,-5.3980393,-3.8680396,-2.3580396,-1.5680395,-0.78803957,0.20196044,-1.2880396,-7.1380396,-7.9780397,-6.3480396,-3.8580396,1.6319604,-7.0680394,-7.7680397,-7.9780397,-8.18804,-8.088039,-7.9080396,-8.788039,-9.458039,-10.59804,-9.47804,-8.588039,-8.038039,-7.9680395,-8.13804,-8.31804,-8.17804,-7.4680395,-7.0380397,-6.5480394,-6.2780395,-6.0880394,-5.3980393,-4.1280394,-3.1480396,-2.9880395,-2.7480395,-2.3680396,-1.9280396,-1.7180395,-1.4580395,-1.4080396,-1.6180396,-1.2780396,-0.54803956,-0.29803956,1.2819605,2.2319605,3.2419605,3.8119605,4.1219606,3.8619604,4.9119606
-4.3480396,-5.5980396,-7.1780396,-7.5580397,-6.6780396,-5.0580397,-3.2780395,-2.3680396,-0.14803955,-0.09803955,-0.73803955,-4.9780397,-8.59804,-8.408039,-6.9680395,-3.8580396,-2.6580396,-8.51804,-7.9880395,-8.26804,-8.338039,-8.44804,-8.758039,-8.048039,-7.43804,-8.418039,-8.88804,-8.618039,-8.7180395,-9.248039,-9.338039,-8.9680395,-7.9880395,-7.3980393,-6.8380394,-6.3480396,-5.9680395,-5.4280396,-4.6680393,-3.5780396,-2.6980395,-2.1980395,-1.9480395,-1.9780395,-2.2680395,-2.4980395,-2.3480396,-2.1580396,-1.9480395,-1.3580395,-1.1480396,-1.6180396,-0.90803957,0.23196045,1.1719605,2.2619605,3.3419604,4.8519607
-4.9080396,-5.9580398,-7.5380397,-8.26804,-7.6780396,-6.4780397,-4.6580396,-3.2180395,-1.1880395,-0.24803954,-0.90803957,-2.9580395,-7.93804,-9.658039,-8.918039,-6.3980393,-4.3880396,-6.7080398,-8.59804,-7.8580394,-8.26804,-8.55804,-9.458039,-9.908039,-8.668039,-7.9180393,-8.44804,-8.88804,-8.838039,-9.038039,-9.43804,-9.408039,-8.76804,-7.8980393,-7.1080394,-6.4280396,-5.7980394,-5.1280394,-4.2680397,-3.4780395,-2.5280395,-1.9580395,-1.8780396,-1.7680396,-2.0780396,-2.6880395,-2.9380395,-2.8680396,-2.5580397,-1.7180395,-2.0180395,-2.7180395,-2.3680396,-1.2580396,-0.008039551,1.6319604,3.5619605,4.8519607
-5.5880394,-6.3480396,-7.4580398,-8.788039,-8.658039,-7.5880394,-6.1080394,-4.7380395,-2.5080395,-1.1580396,-1.0680395,-1.9480395,-6.1280394,-8.88804,-10.168039,-9.368039,-7.4280396,-6.3180394,-7.9180393,-9.288039,-7.9980397,-8.038039,-8.68804,-9.34804,-9.508039,-9.2180395,-8.42804,-8.2180395,-8.328039,-8.63804,-9.258039,-9.39804,-9.17804,-8.908039,-7.9080396,-6.9680395,-6.1480393,-5.4480395,-4.4780397,-3.3780396,-2.1280396,-1.0880395,-0.92803955,-1.9680395,-2.5480394,-2.9380395,-2.9880395,-2.7780395,-2.5480394,-2.9780395,-3.3680396,-3.6580396,-3.2980394,-2.0580397,-0.68803954,1.0019604,2.7419605,4.1319604
-6.0780396,-7.4480395,-8.328039,-9.628039,-9.51804,-8.14804,-7.3480396,-5.8880396,-5.0680394,-2.4180396,-1.4080396,-1.6880395,-4.0080395,-7.5280395,-8.80804,-10.05804,-9.48804,-8.60804,-8.328039,-8.77804,-9.93804,-9.338039,-8.208039,-8.44804,-8.77804,-8.85804,-8.72804,-8.578039,-8.18804,-8.038039,-8.208039,-8.498039,-8.72804,-8.73804,-8.338039,-7.7180395,-6.9180393,-6.1280394,-5.2480397,-4.4280396,-2.7380395,-1.9280396,-1.6180396,-1.9680395,-2.8880396,-3.2980394,-3.4380395,-3.4680395,-3.5880396,-3.9980395,-4.0380397,-4.1980395,-3.7380395,-2.7380395,-1.7180395,-0.5780395,1.6419605,3.7019606
-6.6480393,-8.05804,-9.128039,-10.26804,-10.628039,-9.378039,-8.14804,-6.68804,-5.0180397,-4.4480395,-2.7280395,-2.2080395,-1.8080395,-5.4880395,-8.26804,-9.42804,-10.588039,-10.31804,-9.88804,-9.008039,-9.88804,-10.328039,-10.27804,-9.42804,-9.06804,-8.998039,-9.17804,-8.81804,-8.72804,-8.748039,-8.508039,-8.35804,-8.42804,-8.56804,-8.508039,-8.048039,-7.4580398,-7.0480394,-6.4480395,-5.3880396,-4.3980393,-3.7380395,-3.2680395,-3.2280395,-3.6480396,-4.2480397,-4.2680397,-3.9880395,-4.1780396,-4.5280395,-4.7280397,-4.6680393,-4.0380397,-3.0880396,-2.0580397,-0.87803954,0.42196044,2.3119605
-7.3480396,-8.34804,-9.258039,-10.658039,-11.078039,-10.39804,-9.368039,-8.368039,-6.2080398,-5.1980395,-4.2980394,-2.9280396,-2.7880394,-2.8380396,-5.9880395,-8.9680395,-9.56804,-10.81804,-11.01804,-10.89804,-9.758039,-9.64804,-10.408039,-10.48804,-10.2180395,-9.97804,-9.408039,-8.828039,-9.008039,-9.118039,-9.088039,-9.048039,-9.118039,-8.958039,-8.628039,-8.088039,-7.3780394,-7.0480394,-6.5780396,-5.6780396,-4.8980393,-4.2880397,-3.3580396,-2.7680395,-2.9480395,-3.4680395,-4.0780396,-4.6980395,-5.4780397,-5.8280396,-5.5480394,-4.9780397,-4.6080394,-3.8480396,-2.9680395,-1.3580395,0.30196044,2.2819605
-7.4480395,-8.92804,-9.588039,-10.408039,-10.43804,-10.89804,-10.668039,-10.23804,-8.258039,-6.3980393,-5.2680397,-4.1280394,-2.8380396,-2.8880396,-4.1980395,-6.1680393,-9.56804,-10.288039,-10.668039,-11.008039,-10.98804,-10.088039,-9.30804,-9.668039,-10.088039,-9.80804,-9.43804,-8.97804,-8.56804,-8.52804,-8.288039,-8.2180395,-8.418039,-8.288039,-7.9480395,-7.6680393,-7.4080396,-7.1680393,-6.5280395,-6.0480394,-5.7380395,-4.9880395,-4.6380396,-4.6780396,-4.3980393,-4.18804,-4.3880396,-4.9880395,-6.43804,-7.3580394,-7.0180397,-6.2280397,-5.5480394,-4.3080397,-2.7980394,-1.2480396,0.6719605,2.3119605
-6.8880396,-8.878039,-9.92804,-11.09804,-10.48804,-11.658039,-11.76804,-10.63804,-8.68804,-5.9280396,-5.1380396,-4.7780395,-3.9980395,-3.1280396,-2.6680396,-4.7180395,-6.4680395,-9.05804,-10.118039,-10.17804,-10.668039,-10.89804,-10.18804,-9.298039,-8.84804,-9.09804,-9.48804,-9.42804,-9.158039,-8.73804,-8.42804,-8.22804,-8.23804,-8.10804,-7.8880396,-7.8380394,-7.68804,-7.2480397,-6.6380396,-6.2180395,-5.9080396,-5.5080395,-5.18804,-4.5080395,-4.1680393,-3.7880394,-4.0280395,-5.2880397,-7.1580396,-8.47804,-8.298039,-7.3280396,-6.0680394,-4.4880395,-2.7780395,-0.78803957,0.36196044,1.7919605
-5.4980397,-7.7080398,-9.31804,-11.34804,-11.708039,-11.338039,-10.758039,-9.98804,-8.13804,-7.1580396,-5.6580396,-4.9680395,-4.5880394,-4.0280395,-3.6480396,-4.0280395,-5.5180397,-7.2280397,-8.878039,-9.998039,-10.618039,-10.77804,-10.128039,-9.908039,-9.668039,-9.158039,-8.88804,-8.43804,-8.378039,-8.55804,-8.588039,-8.508039,-8.038039,-7.6280394,-7.2980394,-7.0180397,-6.8780394,-6.8180394,-6.5380397,-5.9280396,-5.6380396,-5.0180397,-4.2180395,-4.0880394,-4.2780395,-4.43804,-5.2280397,-6.2280397,-7.8580394,-9.26804,-8.68804,-7.2580395,-5.9580398,-4.2480397,-2.3780396,-0.79803956,0.62196046,1.7719605
-1.1980395,-4.9980397,-7.7180395,-10.008039,-10.758039,-10.338039,-9.498039,-8.72804,-7.7080398,-6.4180393,-5.2480397,-5.1480393,-5.4680395,-5.0580397,-4.18804,-4.4480395,-5.6380396,-6.6380396,-7.8780394,-8.958039,-9.67804,-10.128039,-10.43804,-10.56804,-9.97804,-9.418039,-9.378039,-9.31804,-8.7180395,-7.9480395,-7.7880397,-7.8280396,-7.8680396,-7.7380395,-7.6080394,-7.3980393,-6.8480396,-6.1180396,-5.5180397,-4.8480396,-4.3780394,-4.18804,-4.1180396,-4.2880397,-4.5280395,-4.9280396,-5.8380394,-7.6080394,-9.658039,-9.298039,-8.008039,-6.7680397,-5.1980395,-3.6380396,-2.0380394,-0.5880396,1.2619605,2.5319605
2.0719604,-0.62803954,-2.6380396,-4.5680394,-6.3780394,-7.7980394,-7.8780394,-7.2080398,-6.3180394,-5.6180396,-5.2780395,-5.9480395,-6.7280397,-5.2680397,-4.3280396,-3.5080395,-4.3980393,-6.5680394,-7.2480397,-7.5280395,-7.93804,-8.208039,-8.578039,-8.828039,-8.88804,-8.748039,-8.418039,-8.128039,-8.118039,-8.10804,-7.68804,-7.0880394,-6.8380394,-6.6480393,-6.2280397,-5.8580394,-5.5780396,-5.2780395,-4.7580395,-4.4080396,-4.1780396,-4.0480394,-4.0280395,-4.2480397,-5.1280394,-6.1180396,-8.298039,-9.80804,-9.47804,-8.56804,-7.1380396,-5.5280395,-3.8680396,-2.2380395,-1.1180396,1.2219604,1.9419605,2.9519606
3.7419605,1.8019605,1.1219604,0.55196047,-3.6280396,-5.5180397,-5.5380397,-6.0380397,-6.7880397,-5.6480393,-5.4980397,-6.3480396,-5.4680395,-4.6580396,-3.5080395,-2.3780396,-2.4980395,-3.3380396,-4.7680397,-5.5580397,-5.9180393,-6.1280394,-6.4680395,-6.5880394,-6.7680397,-6.9980397,-6.8880396,-7.1080394,-7.1780396,-7.2280397,-7.0180397,-6.6680393,-6.2180395,-5.6480393,-5.18804,-4.68804,-4.1980395,-3.7780395,-3.5080395,-3.1680396,-3.0180395,-3.2480395,-3.8380396,-4.7980394,-6.2180395,-8.168039,-9.60804,-9.35804,-8.35804,-6.8980393,-5.5380397,-3.4480395,-2.0880396,-0.73803955,0.24196045,1.1419605,2.8019605,3.9019604
4.4119606,3.1919603,2.2619605,2.3619604,2.8119605,-3.1680396,-5.5680394,-5.6180396,-5.8880396,-6.18804,-6.0680394,-5.2380395,-4.3380394,-3.3380396,-2.6880395,-2.3080397,-1.9780395,-1.7880396,-1.8880396,-2.2480395,-2.8280396,-3.2280395,-3.5880396,-3.6780396,-3.9280396,-4.2380395,-4.6180396,-4.9580398,-5.1480393,-5.2780395,-5.2680397,-5.0580397,-4.7580395,-4.3780394,-3.9480395,-3.5780396,-3.3880396,-3.1080396,-2.8080397,-2.7480395,-2.8780396,-3.1480396,-4.2480397,-6.0080395,-7.8280396,-8.828039,-8.64804,-7.9480395,-6.7680397,-4.8780394,-3.1080396,-1.3580395,0.55196047,2.3919604,3.6819603,4.7119603,5.4019604,5.8619604
5.2519603,4.7119603,3.4219604,1.6919605,0.81196046,0.51196045,-1.0680395,-2.1680396,-3.0480394,-3.7780395,-3.8080397,-3.5380394,-3.2280395,-3.0980396,-2.9480395,-2.9780395,-2.9880395,-2.8980396,-2.9080396,-2.9880395,-3.0180395,-2.9680395,-2.9680395,-3.0480394,-3.2180395,-3.9280396,-4.0480394,-4.0480394,-4.0180397,-4.0980396,-4.0480394,-3.8680396,-3.6080396,-3.4580395,-3.3380396,-3.2080395,-3.1680396,-3.2480395,-3.3080397,-3.2780395,-3.7980394,-5.1380396,-6.8480396,-7.9180393,-8.338039,-7.8480396,-6.5880394,-5.0380397,-2.5980396,-0.36803955,0.9219605,2.5619605,3.8819604,4.8719606,5.8419604,6.7819605,7.4319606,7.5919604
6.4219604,6.7819605,7.1519604,7.0419602,5.7719603,3.4419603,1.0919604,-1.0080396,-2.6180396,-3.3280396,-3.2680395,-3.1780396,-3.1680396,-3.3180397,-3.4080396,-3.3380396,-2.9680395,-2.5180395,-2.4880395,-2.6780396,-2.8580396,-3.2080395,-3.5580397,-3.7480395,-3.6680396,-3.6280396,-3.5180395,-3.5080395,-3.9180396,-4.0780396,-3.8180397,-3.1380396,-2.2980394,-1.9180396,-1.8280395,-1.9280396,-2.3680396,-2.8380396,-3.3880396,-4.0880394,-5.9080396,-7.6080394,-8.048039,-7.6980395,-6.6080394,-4.9080396,-2.9880395,-1.2680396,-0.09803955,1.2719605,2.7419605,3.8319604,5.3019605,6.4219604,6.9019604,7.3819604,7.7419605,8.211961
6.9419603,7.06196,6.9719605,6.7019606,6.6019607,6.2419605,5.5819607,4.9819603,4.4619603,3.9219604,3.4819605,3.4419603,3.2919605,2.9919605,2.5119605,1.6119604,0.33196044,-0.7180396,-2.0180395,-2.9280396,-2.8580396,-2.9880395,-3.1080396,-2.8880396,-2.9280396,-3.0180395,-2.9880395,-2.8380396,-2.7380395,-2.8780396,-2.5280395,-1.8680396,-1.4580395,-1.1180396,-1.1080395,-1.6580396,-2.8380396,-3.9180396,-3.8380396,-3.6980395,-3.6980395,-5.8180394,-6.0480394,-5.1580396,-4.5280395,-4.0380397,-2.8080397,-1.6380396,0.021960448,1.3019605,3.5119605,4.5519605,5.4719605,6.3619604,7.3019605,7.9619603,7.6919603,8.871961
5.2319603,5.5019603,5.6719604,5.8719606,6.1419606,6.1219606,6.1219606,5.9719605,5.8219604,5.6019607,5.4019604,5.3619604,5.5219603,5.7919602,5.7119603,5.2419605,4.6419606,3.9719605,3.4019604,3.3119605,3.3419604,3.2219605,2.5219605,0.6619604,-1.1480396,-2.3380396,-3.0280395,-3.2280395,-3.6080396,-3.8580396,-3.5680397,-2.7780395,-1.6380396,-0.73803955,-0.72803956,-0.25803956,0.061960448,-0.74803954,-1.7280395,-2.0180395,-2.6380396,-2.9680395,-3.3580396,-3.3680396,-3.2080395,-2.5880396,-1.5080396,-0.49803954,0.26196045,1.0819604,1.2919605,2.0019605,2.6619604,3.5419605,4.3819604,5.2319603,6.1419606,6.7219605
4.4519606,4.6519604,4.9019604,5.0819607,5.0719604,5.1619606,5.1019607,4.9919605,4.8019605,4.8019605,4.9119606,4.9319606,4.8619604,4.9119606,5.0819607,5.1319604,5.6619606,5.8619604,5.9619603,6.1619606,5.6619606,4.8419604,4.0719604,3.5119605,3.0919604,2.4519606,0.33196044,-2.2380395,-3.5280395,-4.0780396,-4.18804,-3.8180397,-3.4580395,-3.1580396,-2.9180396,-2.7480395,-2.3580396,-2.0680397,-1.9980396,-1.9080396,-1.8780396,-1.9080396,-2.2980394,-3.4080396,-3.8380396,-3.4180396,-2.4780395,-1.6880395,-0.7180396,0.63196045,1.6119604,2.1219604,2.4919605,2.8719604,3.3819604,4.0219603,4.7719603,5.6619606
4.1019607,4.0519605,4.1119604,4.0719604,4.0519605,4.1419606,4.1919603,4.2019606,4.2619605,4.2519603,4.2619605,4.2719603,4.3319607,4.4219604,4.5919604,4.7419605,4.8719606,5.0119605,5.3419604,5.6019607,5.6719604,6.1619606,6.5519605,5.8519607,3.2419605,1.9619604,-1.0780395,-2.9080396,-4.6180396,-5.5780396,-5.7280397,-5.5080395,-5.4080396,-4.4680395,-3.7080395,-3.2180395,-2.9780395,-2.9580395,-2.8280396,-2.8180397,-2.7380395,-2.4980395,-2.4280396,-2.5580397,-2.4180396,-2.3780396,-2.1880395,-1.5280396,-0.32803956,0.83196044,1.6819605,2.3219604,2.7219605,3.0719604,3.3219604,3.7519605,4.7219605,5.6719604
3.7519605,3.7919605,3.7719605,3.7119606,3.6419604,3.5619605,3.5319605,3.5219605,3.5919604,3.6619604,3.7619605,3.9019604,4.06196,4.2119603,4.3719606,4.5419602,4.7519603,4.9819603,5.2119603,5.4819603,5.7519603,5.9219604,6.1919603,6.7919602,7.7819605,3.6419604,-4.5980396,-4.6980395,-5.8080397,-6.1480393,-6.4780397,-6.5980396,-6.1780396,-5.4080396,-4.5980396,-4.3480396,-3.8180397,-3.2380395,-2.8580396,-2.6380396,-2.5180395,-2.4480395,-2.4180396,-2.5080395,-2.4680395,-2.2480395,-1.8180395,-0.97803956,0.061960448,0.9219605,1.7019604,2.4019604,2.8219604,3.1019604,3.3319604,3.5719604,3.9219604,4.5519605
2.9319603,3.0919604,3.1619604,3.1619604,3.1119604,3.1219604,3.1819603,3.2719605,3.3519604,3.4719605,3.5919604,3.6819603,3.7819605,3.9119604,4.0419602,4.2119603,4.4219604,4.6219606,4.81196,5.0219603,5.2319603,5.4319606,5.7019606,6.1019607,6.4419603,6.5519605,5.6119604,3.0319605,0.56196046,-1.4180396,-2.8580396,-3.6380396,-4.0580397,-4.3180394,-4.0380397,-3.6580396,-3.1480396,-3.0680397,-3.1280396,-3.1480396,-3.0080395,-2.8080397,-2.6780396,-2.5480394,-2.3580396,-2.0380394,-1.4780395,-0.67803955,0.23196045,1.1619605,1.9419605,2.4619606,2.8119605,3.0719604,3.2519605,3.3519604,3.5919604,3.9119604
2.2519605,2.4519606,2.6319604,2.8019605,2.9019604,2.9319603,2.9119604,2.9119604,3.0219605,3.1419604,3.2119606,3.3119605,3.3619604,3.4119604,3.4819605,3.5819604,3.7319605,3.9319603,4.1419606,4.3219604,4.5319605,4.6819606,4.7319603,4.7419605,4.6219606,4.5819607,4.2619605,3.4719605,2.2819605,0.95196044,-0.46803954,-1.6580396,-2.5080395,-3.1280396,-3.1180396,-2.4380395,-2.7580395,-2.9180396,-2.9480395,-2.8780396,-2.7880394,-2.6780396,-2.5480394,-2.3580396,-2.0880396,-1.6680396,-1.0380396,-0.18803956,0.6619604,1.4019605,1.9319605,2.2719605,2.5019605,2.7219605,3.0919604,3.3719604,3.5419605,3.6119604
1.8619604,2.2119606,2.5219605,2.7319605,2.7919605,2.7819605,2.7819605,2.8119605,2.8719604,2.9219604,3.0119605,3.2019606,3.3019605,3.3019605,3.2919605,3.2719605,3.2019606,3.1319604,3.1619604,3.3219604,3.5019605,3.6419604,3.7119606,3.6919603,3.5619605,3.2819605,2.9219604,2.5419605,2.0419605,1.4519604,0.7919605,0.07196045,-0.6380395,-1.2580396,-1.7580396,-2.1380396,-2.3380396,-2.4880395,-2.5180395,-2.4880395,-2.4780395,-2.4380395,-2.3180397,-2.0780396,-1.6680396,-1.1080395,-0.49803954,0.09196045,0.75196046,1.2819605,1.5919604,1.7419604,1.8819604,2.3819604,3.1819603,3.3819604,3.2119606,3.7019606
