raw-data-f/2018100800f3.json
{"header": { "discipline":0, "disciplineName":"Meteorological products", "gribEdition":2, "gribLength":75293, "center":7, "centerName":"US National Weather Service - NCEP(WMC)", "subcenter":0, "refTime":"2018-10-08T00:00:00.000Z", "significanceOfRT":1, "significanceOfRTName":"Start of forecast", "productStatus":0, "productStatusName":"Operational products", "productType":1, "productTypeName":"Forecast products", "productDefinitionTemplate":0, "productDefinitionTemplateName":"Analysis/forecast at horizontal level/layer at a point in time", "parameterCategory":2, "parameterCategoryName":"Momentum", "parameterNumber":2, "parameterNumberName":"U-component_of_wind", "parameterUnit":"m.s-1", "genProcessType":2, "genProcessTypeName":"Forecast", "forecastTime":3, "surface1Type":103, "surface1TypeName":"Specified height level above ground", "surface1Value":10.0, "surface2Type":255, "surface2TypeName":"Missing", "surface2Value":0.0, "gridDefinitionTemplate":0, "gridDefinitionTemplateName":"Latitude_Longitude", "numberPoints":65160, "shape":6, "shapeName":"Earth spherical with radius of 6,371,229.0 m", "gridUnits":"degrees", "resolution":48, "winds":"true", "scanMode":0, "nx":360, "ny":181, "basicAngle":0, "lo1":0.0, "la1":90.0, "lo2":359.0, "la2":-90.0, "dx":1.0, "dy":1.0 }, "data":
[rows 25 to 49 of 181, columns 0 to 56 of 360]
10.826186,10.816187,10.846187,11.0061865,11.296186,11.906186,10.666186,-1.3438134,-2.3038135,-6.4238133,-5.2538133,-6.5038133,-4.1738133,-4.6738133,-3.1538134,-2.7338135,-0.6338135,-0.5938135,-1.2138134,-0.5938135,-0.033813477,0.9661865,4.6661863,5.5961866,6.2961864,4.3561864,0.6661865,1.3361865,1.5461866,1.9261866,2.2861865,2.4561865,2.6861866,2.8161864,3.1361866,6.2761865,6.6561866,2.9161866,6.5361867,5.5261865,-0.46381348,0.5361865,1.5461866,1.5961865,1.3661865,1.4461865,1.3961865,1.4061866,1.1461865,1.4661865,2.0161865,1.8561865,1.5161865,1.6561866,1.6761866,1.8261865,1.6261865
11.616186,11.606187,11.446186,11.556187,11.976187,12.896187,13.276187,4.3561864,0.68618655,-4.6338134,-6.5038133,-1.3938135,-2.9538136,-3.2038136,-1.7238135,-0.8438135,-1.1938134,-0.8338135,-0.34381348,-0.34381348,-0.3638135,3.2461865,4.4661865,2.8761866,0.40618652,1.0061865,1.2161865,1.4561865,1.6261865,1.8061866,2.0261865,2.5661864,2.6861866,2.2861865,2.2061865,2.3061864,2.6861866,7.3061867,3.4961865,1.3261865,1.8061866,1.2261865,0.8361865,0.93618655,1.0861865,0.8561865,0.87618655,0.9161865,0.49618652,0.22618653,0.6161865,0.9061865,0.9161865,1.6461865,1.5661865,1.6561866,1.7561865
11.896187,11.766187,11.706186,11.576186,12.736187,13.296186,13.886187,4.7561865,-0.40381348,-1.1038135,-0.21381348,-1.3738135,1.3161865,4.4961867,2.5561864,0.23618652,0.64618653,0.45618653,0.62618655,4.6461864,4.6361866,2.8861866,-0.6338135,0.17618652,0.5261865,1.3061866,2.7361865,1.7261865,3.0361865,1.8661865,2.4361866,1.9261866,1.9961865,2.0261865,2.1161866,1.7761865,1.8861865,1.9261866,2.1961865,1.8761865,1.4461865,1.4261866,1.1561866,0.5361865,0.14618653,0.13618653,0.25618652,-0.18381348,-0.31381348,-0.22381347,-0.09381348,-0.0038134765,0.28618652,0.63618654,1.1061865,1.0761865,1.2261865
12.066187,11.936187,11.596187,11.776187,12.236187,10.5061865,0.056186523,-1.7938135,-0.43381348,-1.7138134,1.7661865,2.3361864,4.1661863,3.8561866,3.5961866,1.4861865,1.2761865,1.8661865,5.0761867,5.5061865,5.6861863,4.7961864,-0.5938135,0.5261865,0.81618655,1.2361865,1.6161865,1.7261865,1.9261866,2.6361866,2.3761866,2.6261866,1.8361865,2.2561865,1.9661865,4.0461864,0.9761865,1.5661865,1.4161866,0.8461865,0.5561865,0.30618653,0.0061865235,-0.0038134765,0.08618652,-0.18381348,-0.7538135,-0.7838135,-0.79381347,-0.8438135,-0.8938135,-0.74381346,-0.31381348,0.14618653,0.51618654,0.5261865,0.9661865
11.186187,11.396187,11.296186,11.796186,11.316187,10.876186,-0.7138135,0.36618653,-0.44381347,0.18618652,-0.24381347,0.6061865,1.2161865,2.8761866,1.7661865,1.8561865,2.6561866,2.4761865,4.9461865,5.6761866,5.2561865,4.0761867,0.15618652,0.46618652,1.0161865,1.2561865,1.4561865,1.4161866,2.1561866,1.7961866,3.8361864,5.1761866,1.5961865,0.9161865,1.4861865,2.3661866,1.1561866,1.1161865,1.3661865,0.7361865,0.36618653,-0.32381347,-0.67381346,-0.5938135,-1.1538135,-1.1538135,-1.4738135,-1.7538135,-1.9538134,-1.9138135,-1.5138135,-1.5238135,-1.5838134,-1.1538135,-0.5938135,-0.43381348,0.096186526
9.716187,9.476187,10.266187,11.206186,11.186187,11.426187,0.12618652,1.8461865,4.7861867,0.9161865,0.45618653,2.3361864,1.4061866,1.4161866,2.2361865,2.2261865,1.7461865,1.7161865,1.0561866,3.5961866,4.3761864,2.7761865,3.5961866,2.1561866,1.9261866,3.3861866,3.5961866,3.4961865,3.3961866,2.4861865,2.6361866,2.8161864,0.7361865,0.3861865,1.4361866,2.0961866,1.7761865,1.5061865,1.6061865,1.3061866,0.37618652,-0.5338135,-1.4438134,-2.1538134,-2.5538135,-3.0838134,-3.5938134,-3.6938136,-3.6038134,-2.9638135,-2.8138134,-2.6038134,-2.5238135,-2.3238134,-1.9638134,-1.4538134,-1.0838134
8.566187,7.9261866,8.286186,10.356187,12.156186,12.566187,4.8361864,2.2761865,5.4461865,2.7961864,7.8961864,6.5061865,1.9861865,3.1061866,5.2361865,1.5361866,1.7861866,1.8561865,3.2761865,6.9561863,6.0661864,5.9761868,4.9561863,2.8961866,1.1861866,1.6261865,1.8461865,2.3761866,1.3761865,1.3861865,1.6761866,1.9261866,1.6561866,1.3961865,1.8561865,2.1961865,2.3061864,2.4661865,2.2561865,1.4161866,1.1561866,0.5561865,-0.5338135,0.7861865,1.6561866,2.1661866,2.0461864,1.9161866,1.8561865,2.0561864,2.0961866,1.6561866,1.1461865,-0.21381348,-1.6238135,-2.3538134,-2.0438135
7.8161864,10.956186,13.306187,12.2561865,12.566187,13.376186,13.796186,11.216187,10.706186,12.386187,8.046186,6.5961866,3.0061865,1.8161865,2.7461865,2.2861865,2.4661865,5.6161866,8.046186,4.6861863,5.8761864,5.9861865,4.1861863,3.3061864,4.0661864,1.3561865,1.7361865,2.0961866,3.9761865,1.4661865,1.6861866,2.3561866,1.4461865,1.7861866,2.2861865,2.2561865,2.1761866,3.1061866,2.6361866,2.3761866,3.3161864,6.2061863,4.2461867,3.4261866,3.4461865,2.6961865,2.3661866,2.3961866,2.2861865,2.4561865,3.3361864,3.6861866,3.5761864,2.6961865,2.3661866,2.5461864,1.7661865
10.716187,12.536186,12.716187,12.596187,13.206186,13.496186,13.546186,12.676187,11.636187,6.1461864,3.2461865,7.6861863,6.9361863,1.9061866,2.2661865,2.0661864,2.4661865,6.3961864,6.9261866,5.5761867,4.9061866,3.7061865,0.75618654,2.0261865,3.2261865,0.95618653,1.5761865,1.4161866,1.8461865,1.1661866,1.6061865,1.2861866,1.0061865,1.3161865,1.4861865,2.5061865,2.4861865,2.9361866,4.1861863,5.7261868,6.9061866,4.3361864,4.1461864,4.8061867,3.7561865,3.5361865,2.8161864,3.5861864,3.8661866,4.7561865,3.5761864,2.7261865,3.0461864,2.9961865,3.9161866,3.9261866,3.4361866
11.0061865,11.466187,11.446186,12.0061865,11.596187,11.616186,11.566187,11.666186,9.886187,3.5261865,3.9061866,7.4561863,4.8761864,2.1861866,1.9761865,6.4761868,5.5061865,5.9561863,5.2461867,3.3561866,3.2661865,-0.42381346,0.63618654,1.3261865,1.6061865,0.7961865,0.8061865,0.7761865,0.68618655,0.29618654,-0.28381348,0.016186524,0.48618653,1.0761865,1.7861866,2.3461866,4.3261867,6.1261864,6.8561864,5.4561863,5.1761866,4.1661863,4.7361865,5.2861867,4.8761864,5.4061866,4.8661866,5.4661865,4.4961867,4.3461866,4.4461865,5.0261865,4.6561866,4.0361867,4.0461864,3.8261864,3.6861866
9.326186,9.206186,10.086186,10.466187,10.5061865,10.076186,9.206186,8.916186,8.466187,2.1261866,4.7161865,5.7061863,3.9761865,5.2361865,4.9961867,2.5961866,3.3461866,2.5861864,2.1461866,1.5661865,-0.35381347,-1.6338135,-0.06381348,0.42618653,0.3861865,0.32618654,-0.7138135,-0.47381347,0.17618652,0.27618653,-0.16381347,0.6061865,1.1361865,2.0261865,3.7161865,4.8361864,4.7061863,4.7461867,5.7461867,5.4161863,4.7061863,4.9561863,5.0361867,4.8361864,4.6761866,5.6861863,6.0861864,4.6161866,6.1561866,5.7561865,4.5161867,4.7261868,4.5061865,5.2261868,4.6761866,4.4961867,3.0461864
7.2461867,8.096187,9.026187,8.996186,8.956186,8.546186,6.7161865,5.8561864,4.8261867,1.3461865,0.6161865,1.4361866,0.62618655,0.7461865,1.3961865,0.42618653,0.07618652,0.13618653,0.3861865,1.2361865,-0.8838135,-0.3338135,0.16618653,0.23618652,-0.46381348,-0.15381348,-0.45381346,-0.15381348,0.56618655,0.7761865,1.7961866,2.9561865,3.8161864,4.0861864,3.4961865,3.7361865,4.1861863,5.2361865,5.6261864,5.9061866,5.7461867,5.7561865,5.4161863,5.6861863,5.8961864,6.3061867,5.0661864,6.2361865,5.8461866,5.2161865,5.1461864,4.6061864,4.5561867,4.6861863,4.9961867,4.9361863,3.0161865
4.0361867,7.0861864,7.9461865,8.296186,7.6561866,2.7261865,0.8561865,0.89618653,0.25618652,-0.21381348,-0.41381347,-0.24381347,-0.67381346,-0.47381347,-0.3938135,-0.86381346,-0.7638135,-0.5238135,0.20618652,0.51618654,0.63618654,0.4161865,0.5961865,0.75618654,0.40618652,0.6761865,1.1461865,2.0161865,2.3761866,2.4861865,3.1261866,2.8861866,3.2261865,3.1761866,2.9761865,3.9661865,3.8561866,3.4961865,4.0161867,4.2861867,3.6961865,4.8761864,4.3961864,4.8561864,5.3261867,5.2261868,5.0861864,5.1861863,5.2461867,4.8261867,4.8061867,4.4061866,3.8561866,4.3461866,4.6161866,5.2161865,3.3061864
3.2961864,3.0561864,7.0761867,6.2561865,3.7861865,0.57618654,0.56618655,-0.14381348,-0.55381346,-0.99381346,-0.21381348,-0.56381345,-1.2438135,-0.98381346,-0.8938135,-0.62381345,-0.7238135,-0.98381346,-0.48381346,0.4761865,1.1661866,1.4461865,1.4561865,2.1961865,2.4861865,2.5961866,2.8861866,2.6661866,2.1361866,2.4961865,2.2561865,2.5461864,2.4061866,3.3561866,3.0461864,2.2961864,2.2261865,2.4561865,2.3761866,2.2061865,2.4161866,2.8261864,2.7761865,2.8561866,3.3261864,3.6761866,3.6561866,3.1361866,4.0461864,4.3061867,3.9461865,4.6361866,4.2361865,4.2461867,4.4261866,4.8161864,3.7761865
2.3661866,3.5061865,3.4761865,1.2961866,0.95618653,0.3561865,0.8361865,-0.37381348,-0.42381346,-0.31381348,-0.7538135,-1.3838135,-1.4238135,-1.9738135,-1.1038135,-1.0738134,-0.6538135,-0.19381347,-0.86381346,-0.26381347,0.37618652,1.0261865,1.4761865,1.6361865,1.6161865,2.0061865,1.7061865,1.4661865,2.4161866,2.6861866,2.5161865,2.3461866,2.4161866,2.1261866,1.8561865,1.5961865,1.4861865,1.4161866,0.87618655,1.0361866,0.4761865,1.4761865,0.5561865,1.1561866,1.3461865,1.8061866,2.3361864,2.4861865,2.9561865,2.8861866,3.4061866,3.4761865,3.7561865,4.5561867,4.8361864,4.2661867,5.0561867
2.7261865,1.0261865,0.4161865,0.096186526,-0.9138135,-0.61381346,0.036186524,-0.68381345,-0.31381348,-1.2438135,-1.2638135,-1.3538135,-1.3538135,-1.1138135,-0.113813475,0.33618653,-0.6538135,-1.3038135,0.33618653,-0.7638135,-0.013813477,0.7761865,0.7961865,1.0861865,1.0461866,1.4061866,2.3461866,2.2361865,2.3561866,2.4461865,2.3761866,2.2561865,1.5361866,1.4661865,1.4061866,1.1561866,1.1561866,0.30618653,-0.12381348,-0.12381348,-0.19381347,-0.6638135,-0.013813477,-0.3038135,0.04618652,0.64618653,0.9061865,0.9761865,1.3061866,1.6061865,1.7061865,2.1261866,2.2661865,2.2661865,2.6761866,3.5861864,3.8361864
0.37618652,0.6161865,0.26618654,0.17618652,0.5861865,-1.2138134,-0.9438135,-1.4138135,-1.0438135,-0.5138135,-1.3938135,-1.6138135,-1.0538135,-1.1038135,-0.3938135,0.18618652,-0.6938135,-1.3938135,-0.6338135,-1.0238135,-0.5738135,0.08618652,-0.3338135,-0.6538135,2.2961864,2.1261866,1.6761866,0.68618655,1.1461865,1.2361865,1.2561865,1.3261865,1.2561865,1.2961866,0.57618654,-0.3338135,-0.35381347,-0.5238135,-0.9638135,-1.8138134,-1.7738135,-1.6738135,-1.8738135,-2.1638136,-1.8638135,-1.3238134,-1.2238135,-1.1338135,-0.43381348,-0.16381347,0.16618653,0.3561865,0.64618653,0.9161865,1.1361865,1.6361865,2.3761866
-1.0938134,-0.8438135,-0.10381348,0.25618652,0.096186526,-0.7738135,-0.24381347,-0.61381346,-1.6338135,-1.8338134,-2.7338135,-1.7038134,-1.2638135,-1.2038134,-1.0438135,-0.8838135,0.7261865,1.2761865,-0.033813477,-0.8838135,-0.9038135,-0.5738135,0.20618652,-0.9038135,-1.4538134,0.5261865,2.4461865,-0.14381348,-0.61381346,-0.09381348,0.16618653,0.20618652,-0.24381347,-0.87381345,-1.4938135,-1.5438135,-1.9238135,-2.2538135,-2.4438136,-2.4338136,-2.6238134,-3.1638136,-3.3138134,-5.0338135,-4.5638137,-4.1738133,-4.0438137,-3.4438136,-3.1938136,-2.8838134,-2.7538135,-2.6738136,-1.9938135,-1.0138135,-0.38381347,0.43618652,0.9161865
-0.47381347,-1.1538135,-0.06381348,-0.7838135,-0.45381346,0.096186526,-1.2838135,-1.7238135,-0.19381347,-0.35381347,-1.5238135,0.6761865,-0.5938135,0.106186524,-0.033813477,0.5361865,0.26618654,-0.61381346,0.07618652,-0.87381345,-1.5038135,-1.9638134,-1.1438135,0.7361865,-0.35381347,-1.4738135,1.1761866,0.26618654,-0.62381345,-0.19381347,-0.34381348,-0.42381346,-0.92381346,-1.4138135,-1.8338134,-2.8238134,-3.5638134,-3.4938135,-6.0638137,-5.6738133,-4.0538135,-4.2038136,-4.7838135,-5.3938136,-6.7638135,-6.7638135,-6.4238133,-6.0238132,-4.6038136,-3.9538136,-3.1938136,-3.5438135,-3.0838134,-2.6338134,-1.9738135,-0.8438135,0.15618652
-1.9438134,-0.55381346,-0.9438135,0.4761865,1.7261865,1.1061865,-0.37381348,-1.3738135,0.6661865,-0.7238135,-0.8838135,0.33618653,0.6561865,-0.12381348,-1.0938134,0.016186524,0.106186524,0.5261865,-0.053813476,-0.55381346,-1.1038135,-0.6938135,-1.2638135,-0.48381346,0.3861865,-0.44381347,-0.113813475,0.9961865,-0.04381348,0.21618652,0.13618653,-0.5238135,-2.4338136,-2.3438134,-1.7338135,-3.5738134,-5.4738135,-6.1438136,-4.8338137,-2.8238134,-3.9438136,-3.8538134,-4.1838136,-5.2638135,-6.7838135,-6.5338135,-8.183813,-8.453814,-6.1238136,-7.6738133,-6.7838135,-5.8538136,-4.8238134,-3.6138134,-2.8638134,-2.0538135,-1.1838135
-0.46381348,-0.43381348,-0.34381348,-2.1038134,0.3861865,-0.8838135,-1.7838135,-0.17381348,0.93618655,0.6761865,1.4861865,-0.04381348,-0.32381347,-1.1938134,-0.04381348,-1.2938135,0.82618654,1.4261866,1.4061866,2.5361865,0.93618655,-1.1138135,-0.9638135,0.9661865,0.5961865,0.056186523,-0.04381348,0.4461865,-0.74381346,-1.0238135,-0.6938135,-0.0038134765,1.1761866,1.0961865,-0.6638135,1.0561866,-0.3338135,-2.7438135,-1.1138135,-1.7838135,-1.8438134,-2.5638134,-3.7038136,-3.8038135,-5.0238132,-5.4938135,-7.7838135,-8.143813,-8.263813,-8.853813,-7.6538134,-5.9838133,-4.7938137,-3.1538134,-2.8038135,-2.6138134,-1.8538135
-0.60381347,0.39618653,-0.34381348,1.0461866,0.87618655,-0.8938135,-1.1438135,-0.80381346,0.5461865,-2.1638136,-2.2738135,-0.35381347,0.6561865,1.8561865,1.1961865,0.26618654,-1.3738135,-0.79381347,0.3861865,1.0561866,1.4461865,0.50618654,0.37618652,0.34618652,-1.2438135,-1.4538134,-0.5038135,-0.38381347,-0.033813477,-2.8338134,-4.3838134,-4.3738136,-4.3338137,-3.1638136,-2.1938136,-2.7138135,-2.2338135,-3.2538135,-3.2438135,-3.3638134,-1.6038135,0.6661865,-0.113813475,0.37618652,0.36618653,-0.44381347,-3.6538134,-6.7338133,-11.433813,-10.143813,-9.233813,-7.6338134,-5.4138136,-4.3238134,-3.4538136,-3.1238134,-3.0438135
0.7261865,0.7761865,1.8461865,5.6461864,2.1261866,-0.023813477,-5.6938133,-8.253814,-7.9338136,-6.5438137,-2.5138135,-1.1538135,-0.24381347,-0.5038135,1.1961865,0.036186524,-1.3238134,-2.9438136,-1.4538134,-0.9638135,0.7961865,0.27618653,-0.7538135,-0.8838135,0.31618652,0.9161865,0.18618652,-0.10381348,-0.14381348,-2.8838134,-3.9538136,-4.9238133,-5.9138136,-6.1738133,-5.4338136,-4.1238136,-2.5738134,-3.6638136,-6.7438135,-8.683813,-6.7438135,-2.0638134,-1.9738135,-0.013813477,1.6661866,0.26618654,-0.67381346,1.4861865,-9.523813,-11.413814,-9.9938135,-8.793814,-6.8438134,-5.5638137,-4.5938134,-5.4638133,-4.0038133
0.08618652,-0.48381346,-0.16381347,1.3461865,1.9261866,1.9261866,2.1961865,0.29618654,-3.6038134,-1.6738135,-1.2838135,-0.8438135,-1.8238134,-1.2538135,0.36618653,2.4361866,3.5961866,2.2561865,-5.5538135,-2.8838134,-1.6038135,0.24618652,-1.2438135,-0.46381348,0.95618653,1.0461866,-0.3038135,-1.2238135,0.42618653,-2.5338135,-2.6338134,-1.9838135,0.106186524,0.28618652,1.5261865,1.3861865,0.29618654,2.8261864,3.3061864,0.39618653,-5.4238133,-11.543814,-4.6038136,-2.8838134,-3.3838134,-0.43381348,-1.7238135,3.0561864,2.9161866,-11.303814,-7.4838133,-8.673814,-9.453814,-5.8438134,-6.1538134,-5.0838137,-4.2638135
6.2461867,4.2561865,-1.9038135,-2.3338134,-1.2238135,-0.34381348,0.4461865,-1.0638134,-0.49381348,-1.5438135,-1.6238135,-2.1738136,-0.5238135,-1.4838135,-1.3438134,-0.37381348,2.3261864,2.9761865,2.0361865,-1.9138135,-1.6838135,0.51618654,0.7261865,-0.7038135,-0.3038135,-1.4438134,-0.87381345,-0.5038135,-1.6638135,-0.8838135,0.69618654,0.18618652,-0.5138135,-0.40381348,0.88618654,0.5261865,0.9661865,0.45618653,0.9161865,-0.49381348,0.94618654,-1.4438134,-1.8738135,-1.3738135,0.016186524,-0.87381345,-0.34381348,0.6061865,-0.08381347,3.0761864,-2.9138136,-4.4538136,-8.9938135,-8.283813,-7.5938134,-8.023813,-5.6838136
