raw-data-f/2018100900.json
{"header": { "discipline":0, "disciplineName":"Meteorological products", "gribEdition":2, "gribLength":74598, "center":7, "centerName":"US National Weather Service - NCEP(WMC)", "subcenter":0, "refTime":"2018-10-09T00:00:00.000Z", "significanceOfRT":1, "significanceOfRTName":"Start of forecast", "productStatus":0, "productStatusName":"Operational products", "productType":1, "productTypeName":"Forecast products", "productDefinitionTemplate":0, "productDefinitionTemplateName":"Analysis/forecast at horizontal level/layer at a point in time", "parameterCategory":2, "parameterCategoryName":"Momentum", "parameterNumber":3, "parameterNumberName":"V-component_of_wind", "parameterUnit":"m.s-1", "genProcessType":2, "genProcessTypeName":"Forecast", "forecastTime":0, "surface1Type":103, "surface1TypeName":"Specified height level above ground", "surface1Value":10.0, "surface2Type":255, "surface2TypeName":"Missing", "surface2Value":0.0, "gridDefinitionTemplate":0, "gridDefinitionTemplateName":"Latitude_Longitude", "numberPoints":65160, "shape":6, "shapeName":"Earth spherical with radius of 6,371,229.0 m", "gridUnits":"degrees", "resolution":48, "winds":"true", "scanMode":0, "nx":360, "ny":181, "basicAngle":0, "lo1":0.0, "la1":90.0, "lo2":359.0, "la2":-90.0, "dx":1.0, "dy":1.0 }, "data":
[rows 104 to 129 of 181, columns 0 to 58 of 360]
5.180906,4.6909056,4.6309056,4.600906,4.6509056,4.620906,4.4809055,5.020906,5.1509056,4.490906,4.1109056,3.3409057,3.0009058,-0.15909424,-0.92909425,-0.56909424,0.83090574,0.83090574,0.5409058,0.6609058,0.76090574,1.3209058,1.8309058,0.6609058,0.64090574,1.2109058,0.18090576,0.7809058,1.0109057,0.95090574,1.1409057,0.38090575,4.250906,1.3209058,1.3909057,5.4609056,3.1009057,1.2509058,1.9109057,2.1009057,1.9309058,7.490906,5.680906,4.7109056,3.8009057,3.2709057,3.1009057,2.4709058,-1.0990943,1.3209058,1.6309057,7.540906,7.310906,7.240906,6.810906,7.1109056,5.6709056,4.540906,4.490906
5.4209056,6.040906,5.0709057,5.0309057,5.290906,4.910906,4.5709057,4.9609056,5.200906,4.660906,3.9509058,3.1409059,3.1309059,0.6009058,-0.72909427,1.4809058,-0.43909425,-0.24909423,0.18090576,0.31090575,1.2509058,0.88090575,1.5009058,0.74090576,0.30090576,0.10090576,-0.24909423,-0.7790942,-0.23909424,0.81090575,0.83090574,1.0309057,1.3309058,2.1109056,1.7309058,1.6109058,3.3109057,1.6309057,3.3109057,2.9109058,2.2209058,6.6709056,5.500906,5.000906,4.9009056,4.910906,3.7409058,4.4409056,2.3409057,-0.34909424,0.43090576,5.950906,6.2809057,5.910906,5.890906,5.580906,5.180906,4.4209056,3.6109056
4.3809056,5.4209056,6.7609057,6.3609056,5.720906,5.370906,5.4609056,5.1109056,5.140906,4.600906,3.7209058,3.9409058,2.4209058,-1.4590943,-0.42909423,0.76090574,-0.019094238,-0.36909425,-0.32909423,0.55090576,0.92090577,1.5609058,0.92090577,0.39090577,-0.13909423,-1.0990943,-0.91909426,-0.50909424,0.32090577,-0.37909424,1.1309057,1.7209058,1.8409058,1.5909058,1.8609058,1.4209057,1.9709058,1.5109057,1.3109058,1.2609057,1.3809057,5.7809057,4.740906,4.8009057,5.270906,4.270906,0.57090575,-0.41909423,0.36090577,2.1009057,2.6709058,4.390906,5.520906,5.4409056,5.220906,4.410906,3.7309058,3.2209058,2.8009057
6.0709057,5.4009056,5.200906,6.250906,6.430906,5.970906,5.6109056,5.640906,5.5709057,5.3809056,4.9409056,3.8509057,0.9809058,-0.26909423,9.057617E-4,-1.0890943,-0.61909425,-0.30909425,-0.31909424,-0.49909425,-0.12909424,0.060905762,-0.27909425,-0.81909424,-1.0990943,-1.0290942,0.27090576,-0.25909424,-0.8990942,0.42090577,-0.38909423,0.11090576,1.1309057,0.9109058,2.7109058,1.3409058,0.83090574,0.6609058,0.48090577,4.0709057,5.700906,4.5509057,3.4809058,3.9109058,4.740906,1.4409058,-1.1390942,-0.14909424,0.41090575,0.49090576,1.8609058,3.1809058,4.410906,5.350906,4.5309057,5.060906,6.1709056,3.0909057,2.2109058
8.210906,8.230906,7.200906,5.3409057,5.490906,5.700906,5.430906,5.540906,5.430906,4.930906,4.9809055,4.540906,3.0209057,0.9809058,1.0509057,0.92090577,-1.1090943,-0.5290942,-0.31909424,-0.14909424,0.03090576,0.080905765,-0.94909424,-1.5490942,-0.81909424,1.8309058,1.3609058,0.93090576,0.75090575,2.0809057,1.6209058,0.7209058,1.7309058,1.6709057,1.1409057,1.5409057,1.2009058,4.790906,7.3209057,6.2309055,5.490906,4.040906,2.0909057,2.4209058,2.4309058,1.2109058,-2.7190943,-0.34909424,0.7209058,0.43090576,1.7609057,2.6009057,3.6209059,4.3009057,6.040906,3.3609056,5.1509056,5.490906,3.0009058
8.060905,8.030906,8.060905,7.7609057,6.200906,5.3609056,5.640906,4.9809055,5.0309057,4.5509057,3.7709057,3.8109057,3.6709058,0.37090576,-0.14909424,5.2609057,0.95090574,-0.8490942,0.7109058,0.41090575,0.80090576,0.88090575,0.89090574,1.1409057,0.7809058,0.39090577,-0.24909423,0.43090576,0.7809058,1.5609058,2.1909058,3.2509058,-0.029094238,0.56090575,1.0209057,0.93090576,6.1109056,8.780906,8.100905,7.350906,5.520906,3.9509058,0.89090574,1.0309057,1.6809058,0.82090575,-1.7890942,-0.7890942,-0.03909424,0.09090576,1.8209058,2.6409059,3.2609057,4.970906,3.6309059,3.9009058,4.080906,5.850906,2.7909057
7.5509057,7.9209056,8.310905,8.100905,7.6509056,7.0909057,6.220906,5.5709057,5.0709057,4.9009056,3.9109058,3.1609058,2.8409057,2.0609057,1.7509058,1.7609057,0.32090577,2.2209058,-0.69909424,-0.39909422,-0.56909424,-0.34909424,0.43090576,0.74090576,0.14090577,-0.10909424,0.5309058,1.1709057,1.3909057,1.3909057,1.1309057,1.6509057,1.6709057,-0.39909422,1.1009058,6.7809057,9.2709055,9.590906,9.050906,8.560905,6.770906,4.020906,1.1809058,0.63090575,1.4509058,-0.5390942,0.33090577,-0.26909423,0.17090577,-1.4190942,1.7409058,2.8209057,3.0709057,3.8109057,0.99090576,3.1309059,4.4809055,4.0909057,3.7309058
6.950906,7.540906,7.9609056,8.310905,8.300906,7.9209056,7.5109057,7.1909056,6.180906,5.7309055,4.810906,4.000906,3.8909059,3.3509057,-0.20909424,1.7409058,-0.57909423,-1.5190942,1.2709057,0.92090577,-0.31909424,-0.60909426,-0.7090942,-0.9690942,-0.11909424,0.5409058,0.77090573,0.10090576,-0.61909425,0.080905765,0.40090576,1.0109057,1.9209057,-0.29909423,1.9409058,4.3609056,9.430905,9.760906,9.390905,9.350905,7.4609056,5.120906,2.0309057,0.57090575,-0.8390942,-1.0090942,-0.18909425,-0.62909424,0.49090576,1.1209058,2.2109058,3.0809057,2.7609057,2.3509057,3.9109058,1.2809057,4.5709057,4.1309056,3.2009058
6.6709056,7.1909056,7.8409057,8.050906,8.220905,8.190906,8.040906,7.7609057,7.410906,6.390906,6.040906,4.9809055,4.330906,4.1109056,2.6009057,0.87090576,-0.31909424,-0.97909427,-1.1590942,-1.4190942,-1.5990943,-2.2790942,-2.2490942,-1.8290943,-2.2590942,-1.5290942,-1.3690943,-1.1690942,-0.57909423,0.060905762,1.9309058,1.7309058,1.7009058,1.4609058,2.0609057,2.5209057,9.130906,9.660906,9.350905,9.080906,7.410906,5.540906,3.0509057,0.51090574,0.14090577,1.0709058,3.2509058,0.28090575,-0.41909423,1.1009058,2.7709057,3.7909057,3.6209059,1.7309058,3.0409057,2.0109057,2.1709058,3.2109058,3.4009058
6.1109056,6.770906,7.2309055,7.680906,8.070906,8.170906,7.890906,7.9009056,7.700906,7.3409057,6.5509057,5.8809056,4.810906,3.9909058,4.0109057,-1.6590942,-0.15909424,-1.5490942,-1.0390942,-3.3090942,-1.9590943,-2.2990942,-0.69909424,-1.1090943,-2.2790942,-3.3690941,-4.009094,-4.049094,-2.2090943,0.70090574,1.3109058,1.4809058,1.8609058,2.1709058,2.1109056,1.9209057,8.120906,8.680905,8.690906,8.560905,7.7609057,7.160906,7.0509057,4.990906,-1.2290943,-1.6690942,-1.5490942,0.43090576,-0.80909425,1.4109057,3.1909058,4.080906,4.450906,3.4009058,2.7009058,2.9209058,1.6709057,1.4209057,1.9409058
5.120906,6.080906,6.560906,6.850906,7.390906,7.7609057,8.090906,7.9809055,7.930906,7.4209056,6.950906,6.3409057,5.620906,5.4609056,5.100906,2.0709057,-0.09909424,-0.80909425,-2.4990942,-2.8190942,-3.2790942,-2.3690941,-2.1390944,-3.9490943,-4.229094,-2.7290943,-3.8890944,-4.6390944,-1.0390942,-1.8690943,-0.56909424,2.0309057,2.1409059,1.6309057,1.8209058,1.4209057,6.8209057,7.660906,7.740906,7.7309055,7.4609056,8.060905,7.0509057,6.990906,-0.75909424,-1.1190943,-1.0290942,-0.45909423,-1.1990943,1.0509057,2.3009057,3.1909058,4.1109056,4.950906,5.0709057,4.930906,2.8309057,0.63090575,-0.25909424
4.000906,5.140906,5.680906,6.060906,6.3009057,6.9609056,7.520906,7.970906,7.740906,7.4609056,6.8809056,6.270906,6.270906,6.7109056,6.910906,1.8909057,-1.1590942,-2.4090943,-1.9790943,-4.2390943,-2.9390943,-3.4990942,-4.109094,-3.7090943,-5.1190944,-4.339094,-2.5090942,-5.4290943,-1.4390942,-1.7490942,0.16090576,0.22090577,1.3609058,1.1709057,2.0209057,4.4209056,5.6109056,6.450906,6.770906,6.7309055,5.9409056,6.2809057,6.290906,4.540906,2.7109058,1.4309058,1.0109057,-1.9190942,-1.1490942,0.69090575,1.6809058,2.5809057,3.5509057,4.250906,4.720906,5.250906,5.1309056,3.3809059,1.5309057
2.8209057,3.4909058,4.560906,5.0709057,5.500906,5.9809055,6.6709056,7.4209056,7.870906,7.6309056,6.990906,6.450906,6.910906,7.1109056,7.080906,3.9709058,-0.7690942,-2.1890943,-0.7690942,1.4009057,-1.2790942,-3.2990942,-3.6890943,-4.709094,-4.149094,-2.5490942,-3.5790942,-4.009094,-2.7090943,-1.4890943,-0.47909424,-0.07909424,0.76090574,1.3109058,1.5309057,3.0809057,4.120906,5.020906,5.290906,5.310906,4.750906,4.490906,3.7409058,3.0209057,1.7709057,0.120905764,-0.72909427,-1.0790943,0.33090577,1.3009057,1.3709058,1.3909057,2.6309059,4.0309057,4.9209056,4.890906,4.240906,3.2309058,2.5809057
3.3209057,2.5309057,3.0309057,4.0509057,4.810906,5.1509056,5.6909056,6.6909056,7.3009057,7.5709057,7.000906,6.850906,6.7109056,7.160906,7.390906,7.0509057,-0.66909426,-0.5990942,1.5109057,0.41090575,-1.6290942,-2.9290943,-3.7290943,-3.6290941,-3.7090943,-3.0190942,-2.3190942,-1.5590942,-0.54909426,-0.28909424,0.44090575,-0.6490942,-1.0590942,-0.99909425,-0.49909425,1.4309058,2.6409059,3.4909058,4.0109057,4.020906,3.2909057,3.1809058,3.1709058,2.3709059,1.3309058,0.70090574,0.27090576,0.43090576,1.2809057,1.9109057,2.0109057,1.4809058,2.1909058,3.5809057,4.3409057,4.7309055,4.720906,3.5809057,2.9209058
5.5309057,3.8309057,2.1409059,2.5709057,3.5709057,4.410906,5.000906,5.6509056,6.5909057,6.790906,6.8409057,6.620906,6.5109057,6.620906,6.4009056,6.100906,2.6609058,0.50090575,-1.3790942,-0.43909425,1.1909058,-4.1790943,-4.609094,-2.4790943,-3.0490942,-3.7190943,-2.4090943,-1.8090942,-1.6490942,-0.61909425,-0.14909424,-1.2890942,-1.5490942,-3.8490942,-2.5290942,-0.5990942,0.9709058,2.0109057,2.3309057,2.7709057,2.8209057,2.7409058,2.2509058,1.9109057,1.3309058,0.67090577,0.20090576,0.03090576,0.80090576,1.6309057,2.1809058,2.5909057,3.1009057,3.7409058,4.540906,4.930906,4.660906,4.370906,3.7309058
5.410906,5.6509056,4.870906,1.8109058,1.9409058,2.9109058,3.9409058,5.0109057,5.700906,6.120906,6.330906,6.270906,6.1909056,5.930906,5.6309056,5.1909056,3.8109057,0.05090576,0.49090576,1.5809058,-0.009094238,-4.0990944,-1.7290943,-1.6590942,-3.4890943,-4.8090944,-2.1490943,-2.0990942,-0.17909424,1.1709057,-0.36909425,-0.35909423,-7.6790943,-5.9290943,-3.8590941,-2.2690942,-0.63909423,0.57090575,0.76090574,0.61090577,1.4709058,2.1209059,2.1209059,2.1209059,2.0609057,1.7309058,1.4309058,1.4309058,1.6209058,2.0109057,2.5109057,3.1309059,3.7509058,4.7309055,5.7109056,6.140906,6.0309057,5.220906,4.6709056
4.7809057,5.430906,5.490906,4.990906,1.8909057,1.3009057,2.0909057,3.2409058,4.950906,5.3209057,5.640906,5.990906,5.9209056,5.3409057,4.8809056,4.910906,4.890906,4.5709057,0.03090576,2.9909058,6.520906,-2.7290943,-4.129094,-3.3290942,-3.8290942,-2.9190943,-2.4690943,-1.0690942,-0.48909423,-1.3390943,-1.1090943,-6.759094,-8.839094,-6.9890943,-4.759094,-3.1890943,-2.0490942,-1.0790943,-0.92909425,-0.93909425,-0.029094238,1.2209058,1.9809058,2.3109057,2.4409058,2.4809058,2.1909058,2.3209057,2.9509058,3.5409057,3.9409058,4.140906,4.390906,4.7109056,5.470906,6.520906,7.5309057,8.160906,6.810906
4.160906,4.5309057,5.310906,5.500906,5.2309055,1.2009058,0.6009058,1.3209058,2.7409058,4.490906,4.700906,5.290906,5.660906,5.160906,4.490906,4.430906,4.3609056,3.9309058,1.7009058,0.61090577,1.4709058,-1.5190942,-2.9090943,-2.7290943,-1.8190942,-0.21909423,-1.0490942,-0.5290942,-1.9290942,-1.5590942,-2.6590943,-11.849094,-9.859095,-8.039094,-6.069094,-4.379094,-3.0890942,-2.3190942,-2.4290943,-3.0690942,-2.3390942,-0.5990942,0.7209058,1.5409057,2.1609058,2.5209057,2.7609057,2.5009058,2.5509057,2.8009057,2.8509057,3.7309058,4.4009056,4.770906,5.270906,5.7309055,6.1309056,7.020906,7.350906
3.7309058,4.0509057,4.3809056,5.290906,5.7309055,5.5909057,0.7209058,-0.019094238,0.80090576,2.7109058,4.040906,4.310906,4.970906,5.0909057,3.8409057,3.1909058,3.3509057,3.1709058,0.9109058,-1.2790942,-0.19909424,2.6209059,-0.6590942,-2.1390944,-2.3490942,-1.3090942,-0.39909422,-0.08909424,-1.2590942,-2.3390942,-13.169094,-11.379094,-10.759094,-9.069095,-7.169094,-5.439094,-3.8490942,-2.5790942,-2.5590942,-3.2690942,-3.4290943,-2.4790943,-1.0690942,-0.24909423,0.40090576,0.76090574,0.9009058,1.0309057,1.1609057,1.3709058,1.9309058,2.4909058,2.9909058,3.6309059,4.200906,4.6509056,5.290906,5.970906,6.540906
3.2009058,3.3309057,3.9109058,4.5709057,5.3209057,5.830906,4.740906,0.31090575,-0.5290942,0.93090576,2.8109057,3.4609058,4.220906,4.6709056,4.1509056,2.7109058,2.0309057,2.0909057,1.0109057,-0.19909424,1.7109058,0.55090576,2.2209058,1.6409057,1.2909057,0.74090576,-1.2890942,-0.69909424,-5.299094,-12.909094,-11.989094,-11.779095,-11.289094,-9.879094,-7.919094,-6.0390944,-4.749094,-3.6090941,-2.7190943,-2.3290942,-3.6390944,-3.8190942,-2.7590942,-1.5390942,-1.0290942,-0.7790942,-0.55909425,-0.38909423,0.040905762,0.63090575,1.2209058,1.8009057,2.2909057,2.7909057,3.4109058,3.7809057,4.040906,4.1909056,4.600906
1.8809057,2.3709059,2.9109058,3.5809057,4.500906,5.2609057,5.370906,3.1709058,-0.37909424,-0.68909425,0.5409058,2.6409059,3.0409057,3.8109057,3.9209058,3.1709058,2.1109056,1.5109057,0.39090577,-1.7690942,-0.69909424,-0.25909424,-0.50909424,-1.0090942,-1.8690943,-2.0290942,-1.6590942,-8.9790945,-11.939095,-11.9790945,-11.919094,-11.989094,-11.439095,-10.499094,-8.459094,-6.749094,-5.5190945,-4.509094,-3.7590942,-3.4890943,-3.5890942,-3.0290942,-2.4490943,-2.2090943,-2.0290942,-1.9190942,-1.7090943,-1.3190942,-0.82909423,-0.27909425,0.34090576,1.0609058,1.8709058,2.5109057,3.0409057,3.5309057,4.0909057,4.5109057,4.7309055
0.16090576,0.7309058,1.6709057,2.6509058,3.6509058,4.4209056,5.1309056,5.060906,1.5409057,-1.4390942,-0.30909425,1.2509058,2.0509057,2.5509057,3.1109056,3.0009058,2.3309057,1.6309057,0.5909058,-2.2090943,-0.56909424,-1.2890942,-0.69909424,-1.2090943,-2.7590942,-5.319094,-8.109095,-9.809094,-10.289094,-10.659094,-10.889094,-11.449094,-10.739094,-10.429094,-8.859095,-7.669094,-6.279094,-4.9090943,-3.9990942,-3.8390942,-3.6390944,-2.8490942,-2.9190943,-3.2390943,-2.9790943,-2.7490942,-2.3290942,-1.8390943,-1.1790942,-0.46909425,0.20090576,0.88090575,1.5809058,2.2509058,2.8609056,3.4709058,3.7809057,4.0909057,4.6309056
-0.019094238,-0.56909424,-0.05909424,0.9709058,1.6709057,2.5609057,3.7609057,4.870906,3.6909058,9.057617E-4,-0.8990942,0.020905761,1.2609057,1.6209058,2.3309057,2.6709058,2.3909059,1.8309058,0.40090576,-3.7590942,-3.7690942,-4.299094,-3.9690943,-4.049094,-4.859094,-6.2190943,-7.509094,-9.519094,-9.649095,-9.289094,-10.109095,-10.319095,-9.119094,-10.059094,-9.299094,-8.109095,-7.129094,-5.9490943,-4.919094,-4.2190943,-3.6290941,-3.8590941,-4.049094,-3.9390943,-3.6990943,-3.2790942,-2.6190941,-1.8790942,-1.1190943,-0.33909425,0.27090576,0.61090577,1.1309057,2.0309057,2.8009057,3.4709058,3.8109057,3.9009058,4.1109056
-0.03909424,-0.75909424,-0.94909424,-0.72909427,-0.40909424,0.23090576,1.9609058,3.6809058,4.120906,3.2309058,-0.37909424,-1.2590942,0.57090575,0.82090575,1.5609058,2.8109057,1.9209057,1.0909058,-0.05909424,-4.8890944,-5.709094,-6.709094,-7.1590943,-6.9290943,-7.569094,-8.199094,-9.429094,-9.349094,-10.509094,-10.559094,-10.109095,-9.989094,-10.069095,-9.489094,-9.009094,-8.289094,-7.6590943,-7.1190944,-6.089094,-5.3490944,-5.459094,-5.049094,-4.509094,-4.069094,-3.6790943,-3.1490943,-2.4690943,-1.7690942,-1.0990943,-0.31909424,0.37090576,1.1609057,1.9709058,2.7409058,3.4009058,3.6309059,3.5909057,4.100906,3.7809057
0.18090576,-0.46909425,-1.0890943,-1.8490943,-2.0590942,-1.2690942,-0.24909423,1.7509058,3.0209057,3.0009058,1.5009058,-1.7490942,-2.4090943,-1.5390942,0.70090574,1.7009058,1.1809058,-0.23909424,-1.9290942,-6.109094,-7.779094,-8.349094,-8.689095,-9.639094,-9.7290945,-9.049094,-9.519094,-9.869094,-9.889094,-11.029095,-10.569095,-10.069095,-9.259094,-7.2190943,-7.709094,-8.569095,-8.269094,-7.5590944,-6.669094,-5.859094,-5.8090944,-5.229094,-4.6190944,-4.249094,-3.7790942,-3.1390944,-2.3190942,-1.3490943,-0.42909423,0.42090577,1.3509058,1.9809058,2.3809059,2.5009058,2.9209058,2.6009057,3.0009058,3.5109057,3.6109056
-0.67909425,-1.3690943,-2.0590942,-2.6290941,-3.3590941,-2.9390943,-1.5390942,0.18090576,1.6309057,2.1009057,0.35090578,-2.4390943,-3.6690943,-3.2390943,-0.7690942,0.37090576,0.57090575,-0.98909426,-4.1190944,-7.979094,-9.559094,-10.529095,-10.289094,-9.949094,-8.469094,-8.629094,-8.759094,-8.849094,-9.499094,-11.299094,-10.819095,-9.809094,-7.029094,-6.0990944,-6.359094,-8.7290945,-8.429094,-7.4290943,-5.999094,-5.709094,-5.4290943,-4.8090944,-3.7790942,-3.0190942,-2.3390942,-1.7390943,-1.1090943,-0.45909423,0.03090576,0.28090575,1.4309058,2.0209057,2.3409057,2.5009058,2.8809059,3.5309057,4.0509057,4.500906,4.370906
