raw-data-f/2018100918f3.json
{"header": { "discipline":0, "disciplineName":"Meteorological products", "gribEdition":2, "gribLength":75084, "center":7, "centerName":"US National Weather Service - NCEP(WMC)", "subcenter":0, "refTime":"2018-10-09T18:00:00.000Z", "significanceOfRT":1, "significanceOfRTName":"Start of forecast", "productStatus":0, "productStatusName":"Operational products", "productType":1, "productTypeName":"Forecast products", "productDefinitionTemplate":0, "productDefinitionTemplateName":"Analysis/forecast at horizontal level/layer at a point in time", "parameterCategory":2, "parameterCategoryName":"Momentum", "parameterNumber":2, "parameterNumberName":"U-component_of_wind", "parameterUnit":"m.s-1", "genProcessType":2, "genProcessTypeName":"Forecast", "forecastTime":3, "surface1Type":103, "surface1TypeName":"Specified height level above ground", "surface1Value":10.0, "surface2Type":255, "surface2TypeName":"Missing", "surface2Value":0.0, "gridDefinitionTemplate":0, "gridDefinitionTemplateName":"Latitude_Longitude", "numberPoints":65160, "shape":6, "shapeName":"Earth spherical with radius of 6,371,229.0 m", "gridUnits":"degrees", "resolution":48, "winds":"true", "scanMode":0, "nx":360, "ny":181, "basicAngle":0, "lo1":0.0, "la1":90.0, "lo2":359.0, "la2":-90.0, "dx":1.0, "dy":1.0 }, "data":
[rows 0 to 25 of 181, columns 174 to 231 of 360]
3.563169,3.553169,3.533169,3.523169,3.503169,3.4831688,3.4731688,3.4531689,3.423169,3.403169,3.383169,3.363169,3.333169,3.303169,3.283169,3.253169,3.2231688,3.1931689,3.163169,3.133169,3.093169,3.063169,3.023169,2.9931688,2.9531689,2.913169,2.883169,2.843169,2.803169,2.763169,2.7131689,2.673169,2.633169,2.583169,2.543169,2.4931688,2.4431689,2.403169,2.353169,2.303169,2.253169,2.2031689,2.153169,2.103169,2.053169,1.993169,1.943169,1.8931689,1.833169,1.7831689,1.723169,1.6631689,1.613169,1.5531689,1.493169,1.4331689,1.373169,1.323169
10.593169,10.593169,10.593169,10.573169,10.563169,10.553169,10.533169,10.513169,10.483169,10.463169,10.433169,10.403169,10.363169,10.323169,10.293169,10.253169,10.203169,10.153169,10.1031685,10.053169,10.003169,9.943169,9.883169,9.823169,9.763169,9.703169,9.633169,9.573169,9.493169,9.433169,9.3531685,9.283169,9.203169,9.133169,9.053169,8.963169,8.893169,8.813169,8.723169,8.643169,8.563169,8.483169,8.393169,8.313169,8.233169,8.143169,8.063169,7.983169,7.903169,7.8231688,7.743169,7.663169,7.5931687,7.503169,7.433169,7.3631687,7.283169,7.213169
12.433169,12.483169,12.543169,12.6031685,12.633169,12.673169,12.703169,12.723169,12.753169,12.763169,12.773169,12.783169,12.773169,12.753169,12.723169,12.693169,12.673169,12.633169,12.6031685,12.563169,12.523169,12.473169,12.433169,12.383169,12.323169,12.273169,12.213169,12.163169,12.093169,12.033169,11.963169,11.893169,11.813169,11.733169,11.663169,11.573169,11.493169,11.403169,11.313169,11.223169,11.133169,11.033169,10.933169,10.833169,10.743169,10.643169,10.553169,10.463169,10.363169,10.263169,10.163169,10.073169,9.973169,9.873169,9.783169,9.683169,9.593169,9.503169
12.073169,12.123169,12.183169,12.243169,12.303169,12.3531685,12.393169,12.453169,12.503169,12.583169,12.653169,12.723169,12.773169,12.823169,12.873169,12.923169,12.943169,12.973169,12.953169,12.943169,12.933169,12.923169,12.903169,12.883169,12.873169,12.863169,12.843169,12.803169,12.763169,12.723169,12.683169,12.643169,12.6031685,12.573169,12.543169,12.513169,12.483169,12.443169,12.393169,12.363169,12.333169,12.303169,12.243169,12.193169,12.153169,12.093169,12.033169,11.973169,11.913169,11.863169,11.813169,11.763169,11.723169,11.693169,11.643169,11.583169,11.533169,11.473169
10.173169,10.213169,10.253169,10.293169,10.313169,10.333169,10.373169,10.413169,10.453169,10.503169,10.553169,10.613169,10.653169,10.673169,10.733169,10.793169,10.843169,10.933169,11.013169,11.093169,11.173169,11.283169,11.383169,11.463169,11.513169,11.543169,11.573169,11.583169,11.583169,11.553169,11.523169,11.503169,11.483169,11.453169,11.463169,11.463169,11.433169,11.413169,11.413169,11.413169,11.433169,11.413169,11.423169,11.433169,11.433169,11.433169,11.423169,11.413169,11.383169,11.363169,11.333169,11.293169,11.253169,11.233169,11.203169,11.183169,11.163169,11.133169
8.133169,8.253169,8.343169,8.423169,8.483169,8.503169,8.593169,8.773169,8.943169,9.133169,9.323169,9.513169,9.693169,9.863169,10.013169,10.133169,10.213169,10.273169,10.283169,10.293169,10.293169,10.303169,10.313169,10.333169,10.343169,10.363169,10.363169,10.3531685,10.323169,10.293169,10.253169,10.223169,10.203169,10.193169,10.193169,10.193169,10.193169,10.193169,10.183169,10.173169,10.173169,10.193169,10.203169,10.223169,10.243169,10.253169,10.243169,10.203169,10.123169,10.053169,9.943169,9.833169,9.733169,9.653169,9.563169,9.533169,9.553169,9.573169
6.3631687,6.603169,6.8431687,7.063169,7.263169,7.463169,7.623169,7.763169,7.893169,7.983169,8.1031685,8.203169,8.333169,8.413169,8.483169,8.573169,8.673169,8.823169,8.983169,9.143169,9.313169,9.513169,9.693169,9.873169,10.053169,10.223169,10.383169,10.513169,10.623169,10.683169,10.723169,10.733169,10.743169,10.753169,10.783169,10.823169,10.883169,10.953169,11.003169,11.033169,11.043169,11.023169,10.993169,10.943169,10.913169,10.863169,10.813169,10.763169,10.703169,10.643169,10.573169,10.523169,10.473169,10.413169,10.3531685,10.283169,10.193169,10.093169
6.313169,6.473169,6.663169,6.883169,7.143169,7.443169,7.763169,8.063169,8.343169,8.553169,8.773169,8.973169,9.303169,9.483169,9.453169,9.223169,9.143169,9.043169,8.983169,8.943169,8.913169,8.863169,8.843169,8.833169,8.883169,8.973169,9.053169,9.143169,9.233169,9.373169,9.503169,9.6031685,9.673169,9.693169,9.683169,9.633169,9.573169,9.463169,9.433169,9.463169,9.563169,9.693169,9.883169,10.033169,10.143169,10.173169,10.163169,10.123169,10.053169,9.993169,9.933169,9.883169,9.823169,9.773169,9.713169,9.643169,9.563169,9.503169
8.053169,8.043169,8.033169,8.043169,8.083169,8.133169,8.193169,8.293169,8.393169,8.493169,8.573169,8.623169,8.653169,8.643169,8.623169,8.613169,8.583169,8.553169,8.533169,8.553169,8.573169,8.573169,8.543169,8.483169,8.423169,8.373169,8.3531685,8.443169,8.553169,8.653169,8.753169,8.833169,8.893169,8.903169,8.883169,8.8531685,8.843169,8.943169,9.073169,9.203169,9.273169,9.303169,9.323169,9.373169,9.503169,9.683169,9.773169,9.783169,9.713169,9.753169,9.753169,9.743169,9.693169,9.633169,9.563169,9.483169,9.443169,9.383169
9.333169,9.293169,9.293169,9.323169,9.373169,9.403169,9.393169,9.3531685,9.313169,9.283169,9.273169,9.293169,9.323169,9.3531685,9.373169,9.373169,9.373169,9.363169,9.3531685,9.333169,9.283169,9.233169,9.163169,9.073169,9.003169,8.913169,8.8531685,8.783169,8.703169,8.613169,8.523169,8.473169,8.443169,8.443169,8.433169,8.373169,8.313169,8.273169,8.283169,8.3531685,8.423169,8.463169,8.503169,8.483169,8.393169,8.323169,8.333169,8.413169,8.533169,8.6031685,8.6031685,8.583169,8.553169,8.513169,8.433169,8.323169,8.163169,8.053169
9.6031685,9.623169,9.653169,9.733169,9.803169,9.833169,9.813169,9.743169,9.673169,9.6031685,9.553169,9.523169,9.503169,9.453169,9.393169,9.333169,9.283169,9.243169,9.203169,9.163169,9.113169,9.083169,9.093169,9.083169,9.053169,9.013169,8.943169,8.903169,8.863169,8.813169,8.743169,8.663169,8.593169,8.523169,8.463169,8.413169,8.363169,8.313169,8.223169,8.133169,8.043169,8.053169,8.013169,7.983169,7.973169,7.973169,7.963169,7.953169,7.923169,7.883169,7.923169,7.933169,7.8631687,7.773169,7.663169,7.6131687,7.623169,7.663169
8.513169,8.683169,8.863169,9.013169,9.183169,9.263169,9.253169,9.083169,8.953169,8.943169,9.043169,9.033169,8.883169,8.733169,8.613169,8.523169,8.513169,8.523169,8.533169,8.523169,8.523169,8.503169,8.483169,8.433169,8.393169,8.373169,8.343169,8.303169,8.193169,8.153169,8.073169,7.983169,7.933169,7.853169,7.8631687,7.783169,7.663169,7.5731688,7.533169,7.543169,7.533169,7.453169,7.423169,7.373169,7.353169,7.353169,7.353169,7.293169,7.243169,7.163169,7.0731688,6.993169,6.913169,6.8231688,6.753169,6.763169,6.793169,6.763169
7.223169,7.253169,7.3631687,7.543169,7.853169,8.033169,8.053169,7.773169,7.583169,7.553169,7.513169,7.443169,7.513169,7.623169,7.903169,8.8531685,9.293169,9.483169,9.003169,8.033169,7.683169,7.603169,7.8431687,8.883169,9.293169,9.453169,9.403169,9.223169,9.173169,9.243169,9.243169,9.273169,9.213169,8.313169,7.753169,7.483169,7.333169,7.173169,6.933169,6.723169,6.5731688,6.443169,6.293169,6.123169,5.993169,5.873169,5.783169,5.723169,5.643169,5.583169,5.5731688,5.623169,5.713169,5.853169,5.963169,6.003169,6.033169,6.053169
6.123169,6.173169,6.293169,6.523169,6.763169,7.0931687,7.273169,6.763169,6.763169,7.003169,7.213169,7.913169,8.403169,8.493169,8.343169,7.603169,7.953169,8.033169,8.073169,7.973169,7.713169,7.503169,7.773169,8.093169,8.293169,8.463169,8.6031685,8.383169,7.873169,7.503169,7.523169,7.533169,7.643169,7.3231688,7.443169,7.423169,7.153169,6.313169,6.143169,6.143169,6.0731688,5.683169,5.273169,5.253169,5.293169,5.333169,5.3631687,5.3431687,5.163169,5.043169,4.953169,4.933169,4.983169,4.973169,4.943169,4.873169,4.753169,4.713169
6.683169,5.763169,5.3231688,5.403169,6.0931687,7.013169,7.143169,7.013169,6.8231688,6.703169,6.713169,6.763169,6.753169,6.753169,6.8231688,6.933169,6.943169,6.793169,6.463169,6.273169,6.223169,6.173169,6.0731688,5.973169,5.8631687,5.753169,5.723169,5.783169,5.803169,5.743169,5.5931687,5.393169,5.253169,5.223169,5.293169,5.3631687,5.413169,5.393169,5.313169,5.123169,4.633169,4.103169,3.7131689,3.7431688,3.9931688,4.183169,4.0931687,3.923169,3.903169,3.9531689,3.9531689,3.9531689,3.9631689,4.003169,4.053169,4.0931687,4.143169,4.133169
5.663169,5.773169,5.773169,5.733169,5.673169,5.623169,5.583169,5.563169,5.633169,5.5931687,5.3631687,5.313169,5.423169,5.263169,5.233169,4.963169,4.803169,4.493169,4.423169,4.523169,4.693169,4.793169,4.883169,4.803169,4.473169,4.123169,3.933169,3.633169,3.163169,3.073169,3.253169,3.063169,2.543169,2.2331688,2.153169,2.133169,2.2331688,2.343169,2.2131689,1.983169,1.863169,1.733169,1.363169,1.253169,1.3031689,1.3831689,1.503169,1.6431689,1.7931689,1.943169,2.113169,2.273169,2.433169,2.613169,2.863169,3.2031689,3.503169,3.7431688
3.373169,3.533169,3.653169,3.7331688,3.793169,3.823169,3.893169,4.223169,4.233169,4.193169,4.123169,4.023169,3.773169,3.4731688,3.343169,3.393169,3.633169,3.853169,3.913169,3.903169,3.813169,3.633169,3.363169,3.073169,2.833169,2.513169,1.843169,1.1731689,1.1531689,1.603169,1.483169,1.1331689,1.1731689,1.3931689,1.443169,1.363169,1.4231689,1.6731689,1.873169,1.9131689,1.843169,1.623169,1.233169,0.9031689,0.6431689,0.29316893,0.0031689452,0.013168945,0.20316894,0.32316893,0.24316895,0.053168945,-0.036831055,0.083168946,0.27316895,0.44316894,0.72316897,1.1531689
-1.186831,-0.74683106,-0.36683106,-0.0068310546,0.33316895,0.79316896,1.3831689,1.6831689,1.873169,1.993169,2.043169,2.063169,2.023169,1.9331689,1.813169,1.6731689,1.5131689,1.4131689,1.333169,1.1731689,0.9031689,0.56316894,0.26316893,-0.016831055,-0.25683105,-0.31683105,-0.31683105,-0.39683107,-0.33683106,-0.026831055,0.49316895,1.0331689,1.243169,1.1431689,1.0431689,1.0531689,0.9631689,0.74316895,0.5831689,0.47316894,0.41316894,0.40316895,0.26316893,-0.11683106,-0.58683103,-0.89683104,-0.81683105,-0.36683106,0.22316894,0.7131689,1.073169,1.233169,1.1531689,1.2631689,1.7731689,2.393169,2.873169,3.103169
-4.896831,-4.576831,-4.216831,-3.856831,-3.636831,-3.5368311,-3.176831,-2.726831,-2.646831,-2.836831,-2.856831,-2.656831,-2.666831,-2.736831,-2.566831,-2.396831,-2.316831,-2.236831,-2.116831,-2.0168312,-1.906831,-1.786831,-1.526831,-1.3568311,-1.286831,-1.026831,-0.716831,-0.57683104,-0.5968311,-0.51683104,-0.20683105,0.083168946,0.29316893,0.50316894,0.66316897,0.63316894,0.63316894,0.843169,1.1531689,1.4331689,1.613169,1.953169,2.823169,4.0931687,4.663169,4.153169,3.843169,3.653169,3.523169,3.4931688,3.323169,2.873169,2.4831688,2.143169,2.023169,1.953169,1.7731689,1.9031689
-7.1568313,-6.746831,-5.946831,-4.706831,-3.0368311,-1.3368311,-1.646831,-2.496831,-3.706831,-4.196831,-3.8068311,-4.026831,-5.076831,-4.916831,-4.516831,-4.586831,-4.456831,-3.926831,-3.856831,-4.266831,-3.886831,-3.436831,-3.236831,-3.0568311,-2.996831,-2.7668312,-2.226831,-1.6068311,-1.2068311,-0.716831,-0.44683105,-0.49683106,-0.52683103,-0.30683106,0.053168945,0.5231689,0.98316896,1.693169,2.803169,4.033169,5.293169,6.203169,6.623169,6.653169,6.473169,6.263169,5.933169,5.013169,4.293169,3.613169,3.2431688,2.853169,2.373169,1.8031689,1.613169,1.5331689,1.443169,1.753169
-8.846831,-8.736831,-8.066831,-7.306831,-6.726831,-6.856831,-6.876831,-6.396831,-5.6768312,-5.546831,-6.216831,-6.6568313,-6.996831,-6.946831,-6.416831,-5.666831,-5.796831,-6.446831,-6.456831,-6.1568313,-5.626831,-5.706831,-6.196831,-6.056831,-4.276831,-3.666831,-3.366831,-2.976831,-2.476831,-1.886831,-1.406831,-0.87683105,-0.31683105,0.38316894,1.0231689,1.563169,2.403169,2.823169,3.513169,4.263169,4.563169,5.413169,3.913169,3.923169,5.213169,6.313169,7.533169,8.393169,7.563169,5.313169,4.333169,3.033169,1.963169,2.373169,2.843169,3.353169,4.023169,4.453169
-1.3568311,-1.146831,-2.206831,-1.686831,-1.7268311,-2.116831,-3.966831,-4.226831,-4.276831,-5.1368313,-5.4268312,-6.366831,-6.876831,-6.256831,-6.216831,-6.336831,-6.836831,-7.016831,-6.666831,-6.496831,-6.256831,-5.646831,-4.396831,-2.5468311,-2.436831,-2.726831,-1.926831,-0.7268311,-0.11683106,0.043168947,-0.046831056,-0.056831054,0.07316895,0.25316894,0.55316895,0.73316896,1.103169,1.1531689,0.35316893,0.9031689,0.6431689,0.88316894,0.88316894,0.57316893,0.783169,0.98316896,1.0131689,2.013169,3.043169,6.693169,6.943169,2.523169,1.363169,3.173169,2.263169,2.253169,1.9031689,2.373169
-1.636831,-2.566831,-2.166831,-2.666831,-2.886831,-1.4668311,-1.8168311,-1.0868311,-0.23683105,-5.246831,-7.076831,-6.436831,-6.476831,-7.196831,-7.976831,-8.266831,-8.286831,-8.406831,-8.696831,-7.626831,-6.236831,-2.886831,-2.226831,-2.136831,-2.5168312,-1.8368311,-1.436831,-0.58683103,-1.296831,-1.376831,-1.496831,-1.156831,-0.89683104,-0.52683103,-0.80683106,-0.87683105,-0.716831,-0.41683105,-0.09683105,0.123168945,0.33316895,0.69316894,0.79316896,0.9631689,1.813169,2.583169,0.14316894,1.003169,1.4231689,1.863169,2.133169,0.54316896,0.533169,1.443169,2.103169,1.723169,2.153169,2.123169
-0.80683106,-3.116831,-2.0368311,-4.6368313,-6.586831,-6.626831,-7.466831,-5.036831,-4.146831,-3.866831,-4.756831,-6.456831,-8.316831,-7.966831,-8.116831,-8.486831,-9.6468315,-9.786831,-10.246831,-10.686831,-10.866831,-10.906831,-10.066831,-7.016831,-5.376831,-3.746831,-3.356831,-3.386831,-2.576831,-1.886831,-1.7068311,-1.376831,-1.016831,-1.0868311,-0.6068311,-0.82683104,-1.666831,-0.81683105,-0.93683106,-1.156831,-1.3168311,-1.3668311,-0.9768311,-0.36683106,0.11316895,1.093169,1.603169,2.053169,1.473169,1.6731689,4.533169,2.2231688,1.873169,2.163169,1.843169,2.613169,3.003169,2.2231688
-5.626831,-4.356831,-6.796831,-9.016831,-9.336831,-9.176831,-8.456831,-10.996831,-12.056831,-10.886831,-9.496831,-7.6768312,-6.976831,-10.636831,-9.116831,-6.236831,-8.506831,-12.706831,-11.976831,-9.886831,-7.256831,-7.236831,-8.126831,-7.266831,-6.1568313,-5.596831,-4.686831,-3.946831,-2.606831,-4.6368313,-3.346831,-2.246831,-3.156831,-2.2868311,-2.736831,-2.896831,-1.3368311,-1.7168311,-2.5268312,-2.076831,-1.8568311,-1.926831,-1.796831,-1.4468311,-1.0868311,-0.35683104,1.3931689,1.693169,2.093169,2.383169,3.313169,3.873169,5.623169,7.8231688,6.703169,2.9831688,0.10316894,0.45316896
-8.946831,-8.206831,-7.736831,-8.286831,-9.926831,-10.996831,-12.746831,-14.286831,-13.3968315,-11.866831,-11.616831,-9.666831,-8.876831,-4.666831,-7.856831,-7.4268312,-6.856831,-7.436831,-7.996831,-6.686831,-3.206831,-1.916831,-2.136831,-3.3068311,-2.946831,-5.506831,-9.686831,-3.966831,-1.0668311,-1.036831,-1.176831,-2.136831,-2.956831,-2.836831,-2.476831,-2.226831,-2.096831,-1.6168311,-1.2368311,-1.556831,-1.416831,-1.7368311,-1.546831,-1.4768311,-1.046831,-0.8568311,0.31316894,1.2731689,1.373169,1.2931689,2.023169,1.443169,1.733169,1.713169,3.253169,2.353169,1.8031689,1.603169
