raw-data-f/2018100906.json
{"header": { "discipline":0, "disciplineName":"Meteorological products", "gribEdition":2, "gribLength":74793, "center":7, "centerName":"US National Weather Service - NCEP(WMC)", "subcenter":0, "refTime":"2018-10-09T06:00:00.000Z", "significanceOfRT":1, "significanceOfRTName":"Start of forecast", "productStatus":0, "productStatusName":"Operational products", "productType":1, "productTypeName":"Forecast products", "productDefinitionTemplate":0, "productDefinitionTemplateName":"Analysis/forecast at horizontal level/layer at a point in time", "parameterCategory":2, "parameterCategoryName":"Momentum", "parameterNumber":3, "parameterNumberName":"V-component_of_wind", "parameterUnit":"m.s-1", "genProcessType":2, "genProcessTypeName":"Forecast", "forecastTime":0, "surface1Type":103, "surface1TypeName":"Specified height level above ground", "surface1Value":10.0, "surface2Type":255, "surface2TypeName":"Missing", "surface2Value":0.0, "gridDefinitionTemplate":0, "gridDefinitionTemplateName":"Latitude_Longitude", "numberPoints":65160, "shape":6, "shapeName":"Earth spherical with radius of 6,371,229.0 m", "gridUnits":"degrees", "resolution":48, "winds":"true", "scanMode":0, "nx":360, "ny":181, "basicAngle":0, "lo1":0.0, "la1":90.0, "lo2":359.0, "la2":-90.0, "dx":1.0, "dy":1.0 }, "data":
[rows 0 to 25 of 181, columns 0 to 57 of 360]
-7.8216896,-7.8116894,-7.7916894,-7.7716894,-7.7516894,-7.7316895,-7.7016892,-7.6716895,-7.6416893,-7.6116896,-7.5716896,-7.5416894,-7.5016894,-7.4516892,-7.4116893,-7.3616896,-7.3116894,-7.2616897,-7.2116895,-7.1516895,-7.1016893,-7.0416894,-6.971689,-6.9116893,-6.8416896,-6.7716894,-6.7016892,-6.6316895,-6.5616894,-6.4816895,-6.4016895,-6.3216896,-6.2416897,-6.1516895,-6.0716896,-5.9816895,-5.8916893,-5.8016896,-5.7116895,-5.6116896,-5.5116897,-5.4216895,-5.3216896,-5.2116895,-5.1116896,-5.0116897,-4.9016895,-4.7916894,-4.6816893,-4.5716896,-4.4616895,-4.3416896,-4.2316895,-4.1116896,-4.0016894,-3.8816895,-3.7616894,-3.6416895
-5.7116895,-5.7516894,-5.7816896,-5.8216896,-5.8516893,-5.8916893,-5.9216895,-5.9416895,-5.9816895,-6.0116897,-6.0416894,-6.0816894,-6.1116896,-6.1416893,-6.1816893,-6.2116895,-6.2416897,-6.2716894,-6.3116894,-6.3316894,-6.3616896,-6.3916893,-6.4216895,-6.4516892,-6.471689,-6.4916897,-6.5216894,-6.5316896,-6.5516896,-6.5716896,-6.5816894,-6.5916896,-6.5916896,-6.5916896,-6.5916896,-6.5816894,-6.5716896,-6.5516896,-6.5216894,-6.4916897,-6.4616895,-6.4216895,-6.3616896,-6.3116894,-6.2516894,-6.1916895,-6.1016893,-6.0016894,-5.9116893,-5.8216896,-5.7116895,-5.5916896,-5.4616895,-5.3316894,-5.2016892,-5.0316896,-4.8716893,-4.7016892
-3.9016895,-3.9416895,-3.9916894,-4.0316896,-4.0816894,-4.1316895,-4.1616893,-4.2016892,-4.2416897,-4.2616897,-4.2916894,-4.3216896,-4.3516893,-4.3816895,-4.4116893,-4.4416895,-4.4616895,-4.4816895,-4.5116897,-4.5316896,-4.5616894,-4.5816894,-4.6116896,-4.6316895,-4.6516895,-4.6716895,-4.6916895,-4.7116895,-4.721689,-4.7416897,-4.7516894,-4.7616897,-4.7616897,-4.7716894,-4.7816896,-4.7916894,-4.8016896,-4.8116894,-4.8316894,-4.8616896,-4.8916893,-4.9216895,-4.9616895,-5.0216894,-5.0716896,-5.1316895,-5.1916895,-5.2516894,-5.3116894,-5.3816895,-5.4316893,-5.4816895,-5.5216894,-5.5516896,-5.5816894,-5.5816894,-5.5716896,-5.5416894
-2.2216895,-2.2716894,-2.3216894,-2.3516893,-2.4016895,-2.4516895,-2.5116894,-2.5616894,-2.6116896,-2.6616895,-2.7216895,-2.7716894,-2.8316894,-2.8916895,-2.9416895,-2.9916894,-3.0416894,-3.0916893,-3.1316895,-3.1716895,-3.2116895,-3.2516894,-3.3016894,-3.3616896,-3.4216895,-3.4916894,-3.5616894,-3.6216896,-3.6916895,-3.7716894,-3.8316894,-3.8916895,-3.9616895,-4.0216894,-4.0616894,-4.1016893,-4.1316895,-4.1616893,-4.1916895,-4.2016892,-4.221689,-4.221689,-4.2116895,-4.2116895,-4.2016892,-4.1716895,-4.1516895,-4.1316895,-4.1016893,-4.0616894,-4.0216894,-3.9816895,-3.9416895,-3.9116895,-3.8816895,-3.8616896,-3.8416893,-3.8416893
-1.6816895,-1.7416894,-1.7816894,-1.8416895,-1.9116894,-1.9616895,-2.0316894,-2.1016893,-2.1716895,-2.2416894,-2.3216894,-2.3916895,-2.4616895,-2.5216894,-2.5316894,-2.5816894,-2.6116896,-2.6016893,-2.5916893,-2.5716894,-2.5516894,-2.5816894,-2.5916893,-2.5816894,-2.5616894,-2.5416894,-2.5116894,-2.4716895,-2.4416895,-2.4216895,-2.4216895,-2.4316895,-2.4516895,-2.4816895,-2.5316894,-2.5716894,-2.5916893,-2.6116896,-2.6016893,-2.6016893,-2.6216896,-2.6616895,-2.7216895,-2.8016894,-2.8716896,-2.9616895,-3.0416894,-3.1216896,-3.2016895,-3.2816894,-3.3316894,-3.3816895,-3.4216895,-3.4416895,-3.4616895,-3.4516895,-3.4516895,-3.4316895
-1.4716895,-1.4616895,-1.4816895,-1.5016894,-1.5716895,-1.6816895,-1.7916894,-1.9116894,-2.0316894,-2.0916893,-2.1316895,-2.1516895,-2.1816895,-2.1916895,-2.2216895,-2.2516894,-2.2616894,-2.2416894,-2.1816895,-2.0816894,-1.9216895,-1.7416894,-1.5216894,-1.3416895,-1.2016895,-1.1016895,-1.0516895,-1.0716895,-1.1016895,-1.1316894,-1.1516894,-1.1716895,-1.1716895,-1.1616894,-1.1716895,-1.2016895,-1.2316895,-1.2216895,-1.2216895,-1.2416894,-1.2616894,-1.2616894,-1.2616894,-1.2816894,-1.3416895,-1.4116894,-1.4916894,-1.5916895,-1.7016895,-1.8216895,-1.9416895,-2.0516894,-2.1616895,-2.2716894,-2.3716896,-2.4716895,-2.5516894,-2.6416895
-2.8016894,-2.8016894,-2.8016894,-2.8116894,-2.8216894,-2.8416893,-2.8416893,-2.8216894,-2.8016894,-2.7516894,-2.6616895,-2.5016894,-2.2916894,-2.0416894,-1.7616894,-1.4516895,-1.1916895,-0.94168943,-0.73168945,-0.56168944,-0.44168946,-0.34168947,-0.26168945,-0.19168945,-0.12168945,-0.051689453,0.008310547,0.08831055,0.16831055,0.24831055,0.33831054,0.41831055,0.49831054,0.57831055,0.64831054,0.68831056,0.70831054,0.69831055,0.6783106,0.63831055,0.58831054,0.51831055,0.44831055,0.37831056,0.30831054,0.19831055,0.068310544,-0.10168945,-0.30168945,-0.5116894,-0.69168943,-0.8816894,-1.0316894,-1.1816895,-1.3416895,-1.4916894,-1.6316894,-1.7616894
-4.5416894,-4.6916895,-4.8316894,-4.9416895,-4.9816895,-4.9216895,-4.721689,-4.3416896,-3.8316894,-3.2016895,-2.5716894,-2.0216894,-1.6216894,-1.3816894,-1.2116895,-1.0716895,-0.9516895,-0.8816894,-0.81168944,-0.79168946,-0.7616894,-0.75168943,-0.7116895,-0.66168946,-0.56168944,-0.44168946,-0.29168946,-0.14168945,-0.011689453,0.11831055,0.22831054,0.34831056,0.45831054,0.57831055,0.6783106,0.7883105,0.7983105,0.71831053,0.58831054,0.43831053,0.29831055,0.20831054,0.18831055,0.16831055,0.13831055,0.048310548,-0.09168945,-0.26168945,-0.46168944,-0.68168944,-0.91168946,-1.1416894,-1.3716894,-1.5916895,-1.7916894,-1.9816895,-2.1216896,-2.2016895
-6.0916896,-6.2016892,-6.2416897,-6.2716894,-6.221689,-5.9316893,-5.3916893,-4.6216893,-3.7116895,-2.8916895,-2.3416893,-2.1516895,-2.3016894,-2.5016894,-2.6916895,-2.8516893,-2.8916895,-2.9416895,-3.0616894,-3.2316895,-3.4416895,-3.5716894,-3.1816895,-2.8516893,-2.5516894,-2.1516895,-1.8416895,-1.4616895,-1.1416894,-0.81168944,-0.34168947,0.20831054,0.7383106,1.2083106,1.5483105,1.7283106,1.7983105,1.7683105,1.7083106,1.6283106,1.5383105,1.4383105,1.3383106,1.2083106,1.0683105,0.87831056,0.64831054,0.39831054,0.14831054,-0.07168946,-0.25168946,-0.41168946,-0.55168945,-0.66168946,-0.7616894,-0.84168947,-0.93168944,-1.0316894
-6.6716895,-6.7116895,-6.7416897,-6.721689,-6.6616893,-6.4316893,-6.0316896,-5.471689,-4.8316894,-4.5216894,-4.6016893,-5.2116895,-5.471689,-5.721689,-5.971689,-6.2416897,-6.4516892,-6.3516893,-5.6016893,-4.2816896,-2.7316895,-1.3816894,-0.40168944,0.37831056,1.1283106,1.9183105,2.7183106,3.4383106,4.0083103,4.4083104,4.6783104,4.8383107,4.9283104,4.8483105,4.7183104,4.3883104,4.0883107,3.7383106,3.3483105,2.9783106,2.4983106,2.0583105,1.6883105,1.2783105,0.83831054,0.36831054,-0.011689453,-0.14168945,0.038310546,0.24831055,0.23831055,0.07831055,-0.07168946,-0.20168945,-0.27168944,-0.23168945,-0.04168945,0.22831054
-7.0116897,-7.0716896,-7.1616893,-7.1316895,-7.4416895,-7.8516893,-8.091689,-8.28169,-8.04169,-7.4916897,-6.8316894,-6.3116894,-5.7816896,-5.0216894,-3.9916894,-3.1316895,-2.6716895,-2.6616895,-2.2416894,-0.92168945,0.63831055,2.7883105,4.5783105,5.8783107,5.6683106,4.3883104,3.1183105,2.7283106,3.4083107,3.9383106,4.2683105,4.2983108,4.1383104,4.0183105,3.8883104,3.7883105,3.6783106,3.5283105,3.3383105,3.0683105,2.8283105,2.6283104,2.4483106,2.3083105,2.0583105,1.6483105,1.0083106,0.28831056,-0.35168946,-0.75168943,-0.93168944,-0.90168947,-0.7616894,-0.56168944,-0.5216895,-0.67168945,-0.78168947,-0.7616894
-7.2616897,-8.12169,-8.311689,-8.53169,-8.761689,-8.801689,-8.591689,-8.271689,-8.261689,-8.49169,-7.7716894,-5.1516895,-1.7416894,-0.16168946,-0.36168945,-0.61168945,-0.5216895,-0.34168947,-0.24168946,-0.18168946,0.24831055,1.1183106,1.5483105,1.4283105,1.3883106,1.6983105,2.1183105,2.3883104,2.5583105,2.7683105,3.0683105,3.4083107,3.6783106,3.8083105,3.7783105,3.6883106,3.5983105,3.5183105,3.4283106,3.3283105,3.1683106,2.8583105,2.6283104,2.3883104,2.0783105,1.7083106,1.3183105,0.87831056,0.40831053,-0.09168945,-0.5816895,-1.0016894,-1.2616894,-1.3516895,-1.2816894,-1.0316894,-0.66168946,-0.13168946
-8.521689,-8.641689,-8.65169,-8.74169,-8.961689,-9.08169,-8.931689,-8.801689,-8.931689,-8.78169,-7.4016895,-5.1716895,-3.5816894,-3.0216894,-2.2416894,-1.4116894,-0.90168947,-0.65168947,-0.67168945,-0.91168946,-0.50168943,0.22831054,0.63831055,0.62831056,0.52831054,0.46831053,0.7983105,1.1683105,1.4083105,1.6283106,1.9983106,2.6683106,3.6183105,4.6183105,5.4183106,5.9383106,6.1383104,6.0483108,5.7983108,5.4383106,4.9583106,4.4883103,3.9883106,3.5383105,3.1383104,2.7883105,2.4483106,2.1383104,1.8183105,1.4583106,1.0183105,0.49831054,-0.0016894531,-0.36168945,-0.5116894,-0.53168947,-0.47168946,-0.42168945
-6.971689,-7.3216896,-7.6016893,-7.8016896,-7.8816895,-7.9116893,-7.8416896,-7.5316896,-7.0616894,-6.7416897,-6.3616896,-5.5816894,-5.0316896,-5.4516892,-5.9616895,-5.1216893,-3.5716894,-3.0016894,-3.3216894,-2.6616895,-1.8016895,-1.3116895,-1.2516894,-1.3116895,-1.1016895,-0.53168947,0.19831055,0.76831055,1.1783105,1.5883106,2.0683105,2.5683105,2.9883106,3.2583106,3.4083107,3.5483105,3.7283106,3.9683106,4.2083106,4.5383105,4.7383103,4.778311,4.8383107,4.7383103,4.5383105,4.2883105,4.0083103,3.6683106,3.2483106,2.7783105,2.3383105,1.9483105,1.5883106,1.2883105,1.0183105,0.70831054,0.40831053,0.23831055
-7.6616893,-8.351689,-8.78169,-8.61169,-8.211689,-8.87169,-10.36169,-9.78169,-6.6716895,-4.721689,-5.5216894,-6.5816894,-6.9116893,-7.221689,-7.2416897,-6.4116893,-5.3416896,-4.5516896,-4.0216894,-3.6316895,-3.4116895,-3.3816895,-3.4416895,-3.4916894,-3.4716895,-3.2916894,-3.0416894,-2.8016894,-2.5216894,-2.1416895,-1.6416894,-1.1416894,-0.73168945,-0.40168944,0.038310546,0.75831056,1.6183106,2.4183106,3.1483107,3.7983105,4.2983108,4.6183105,4.7883105,4.7683105,4.5883107,4.3183107,4.0083103,3.6983106,3.4783106,3.3183105,3.1483107,2.8583105,2.4683106,2.1783106,2.0283105,1.7683105,1.1383106,0.48831055
-9.131689,-10.061689,-10.381689,-10.021689,-10.53169,-11.931689,-11.41169,-8.761689,-7.6616893,-8.381689,-8.58169,-8.301689,-8.25169,-8.03169,-7.5416894,-7.1516895,-6.9316893,-6.6216893,-6.5516896,-6.6816893,-6.7816896,-6.721689,-6.6016893,-6.3716893,-5.8816895,-5.1916895,-4.3316894,-3.5316894,-2.9416895,-2.4516895,-1.7216895,-0.60168946,0.6683105,1.8583106,3.1283104,4.3383107,5.4983106,6.4083104,6.9883103,7.2483106,7.2983108,7.2183104,7.0383105,6.6183105,5.9483104,5.2183104,4.5883107,4.0583105,3.5683105,3.1883106,2.7383106,2.1283104,1.7483106,1.5883106,0.95831054,0.69831055,1.1683105,0.62831056
-11.12169,-11.50169,-11.61169,-12.091689,-12.671689,-12.12169,-10.981689,-10.591689,-10.681689,-10.53169,-10.4416895,-10.551689,-10.681689,-10.561689,-9.931689,-9.131689,-8.841689,-8.90169,-8.431689,-6.971689,-5.0116897,-3.5516894,-3.0316894,-2.9816895,-3.1216896,-3.3116894,-2.8516893,-1.1316894,1.4083105,3.5083106,4.6983104,5.4683104,6.1983104,7.0083103,7.9983106,9.358311,10.49831,10.87831,10.618311,10.688311,10.488311,9.91831,9.448311,9.238311,9.50831,9.608311,9.108311,8.49831,7.9383106,7.2283106,6.1483107,5.7583103,5.8183107,5.4983106,5.6483107,4.5983105,2.8283105,1.8383106
-11.6916895,-12.271689,-12.78169,-12.86169,-12.711689,-12.75169,-13.16169,-13.62169,-14.33169,-15.681689,-15.75169,-11.79169,-4.8416896,-0.031689454,0.10831055,-1.4916894,-1.7316895,-0.9516895,-0.17168945,-0.0016894531,-0.15168945,-0.19168945,0.098310545,0.50831056,0.8683106,1.2283106,1.6483105,2.1683106,2.7783105,3.4783106,4.1283107,4.4983106,4.8983107,5.9183106,7.2883105,8.08831,8.198311,9.0583105,10.768311,12.3083105,12.83831,12.62831,12.3083105,11.988311,11.67831,11.42831,10.96831,10.46831,9.88831,9.34831,8.62831,7.8583107,7.8583107,6.8783107,3.7183106,1.9783106,2.6483107,4.9383106
-12.211689,-12.521689,-12.811689,-13.231689,-13.57169,-13.87169,-14.9416895,-16.701689,-15.771689,-9.25169,-0.97168946,1.5983106,0.20831054,0.10831055,1.0483105,1.3583106,1.3283105,1.6283106,2.4483106,3.5583105,4.3683105,4.9283104,5.3383107,5.4983106,5.3583107,5.2683105,5.2883105,5.2883105,5.2583103,5.278311,5.3883104,5.5883107,5.7983108,6.0683107,6.2583103,5.9683104,5.3983107,6.1083107,8.49831,10.858311,11.948311,12.188311,12.75831,13.29831,12.578311,12.648311,12.37831,11.83831,10.99831,10.118311,9.42831,8.79831,6.1583104,4.4483104,4.3083105,4.1883106,4.9783106,5.4183106
-12.591689,-13.021689,-13.341689,-13.561689,-14.04169,-14.58169,-13.66169,-10.07169,-5.7116895,-3.2116895,-1.9716895,-0.27168944,0.9183105,1.1583105,1.5583105,3.2083106,5.5683107,7.2883105,7.9983106,9.108311,10.63831,11.41831,10.58831,9.09831,8.318311,7.3083105,6.7183104,7.3783107,6.0183105,6.5383105,5.7683105,4.6683106,4.5383105,4.6983104,4.7283106,5.0483108,5.8583107,6.5883107,7.3083105,8.828311,10.068311,10.91831,12.228311,13.37831,14.018311,14.028311,13.37831,12.42831,11.54831,10.568311,9.488311,8.45831,7.6583104,6.9783106,5.1783104,4.4383106,4.4883103,5.278311
-12.79169,-13.08169,-13.40169,-13.41169,-11.851689,-8.221689,-5.0116897,-4.3116894,-3.4416895,-0.65168947,1.9583106,3.1483107,4.0683107,5.5583105,7.0183105,7.4883103,8.0583105,9.49831,11.38831,8.66831,9.0583105,7.6283107,5.8983107,6.9683104,7.2183104,6.7183104,5.2083106,5.6983104,6.3783107,6.5383105,7.4683104,8.118311,7.3183107,6.0883107,5.7583103,5.4583106,5.2583103,5.4583106,6.0983105,6.6983104,7.5583105,9.318311,11.92831,14.41831,14.8083105,14.318311,13.608311,12.74831,11.74831,10.738311,9.59831,8.488311,7.4983106,6.7383103,6.3383107,6.3483105,6.6683106,6.9483104
-11.12169,-11.00169,-10.24169,-8.301689,-5.5016894,-3.5216894,-2.6316895,-1.3816894,0.87831056,3.2583106,5.2683105,6.3383107,6.9483104,7.3783107,8.45831,9.20831,8.20831,8.288311,4.9683104,5.4083104,4.7483106,5.0083103,5.5683107,6.6283107,7.8983107,7.1683106,6.3183107,5.1783104,8.20831,5.2483106,5.6883106,6.4883103,6.3983107,5.2583103,6.6383104,6.4483104,6.4183106,6.3783107,4.9783106,5.1883106,6.7283106,8.71831,11.25831,14.29831,15.238311,14.528311,13.448311,12.438311,11.358311,7.5883107,9.198311,9.078311,8.278311,7.7983108,7.2383103,6.6783104,6.2583103,5.8283105
-7.1916895,-6.5616894,-5.3716893,-3.6216896,-1.5316894,0.38831055,2.0283105,3.4583106,4.6283107,5.3783107,6.2183104,6.9383106,7.4683104,7.778311,7.3183107,7.8083105,4.3983107,4.1783104,5.3783107,4.1383104,7.0383105,5.6583104,5.5183105,5.1983104,4.8583107,4.6483107,4.9183106,5.2383103,6.8483105,4.6283107,3.8183105,3.2583106,5.0683107,5.2083106,4.2283106,5.3583107,6.5983105,6.3483105,7.1083107,7.8383107,7.778311,9.358311,13.20831,15.58831,13.448311,9.978311,9.54831,12.29831,12.018311,10.46831,7.2983108,6.4083104,5.8683105,5.5983105,5.7383103,5.8483105,5.0983105,3.9983106
-1.8416895,-1.1516894,-0.42168945,0.24831055,0.9183105,1.6483105,2.4883106,3.3783104,4.2683105,4.8483105,5.3183107,5.8883104,6.2683105,7.2683105,4.1583104,2.5483105,4.6883106,6.278311,4.8883104,4.8783107,3.9083107,3.8883104,3.7383106,4.0183105,3.9683106,4.1083107,4.4183106,4.3383107,3.9983106,3.3883104,2.6383104,2.2283106,2.6983106,3.0183105,2.8283105,2.8283105,3.2383106,4.4983106,4.6483107,5.2583103,4.9783106,7.8983107,14.75831,14.618311,13.908311,10.25831,11.768311,11.658311,9.95831,9.3083105,8.3083105,7.1583104,6.1783104,6.7083106,5.8883104,4.4583106,4.5083103,3.8783104
0.23831055,0.88831055,1.4183105,1.7283106,1.8983105,2.1183105,2.5583105,3.3583105,4.2183104,4.7883105,5.2183104,6.0683107,7.5883107,6.3583107,4.0783105,5.2583103,7.028311,5.9583106,4.778311,3.6783106,3.4483106,3.0383105,2.5983105,2.7383106,2.8483105,2.8783104,3.4883106,3.8583105,3.9783106,3.7583106,3.3183105,4.9983106,3.4683106,3.3483105,3.1583107,4.1283107,2.7883105,2.1683106,1.9583106,2.5283105,4.8583107,9.20831,7.0783105,8.8083105,8.20831,5.9283104,5.4983106,5.5083103,5.0983105,4.6383104,4.1083107,3.9583106,3.7183106,3.5283105,2.9283106,2.9383106,2.5883105,2.8583105
1.6983105,2.0383105,2.3083105,2.5483105,2.8383105,3.2283106,3.7783105,4.1483107,4.9383106,5.9683104,6.2683105,7.2983108,3.8583105,4.9283104,6.2583103,5.0383105,4.1983104,4.1383104,3.3283105,3.1283104,2.4683106,2.1383104,5.0483108,5.5183105,7.4783106,7.3583107,3.9683106,4.0983105,3.6883106,3.5883105,3.6883106,3.4883106,3.1683106,3.0683105,2.4883106,2.9883106,2.9483106,2.0883105,3.7283106,4.5783105,9.328311,6.1583104,6.3183107,6.2083106,6.0783105,5.5683107,5.3183107,5.2083106,4.8583107,4.7483106,4.2383103,3.6283104,3.3483105,2.7983105,2.6383104,2.1583107,1.5783105,1.0983106
