raw-data-f/2018100706f3.json
{"header": { "discipline":0, "disciplineName":"Meteorological products", "gribEdition":2, "gribLength":75242, "center":7, "centerName":"US National Weather Service - NCEP(WMC)", "subcenter":0, "refTime":"2018-10-07T06:00:00.000Z", "significanceOfRT":1, "significanceOfRTName":"Start of forecast", "productStatus":0, "productStatusName":"Operational products", "productType":1, "productTypeName":"Forecast products", "productDefinitionTemplate":0, "productDefinitionTemplateName":"Analysis/forecast at horizontal level/layer at a point in time", "parameterCategory":2, "parameterCategoryName":"Momentum", "parameterNumber":3, "parameterNumberName":"V-component_of_wind", "parameterUnit":"m.s-1", "genProcessType":2, "genProcessTypeName":"Forecast", "forecastTime":3, "surface1Type":103, "surface1TypeName":"Specified height level above ground", "surface1Value":10.0, "surface2Type":255, "surface2TypeName":"Missing", "surface2Value":0.0, "gridDefinitionTemplate":0, "gridDefinitionTemplateName":"Latitude_Longitude", "numberPoints":65160, "shape":6, "shapeName":"Earth spherical with radius of 6,371,229.0 m", "gridUnits":"degrees", "resolution":48, "winds":"true", "scanMode":0, "nx":360, "ny":181, "basicAngle":0, "lo1":0.0, "la1":90.0, "lo2":359.0, "la2":-90.0, "dx":1.0, "dy":1.0 }, "data":
[rows 26 to 51 of 181, columns 177 to 235 of 360]
-7.665967,-7.865967,-4.9459667,-1.8659668,0.7240332,2.4240332,2.5540333,2.474033,2.3140333,1.1140332,0.7740332,1.9140332,1.5340332,1.4140332,1.1940331,1.3640332,1.8140332,3.1640332,4.4540334,4.3440332,3.9540331,4.484033,2.9040332,0.0640332,-1.9159667,-1.7059668,-1.9759668,-1.5259668,-1.1659667,-0.2259668,-1.0459667,-3.005967,-3.515967,-1.2559668,0.1140332,0.8240332,0.5640332,-0.6359668,0.2840332,0.014033203,-1.1959668,-1.2559668,-0.2959668,-0.2959668,-0.2059668,-1.3859668,-2.245967,-2.2959669,-2.245967,-1.5259668,-1.5359668,-1.1759667,-1.2459668,-1.2859668,-0.5359668,-0.4859668,0.2240332,0.9940332,2.0540333
-5.875967,-4.6059666,-1.8059669,0.17403321,1.1940331,2.474033,2.1640332,2.3040333,2.5240333,2.7640333,2.6340332,2.3240333,2.234033,2.0940332,2.3640332,2.8940332,3.5140333,3.9340332,3.1440332,1.9440331,3.6240332,3.3740332,0.6240332,-0.7759668,-2.1859667,-0.7659668,0.7540332,-0.5259668,-1.3859668,-2.9359667,-0.9759668,1.7740332,2.6140332,0.0740332,-0.4959668,0.60403323,-0.025966797,0.46403322,0.8240332,-0.31596678,-0.28596678,-1.0559669,-1.2259668,-1.1859668,-0.7959668,-1.1259668,-2.1359668,-1.6559668,-1.7959667,-1.6559668,-1.3559668,-0.9959668,-1.2459668,-1.6359668,-1.1359668,-0.3059668,-0.0559668,0.3140332,0.8140332
-10.295967,-6.995967,-3.4559667,-0.8459668,2.484033,2.6440332,1.7440332,2.974033,4.0740333,4.064033,3.9340332,3.8640332,3.8440332,3.8840332,3.984033,5.404033,5.754033,3.6740332,2.6240332,2.7740333,1.5440332,0.49403322,-0.3859668,1.0540332,0.8640332,0.4040332,-1.2259668,-2.0459669,-0.6259668,1.0040332,-0.5459668,-1.1259668,-1.5159668,-0.3459668,-0.1659668,-0.3259668,-0.7259668,0.2240332,0.3740332,-0.2959668,1.3040332,-0.4259668,-1.2459668,-1.4559668,-1.1759667,-0.8359668,-1.6259668,-1.5559669,-1.1559668,-0.2759668,-0.8659668,-1.7659668,-1.9259667,1.2140332,1.1940331,1.8940332,0.5340332,-0.7559668,-0.0559668
-7.8359666,-5.245967,-3.3359668,4.584033,6.634033,3.7640333,1.5640332,2.8740332,4.9540334,5.2240334,5.314033,5.374033,5.134033,4.7640333,4.274033,4.124033,6.504033,7.5740333,3.1140332,3.0540333,1.6940331,1.4940332,-0.18596679,0.4740332,1.5340332,0.4540332,0.2840332,-0.6259668,1.2240332,0.5940332,0.9640332,-1.5259668,-3.2359667,0.2640332,0.1940332,-2.6559668,-2.4659667,-0.4159668,0.1340332,1.1040332,0.9240332,0.49403322,-0.4659668,-0.28596678,0.49403322,-0.25596678,0.014033203,-1.2659668,-2.8059669,-1.5459667,0.2940332,0.8640332,1.9240332,1.6440332,0.1040332,-0.4159668,-0.2959668,-0.7259668,-0.3559668
-3.9159667,1.6440332,5.364033,5.904033,3.8240333,1.9640332,-0.9459668,2.6240332,5.384033,6.174033,6.944033,7.3240333,5.944033,4.654033,4.124033,4.9540334,4.154033,4.444033,5.504033,3.4040332,2.7640333,0.7840332,0.6540332,0.4740332,-0.7159668,-0.1459668,3.7840333,3.6540332,0.054033205,-0.0559668,-1.6859668,-4.665967,0.3740332,2.0740333,-2.6059668,-4.015967,-2.7059667,-0.4659668,-0.7159668,-0.5859668,-0.2059668,-1.9959668,-2.1859667,-2.6759667,-1.9859668,0.6240332,1.9440331,1.5140332,2.2640333,1.4940332,1.7040333,0.9440332,1.7840332,0.4740332,-0.1659668,-0.4359668,-1.4159667,1.6240332,0.9040332
0.6440332,1.6840332,2.2740333,2.1740332,1.7240332,1.7740332,3.9340332,6.374033,6.9940333,6.7440333,6.7240334,6.3940334,6.364033,5.354033,3.5840333,4.5140333,4.2840333,5.634033,5.614033,4.814033,4.0740333,2.1940331,-0.4659668,-0.4559668,0.6740332,1.4040332,-0.6159668,0.0640332,1.2440332,-0.9659668,-2.495967,-3.245967,-6.135967,-2.9059668,0.044033203,0.7240332,0.3940332,0.7640332,1.3840332,1.1940331,1.1940331,0.85403323,1.0440332,1.7340332,-1.5059668,-0.5059668,-0.4759668,-0.8459668,0.0040332032,1.8040332,0.7240332,1.0240332,1.5540332,1.3740332,2.724033,0.6740332,1.0140332,0.1340332,-1.3659668
-0.6559668,0.5640332,1.4940332,2.1940331,2.7840333,3.3440332,4.424033,5.864033,7.4940333,7.924033,7.614033,5.964033,5.654033,5.624033,4.254033,4.8240333,5.1840334,5.354033,5.5340333,5.114033,4.484033,4.254033,3.1240332,1.3440332,1.7740332,1.2440332,-0.1259668,0.4040332,-2.8859668,-8.595966,-1.1659667,-2.9159667,-0.7659668,-0.1359668,0.8640332,1.2840332,2.0440333,2.1640332,1.9840332,1.8040332,1.6440332,1.5640332,1.7040333,1.8940332,1.6140332,4.004033,0.6940332,-0.6159668,1.1640332,-0.3759668,1.2740332,-0.015966797,1.1440332,1.3540332,1.0740333,1.1240332,1.9140332,1.0740333,1.5540332
0.8740332,3.6540332,4.794033,3.8040333,3.4640331,5.3040333,7.044033,7.444033,7.924033,8.0640335,7.734033,6.634033,5.5740333,5.294033,4.444033,3.4640331,3.6740332,2.8040333,4.5340333,5.814033,5.0340333,5.1440334,4.854033,1.6540332,0.8440332,0.084033206,-1.5159668,-7.1759667,-2.6759667,-1.6859668,-5.9659667,-0.9159668,-0.3459668,0.6340332,0.9740332,1.1740332,1.5440332,1.4840332,1.3640332,1.2740332,1.0340332,0.85403323,0.8040332,1.2240332,3.1040332,4.924033,3.8940332,-0.1159668,-0.4459668,0.024033204,0.2340332,1.1840332,0.9140332,0.5740332,0.2740332,1.2440332,1.2040333,0.3640332,-0.24596679
2.6140332,4.674033,4.774033,5.044033,4.4340334,6.794033,8.044033,7.064033,7.694033,8.184033,6.9140334,6.044033,5.9340334,5.6640334,4.904033,3.8240333,2.6040332,1.5840333,8.204033,6.7040334,6.3040333,3.984033,3.6140332,1.3140332,-0.5459668,-0.21596679,-3.275967,-1.2359668,-0.28596678,2.0840333,2.7640333,2.6940331,4.214033,5.3440332,6.5740333,6.674033,6.0340333,4.924033,4.104033,3.4540331,2.7640333,2.744033,2.724033,2.9440331,3.6540332,4.4340334,5.464033,5.214033,0.8240332,-1.9659668,-0.1259668,-0.2659668,-0.0759668,-0.7759668,-0.3459668,0.0640332,0.2240332,-0.1159668,-0.0759668
3.3340333,3.974033,5.104033,5.464033,6.254033,6.634033,6.944033,7.384033,7.6440334,6.6440334,5.634033,5.5340333,5.944033,5.384033,5.044033,3.2940333,2.5640333,2.5540333,6.8040333,4.5940332,4.884033,3.3040333,4.674033,3.0840333,1.5540332,-0.4259668,-2.8159668,-4.375967,-1.7859668,0.3740332,0.8840332,2.244033,4.134033,5.314033,6.4340334,5.8440332,4.814033,4.4940333,4.2640333,3.7940333,3.3240333,2.8740332,2.6840332,2.8440332,3.0340333,3.3540332,3.5640333,3.5640333,4.6840334,4.364033,0.014033203,0.2340332,-0.3559668,-0.1359668,1.1340332,1.5940332,-0.4059668,0.4740332,-0.5759668
3.8440332,4.8240333,4.8440332,5.1840334,6.384033,6.544033,6.874033,7.114033,6.5340333,6.384033,5.404033,6.384033,6.7640333,6.384033,5.2040334,3.754033,4.464033,3.5340333,5.6840334,4.274033,3.4040332,5.524033,4.814033,3.5940332,1.9840332,-0.2759668,-2.8059669,-4.515967,-3.245967,-0.1959668,2.1240332,3.7140331,4.0140333,4.854033,4.984033,5.634033,5.6640334,5.774033,6.004033,6.084033,5.8040333,5.2040334,4.2640333,3.234033,2.1640332,1.4040332,1.1040332,2.4640331,4.984033,3.9040332,0.6940332,3.6440332,6.3940334,0.3240332,0.3240332,1.4940332,1.2940332,0.8640332,0.8840332
4.294033,4.614033,4.274033,5.254033,4.6440334,5.4540334,6.4740334,7.1640334,5.314033,6.374033,6.004033,7.334033,6.6640334,6.214033,5.194033,3.7840333,3.8540332,3.754033,4.174033,2.3140333,7.234033,6.404033,5.1840334,4.0140333,2.474033,-0.9359668,-3.6759667,-3.8559668,-1.6759667,0.8440332,2.1640332,3.1740332,4.4540334,4.7440333,5.234033,6.5140333,8.054033,8.434033,8.154034,7.614033,6.8240333,5.944033,4.624033,3.5440333,2.6740332,1.8040332,1.0240332,0.6540332,0.0640332,0.14403321,3.1640332,-0.3459668,5.9340334,6.3940334,-0.1359668,0.8340332,1.2540332,1.4340332,1.3840332
3.754033,3.5640333,3.3140333,3.8240333,3.484033,4.194033,4.254033,5.864033,6.0540333,4.9940333,7.0940332,7.3940334,7.654033,7.174033,6.384033,5.4140334,4.4540334,3.504033,2.6240332,1.1540332,6.374033,5.8940334,5.044033,3.6740332,1.0940332,-1.3959668,-2.5959668,-2.3759668,-0.8259668,1.7340332,2.8340333,3.754033,4.124033,5.4740334,8.824033,10.544033,10.264033,9.3140335,8.474033,7.7640333,6.8040333,6.004033,5.0940332,4.0740333,2.974033,1.8440332,1.0040332,0.2440332,-0.3759668,-0.7059668,-1.2259668,-0.3859668,3.4040332,11.044033,7.504033,0.094033204,0.7740332,1.5940332,1.3340333
2.1640332,1.8840332,1.6840332,2.6640332,4.5740333,6.444033,7.3940334,8.174033,8.644033,8.794033,8.614033,8.124033,7.694033,7.334033,6.714033,5.654033,4.4740334,3.2640333,1.8640332,1.3640332,4.584033,5.4740334,4.044033,2.7640333,0.6240332,-1.1859668,-2.2159667,-0.9659668,1.3040332,2.0640333,3.0740333,2.3840332,7.4340334,11.264033,11.5640335,10.594033,9.964033,9.244033,8.244033,7.214033,6.314033,5.584033,5.384033,4.7240334,3.6940331,2.5940332,1.5140332,0.5740332,-0.1559668,-0.8459668,-1.4159667,-0.9759668,-0.2759668,0.7140332,8.484034,3.9040332,-0.21596679,0.5840332,0.8140332
-0.5759668,-0.6859668,0.7240332,4.154033,4.884033,5.5740333,6.4140334,7.4940333,9.164033,9.524034,9.194034,8.604033,7.924033,7.384033,6.8040333,5.8940334,4.614033,3.1740332,1.7740332,1.6840332,3.1940331,4.464033,3.4140332,0.9940332,-0.8859668,-2.3159668,-1.1459668,1.5340332,1.9040332,0.0740332,0.1040332,9.394033,12.164033,11.974033,11.424033,11.164033,10.384033,9.384033,8.384033,7.544033,6.834033,6.104033,5.5140333,4.504033,3.1940331,1.9140332,0.8940332,0.124033205,-0.2359668,-0.2259668,-0.4159668,-0.4759668,-0.4659668,0.17403321,4.564033,5.9540334,0.5940332,0.7740332,-0.085966796
-3.1359668,-2.995967,1.7840332,2.3940332,3.8740332,6.134033,7.854033,8.924033,9.644033,9.834033,9.504033,8.984034,8.474033,7.7240334,6.924033,5.964033,4.754033,3.244033,1.8040332,1.3340333,1.9040332,3.3840332,2.1840332,-0.5659668,-2.7159667,-2.6759667,1.5640332,0.1840332,-3.2259667,0.9640332,8.254033,14.304033,13.484034,12.634033,12.164033,11.344033,10.114033,9.104033,8.344033,8.244033,7.5340333,6.4140334,5.064033,3.4240332,2.1840332,1.5240332,0.7340332,0.1040332,-0.3259668,-0.8859668,-1.3059669,-1.3159668,-1.5559669,-1.6359668,-2.495967,9.424033,4.4140334,2.1540332,0.6440332
-4.375967,-2.0559669,0.4740332,-0.1459668,3.8640332,4.384033,8.964033,11.964033,11.484034,10.974033,10.194034,9.704033,8.834033,8.114033,7.2240334,6.254033,5.134033,3.3440332,1.7940332,0.8040332,1.1440332,2.474033,0.2140332,-2.5859668,-4.575967,-0.3959668,-1.4759668,-4.705967,-1.4759668,13.694034,16.294033,13.324033,12.874033,13.094033,11.934033,10.884033,10.194034,9.514033,9.054033,8.334033,7.504033,6.424033,3.9540331,2.994033,2.3240333,1.2240332,-0.0559668,-0.8259668,-1.2259668,-1.9859668,-2.5659668,-2.8159668,-3.005967,-2.9159667,-3.0359669,6.634033,5.4540334,2.0940332,1.6140332
-6.0059667,-1.1659667,-1.0159668,-0.28596678,2.5540333,-0.4059668,17.134033,15.924033,13.464033,12.134033,11.094033,10.034033,9.234034,8.364033,7.1440334,5.904033,4.854033,3.3940332,1.6240332,0.4440332,1.2440332,1.4040332,-1.1159668,-4.595967,-4.7959666,-3.5559669,-7.935967,6.774033,17.864033,16.084034,15.244033,14.844033,14.524034,13.844033,11.964033,10.794033,10.334033,9.914033,8.964033,7.964033,6.314033,5.354033,3.224033,2.2840333,1.3740332,0.7340332,-0.31596678,-1.3759668,-1.9559668,-2.505967,-3.1959667,-3.6759667,-3.495967,-3.265967,-3.3059669,3.8140333,5.1440334,2.3640332,-1.1159668
-5.265967,-1.2159668,-0.4059668,1.1340332,2.7840333,5.9940333,8.454033,14.764033,13.954033,12.5640335,11.164033,10.804033,9.914033,8.764033,7.174033,5.8440332,4.7040334,3.2940333,1.5340332,0.3840332,1.7540332,0.4240332,-3.3159668,-5.935967,-4.205967,-10.015966,6.274033,16.764032,17.864033,16.914034,15.644033,15.204033,14.344033,13.024034,11.864033,11.184033,10.474033,9.644033,8.454033,6.884033,5.7440333,4.604033,3.3240333,1.9340332,0.8440332,0.5040332,-0.5359668,-1.7459668,-2.8659668,-3.4859667,-3.8959668,-4.0459666,-3.745967,-3.7359667,-1.4859668,3.5540333,3.2940333,0.5340332,-2.3059669
-5.345967,-2.2159667,0.4740332,1.3540332,2.6040332,5.694033,6.6640334,13.004033,13.834033,12.224033,11.204033,11.134033,9.504033,8.054033,6.854033,5.964033,4.614033,3.1040332,1.2040333,0.7340332,2.0440333,-0.3959668,-4.4659667,-5.415967,-5.6059666,-8.875967,11.274034,17.544033,17.644033,16.954033,15.874033,15.274034,14.374033,13.104033,12.054033,10.964033,9.574033,8.734034,7.794033,6.064033,5.234033,4.0540333,2.7840333,1.5040332,0.1940332,-0.9259668,-1.5659668,-2.7359667,-3.495967,-4.935967,-5.6059666,-5.7959666,-5.035967,-1.0359668,1.5040332,1.3940332,-0.18596679,-2.3259668,-4.0859666
-5.285967,-3.4159667,0.43403322,2.1940331,2.7040331,4.254033,6.2840333,12.114033,12.044033,11.094033,11.034033,10.934033,9.024034,8.384033,8.514033,7.0540333,5.4940333,3.5140333,1.4640332,0.9940332,3.1540332,-0.3759668,-3.6759667,-4.0859666,-6.2959666,-5.015967,11.864033,16.194033,17.714033,17.064034,16.024033,15.014033,14.054033,12.744033,11.714033,10.824033,9.824033,8.734034,7.124033,6.1440334,4.9740334,3.754033,2.3140333,0.9140332,-0.3459668,-1.4559668,-2.2859669,-3.6559668,-4.9259667,-5.245967,-5.7359667,-5.515967,-1.2259668,-0.5559668,-1.4759668,-2.005967,-3.3759668,-5.0659666,-6.245967
-5.5259666,-3.5759668,-0.3359668,1.2140332,1.3240333,2.3540332,7.7640333,12.164033,11.534033,10.8140335,10.604033,10.704033,9.614033,8.474033,7.634033,7.1840334,5.5740333,3.7840333,2.1140332,1.6340332,4.3040333,1.2340332,-1.8059669,-3.6459668,-4.5859666,-3.3159668,10.414033,14.514033,17.284033,16.844032,15.114033,14.284033,13.284033,12.144033,11.3140335,10.554033,9.384033,8.414033,6.8940334,5.864033,4.604033,3.1340332,1.5640332,0.1040332,-1.3659668,-2.4459667,-3.3559668,-5.185967,-5.575967,-5.685967,-4.995967,-2.6959667,-1.6859668,-2.9559667,-3.8459668,-4.9059668,-6.1559668,-7.0659666,-7.305967
-4.535967,-3.245967,-1.1559668,-0.4859668,-0.2059668,1.7940332,9.244033,12.464033,11.5640335,11.504033,10.604033,8.964033,10.624033,9.664033,8.714033,7.2440333,5.444033,3.9440331,2.7640333,2.3940332,3.7640333,2.4340332,-0.4859668,-3.4659667,-2.6059668,-0.6759668,7.3240333,12.494033,15.894033,15.304033,13.964033,13.344033,12.394033,11.344033,10.634033,9.754033,8.864033,6.7640333,6.7240334,5.334033,3.994033,2.5240333,0.8240332,-0.9459668,-1.9259667,-3.4559667,-4.5659666,-5.345967,-6.305967,-5.615967,-4.3159666,-2.8359668,-4.0459666,-5.185967,-6.245967,-7.2159667,-7.8559666,-8.725966,-12.615967
-4.075967,-3.1459668,-2.8459668,-2.3859668,-0.8059668,3.9640331,9.334033,11.004033,11.824033,11.344033,10.704033,8.954033,9.534033,9.694034,7.114033,6.314033,5.2240334,3.6440332,2.504033,2.1440332,3.6440332,2.5440333,-1.1559668,-2.5559669,-1.1359668,0.9740332,4.024033,13.094033,14.434033,13.574033,13.094033,12.214033,11.3140335,10.384033,9.584033,8.664033,7.364033,7.2440333,6.024033,4.774033,3.3340333,1.7940332,-0.1159668,-1.8559668,-2.6759667,-4.075967,-5.0859666,-5.595967,-6.0259666,-4.515967,-3.4359667,-4.7759666,-6.2159667,-7.125967,-8.235967,-9.4359665,-11.155967,-13.035967,-15.635967
-4.785967,-4.955967,-4.595967,-3.4059668,0.094033204,5.364033,9.0640335,11.444034,11.054033,10.624033,9.464033,9.364033,9.754033,8.954033,7.984033,5.8940334,4.3240333,2.9040332,3.2940333,3.9540331,3.9140332,0.7040332,-0.8559668,-0.9259668,-1.1059668,0.60403323,5.104033,12.834033,13.0640335,12.634033,11.864033,11.084033,10.294033,9.574033,8.824033,7.864033,7.0340333,6.7440333,5.5540333,4.084033,2.5140333,0.6940332,-1.3059669,-2.775967,-3.3059669,-4.725967,-5.8559666,-5.245967,-4.185967,-4.1059666,-5.185967,-6.535967,-7.6759667,-9.105967,-9.675967,-10.885967,-12.725966,-14.735967,-15.225966
-6.705967,-6.435967,-4.805967,-2.0759668,1.6040332,5.654033,9.264033,11.904034,10.834033,9.724033,8.994033,9.414033,8.784033,7.134033,6.104033,5.3240333,4.754033,5.314033,5.7840333,4.484033,1.4840332,-0.005966797,-0.9559668,-2.015967,-2.1259668,-0.0659668,10.624033,12.404034,12.174033,11.594033,10.614033,10.044033,9.284033,8.774034,8.3140335,7.3040333,6.9740334,5.944033,4.6640334,3.3840332,1.3840332,-1.0459667,-1.8159668,-2.8159668,-4.285967,-4.5059667,-3.1459668,-3.745967,-4.725967,-5.9459667,-6.885967,-7.7759666,-8.665967,-9.635967,-10.615967,-11.925967,-13.695967,-15.265966,-16.465967
