raw-data-f/2018100900f3.json
{"header": { "discipline":0, "disciplineName":"Meteorological products", "gribEdition":2, "gribLength":74959, "center":7, "centerName":"US National Weather Service - NCEP(WMC)", "subcenter":0, "refTime":"2018-10-09T00:00:00.000Z", "significanceOfRT":1, "significanceOfRTName":"Start of forecast", "productStatus":0, "productStatusName":"Operational products", "productType":1, "productTypeName":"Forecast products", "productDefinitionTemplate":0, "productDefinitionTemplateName":"Analysis/forecast at horizontal level/layer at a point in time", "parameterCategory":2, "parameterCategoryName":"Momentum", "parameterNumber":2, "parameterNumberName":"U-component_of_wind", "parameterUnit":"m.s-1", "genProcessType":2, "genProcessTypeName":"Forecast", "forecastTime":3, "surface1Type":103, "surface1TypeName":"Specified height level above ground", "surface1Value":10.0, "surface2Type":255, "surface2TypeName":"Missing", "surface2Value":0.0, "gridDefinitionTemplate":0, "gridDefinitionTemplateName":"Latitude_Longitude", "numberPoints":65160, "shape":6, "shapeName":"Earth spherical with radius of 6,371,229.0 m", "gridUnits":"degrees", "resolution":48, "winds":"true", "scanMode":0, "nx":360, "ny":181, "basicAngle":0, "lo1":0.0, "la1":90.0, "lo2":359.0, "la2":-90.0, "dx":1.0, "dy":1.0 }, "data":
[rows 52 to 77 of 181, columns 290 to 347 of 360]
-8.08084,-7.7108397,-6.49084,-4.91084,-5.12084,-8.38084,-8.760839,-8.510839,-8.45084,-7.47084,-6.28084,-6.32084,-7.97084,-7.2508397,-6.34084,-5.69084,-5.5008397,-5.61084,-5.39084,-4.94084,-4.53084,-4.43084,-6.11084,-6.74084,-6.67084,-6.5808396,-6.36084,-5.07084,-6.2108397,5.07916,8.87916,7.77916,9.10916,9.07916,9.71916,9.28916,9.13916,8.32916,7.46916,5.34916,4.21916,3.00916,2.3691602,1.3691602,1.1891601,0.33916014,-0.78083986,-2.04084,-2.3308399,-2.7008398,-2.8808398,-2.8808398,-2.77084,-2.3308399,-1.8108399,-0.74083984,-0.43083984,-0.42083985
-7.66084,-7.93084,-6.9608397,-5.68084,-4.69084,-3.02084,-2.30084,-2.29084,-2.57084,-3.8308399,-5.34084,-4.3508396,-5.53084,-7.37084,-7.34084,-6.17084,-5.2508397,-5.40084,-5.5408397,-5.26084,-4.80084,-6.32084,-7.15084,-7.07084,-7.55084,-7.24084,-6.84084,0.50916016,2.5491602,4.2691603,5.4791603,5.7091603,6.40916,7.5191603,7.84916,7.9991603,7.8991604,7.40916,5.07916,4.73916,2.0491602,1.8891602,0.39916015,0.5491602,-0.100839846,-1.7708398,-2.4408398,-3.3608398,-3.9408398,-3.9308398,-4.01084,-3.9308398,-3.75084,-3.4308398,-2.7308397,-1.5608399,-0.21083984,-0.010839844
-5.8108397,-4.3508396,-3.4308398,-2.77084,-1.7208399,-1.8908398,-1.7608398,-1.6008399,-2.9808397,-3.05084,-1.8608398,-1.1908399,-2.51084,-5.72084,-6.45084,-5.7908397,-4.61084,-5.16084,-5.5008397,-5.62084,-5.4608397,-6.2508397,-6.20084,-7.2308397,-8.9708395,-7.11084,-6.7108397,-4.57084,-1.5208398,0.77916014,2.47916,3.3591602,4.4191604,5.90916,5.86916,6.58916,6.90916,5.84916,4.58916,3.6191602,1.8291602,-0.29083985,-0.81083983,-0.45083985,-1.6908399,-3.1208398,-3.81084,-4.65084,-5.3108397,-5.19084,-5.39084,-5.36084,-5.2908397,-4.99084,-4.30084,-3.0908399,-1.8008399,-0.87083983
-6.68084,-6.4808397,-6.01084,-5.30084,-4.74084,-4.3508396,-4.2308397,-4.0808396,-3.74084,-3.02084,-2.4708397,-1.7808398,-1.8708398,-4.2908397,-5.91084,-4.8308396,-4.2508397,-4.62084,-4.93084,-4.94084,-4.74084,-4.09084,-5.05084,-6.67084,-8.36084,-11.800839,-12.04084,-8.57084,-4.2308397,-0.78083986,1.2491602,2.46916,3.73916,4.07916,4.62916,5.59916,6.13916,4.5391603,3.68916,2.1691601,0.8591602,-1.4508399,-2.2208397,-2.1008399,-2.74084,-3.3508399,-4.38084,-5.92084,-6.82084,-6.61084,-6.43084,-6.5808396,-6.93084,-6.87084,-6.4808397,-5.55084,-4.30084,-2.8508399
-8.15084,-7.7708397,-7.20084,-6.42084,-5.84084,-5.3308396,-5.28084,-4.84084,-4.1008396,-3.56084,-4.34084,-3.3908398,-2.7008398,-3.79084,-5.03084,-4.26084,-3.82084,-3.8908398,-3.8708398,-3.28084,-2.4308398,-0.71083987,-2.02084,-1.9608399,-4.97084,-13.12084,-18.14084,-8.39084,-3.25084,-0.98083985,1.2291602,2.8791602,2.92916,2.8191602,3.71916,5.15916,3.8191602,2.1591601,1.6091602,1.0191602,0.6791602,-1.5108398,-3.04084,-3.5908399,-3.79084,-4.0408397,-4.6008396,-6.03084,-7.16084,-7.43084,-7.80084,-8.25084,-8.56084,-8.89084,-8.86084,-8.11084,-7.32084,-5.55084
-8.87084,-8.62084,-8.13084,-7.57084,-7.01084,-6.49084,-5.9608397,-5.69084,-4.72084,-4.67084,-5.30084,-4.22084,-3.8308399,-3.9208398,-4.20084,-3.82084,-3.28084,-2.9508398,-2.7208397,-1.7208399,0.8691602,2.3791602,3.6091602,5.5191603,8.35916,6.19916,2.7891603,-1.7908398,-0.08083984,1.0391601,2.5391603,3.6591601,2.72916,2.42916,3.3091602,4.83916,4.42916,0.69916016,1.3191601,0.23916015,0.94916016,-0.61083984,-1.8308399,-3.0808399,-3.9408398,-4.67084,-4.70084,-5.14084,-5.2508397,-5.26084,-5.7508397,-5.5008397,-4.65084,-4.20084,-5.3508396,-4.5408397,-2.57084,-1.1208398
-9.03084,-8.63084,-8.14084,-7.7908397,-7.32084,-6.74084,-6.47084,-6.0808396,-5.65084,-5.14084,-5.19084,-5.30084,-4.38084,-4.40084,-4.11084,-3.2208397,-2.79084,-2.3608398,-1.8408399,-0.33083984,3.1591601,4.71916,7.04916,10.45916,16.929161,22.679161,14.36916,6.7691603,4.2091603,3.3191602,4.00916,3.7991602,3.0791602,2.68916,3.6591601,4.59916,6.04916,0.8691602,1.6691601,0.56916016,1.2591602,0.48916015,-0.08083984,-0.24083984,-1.2008399,-2.1808398,-2.31084,-2.2308397,-1.5208398,-2.0908399,-2.0908399,-1.5008398,-0.25083983,1.6991601,2.73916,3.1691601,-1.0208398,-0.84083986
-9.23084,-8.840839,-8.08084,-7.72084,-7.28084,-6.95084,-6.78084,-6.2908397,-5.87084,-5.47084,-4.92084,-5.66084,-5.01084,-4.61084,-4.1008396,-3.1008399,-2.27084,-1.7108399,-1.0508399,0.52916014,3.8891602,6.77916,9.18916,11.699161,14.76916,16.22916,14.05916,9.409161,6.7091603,5.07916,5.0391603,3.5591602,4.62916,3.20916,3.94916,4.2691603,5.05916,6.04916,0.9191601,1.8891602,1.0791602,1.7991601,0.9991602,0.9191601,1.7191602,1.2191602,1.4491601,1.1791601,0.76916015,2.71916,2.00916,3.18916,4.52916,5.59916,6.30916,5.81916,1.8491602,0.12916015
-8.89084,-8.17084,-7.7508397,-7.3508396,-7.4608397,-6.93084,-6.09084,-5.87084,-5.87084,-5.6008396,-5.0408397,-4.93084,-5.43084,-4.93084,-3.9308398,-2.9408398,-2.0808399,-1.1308398,-0.14083984,1.3791602,3.42916,5.9591603,8.47916,10.159161,11.46916,12.88916,11.909161,9.38916,7.50916,6.0191603,5.6491604,3.8591602,3.71916,3.95916,4.10916,4.4591603,4.82916,4.9791603,5.0191603,0.82916015,1.5591601,2.1191602,2.50916,1.2791601,2.2891603,3.6191602,4.4991603,4.10916,4.12916,4.98916,6.80916,7.10916,6.88916,8.57916,5.55916,4.23916,2.6491601,0.6191602
-9.86084,-9.510839,-9.010839,-7.99084,-6.90084,-6.17084,-6.15084,-5.99084,-5.62084,-5.2908397,-5.1008396,-4.39084,-3.9208398,-4.32084,-3.8508399,-2.6708398,-1.6308398,-0.46083984,0.62916017,1.6991601,2.9091601,4.0391603,5.80916,9.199161,10.95916,10.63916,10.31916,8.96916,6.48916,6.44916,6.10916,4.94916,2.7991602,3.7991602,4.2691603,4.5191603,4.1491604,4.82916,5.48916,5.58916,0.77916014,2.1491601,2.73916,3.1291602,1.8691602,3.0991602,4.1691604,5.5191603,5.73916,5.6891603,6.81916,7.7091603,7.8991604,4.32916,3.9191601,2.3391602,0.56916016,-2.05084
-11.510839,-10.68084,-9.58084,-8.49084,-7.63084,-7.01084,-5.88084,-5.11084,-5.40084,-5.51084,-4.7708397,-3.9708397,-3.4208398,-2.9508398,-2.3608398,-1.3008399,-0.13083984,1.4191601,2.8991601,4.4191604,6.13916,7.54916,7.86916,7.90916,8.05916,8.62916,7.57916,6.85916,6.2691603,5.61916,5.1491604,4.7891603,3.1491601,3.8391602,4.19916,3.3991601,4.17916,3.6091602,4.3991604,5.37916,6.2691603,2.1291602,2.3391602,3.3991601,4.23916,2.96916,3.0491602,4.13916,5.2091603,6.09916,7.2891603,7.9791603,7.05916,4.57916,5.82916,1.0991602,2.5991602,2.93916
-11.840839,-11.550839,-11.03084,-10.24084,-8.90084,-7.88084,-6.70084,-5.7108397,-5.26084,-5.0608397,-4.8508396,-4.0008397,-2.9108398,-1.8908398,-0.92083985,-0.100839846,0.7491602,1.8691602,3.0191603,4.0191603,4.83916,5.3991604,5.35916,6.58916,6.46916,5.96916,5.1691604,4.29916,3.9191601,3.1291602,3.20916,3.42916,3.23916,3.68916,4.10916,3.5491602,3.4191601,3.3591602,3.3691602,4.4191604,4.77916,5.5391603,4.3991604,2.8291602,3.8291602,4.90916,5.52916,5.65916,5.9191604,6.88916,7.7491603,8.08916,7.12916,6.83916,6.6491604,5.67916,3.71916,3.0191603
-9.27084,-10.300839,-10.64084,-9.81084,-9.56084,-9.03084,-7.72084,-6.55084,-5.5408397,-4.8108397,-4.36084,-4.07084,-3.1508398,-2.31084,-1.2408398,-0.33083984,0.63916016,1.3891602,2.0691602,2.3491602,2.8391602,4.5391603,5.82916,4.46916,4.32916,3.5991602,2.0791602,1.3691602,0.62916017,1.0391601,0.78916013,1.0991602,1.9391601,2.6091602,2.8191602,2.0191603,2.0691602,2.5291603,3.3991601,3.3991601,4.10916,4.61916,5.1491604,5.7891603,4.4391603,3.8491602,4.9391603,5.67916,6.37916,7.27916,7.59916,7.11916,6.30916,6.1891603,5.15916,3.5491602,2.2691603,0.27916014
-8.050839,-6.63084,-7.57084,-7.94084,-9.17084,-9.33084,-8.77084,-7.53084,-6.65084,-5.90084,-4.9608397,-3.78084,-2.8808398,-2.7008398,-2.1808398,-1.3208399,-0.27083984,0.69916016,1.2691602,2.71916,3.3791602,2.6091602,2.0891602,2.0991602,1.7091602,1.7591602,0.78916013,0.29916015,-0.85083985,-1.5708399,-1.1108398,-1.1308398,-0.41083986,0.15916015,-0.19083984,0.18916015,0.82916015,1.7791601,1.9491601,2.5391603,2.48916,3.0291603,3.69916,4.5391603,5.61916,6.13916,5.9391603,6.27916,6.6691604,6.7091603,6.63916,5.79916,5.5391603,4.82916,2.8091602,1.2091602,0.93916017,0.6191602
-7.22084,-6.18084,-5.7908397,-7.16084,-8.04084,-9.37084,-9.090839,-8.760839,-7.9608397,-7.2108397,-6.0808396,-4.8108397,-3.9008398,-3.9708397,-2.8508399,-2.24084,-1.1908399,0.19916016,0.50916016,-0.070839845,-0.55083984,-0.53083986,-0.6308398,-0.36083984,0.8591602,1.3691602,1.0591601,-0.27083984,-0.78083986,-2.6208398,-2.32084,-2.29084,-2.1308398,-1.8608398,-1.8008399,-1.0108398,-0.020839844,0.48916015,0.90916014,1.0091602,1.3491602,1.7891601,1.9491601,2.8791602,3.5291603,4.13916,4.57916,4.98916,5.46916,5.38916,4.86916,4.80916,4.1491604,2.45916,0.53916013,0.39916015,0.36916015,1.0891602
-7.0008397,-7.40084,-7.16084,-7.26084,-7.92084,-8.62084,-9.37084,-8.93084,-9.02084,-8.28084,-7.5408397,-6.57084,-5.4608397,-4.5608397,-3.79084,-3.4108398,-3.3508399,-3.1808398,-2.99084,-2.9608397,-2.9308398,-3.0908399,-2.49084,-1.0708399,0.19916016,-0.040839843,-0.7008398,-0.54083985,-1.8808398,-3.75084,-3.8408399,-3.4008398,-3.3308399,-3.1908398,-2.81084,-2.05084,-1.4708399,-0.87083983,-0.48083985,-0.36083984,-0.20083985,0.019160157,0.34916016,0.83916014,1.5091602,2.0891602,2.8891602,3.4091601,3.47916,3.50916,3.7891603,3.6391602,1.9091601,-0.070839845,-0.36083984,0.30916014,1.2091602,0.64916015
-8.03084,-8.57084,-8.44084,-8.36084,-8.50084,-8.49084,-9.79084,-9.92084,-9.27084,-8.54084,-8.43084,-7.76084,-7.0608397,-6.37084,-5.66084,-5.13084,-5.15084,-4.8308396,-4.5408397,-4.88084,-4.63084,-3.3408399,-2.56084,-2.2008398,-1.7608398,-1.3608398,-1.4708399,-1.3608398,-2.79084,-3.8308399,-4.30084,-4.38084,-4.42084,-4.2308397,-3.8708398,-3.30084,-2.6708398,-2.1808398,-2.0808399,-2.07084,-1.8908398,-1.6308398,-1.2408398,-0.71083987,-0.09083984,0.52916014,1.0291601,1.2891601,1.8791602,2.3991601,2.5291603,1.3691602,0.31916016,-2.1108398,-0.41083986,-0.36083984,0.26916015,1.8091601
-7.6008396,-10.31084,-9.63084,-9.18084,-10.11084,-9.45084,-9.83084,-10.38084,-9.27084,-9.08084,-8.74084,-8.15084,-7.64084,-7.2308397,-6.82084,-6.57084,-5.94084,-5.91084,-5.69084,-4.38084,-4.07084,-4.0408397,-3.57084,-3.4408398,-3.1508398,-3.1308398,-3.29084,-3.4408398,-4.19084,-4.7908397,-5.03084,-5.2108397,-5.26084,-5.19084,-4.93084,-4.61084,-4.14084,-3.6308398,-3.4308398,-3.30084,-3.1708398,-2.7108397,-2.24084,-1.7908398,-1.3408399,-1.0108398,-0.61083984,0.13916016,0.7991602,1.1791601,0.78916013,0.7491602,-1.8708398,0.23916015,-1.2308398,-2.1308398,-0.48083985,-0.96083987
-6.43084,-9.29084,-9.74084,-8.58084,-10.010839,-9.91084,-10.090839,-9.91084,-9.4708395,-9.18084,-9.090839,-8.69084,-7.9808397,-7.5408397,-7.2308397,-7.07084,-7.12084,-6.69084,-5.2108397,-4.12084,-5.15084,-4.42084,-4.8508396,-4.59084,-4.41084,-4.5208397,-4.39084,-4.74084,-5.0808396,-5.63084,-5.7708397,-5.87084,-5.94084,-5.92084,-5.69084,-5.40084,-5.18084,-4.90084,-4.44084,-4.30084,-4.34084,-3.99084,-3.51084,-3.04084,-2.6308398,-2.06084,-1.4308399,-0.66083986,-0.21083984,-0.16083984,0.23916015,-0.99083984,-1.5808399,1.2191602,0.65916014,-0.53083986,-1.9408399,-1.8908398
-0.36083984,-4.5608397,-8.35084,-8.9708395,-9.590839,-9.13084,-9.16084,-9.38084,-9.04084,-8.87084,-9.31084,-8.58084,-8.25084,-8.27084,-7.24084,-7.3308396,-7.1008396,-5.7108397,-4.97084,-5.7508397,-4.8508396,-5.51084,-5.6008396,-5.4608397,-5.37084,-5.32084,-5.39084,-5.7308397,-6.0608397,-6.09084,-6.2108397,-6.40084,-6.6008396,-6.26084,-6.3108397,-6.01084,-5.99084,-5.86084,-5.24084,-5.18084,-5.36084,-5.1008396,-4.74084,-4.2508397,-3.4808397,-2.6408398,-1.9208398,-1.5008398,-1.1908399,-0.60083985,-0.93083984,-1.5508399,-1.4308399,1.3291602,2.8491602,3.2691603,-1.8208399,-2.27084
-6.44084,-6.69084,-5.95084,-3.1508398,-2.55084,-8.03084,-8.62084,-8.090839,-8.58084,-7.87084,-8.37084,-7.8508396,-6.41084,-6.97084,-6.88084,-6.7508397,-6.5208397,-5.68084,-5.6008396,-5.55084,-6.01084,-6.5208397,-6.28084,-6.2108397,-6.05084,-5.9608397,-6.2108397,-6.47084,-6.6008396,-6.49084,-6.44084,-6.5808396,-6.9808397,-6.5008397,-7.0208397,-6.30084,-6.5208397,-6.22084,-6.0008397,-6.14084,-6.24084,-5.90084,-5.51084,-4.90084,-4.09084,-3.03084,-2.4008398,-1.9808398,-1.5008398,-1.3808398,-1.2708398,-1.5508399,-1.1008399,1.2491602,4.00916,5.15916,3.8391602,-2.25084
-7.66084,-7.59084,-6.80084,-6.5208397,-6.92084,-7.42084,-8.21084,-8.10084,-8.06084,-8.14084,-7.7508397,-7.2908397,-6.8308396,-6.47084,-6.12084,-6.0808396,-5.63084,-5.69084,-5.93084,-6.12084,-6.45084,-6.99084,-6.94084,-6.68084,-6.57084,-6.5008397,-6.90084,-7.24084,-7.2708397,-6.7908397,-6.45084,-6.9808397,-7.2508397,-6.32084,-6.99084,-6.69084,-6.68084,-6.59084,-6.61084,-6.84084,-6.6008396,-6.43084,-6.01084,-5.37084,-4.7508397,-2.4208398,-2.4708397,-2.4608397,-1.9008398,-1.3808398,-0.5108398,-0.14083984,1.0891602,2.6491601,4.3991604,5.4191604,4.88916,3.3591602
-8.11084,-8.07084,-7.61084,-7.45084,-7.28084,-6.64084,-6.42084,-6.9808397,-6.11084,-8.10084,-7.44084,-6.64084,-6.43084,-5.72084,-5.94084,-5.5008397,-5.5808396,-5.51084,-6.12084,-5.89084,-6.0808396,-6.82084,-7.0008397,-7.2108397,-7.0408397,-6.95084,-7.65084,-7.93084,-7.92084,-7.38084,-6.94084,-7.1008396,-7.14084,-6.74084,-6.2508397,-6.5208397,-6.93084,-6.87084,-7.07084,-7.1008396,-7.14084,-6.8508396,-6.3308396,-4.8108397,-4.68084,-3.6108398,-3.01084,-2.8808398,-1.8608398,-1.1408398,0.009160156,1.7291602,3.2891603,4.29916,4.71916,5.21916,4.4591603,2.8591602
-7.61084,-8.00084,-8.300839,-7.5808396,-7.64084,-7.76084,-8.07084,-9.36084,-8.590839,-7.88084,-7.5008397,-6.99084,-6.32084,-5.57084,-5.74084,-5.89084,-5.49084,-5.51084,-5.88084,-5.53084,-5.3308396,-6.19084,-6.72084,-7.44084,-7.5408397,-7.91084,-7.89084,-8.10084,-7.9808397,-7.43084,-6.94084,-6.78084,-6.40084,-6.4608397,-6.36084,-6.15084,-6.72084,-6.82084,-7.1008396,-7.34084,-7.44084,-6.8308396,-6.03084,-6.11084,-5.65084,-5.40084,-1.6908399,-2.3308399,-1.2708398,-0.100839846,1.0991602,2.9191601,4.13916,3.6591601,4.23916,4.9191604,4.75916,4.58916
-7.93084,-7.92084,-8.03084,-7.53084,-7.2508397,-8.19084,-8.87084,-9.12084,-9.760839,-6.94084,-8.24084,-7.5408397,-6.91084,-6.55084,-6.2908397,-5.76084,-5.65084,-5.9608397,-5.66084,-5.2708397,-5.14084,-5.51084,-6.12084,-7.1008396,-7.7108397,-8.15084,-8.32084,-8.31084,-7.93084,-8.18084,-6.72084,-6.39084,-5.7108397,-6.59084,-6.07084,-5.67084,-6.47084,-6.72084,-7.1008396,-7.28084,-7.42084,-7.0008397,-6.63084,-5.51084,-4.40084,-3.3908398,-2.3308399,-1.3008399,0.34916016,1.7691602,2.72916,3.8091602,5.33916,6.15916,3.47916,4.12916,3.5791602,3.6191602
-8.33084,-8.590839,-8.10084,-7.5208397,-6.90084,-8.25084,-8.42084,-8.32084,-8.86084,-8.16084,-8.52084,-8.04084,-7.3508396,-6.84084,-6.63084,-6.13084,-5.86084,-5.64084,-5.38084,-4.57084,-3.57084,-3.8408399,-4.53084,-4.92084,-5.92084,-7.09084,-7.16084,-6.9808397,-6.76084,-6.84084,-6.5008397,-5.86084,-5.0008397,-5.5608397,-5.39084,-5.59084,-6.0608397,-6.2708397,-6.89084,-7.59084,-7.11084,-7.07084,-6.66084,-5.09084,-3.82084,-2.27084,-1.1708398,0.039160155,1.5691601,2.3991601,2.0191603,2.7691603,4.23916,5.7091603,2.49916,2.0691602,2.0391603,2.3491602
