raw-data-f/2018100700f3.json
{"header": { "discipline":0, "disciplineName":"Meteorological products", "gribEdition":2, "gribLength":74804, "center":7, "centerName":"US National Weather Service - NCEP(WMC)", "subcenter":0, "refTime":"2018-10-07T00:00:00.000Z", "significanceOfRT":1, "significanceOfRTName":"Start of forecast", "productStatus":0, "productStatusName":"Operational products", "productType":1, "productTypeName":"Forecast products", "productDefinitionTemplate":0, "productDefinitionTemplateName":"Analysis/forecast at horizontal level/layer at a point in time", "parameterCategory":2, "parameterCategoryName":"Momentum", "parameterNumber":2, "parameterNumberName":"U-component_of_wind", "parameterUnit":"m.s-1", "genProcessType":2, "genProcessTypeName":"Forecast", "forecastTime":3, "surface1Type":103, "surface1TypeName":"Specified height level above ground", "surface1Value":10.0, "surface2Type":255, "surface2TypeName":"Missing", "surface2Value":0.0, "gridDefinitionTemplate":0, "gridDefinitionTemplateName":"Latitude_Longitude", "numberPoints":65160, "shape":6, "shapeName":"Earth spherical with radius of 6,371,229.0 m", "gridUnits":"degrees", "resolution":48, "winds":"true", "scanMode":0, "nx":360, "ny":181, "basicAngle":0, "lo1":0.0, "la1":90.0, "lo2":359.0, "la2":-90.0, "dx":1.0, "dy":1.0 }, "data":
[rows 130 to 155 of 181, columns 290 to 347 of 360]
2.199331,6.049331,8.049331,3.679331,3.8293312,5.209331,7.829331,3.5893312,5.149331,2.739331,2.519331,2.969331,3.539331,3.949331,3.399331,3.629331,4.9693313,7.369331,7.649331,7.9493313,8.4593315,8.229331,7.849331,9.929331,10.169331,9.879331,10.879331,13.929331,14.169331,13.569331,11.849331,11.249331,10.639331,10.279331,9.849331,10.309331,10.569331,11.099331,12.399331,11.539331,10.099331,12.229331,11.639331,11.649331,12.689331,13.099331,13.149331,13.009331,12.629331,12.469331,12.989331,13.279331,12.419331,9.809331,9.129331,9.079331,8.229331,8.479331
6.129331,6.2193313,8.499331,8.719331,5.509331,7.099331,8.019331,5.689331,3.219331,2.299331,2.649331,3.3493311,4.059331,4.499331,4.389331,5.029331,7.4693313,8.659331,8.049331,7.659331,7.549331,7.409331,8.599331,10.329331,11.149331,12.489331,12.839331,12.759331,14.879331,14.7093315,14.039331,10.829331,10.879331,10.409331,10.9593315,11.639331,12.539331,13.429331,13.309331,12.349331,10.829331,12.669331,12.009331,12.849331,13.349331,13.189331,13.319331,13.249331,12.9593315,12.439331,12.559331,12.569331,12.559331,11.599331,10.609331,9.919331,9.069331,8.619331
2.699331,5.099331,8.569331,6.179331,5.2393312,2.0793312,2.129331,-3.310669,-0.780669,1.499331,2.929331,3.909331,4.689331,4.919331,5.579331,6.799331,9.359331,9.799331,10.259331,10.309331,10.889331,10.029331,10.179331,11.369331,12.399331,12.159331,12.7093315,13.329331,13.159331,14.759331,8.659331,9.629331,11.2093315,10.679331,12.469331,13.679331,14.159331,14.469331,14.239331,13.019331,11.639331,12.589331,13.339331,13.409331,13.259331,13.519331,13.929331,14.249331,14.189331,13.949331,13.499331,11.729331,12.089331,12.579331,12.809331,11.449331,10.549331,9.689331
3.199331,4.709331,5.799331,2.979331,6.009331,2.679331,3.529331,-0.74066895,-1.7406689,-0.28066894,2.469331,4.1993313,4.999331,5.669331,6.9693313,8.779331,9.799331,9.339331,9.089331,8.539331,9.069331,8.819331,8.199331,6.679331,6.609331,8.619331,9.869331,9.629331,7.869331,2.729331,6.809331,9.679331,9.649331,11.989331,13.439331,14.159331,14.099331,15.529331,13.879331,11.599331,12.009331,12.469331,13.519331,14.129331,14.199331,14.369331,14.549331,15.149331,15.349331,15.4593315,15.099331,14.599331,13.219331,12.489331,12.319331,11.809331,11.389331,10.769331
2.379331,5.379331,5.099331,3.979331,3.6093311,5.069331,2.539331,0.51933104,-0.47066894,1.059331,2.929331,4.819331,5.899331,7.249331,7.869331,8.719331,8.979331,7.849331,6.799331,6.459331,7.079331,6.609331,5.9893312,7.259331,7.809331,7.329331,6.499331,4.479331,3.0893312,6.269331,8.329331,8.929331,10.019331,10.879331,11.219331,11.259331,10.529331,8.409331,10.049331,11.629331,11.789331,13.2093315,14.679331,15.299331,15.079331,15.089331,15.339331,15.869331,16.07933,15.799331,15.919331,15.969331,15.639331,13.809331,12.499331,11.759331,11.049331,10.479331
5.829331,6.779331,6.9693313,10.139331,6.399331,6.209331,3.649331,4.819331,5.129331,5.319331,5.729331,5.869331,6.129331,7.359331,8.369331,7.839331,7.709331,6.939331,7.399331,6.189331,5.429331,4.659331,5.249331,6.099331,5.169331,4.269331,4.009331,4.909331,6.289331,7.229331,8.399331,8.679331,8.769331,8.719331,8.969331,8.529331,8.659331,9.259331,9.589331,10.999331,12.869331,14.4593315,14.159331,14.139331,14.889331,15.869331,16.34933,16.689331,16.959332,16.469332,15.239331,15.089331,13.859331,13.249331,12.849331,11.099331,9.719331,8.649331
6.319331,7.039331,9.429331,8.379331,8.559331,7.789331,5.459331,6.6993313,7.029331,7.429331,6.659331,6.009331,6.129331,7.039331,6.929331,5.4893312,6.249331,5.769331,4.069331,1.589331,2.3293312,3.6093311,3.909331,4.149331,4.769331,5.519331,5.659331,6.149331,6.9493313,7.409331,6.979331,7.849331,9.4593315,8.969331,7.859331,7.599331,7.329331,8.889331,9.979331,12.259331,12.379331,12.409331,14.069331,15.279331,15.899331,16.58933,17.279331,17.50933,16.619331,13.919331,13.299331,13.329331,12.349331,11.089331,11.469331,9.339331,7.349331,6.4893312
6.6993313,8.009331,9.919331,10.099331,8.239331,7.529331,5.9893312,5.609331,6.359331,6.859331,7.099331,6.879331,6.499331,5.7393312,4.319331,2.8593311,1.739331,-0.09066895,-0.7706689,-0.23066895,0.5993311,1.5493311,2.3593311,3.0793312,3.059331,4.089331,5.709331,6.779331,6.539331,6.7393312,8.439331,9.579331,8.729331,8.869331,9.019331,7.019331,8.199331,9.559331,11.189331,10.799331,11.589331,13.259331,13.819331,14.909331,16.799332,18.029331,17.949331,17.449331,16.229332,14.389331,14.749331,14.199331,12.369331,9.869331,8.359331,5.009331,4.639331,3.959331
2.979331,3.5993311,0.7293311,2.019331,2.739331,4.109331,4.899331,5.069331,5.909331,7.029331,7.189331,6.479331,4.899331,2.409331,-0.80066895,-2.510669,-3.190669,-2.8806689,-1.8306689,-0.35066894,0.74933106,1.589331,2.239331,3.139331,4.379331,5.669331,5.959331,5.409331,6.539331,7.7393312,6.659331,5.139331,4.889331,4.259331,5.229331,7.059331,8.739331,9.899331,10.439331,10.689331,11.189331,12.949331,15.169331,17.439331,19.31933,19.449331,17.449331,14.339331,13.969331,12.989331,13.029331,13.369331,11.319331,6.759331,5.419331,3.899331,2.979331,2.719331
8.319331,10.999331,10.559331,9.989331,9.919331,5.439331,6.589331,5.579331,5.4693313,6.289331,5.859331,4.359331,2.249331,-0.80066895,-1.9806689,-2.6506689,-2.540669,-1.630669,-0.32066894,0.26933107,0.99933106,1.5293311,2.499331,4.009331,5.519331,5.779331,5.179331,4.089331,2.3593311,0.27933106,0.529331,1.7593311,2.719331,4.019331,5.889331,7.909331,8.879331,9.399331,9.619331,10.579331,12.469331,14.169331,16.519331,15.899331,16.40933,13.4593315,10.939331,11.229331,12.249331,11.679331,10.879331,10.389331,8.189331,6.139331,4.189331,3.409331,2.649331,2.8493311
5.029331,3.439331,4.2393312,8.899331,9.369331,3.209331,1.4293311,3.179331,5.689331,6.4893312,5.349331,3.199331,1.499331,-0.19066894,-0.86066896,-1.6006689,-0.92066896,0.37933105,0.68933105,1.3893311,2.139331,3.009331,4.159331,5.039331,5.529331,2.229331,-1.510669,-1.400669,-0.50066894,0.56933105,1.829331,3.249331,4.539331,5.709331,6.869331,7.6993313,7.999331,7.689331,8.069331,9.909331,11.239331,12.809331,12.809331,8.909331,-6.0306687,-6.920669,-8.130669,-8.590669,-9.490669,-7.960669,-1.2006689,6.099331,6.2393312,4.899331,3.689331,2.519331,2.3193312,2.229331
6.479331,9.649331,4.399331,4.599331,4.269331,2.439331,3.059331,4.849331,5.939331,6.289331,4.609331,3.8393312,1.569331,0.39933106,-0.12066895,1.2793311,-0.60066897,1.189331,1.709331,2.559331,3.269331,3.889331,5.049331,4.099331,-2.500669,-2.530669,-1.290669,-0.63066894,0.80933106,2.149331,4.049331,4.579331,5.859331,6.669331,6.769331,7.099331,5.9493313,5.609331,6.639331,7.629331,9.079331,8.809331,6.059331,-6.220669,-7.900669,-8.880669,-10.150669,-8.710669,-10.120669,-11.230669,-11.460669,-11.260669,-7.920669,-0.76066893,2.979331,2.5993311,2.519331,2.679331
6.249331,6.089331,8.649331,8.759331,7.569331,6.539331,5.4493313,5.679331,5.549331,3.799331,2.899331,2.149331,1.619331,0.83933103,0.55933106,2.009331,0.94933105,1.729331,2.419331,2.919331,2.729331,4.389331,0.09933105,-3.230669,-2.260669,-2.050669,-0.66066897,0.86933106,2.629331,3.5993311,3.809331,5.259331,6.229331,6.939331,6.399331,5.139331,3.939331,4.339331,5.4493313,6.029331,6.369331,5.249331,-1.8606689,-5.0506687,-5.570669,-8.550669,-10.220669,-10.280669,-11.130669,-11.420669,-11.7906685,-12.840669,-12.580669,-11.980669,-11.340669,-9.140669,-4.860669,-0.5206689
7.079331,8.429331,8.559331,10.099331,9.579331,8.029331,6.459331,5.229331,5.419331,5.349331,4.609331,3.3293312,1.4193311,1.059331,1.5493311,1.699331,1.3893311,1.9293311,1.9293311,1.9093311,2.059331,-2.840669,-3.690669,-3.070669,-1.920669,-0.68066895,0.94933105,2.3193312,3.899331,3.399331,4.059331,5.039331,5.339331,6.919331,5.4893312,1.869331,4.159331,4.229331,4.939331,5.019331,4.459331,2.769331,-3.710669,-4.120669,-5.200669,-7.990669,-9.7906685,-10.230669,-10.960669,-11.940669,-12.030669,-11.820669,-11.360669,-11.480669,-12.410669,-12.110669,-11.350669,-11.010669
5.279331,6.079331,6.339331,8.9593315,10.449331,8.199331,6.549331,5.439331,5.529331,4.159331,3.219331,1.489331,0.73933107,1.949331,0.49933106,0.79933107,1.309331,0.88933104,1.2893311,1.2793311,-2.540669,-2.950669,-2.360669,-1.270669,-0.17066894,0.7293311,1.819331,3.019331,4.009331,3.229331,3.879331,4.029331,2.929331,4.419331,1.0493311,3.049331,5.249331,4.9493313,5.299331,4.289331,3.769331,1.709331,-5.060669,-5.350669,-6.170669,-7.180669,-8.470669,-10.090669,-10.960669,-11.300669,-11.200669,-11.690669,-11.530669,-11.600669,-12.150669,-13.210669,-13.500669,-14.020669
8.489331,3.639331,2.229331,6.189331,5.789331,5.9493313,4.659331,6.019331,4.099331,3.0993311,1.6693311,0.43933105,0.15933105,1.319331,1.339331,0.779331,0.24933106,0.8493311,0.76933104,-2.110669,-2.6606688,-2.250669,-1.2106689,-0.48066893,0.32933104,1.1293311,2.059331,3.5693312,3.129331,2.8293312,3.259331,3.519331,3.739331,3.289331,6.139331,7.129331,6.479331,5.689331,4.419331,3.639331,2.799331,-0.08066895,-5.490669,-5.720669,-7.100669,-7.230669,-8.270669,-9.400669,-10.560669,-10.900669,-11.270669,-11.2906685,-11.650669,-12.090669,-12.630669,-13.490669,-14.070669,-14.880669
14.949331,15.109331,14.199331,7.429331,4.979331,5.589331,4.279331,3.989331,2.8393312,1.8893311,1.359331,1.3993311,2.209331,1.939331,-0.8406689,-1.030669,0.12933105,0.33933106,-1.670669,-2.290669,-2.060669,-1.640669,-0.62066895,0.08933105,0.36933106,1.3893311,2.039331,2.999331,2.169331,1.9193311,2.509331,3.199331,3.529331,3.659331,4.6993313,4.759331,3.949331,2.8393312,2.249331,2.509331,1.439331,-1.6206689,-5.490669,-6.320669,-7.380669,-6.630669,-7.830669,-9.170669,-9.980669,-10.550669,-11.010669,-11.5406685,-11.940669,-12.740669,-13.460669,-13.710669,-14.180669,-14.640669
16.279331,14.389331,12.239331,8.449331,4.329331,3.469331,1.869331,2.429331,2.219331,1.819331,1.8893311,1.739331,1.449331,-2.480669,-2.000669,-0.93066895,-0.530669,-1.440669,-3.3806689,-2.820669,-2.340669,-1.040669,-0.5806689,-0.12066895,0.69933105,1.209331,1.489331,2.169331,1.0293311,1.4193311,2.189331,2.229331,2.209331,2.269331,2.809331,2.3193312,0.40933105,-1.150669,0.49933106,1.2593311,-0.020668946,-4.040669,-5.540669,-5.220669,-6.5106688,-7.000669,-7.0106688,-8.330669,-8.920669,-9.310669,-10.180669,-9.640669,-10.900669,-11.570669,-11.420669,-11.810669,-11.280669,-11.530669
11.649331,8.869331,5.9693313,2.789331,0.67933106,-1.8206689,-0.780669,0.45933107,0.719331,0.529331,-0.020668946,-0.45066893,-3.190669,-3.260669,-3.050669,-1.7406689,-0.68066895,-1.810669,-2.370669,-2.3806689,-1.680669,-1.190669,-0.91066897,-0.42066896,-0.0106689455,-0.23066895,1.109331,0.25933105,0.89933103,1.2993311,0.779331,0.83933103,0.46933106,0.89933103,0.12933105,-1.7206689,-2.550669,-2.690669,-1.8706689,-1.640669,-4.570669,-5.610669,-5.360669,-5.440669,-5.420669,-5.600669,-5.770669,-6.820669,-6.570669,-7.3006687,-7.590669,-7.590669,-7.360669,-7.580669,-7.950669,-7.5306687,-6.830669,-7.410669
4.909331,0.7893311,-3.090669,-5.620669,-5.640669,-4.790669,-1.790669,-0.30066895,-0.36066896,-1.040669,-1.5906689,-4.080669,-4.740669,-3.6406689,-2.790669,-0.93066895,-0.54066896,-0.970669,-1.650669,-2.1606688,-1.920669,-1.7206689,-1.3506689,-0.69066894,-0.9006689,-0.67066896,0.18933105,-0.24066895,0.23933105,-0.57066894,-0.6506689,-0.49066895,-1.290669,-1.6006689,-1.930669,-3.1706688,-4.240669,-3.530669,-3.120669,-3.370669,-5.040669,-6.210669,-5.430669,-4.820669,-4.600669,-4.2806687,-5.160669,-6.440669,-5.730669,-5.580669,-4.690669,-4.690669,-4.790669,-4.770669,-4.910669,-4.880669,-4.790669,-4.340669
-7.150669,-8.260669,-8.950669,-7.810669,-6.2806687,-3.750669,-2.190669,-2.1406689,-2.830669,-4.000669,-6.0506687,-5.920669,-4.840669,-3.790669,-2.710669,-1.2206689,0.63933104,-0.76066893,-2.550669,-2.840669,-2.620669,-2.320669,-1.890669,-1.400669,-1.430669,-1.140669,-0.26066893,-0.76066893,-1.1206689,-0.95066893,-1.0706689,-1.1106689,-2.040669,-2.050669,-1.640669,-1.7406689,-2.230669,-2.580669,-3.110669,-3.6506689,-4.740669,-6.310669,-6.980669,-6.930669,-6.340669,-5.740669,-5.630669,-5.360669,-4.670669,-3.740669,-3.250669,-2.940669,-2.620669,-2.350669,-2.330669,-1.780669,-0.76066893,0.28933105
-8.150669,-8.120669,-7.360669,-5.990669,-4.840669,-4.240669,-4.170669,-4.920669,-6.290669,-7.410669,-7.220669,-5.430669,-3.070669,-1.530669,-1.1106689,0.39933106,0.21933106,-2.080669,-3.210669,-3.270669,-2.940669,-2.600669,-2.200669,-1.9806689,-1.880669,-1.290669,-0.27066895,-0.8906689,-1.4606689,-1.650669,-1.790669,-1.9506689,-2.460669,-2.260669,-2.4306688,-2.860669,-3.520669,-3.960669,-3.960669,-3.6606688,-4.0106688,-4.350669,-4.960669,-5.310669,-5.0506687,-5.330669,-5.220669,-4.570669,-3.9006689,-3.510669,-2.770669,-2.240669,-1.380669,-0.530669,0.119331054,0.86933106,1.719331,2.289331
-6.940669,-6.5106688,-6.220669,-6.680669,-6.850669,-7.520669,-7.160669,-9.000669,-9.350669,-7.940669,-6.220669,-4.000669,-0.8906689,-0.51066893,-0.25066894,-1.660669,-2.590669,-3.220669,-3.3906689,-3.500669,-3.370669,-3.110669,-3.020669,-2.480669,-1.680669,-1.2106689,-0.7706689,-0.63066894,-1.4506689,-1.8306689,-2.220669,-2.1406689,-2.120669,-2.220669,-2.560669,-2.520669,-3.000669,-3.770669,-3.770669,-3.220669,-3.1506689,-3.330669,-3.580669,-4.130669,-3.860669,-3.9006689,-3.730669,-2.850669,-1.4606689,-0.61066896,0.25933105,1.0093311,1.5293311,1.979331,2.5893312,2.929331,3.1193311,3.5993311
-8.890669,-10.060669,-10.260669,-9.440669,-9.820669,-10.150669,-9.490669,-8.240669,-6.560669,-4.450669,-3.240669,-2.970669,-3.200669,-3.690669,-3.980669,-2.840669,-3.4206688,-3.1406689,-3.4106688,-3.700669,-3.520669,-3.020669,-2.330669,-1.5806689,-1.0706689,-0.86066896,-0.8306689,-0.63066894,-1.540669,-2.190669,-2.4006689,-2.1506689,-2.4006689,-2.810669,-2.960669,-2.970669,-3.080669,-3.1806688,-3.100669,-3.280669,-3.480669,-3.770669,-3.840669,-3.870669,-3.210669,-2.510669,-2.030669,-1.8206689,-1.6106689,-1.190669,-0.40066895,0.15933105,0.81933105,1.439331,1.7593311,2.249331,2.6093311,2.919331
-10.250669,-10.330669,-10.450669,-9.960669,-9.020669,-8.580669,-8.2906685,-6.830669,-4.440669,-4.880669,-2.530669,1.199331,-3.1506689,-0.5906689,-3.340669,-3.230669,-3.320669,-3.330669,-3.050669,-3.100669,-3.370669,-2.560669,-1.8606689,-1.2106689,-0.88066894,-0.82066894,-0.9006689,-1.2306689,-1.800669,-2.190669,-2.340669,-2.600669,-2.790669,-2.9006689,-2.940669,-2.9306688,-2.950669,-2.9306688,-2.8806689,-2.760669,-2.6506689,-2.550669,-2.440669,-2.280669,-2.060669,-1.800669,-1.660669,-1.440669,-1.1206689,-0.9606689,-0.75066894,-0.47066894,-0.18066895,0.12933105,0.49933106,0.94933105,1.4093311,1.819331
-7.7606688,-7.590669,-7.310669,-6.930669,-6.110669,-3.450669,-4.670669,-5.650669,-0.73066896,2.629331,3.279331,1.5393311,-2.710669,-4.960669,-4.310669,-3.6506689,-3.480669,-3.320669,-3.300669,-3.250669,-3.030669,-2.750669,-2.1406689,-1.4506689,-1.150669,-0.970669,-0.99066895,-1.270669,-1.630669,-1.890669,-2.060669,-2.1806688,-2.250669,-2.280669,-2.230669,-2.120669,-1.9906689,-1.790669,-1.5706689,-1.3406689,-1.1106689,-0.86066896,-0.61066896,-0.40066895,-0.19066894,0.039331056,0.26933107,0.49933106,0.7293311,0.95933104,1.249331,1.5493311,1.839331,2.149331,2.479331,2.789331,3.0893312,3.3593311
