raw-data-f/2018100900f3.json
{"header": { "discipline":0, "disciplineName":"Meteorological products", "gribEdition":2, "gribLength":74959, "center":7, "centerName":"US National Weather Service - NCEP(WMC)", "subcenter":0, "refTime":"2018-10-09T00:00:00.000Z", "significanceOfRT":1, "significanceOfRTName":"Start of forecast", "productStatus":0, "productStatusName":"Operational products", "productType":1, "productTypeName":"Forecast products", "productDefinitionTemplate":0, "productDefinitionTemplateName":"Analysis/forecast at horizontal level/layer at a point in time", "parameterCategory":2, "parameterCategoryName":"Momentum", "parameterNumber":2, "parameterNumberName":"U-component_of_wind", "parameterUnit":"m.s-1", "genProcessType":2, "genProcessTypeName":"Forecast", "forecastTime":3, "surface1Type":103, "surface1TypeName":"Specified height level above ground", "surface1Value":10.0, "surface2Type":255, "surface2TypeName":"Missing", "surface2Value":0.0, "gridDefinitionTemplate":0, "gridDefinitionTemplateName":"Latitude_Longitude", "numberPoints":65160, "shape":6, "shapeName":"Earth spherical with radius of 6,371,229.0 m", "gridUnits":"degrees", "resolution":48, "winds":"true", "scanMode":0, "nx":360, "ny":181, "basicAngle":0, "lo1":0.0, "la1":90.0, "lo2":359.0, "la2":-90.0, "dx":1.0, "dy":1.0 }, "data":
[rows 26 to 51 of 181, columns 290 to 347 of 360]
4.92916,2.42916,4.2691603,4.04916,6.15916,5.6891603,7.85916,8.63916,8.199161,7.10916,6.88916,5.67916,4.84916,4.0191603,3.45916,3.3091602,2.6491601,2.22916,-1.2508398,-1.7808398,-1.2608398,-4.03084,-3.27084,-2.56084,-1.6508398,-0.32083985,2.96916,5.58916,4.29916,3.1691601,0.42916015,-0.86083984,-4.37084,-5.8108397,-6.18084,-5.84084,-7.03084,-8.260839,-7.76084,-7.39084,-7.34084,-6.19084,-5.2508397,-4.82084,-4.74084,-4.88084,-5.47084,-7.0208397,-5.34084,-2.4808397,-2.06084,-1.9308399,-1.8708398,-2.57084,-3.26084,-4.0208397,-3.1408398,-1.1108398
4.13916,6.55916,8.70916,11.80916,10.49916,7.71916,8.53916,9.42916,10.21916,11.30916,11.199161,10.32916,9.16916,6.9991603,4.57916,3.5691602,3.47916,3.1391602,1.5191602,-3.4608397,-2.27084,-3.9608397,-2.6108398,-3.4008398,-1.4308399,0.48916015,1.9991602,2.8391602,2.19916,0.93916017,-0.84083986,-2.9008398,-3.3808398,-3.5808399,-3.5808399,-3.02084,-2.2208397,-1.7408398,-3.01084,-4.15084,-5.4808397,-6.22084,-5.47084,-4.61084,-3.52084,-2.1208398,-0.78083986,0.19916016,0.14916016,1.1291602,0.029160157,-0.6408398,3.1391602,5.35916,5.42916,5.55916,5.61916,4.23916
12.37916,12.989161,11.75916,9.18916,7.1491604,8.2791605,8.08916,9.04916,10.83916,11.55916,11.93916,11.99916,11.57916,11.04916,10.54916,8.78916,5.84916,4.44916,4.3991604,2.6191602,-2.4608397,-2.3808398,-2.7008398,-2.55084,-2.3408399,-0.54083985,3.3091602,5.0191603,2.5691602,-0.43083984,0.53916013,-1.9908398,-2.1708398,-2.52084,-1.9008398,-0.55083984,0.46916017,0.20916015,-0.110839844,-0.8808398,-3.6908398,-6.99084,-7.5608397,-7.20084,-4.13084,-1.7008399,0.36916015,1.6891601,2.42916,3.17916,3.1491601,3.1091602,3.5591602,3.8991601,4.33916,5.0391603,5.7091603,6.12916
9.61916,9.80916,10.35916,9.45916,9.83916,10.46916,11.55916,11.989161,13.87916,13.699161,13.239161,13.28916,13.09916,12.63916,12.12916,11.5291605,11.49916,9.78916,6.11916,5.61916,5.57916,3.7891603,0.89916015,0.079160154,-0.54083985,-1.5908399,0.9191601,1.4691602,1.1291602,0.76916015,1.3391602,1.4991602,-0.32083985,-1.3508399,-1.5508399,-0.55083984,1.4791602,2.70916,3.68916,6.00916,9.22916,8.13916,6.60916,4.82916,0.059160158,0.8091602,2.5191603,3.5391603,3.43916,3.6291602,3.3391602,2.71916,2.3191602,2.48916,3.0191603,3.6591601,4.36916,5.05916
8.45916,11.92916,11.61916,11.38916,11.62916,12.50916,13.72916,12.84916,12.95916,11.62916,13.07916,12.949161,12.89916,12.50916,12.24916,12.29916,12.06916,11.79916,12.21916,10.37916,7.73916,7.83916,7.13916,6.4591603,7.1691604,3.3591602,0.96916014,0.5591602,-0.99083984,0.65916014,3.3091602,4.7891603,3.5191603,0.81916016,2.6291602,5.4191604,6.4591603,7.42916,8.62916,9.41916,9.88916,10.32916,10.18916,9.50916,7.33916,5.4391603,5.6491604,5.94916,5.7891603,5.87916,5.11916,4.52916,2.3791602,1.3391602,1.4291601,2.2691603,3.3991601,4.33916
7.96916,12.409161,12.42916,11.51916,13.04916,10.85916,5.73916,0.70916015,5.42916,7.61916,9.739161,11.08916,12.12916,12.58916,12.41916,12.07916,11.739161,11.63916,11.51916,11.81916,11.7791605,9.76916,8.89916,8.22916,6.11916,6.13916,7.98916,7.4791603,5.42916,3.21916,4.17916,7.83916,11.31916,12.28916,12.12916,11.59916,11.12916,10.32916,8.95916,6.83916,5.82916,6.4791603,7.85916,8.17916,8.36916,8.41916,8.489161,8.25916,8.14916,8.409161,8.79916,9.25916,8.78916,7.75916,6.73916,5.2891603,5.3991604,5.65916
7.15916,6.9791603,6.27916,5.60916,5.71916,7.79916,10.07916,7.79916,12.24916,11.53916,11.16916,12.45916,10.909161,10.38916,9.99916,10.11916,10.61916,11.25916,11.54916,11.489161,11.46916,11.60916,10.2791605,9.21916,8.01916,6.92916,6.83916,7.13916,7.7091603,8.11916,7.98916,7.79916,8.22916,9.699161,11.449161,12.24916,12.42916,11.99916,11.49916,11.409161,11.58916,11.2791605,9.76916,9.239161,9.97916,9.96916,9.75916,9.41916,9.58916,9.74916,10.17916,10.55916,10.80916,10.09916,8.74916,7.90916,7.2491603,6.7891603
6.15916,5.25916,5.38916,6.87916,7.83916,7.33916,7.10916,5.40916,2.46916,6.9191604,10.66916,11.35916,10.33916,11.25916,11.239161,11.04916,10.68916,10.17916,10.2791605,10.93916,11.39916,11.25916,11.32916,10.21916,8.72916,7.83916,7.7091603,8.00916,7.57916,6.92916,7.13916,7.90916,8.739161,8.659161,8.08916,8.16916,9.0291605,9.42916,9.46916,9.58916,9.28916,8.92916,10.36916,10.49916,10.29916,9.82916,9.60916,10.01916,10.29916,10.20916,10.31916,10.71916,10.46916,9.86916,9.26916,8.33916,7.17916,6.4991603
9.199161,6.2291603,7.21916,7.50916,7.58916,8.56916,8.63916,4.13916,2.24916,5.7091603,8.16916,10.30916,8.41916,8.10916,10.41916,11.12916,11.11916,10.85916,10.12916,9.97916,10.36916,10.7791605,10.71916,10.82916,10.83916,10.29916,9.61916,9.11916,9.17916,9.10916,8.62916,8.46916,8.239161,8.54916,9.10916,9.70916,10.06916,8.17916,7.21916,9.17916,10.91916,10.86916,10.36916,9.949161,9.78916,10.09916,10.29916,9.96916,9.61916,9.5291605,9.449161,9.33916,9.31916,8.84916,7.98916,6.86916,5.90916,5.48916
7.87916,7.48916,7.36916,7.86916,7.59916,6.9991603,5.94916,6.7491603,5.06916,4.2291603,5.08916,6.4591603,7.46916,8.04916,8.50916,8.62916,8.989161,10.86916,10.89916,9.659161,9.09916,9.42916,9.75916,10.05916,9.96916,9.78916,9.38916,9.09916,8.85916,8.739161,8.70916,9.03916,9.37916,9.43916,9.30916,9.159161,9.66916,10.25916,10.66916,10.55916,10.25916,9.92916,9.85916,9.92916,9.79916,9.699161,9.10916,8.74916,7.96916,7.7091603,7.9191604,7.69916,7.1891603,6.29916,5.3991604,4.71916,3.9091601,3.71916
5.2291603,5.63916,5.33916,7.40916,8.36916,9.66916,9.53916,7.75916,6.9591603,3.6391602,3.8191602,5.42916,5.1891603,8.29916,8.04916,7.40916,8.30916,9.239161,10.0291605,10.36916,10.06916,8.7791605,8.84916,9.41916,9.80916,9.70916,9.39916,9.06916,8.71916,8.37916,8.00916,8.35916,8.74916,9.07916,9.09916,9.08916,9.61916,9.96916,10.13916,10.13916,10.09916,9.82916,9.25916,9.12916,8.909161,8.16916,7.56916,6.7091603,6.4991603,5.86916,5.29916,4.92916,4.04916,3.48916,2.8091602,1.5791602,1.5791602,-0.17083985
2.1091602,2.73916,2.75916,3.1691601,3.8491602,4.23916,4.46916,3.46916,2.71916,3.1691601,3.7791603,4.60916,4.4791603,5.4591603,4.63916,8.67916,7.4791603,9.66916,9.58916,9.32916,9.80916,9.949161,9.38916,8.49916,8.28916,8.50916,8.92916,8.72916,8.7791605,8.61916,6.9791603,7.06916,7.10916,7.29916,7.4191604,7.56916,7.87916,8.20916,8.63916,8.57916,8.42916,8.29916,8.14916,7.46916,6.86916,6.4591603,5.46916,4.48916,3.21916,3.8591602,2.8791602,1.5891602,1.0491601,0.15916015,0.46916017,-1.9608399,5.88916,7.6891603
0.30916014,0.38916016,0.89916015,1.1691601,1.5991602,2.6291602,3.3591602,3.8091602,2.3091602,3.50916,3.0691602,2.6491601,2.96916,5.55916,6.88916,8.28916,7.86916,7.9191604,9.82916,9.43916,9.11916,9.59916,9.45916,9.00916,8.72916,8.60916,8.51916,8.30916,7.1691604,7.62916,6.2291603,6.09916,6.0191603,5.4991603,5.2891603,5.1691604,5.1891603,5.40916,5.7491603,5.82916,5.86916,6.11916,5.77916,5.63916,4.94916,3.44916,1.8091601,2.4191601,3.0991602,1.0491601,-0.060839843,-0.36083984,-0.40083984,-2.1308398,3.50916,8.37916,7.58916,7.02916
-0.59083986,0.12916015,0.64916015,0.6791602,0.029160157,0.23916015,1.0191602,1.1391602,1.3691602,1.7391602,2.0591602,4.04916,6.04916,5.96916,2.8991601,7.6691604,6.6491604,6.1491604,6.4591603,8.75916,10.07916,10.14916,10.05916,9.5291605,8.82916,8.16916,7.90916,6.94916,7.11916,6.25916,5.30916,4.27916,4.00916,3.8191602,3.3491602,1.7191602,0.009160156,0.68916017,1.5191602,3.1091602,4.10916,4.3991604,4.7291603,3.73916,3.17916,2.43916,3.25916,2.8891602,0.50916016,-0.45083985,-0.5108398,-0.56083983,-1.0808399,8.08916,7.7091603,7.31916,6.7091603,7.27916
-1.5408398,-0.46083984,0.019160157,0.76916015,3.72916,5.05916,3.3291602,5.92916,5.7491603,4.86916,4.69916,4.4191604,5.27916,3.17916,3.20916,5.4391603,7.07916,7.34916,7.77916,7.7691603,7.84916,10.00916,10.79916,10.59916,9.949161,9.16916,8.42916,7.42916,6.73916,5.60916,4.08916,2.92916,2.8491602,3.68916,3.17916,4.15916,4.12916,3.22916,2.4091601,2.6691601,2.99916,3.1391602,2.1191602,2.0791602,3.3691602,4.25916,1.9591602,0.16916016,-0.23083985,-0.100839846,-1.2908398,4.4191604,9.00916,7.6491604,6.52916,6.38916,6.80916,5.5391603
-1.5108398,-1.1008399,-1.3708398,-0.26083985,0.46916017,-0.030839844,0.44916016,4.98916,4.25916,4.32916,4.6491604,5.1491604,1.4991602,3.3891602,2.5891602,2.5791602,3.6291602,9.03916,8.739161,8.66916,9.11916,8.55916,9.60916,10.56916,10.51916,10.07916,10.10916,9.30916,7.9591603,7.07916,5.36916,4.06916,3.8791602,4.59916,5.75916,5.61916,4.56916,3.1191602,1.2891601,1.4191601,0.64916015,0.62916017,0.96916014,1.8991601,2.5791602,0.96916014,-0.19083984,-0.79083985,-0.62083983,0.29916015,8.59916,7.4991603,7.50916,6.23916,5.88916,6.12916,5.08916,4.77916
-0.5108398,-1.3108399,-0.60083985,-0.46083984,-0.43083984,1.9091601,2.0791602,0.58916014,3.3391602,5.4791603,5.2691603,2.0191603,2.21916,2.4091601,2.68916,2.8291602,2.2991602,4.34916,6.1491604,6.9591603,8.06916,8.64916,8.199161,8.84916,9.93916,9.449161,9.199161,9.35916,9.70916,9.22916,8.18916,7.06916,6.56916,6.40916,6.4991603,6.9791603,6.02916,4.84916,4.02916,-0.30083984,0.7491602,1.4091601,1.8091601,2.3891602,0.71916014,-1.1408398,-0.71083987,-3.03084,7.4191604,7.57916,7.46916,6.63916,5.8991604,5.81916,5.61916,4.7891603,4.1691604,3.7891603
-1.1508398,-1.3608398,-1.5108398,-0.68083984,0.44916016,-8.3984376E-4,0.27916014,1.4891602,1.9091601,3.17916,4.1891603,4.65916,4.04916,3.8191602,3.6191602,3.49916,2.6391602,3.5691602,3.1391602,4.04916,5.84916,7.17916,7.84916,8.35916,8.739161,8.97916,9.13916,9.699161,10.38916,10.64916,10.38916,10.53916,10.54916,9.63916,8.699161,7.0191603,6.0391603,5.32916,4.5191603,4.58916,3.6291602,3.4091601,2.70916,0.50916016,-0.37083983,-4.20084,5.40916,8.38916,7.7291603,6.54916,5.96916,5.62916,5.80916,5.10916,4.50916,3.70916,2.98916,1.7691602
-0.84083986,-1.3508399,-0.5708398,-0.010839844,-0.060839843,-0.19083984,-0.49083984,-0.78083986,0.6691601,-8.3984376E-4,1.0591601,3.23916,3.3391602,3.6391602,4.2291603,5.5391603,5.7891603,5.5391603,5.4191604,4.34916,3.6191602,5.58916,6.7891603,8.10916,9.10916,9.92916,9.58916,9.36916,10.03916,11.14916,10.80916,9.93916,9.00916,9.85916,9.699161,7.8991604,5.9191604,5.21916,5.37916,4.80916,4.2491603,2.96916,0.9191601,-1.4208398,0.9191601,8.489161,7.46916,7.63916,6.33916,5.6491604,5.50916,5.2891603,4.75916,4.35916,3.48916,2.5191603,1.3491602,-0.36083984
0.84916013,1.3691602,0.6791602,1.4591602,-8.3984376E-4,-0.67083985,-0.9408398,-1.5908399,-1.4808398,0.069160156,1.5491601,1.0791602,2.0191603,2.93916,3.5391603,4.12916,4.17916,3.8091602,2.99916,2.8791602,2.6591601,3.0391603,4.7091603,6.08916,7.5191603,9.14916,9.95916,10.18916,10.35916,10.11916,10.2791605,10.74916,8.88916,7.71916,7.2891603,6.12916,5.57916,5.2691603,4.5191603,3.5191603,2.42916,0.93916017,-2.4408398,6.65916,6.0191603,8.10916,7.00916,6.17916,5.46916,5.0191603,4.7691603,4.7691603,4.1891603,3.49916,2.3891602,1.2691602,-0.6908398,-2.9808397
1.4091601,2.1491601,2.6491601,1.2091602,-0.100839846,0.58916014,-1.3808398,-2.4008398,-2.55084,-1.7908398,-1.3408399,-0.9408398,-0.44083986,0.08916016,0.42916015,0.89916015,1.4291601,1.6991601,1.6791601,1.6991601,0.69916016,1.7991601,3.5891602,5.1491604,5.86916,6.96916,8.18916,9.07916,9.26916,8.99916,7.98916,8.09916,7.7691603,6.37916,5.42916,5.29916,5.10916,4.7691603,3.5191603,1.5791602,-1.3308399,-3.82084,9.29916,6.5391603,8.10916,6.88916,6.09916,5.7291603,5.07916,4.5391603,4.2691603,4.06916,3.2891603,2.2891603,1.3291602,-0.27083984,-2.4608397,-4.37084
2.8891602,1.0291601,0.6191602,-0.24083984,-0.96083987,-1.7008399,-2.3808398,-3.29084,-3.8608398,-3.6708398,-3.54084,-3.4808397,-3.3708398,-3.4308398,-3.2008398,-2.32084,-1.6108398,-0.77083987,-0.050839845,0.68916017,0.5491602,0.9291602,1.8691602,2.95916,3.9091601,4.83916,5.38916,6.00916,5.52916,6.08916,5.59916,5.92916,5.60916,4.32916,3.71916,3.96916,3.6591601,2.0391603,0.71916014,-3.30084,4.81916,8.99916,8.24916,8.38916,6.58916,5.84916,5.60916,5.1891603,4.57916,4.06916,3.71916,2.9191601,2.0791602,0.93916017,0.14916016,-1.4308399,-2.1108398,-2.81084
-0.5008398,-1.4608399,-1.2008399,-1.8108399,-2.1108398,-3.24084,-3.8708398,-4.3108397,-4.03084,-3.9508398,-4.2908397,-4.09084,-4.20084,-4.45084,-3.9308398,-3.4308398,-3.4108398,-2.8308399,-2.2208397,-1.6108398,-1.3708398,-1.4508399,-0.6308398,0.039160155,1.0991602,1.2991601,1.9991602,1.8991601,1.9391601,3.2691603,3.5391603,3.4191601,3.00916,2.6091602,2.42916,1.7191602,0.27916014,-2.57084,2.68916,11.20916,8.79916,9.03916,8.13916,6.2291603,5.27916,4.82916,4.77916,4.4991603,4.05916,3.3791602,2.3891602,1.5991602,0.82916015,-8.3984376E-4,-1.3608398,-1.5108398,-1.7008399,-1.2808398
-2.77084,-3.79084,-3.3308399,-2.5908399,-3.26084,-3.4308398,-4.59084,-5.05084,-4.68084,-5.28084,-4.2708397,-3.3808398,-3.24084,-3.1108398,-2.99084,-2.4208398,-2.78084,-3.8608398,-3.5808399,-3.9008398,-3.8908398,-3.05084,-2.1908398,-2.1708398,-1.7508398,-0.9408398,-1.0308398,-0.98083985,-0.040839843,1.1591601,0.8691602,0.5491602,0.89916015,0.26916015,-0.08083984,-1.0708399,0.49916017,12.62916,9.949161,10.51916,9.11916,8.43916,6.40916,4.71916,4.0391603,3.8591602,3.70916,3.1291602,2.49916,1.8591602,1.1591601,0.28916016,-0.36083984,-0.68083984,-1.9208398,-1.6708398,-2.04084,-2.3608398
-4.2108397,-4.7308397,-3.9608397,-3.00084,-3.3808398,-3.54084,-3.8808398,-4.16084,-4.45084,-4.9608397,-4.2908397,-3.3408399,-3.1708398,-3.52084,-3.9408398,-4.0408397,-3.6208398,-4.92084,-4.37084,-4.8508396,-4.5808396,-4.17084,-3.25084,-3.8608398,-2.8608398,-2.3508399,-3.04084,-3.2308397,-2.4508398,-1.7508398,-1.5608399,-2.9408398,-1.0108398,-2.3308399,1.0091602,13.45916,9.89916,10.78916,10.38916,8.92916,8.04916,6.82916,5.4391603,4.0391603,3.3791602,2.8691602,2.21916,1.5091602,0.7991602,0.25916016,-0.36083984,-1.1208398,-1.1508398,-1.4208398,-2.04084,-1.7508398,-2.50084,-3.1608398
-6.5008397,-6.0208397,-5.7108397,-5.65084,-6.8308396,-7.40084,-6.1008396,-4.92084,-4.64084,-5.37084,-4.05084,-4.57084,-4.8508396,-5.0008397,-4.40084,-4.59084,-4.7508397,-5.53084,-5.15084,-4.7108397,-4.26084,-3.8808398,-4.34084,-5.01084,-4.28084,-4.80084,-5.01084,-4.8508396,-4.18084,-3.02084,-5.2908397,-4.24084,9.38916,11.68916,10.39916,10.989161,10.59916,9.7791605,8.7791605,7.4791603,6.17916,4.36916,2.3891602,2.0991602,3.1191602,1.8191601,0.69916016,-0.42083985,-0.81083983,-1.3308399,-1.6308398,-2.1308398,-1.9608399,-1.7308398,-1.8008399,-1.1708398,-1.6608398,-2.57084
