raw-data-f/2018100618f3.json
{"header": { "discipline":0, "disciplineName":"Meteorological products", "gribEdition":2, "gribLength":75229, "center":7, "centerName":"US National Weather Service - NCEP(WMC)", "subcenter":0, "refTime":"2018-10-06T18:00:00.000Z", "significanceOfRT":1, "significanceOfRTName":"Start of forecast", "productStatus":0, "productStatusName":"Operational products", "productType":1, "productTypeName":"Forecast products", "productDefinitionTemplate":0, "productDefinitionTemplateName":"Analysis/forecast at horizontal level/layer at a point in time", "parameterCategory":2, "parameterCategoryName":"Momentum", "parameterNumber":2, "parameterNumberName":"U-component_of_wind", "parameterUnit":"m.s-1", "genProcessType":2, "genProcessTypeName":"Forecast", "forecastTime":3, "surface1Type":103, "surface1TypeName":"Specified height level above ground", "surface1Value":10.0, "surface2Type":255, "surface2TypeName":"Missing", "surface2Value":0.0, "gridDefinitionTemplate":0, "gridDefinitionTemplateName":"Latitude_Longitude", "numberPoints":65160, "shape":6, "shapeName":"Earth spherical with radius of 6,371,229.0 m", "gridUnits":"degrees", "resolution":48, "winds":"true", "scanMode":0, "nx":360, "ny":181, "basicAngle":0, "lo1":0.0, "la1":90.0, "lo2":359.0, "la2":-90.0, "dx":1.0, "dy":1.0 }, "data":
[rows 0 to 24 of 181, columns 228 to 284 of 360]
8.630285,8.690286,8.740286,8.800285,8.850286,8.8902855,8.940286,8.980286,9.020286,9.050285,9.090285,9.120286,9.150286,9.170285,9.200286,9.210285,9.230286,9.250286,9.260285,9.270286,9.270286,9.270286,9.270286,9.270286,9.270286,9.260285,9.250286,9.230286,9.210285,9.190286,9.170285,9.150286,9.120286,9.090285,9.050285,9.020286,8.980286,8.940286,8.8902855,8.840285,8.790286,8.740286,8.690286,8.630285,8.570286,8.500286,8.440286,8.370286,8.300285,8.220285,8.150286,8.070286,7.990286,7.9102855,7.820286,7.7302856,7.6402855
7.6202855,7.6702857,7.7102857,7.760286,7.7902856,7.8302855,7.8702855,7.9102855,7.9502854,7.9802856,8.020286,8.040286,8.060286,8.080286,8.090285,8.110286,8.100286,8.090285,8.090285,8.080286,8.070286,8.060286,8.050285,8.040286,8.030286,8.010285,7.9802856,7.9602857,7.9302855,7.9102855,7.8702855,7.8302855,7.7902856,7.760286,7.7202854,7.6702857,7.6202855,7.5802855,7.530286,7.4802856,7.4302855,7.3702855,7.3302855,7.260286,7.2002854,7.1402855,7.0802855,7.010286,6.9502854,6.8702855,6.800286,6.7302856,6.6602855,6.5802855,6.5002856,6.4202857,6.3502855
7.0602856,7.0802855,7.090286,7.1002855,7.1102858,7.1002855,7.0802855,7.0602856,7.0602856,7.050286,7.0402856,7.030286,7.0002856,6.9802856,6.9502854,6.9502854,6.9402857,6.9502854,6.9402857,6.9302855,6.9102855,6.9002857,6.8802857,6.8602858,6.840286,6.8102856,6.7902856,6.760286,6.7302856,6.6902857,6.6602855,6.6202855,6.590286,6.5602856,6.530286,6.490286,6.4502854,6.4202857,6.3802857,6.340286,6.3102856,6.2702856,6.2202854,6.1802855,6.1302857,6.090286,6.030286,5.9802856,5.9202857,5.8602858,5.8102856,5.7502856,5.6902857,5.6102858,5.530286,5.4502854,5.3602858
5.5602856,5.510286,5.5202856,5.5402856,5.5202856,5.5202856,5.550286,5.550286,5.510286,5.4702854,5.4202857,5.3902855,5.3602858,5.300286,5.240286,5.1802855,5.1302857,5.090286,5.0802855,5.090286,5.050286,5.0002856,4.9802856,4.9602857,4.9702854,4.9802856,5.010286,5.0402856,5.050286,5.070286,5.1002855,5.1102858,5.1302857,5.1702857,5.2102857,5.1902857,5.1702857,5.1402855,5.1302857,5.1102858,5.090286,5.070286,5.0202856,4.9602857,4.8902855,4.820286,4.7502856,4.6802855,4.590286,4.510286,4.4302855,4.340286,4.2502856,4.1802855,4.1102858,4.050286,3.9902856
2.8502855,2.8802857,2.9202857,2.9502857,2.9702857,2.9802856,2.9802856,3.0002856,3.0202856,3.0302856,3.0502856,3.0602856,3.0702856,3.0702856,3.0602856,3.0502856,3.0502856,3.0302856,3.0302856,3.0202856,3.0402856,3.0502856,3.0802855,3.1302857,3.1802857,3.2402856,3.3202856,3.3902857,3.4702857,3.5402856,3.5902855,3.6402857,3.6602857,3.6702857,3.6702857,3.6502857,3.6202857,3.5902855,3.5702856,3.5402856,3.5402856,3.5302856,3.5402856,3.5702856,3.6202857,3.6802857,3.6602857,3.6202857,3.5502856,3.4702857,3.4002857,3.3202856,3.2302856,3.1402857,3.0402856,2.9502857,2.8702857
2.5602856,2.5202856,2.5602856,2.6302857,2.7202857,2.8202856,2.9202857,2.9502857,2.9702857,2.8402855,2.7102857,2.5302856,2.2802856,2.0302856,1.8202857,1.6602856,1.5802857,1.5602857,1.6002856,1.6802857,1.7902856,1.9002856,1.9802856,2.0202856,2.0202856,1.9902856,1.9302857,1.8702856,1.8202857,1.8002857,1.8302857,1.9102856,2.0102856,2.1402857,2.2602856,2.3802857,2.4702857,2.5202856,2.5402856,2.5402856,2.5202856,2.4902856,2.4602857,2.4202857,2.3802857,2.3302855,2.2802856,2.2102857,2.1602857,2.0602856,1.9602857,1.8602856,1.8002857,1.7602856,1.7402856,1.7302856,1.7302856
2.9002857,2.6802857,2.4002857,2.0802855,1.7802856,1.5102856,1.3102857,1.1802857,1.1502856,1.2002857,1.3102857,1.4702857,1.6102856,1.7002857,1.6902857,1.5802857,1.3502856,1.0302856,0.7002857,0.42028564,0.23028564,0.14028564,0.14028564,0.18028565,0.23028564,0.26028565,0.28028566,0.27028564,0.26028565,0.25028566,0.27028564,0.32028565,0.40028563,0.52028567,0.6402857,0.7502856,0.84028566,0.92028564,0.98028564,1.0202856,1.0602857,1.1002856,1.1202856,1.1202856,1.1102856,1.0902857,1.1002856,1.1202856,1.1502856,1.1402856,1.0902857,1.0502857,1.0302856,1.0302856,1.0402856,1.0602857,1.1102856
2.8302855,2.8902857,2.9502857,2.9802856,3.0702856,3.1102858,3.2102857,3.1302857,2.9102857,2.5702856,2.1102858,1.4402857,0.7002857,-0.039714355,-0.6797144,-1.1197144,-1.3197143,-1.2997143,-1.1297144,-0.8597143,-0.6097143,-0.41971436,-0.29971436,-0.23971435,-0.22971435,-0.25971437,-0.30971435,-0.36971435,-0.44971436,-0.51971436,-0.56971437,-0.57971436,-0.5497143,-0.49971434,-0.44971436,-0.41971436,-0.42971435,-0.44971436,-0.46971434,-0.48971435,-0.53971434,-0.63971436,-0.78971434,-0.9897144,-1.1797143,-1.3297143,-1.4097143,-1.4797144,-1.4797144,-1.4197143,-1.1997143,-0.7997143,-0.26971436,0.34028566,0.87028563,1.2802856,1.4902856
3.7502856,3.6002855,3.4402857,3.2302856,3.0202856,2.8302855,2.7402856,2.7302856,2.8102856,2.9202857,3.0302856,3.1602857,3.2602856,3.2402856,3.1302857,2.9402857,2.5802855,2.0202856,1.2102857,0.19028564,-0.8597143,-1.7397144,-2.2197144,-2.2997143,-2.0797143,-1.6897143,-1.2897143,-0.95971435,-0.77971435,-0.6897144,-0.65971434,-0.66971433,-0.66971433,-0.65971434,-0.65971434,-0.63971436,-0.58971435,-0.56971437,-0.65971434,-0.94971436,-1.4397143,-1.9497143,-2.2897143,-2.3797143,-2.2897143,-1.9897144,-1.9997144,-1.7597144,-1.4197143,-0.90971434,-0.53971434,-0.52971435,-1.0197144,-2.0197144,-2.8397143,-2.6797144,-1.9497143
5.7702856,5.6102858,5.4802856,5.3302855,5.1802855,5.070286,5.050286,5.0602856,4.9202857,4.6402855,4.340286,4.0002856,3.7402856,3.5302856,3.3602858,3.2302856,3.0702856,2.8802857,2.7802856,2.8302855,2.9702857,2.9802856,2.7402856,2.1102858,1.0402856,-0.24971436,-1.3497144,-1.9797144,-1.9597144,-1.5597143,-1.0597143,-0.71971434,-0.59971434,-0.57971436,-0.50971437,-0.33971435,-0.19971436,-0.25971437,-0.089714356,0.8102856,2.2802856,2.8802857,2.2302856,0.93028563,-0.12971435,-1.2697144,-1.8497144,-1.7797143,-1.2997143,-1.2597144,-1.8197143,-1.7997143,-1.2697144,-1.3797144,-1.8997144,-1.8397144,-1.7697144
6.5402856,6.6202855,6.6902857,6.760286,6.7902856,6.800286,6.7702856,6.7202854,6.6302857,6.5202856,6.4002857,6.2302856,6.0002856,5.760286,5.5602856,5.3302855,5.050286,4.7102857,4.3102856,3.9402857,3.6602857,3.4902856,3.4002857,3.3702857,3.3802857,3.4802856,3.5602856,3.1602857,2.1002855,0.62028563,-0.56971437,-0.89971435,-0.37971437,0.33028564,0.7502856,1.0102856,1.2402856,0.28028566,-2.0997143,-3.8897142,-2.8697143,1.4902856,5.2202854,5.6802855,3.5402856,3.1402857,2.3302855,2.4102857,2.7002857,1.8602856,-0.40971434,-2.5697143,-3.4697144,-3.9797144,-3.3197143,-2.3097143,-1.6297144
7.1502857,7.3102856,7.4502854,7.590286,7.760286,7.8802857,7.990286,8.030286,8.030286,8.040286,8.000286,7.9102855,7.7302856,7.5002856,7.2502856,6.9802856,6.7102857,6.4102855,6.1202855,5.8602858,5.6302857,5.4402857,5.1302857,4.800286,4.6302857,4.6102858,4.490286,4.050286,3.9402857,3.7702856,4.7002854,3.9802856,2.6802857,2.1702857,3.0202856,4.2502856,4.8302855,4.3802857,2.4502857,-0.32971436,-1.8597144,-1.4697144,-0.35971436,1.0402856,2.2802856,2.2002857,1.8602856,0.61028564,-0.40971434,-0.6097143,-1.3897144,-2.8297143,-1.9497143,-0.07971436,1.3902856,2.7502856,4.2702856
6.820286,7.1702857,7.3502855,7.510286,7.6802855,7.8602858,8.010285,8.120286,8.170285,8.180285,8.160286,8.180285,8.200286,8.210285,8.130285,8.010285,7.800286,7.490286,7.050286,6.9302855,7.0602856,7.1402855,6.570286,6.1302857,5.820286,5.6102858,5.3602858,5.2902856,5.6202855,6.0002856,6.2502856,6.0202856,5.2702856,4.3802857,3.9902856,4.1802855,4.490286,4.9102855,5.0402856,4.0602856,2.3202856,1.4202857,1.6002856,2.0202856,1.7202857,0.58028567,-1.2697144,-1.7097144,-0.09971435,0.8202856,-1.2397144,-2.6397142,-1.2597144,0.7602856,1.9702857,1.8702856,-0.6797144
6.260286,6.760286,7.1802855,7.340286,7.4802856,7.4702854,7.4802856,7.5802855,7.6802855,7.6902857,7.6602855,7.5802855,7.4802856,7.7902856,8.3902855,9.110286,8.880285,8.050285,7.8502855,8.040286,7.990286,7.6902857,7.5002856,7.6002855,7.4702854,7.1002855,6.7702856,6.6702857,6.5802855,6.6902857,6.820286,6.9802856,7.050286,6.8102856,5.820286,4.3302855,4.1302857,5.260286,5.2002854,3.9902856,2.6902857,2.1502857,2.3302855,2.5102856,2.0102856,1.1502856,1.6902857,3.1902857,3.3502855,2.3402855,1.0302856,1.2702856,2.8902857,4.3102856,3.6202857,0.34028566,-2.8197143
5.4402857,5.9602857,6.3102856,6.550286,6.9002857,7.240286,7.4202857,7.490286,7.570286,7.4302855,7.1502857,7.1402855,7.740286,7.800286,6.4602857,5.4202857,5.6202855,8.220285,10.1402855,10.670285,11.210285,9.290286,7.570286,7.9602857,8.6402855,8.350286,8.830286,8.520286,7.6502857,7.340286,7.2002854,6.8502855,6.1902857,5.840286,5.0802855,3.8202856,3.6302857,3.8402855,3.5102856,2.7302856,2.2302856,2.3502855,2.8202856,3.3002856,3.1802857,2.3602858,1.5102856,1.9002856,3.0802855,4.1702857,5.4002857,6.6202855,5.8602858,2.8402855,1.0202856,0.33028564,-0.41971436
4.4602857,5.030286,5.5802855,5.8102856,6.090286,6.5202856,6.9102855,7.1902857,7.510286,7.8802857,8.410286,8.720285,8.530286,8.110286,7.8302855,7.5602856,6.780286,5.780286,5.4002857,5.4102855,6.3302855,5.3902855,5.4402857,5.780286,6.570286,7.6002855,7.2002854,6.5402856,7.0002856,7.280286,7.2302856,6.8802857,6.2002854,5.6502857,4.9502854,3.9802856,3.1702857,2.9702857,3.3402855,3.2202857,2.9702857,3.0902855,3.5602856,3.4902856,1.8902856,1.7602856,2.4602857,3.7302856,2.4902856,-1.3697144,-0.37971437,1.8802856,1.3502856,1.8402857,2.3502855,1.7202857,1.2102857
2.9502857,3.5302856,4.0402856,4.300286,4.7002854,5.2002854,5.7202854,5.9202857,4.990286,6.5002856,8.400286,8.870286,6.9702854,5.6702857,9.240286,11.600286,9.020286,7.9302855,8.730286,9.160286,8.770286,7.820286,7.1802855,6.8802857,6.8102856,7.0002856,7.1202855,7.1202855,6.9202857,6.6002855,6.2002854,5.9202857,5.9202857,6.070286,6.6102858,6.4702854,4.9302855,4.050286,4.4702854,4.550286,5.1002855,6.340286,5.4702854,3.9902856,4.0602856,5.4002857,6.4402857,5.7702856,5.0202856,5.6102858,7.2202854,5.9002857,3.2402856,1.6502856,2.0602856,2.7702856,3.3002856
0.8102856,1.4202857,2.0002856,2.5602856,3.0802855,3.5402856,3.8502855,3.9202857,4.1102858,5.4102855,5.9802856,7.050286,8.000286,7.7302856,7.740286,7.0202856,7.050286,8.990286,8.690286,7.320286,8.200286,8.330286,8.830286,8.600286,7.6402855,8.740286,9.020286,8.560286,7.7502856,6.8802857,6.550286,6.490286,5.7502856,4.9102855,4.0602856,4.1402855,4.4802856,4.3902855,3.7002857,3.0602856,3.3102856,2.1102858,1.3402857,2.8302855,4.550286,3.7102857,1.4102856,1.2602856,1.9002856,0.14028564,0.68028563,3.8002856,3.8002856,-1.6997143,-1.2397144,2.6202857,7.3702855
-1.4097143,-0.90971434,-0.38971436,0.120285645,0.59028566,0.96028566,1.0302856,0.96028566,1.7602856,3.3302855,4.4102855,5.0802855,6.3302855,4.8702855,4.8702855,6.3302855,7.260286,7.6502857,6.6602855,7.9802856,7.6902857,7.7702856,9.400286,8.970285,6.0202856,6.4402857,8.500286,7.2702856,6.4402857,6.8902855,6.8902855,6.4402857,6.1202855,6.070286,5.740286,4.840286,4.1102858,4.9602857,5.340286,4.840286,5.2502856,4.7002854,3.4702857,3.2202857,3.8002856,5.1802855,6.070286,2.8402855,1.3602856,2.3902857,2.6102858,2.1702857,0.9502857,1.0302856,-0.64971435,-1.0297143,0.11028565
-3.2297144,-2.9297144,-2.4497144,-1.7897143,-1.0897144,-0.40971434,0.120285645,0.6302856,2.0802855,2.7602856,2.5402856,3.1602857,4.570286,5.070286,4.3102856,5.1702857,6.3902855,7.3102856,7.1302857,6.990286,7.6102858,7.5802855,7.6402855,6.6902857,5.6302857,6.6102858,7.8702855,8.050285,7.780286,7.2502856,6.840286,6.6902857,6.5602856,6.3102856,6.2902856,6.1702857,5.740286,6.1702857,7.570286,7.4502854,7.0402856,6.1302857,5.6302857,5.9702854,5.5202856,4.2502856,4.2002854,4.8102856,5.4202857,5.490286,4.6202855,3.6302857,2.7702856,1.0802857,-0.14971435,-0.71971434,-0.37971437
-4.1497145,-4.0297146,-3.9897144,-3.9097145,-3.0097144,-1.7097144,-1.3097143,0.050285645,0.79028565,1.1802857,1.0302856,0.6302856,1.8102857,3.0802855,3.2902856,3.4502857,4.8302855,4.9302855,5.4302855,5.7102857,6.340286,6.7702856,7.550286,7.840286,7.240286,7.2302856,7.8602858,8.210285,7.300286,7.3602858,7.590286,7.7002854,7.7502856,7.5002856,7.5002856,7.300286,6.6502857,6.8802857,7.1002855,5.840286,6.3502855,7.1202855,7.1002855,5.9002857,6.010286,6.1802855,5.8602858,4.3102856,4.5802855,5.6302857,4.9502854,4.990286,3.0502856,2.2502856,0.74028563,-0.72971433,0.52028567
-3.8697143,-3.4397144,-3.6897144,-3.1797144,-3.5097144,-2.9997144,-1.9797144,-1.6197144,-1.8497144,-2.3197143,-1.8397144,0.30028564,0.92028564,2.1502857,2.7902856,3.2802856,3.6802857,4.780286,5.2702856,4.3502855,4.6502857,5.5602856,6.2202854,6.5802855,8.030286,9.700286,10.190286,9.360286,8.470285,8.260285,9.200286,9.750286,8.920285,7.340286,7.010286,7.5402856,8.300285,10.360286,8.990286,7.4802856,8.110286,9.030286,8.8902855,6.7902856,7.0002856,6.760286,6.3102856,7.0602856,8.320286,8.580286,6.9202857,7.8802857,6.1702857,3.7102857,3.7802856,3.5502856,2.8002856
-4.5997143,-4.8397145,-4.3897142,-3.6997144,-4.2497144,-4.009714,-3.7797143,-4.3097143,-3.6497145,-2.8697143,-2.9397144,-3.0097144,-2.3897142,-1.0597143,-0.76971436,0.25028566,1.3402857,3.7802856,5.030286,5.9102855,6.280286,6.8802857,7.7702856,8.360286,8.530286,7.5002856,7.6202855,8.190286,9.060286,11.980286,12.3902855,11.690286,11.160286,11.160286,8.600286,7.2702856,7.8502855,7.2502856,7.510286,8.560286,9.110286,8.110286,8.210285,8.910286,9.070286,6.6902857,6.1902857,8.850286,8.060286,7.570286,8.170285,7.5602856,7.1402855,6.7902856,6.4202857,5.3902855,4.320286
-6.5697145,-6.9797144,-6.9197145,-6.949714,-6.0397143,-6.489714,-6.7897143,-5.9197145,-5.5797143,-5.8497143,-4.969714,-4.4397144,-4.409714,-2.9597144,-2.0497143,-0.8697144,-0.18971436,0.28028566,1.7002857,1.9402857,2.6702857,3.0802855,3.2502856,3.3002856,4.1202855,5.1102858,6.4102855,6.7202854,6.8802857,7.4402857,7.300286,8.060286,9.000286,8.850286,8.270286,8.310286,6.9402857,6.6502857,8.8902855,8.470285,7.8802857,8.460285,8.760285,8.540286,7.5602856,7.2502856,8.180285,6.740286,6.4702854,6.4502854,4.8602858,5.9302855,6.4702854,7.280286,7.8902855,8.120286,8.040286
-8.039715,-8.159715,-7.6097145,-7.2097144,-7.009714,-7.1697145,-6.7497144,-6.6097145,-5.8897142,-6.009714,-5.9397144,-6.4197145,-6.0497146,-5.3397145,-4.009714,-2.7897143,-3.0697143,-1.6197144,-0.78971434,2.8564452E-4,0.59028566,1.4002856,2.8402855,3.2202857,3.6602857,3.0602856,3.5002856,4.510286,5.6602855,6.3102856,6.1902857,6.4602857,7.050286,7.0202856,6.9602857,6.6302857,5.8902855,7.0802855,7.7102857,7.760286,7.1902857,6.9102855,8.010285,6.7902856,6.800286,5.800286,6.6202855,8.650286,8.450286,10.020286,9.970285,9.580286,9.420285,9.530286,10.030286,10.360286,10.430285
