raw-data-f/2018100800f3.json
{"header": { "discipline":0, "disciplineName":"Meteorological products", "gribEdition":2, "gribLength":75292, "center":7, "centerName":"US National Weather Service - NCEP(WMC)", "subcenter":0, "refTime":"2018-10-08T00:00:00.000Z", "significanceOfRT":1, "significanceOfRTName":"Start of forecast", "productStatus":0, "productStatusName":"Operational products", "productType":1, "productTypeName":"Forecast products", "productDefinitionTemplate":0, "productDefinitionTemplateName":"Analysis/forecast at horizontal level/layer at a point in time", "parameterCategory":2, "parameterCategoryName":"Momentum", "parameterNumber":3, "parameterNumberName":"V-component_of_wind", "parameterUnit":"m.s-1", "genProcessType":2, "genProcessTypeName":"Forecast", "forecastTime":3, "surface1Type":103, "surface1TypeName":"Specified height level above ground", "surface1Value":10.0, "surface2Type":255, "surface2TypeName":"Missing", "surface2Value":0.0, "gridDefinitionTemplate":0, "gridDefinitionTemplateName":"Latitude_Longitude", "numberPoints":65160, "shape":6, "shapeName":"Earth spherical with radius of 6,371,229.0 m", "gridUnits":"degrees", "resolution":48, "winds":"true", "scanMode":0, "nx":360, "ny":181, "basicAngle":0, "lo1":0.0, "la1":90.0, "lo2":359.0, "la2":-90.0, "dx":1.0, "dy":1.0 }, "data":
[rows 84 to 111 of 181, columns 124 to 185 of 360]
1.2922901,1.28229,-3.32771,-2.84771,-2.32771,-2.24771,-1.35771,-0.98770994,-0.49770996,2.19229,2.32229,1.97229,1.15229,1.3222901,1.12229,0.79229003,0.46229005,0.27229005,-0.22770996,-0.55770993,-0.29770997,-0.36770996,-0.43770996,-0.61770993,0.14229004,-1.39771,-1.5577099,-0.52770996,-0.88771,-1.28771,0.91229004,1.39229,1.90229,2.1122901,2.44229,2.97229,2.89229,2.91229,2.8722901,3.1022902,2.96229,2.80229,2.72229,2.33229,2.18229,2.89229,3.08229,2.53229,1.49229,0.96229005,2.31229,5.08229,5.0022902,4.69229,5.03229,4.89229,3.95229,4.47229,4.01229,3.20229,2.81229,2.66229
1.71229,-0.12770995,-1.25771,-1.77771,-1.4477099,-1.46771,-1.15771,-0.037709963,1.72229,2.25229,2.07229,1.75229,1.1922901,2.00229,1.0722901,-0.17770997,1.26229,1.15229,0.10229004,0.42229003,-0.34770995,-0.69771,-0.79770994,-0.83770996,-0.57771,-0.26770997,-0.07770996,-0.52770996,0.21229003,0.74229,1.14229,1.0622901,1.11229,1.86229,2.33229,2.46229,2.58229,2.6122901,2.32229,2.19229,2.24229,2.34229,2.64229,2.93229,2.56229,3.00229,4.37229,4.31229,4.10229,4.29229,3.73229,3.6022902,3.58229,3.80229,4.07229,3.74229,3.67229,3.3622901,3.31229,2.69229,2.21229,2.03229
0.95229006,1.2922901,-0.037709963,0.38229004,-0.93771,-1.72771,-1.23771,-0.007709961,1.0622901,1.20229,0.94229007,0.60229003,-0.12770995,1.0522901,1.3122901,1.35229,0.95229006,1.33229,1.6622901,1.4222901,0.73229,-0.93771,-1.3377099,-1.4477099,-1.03771,-0.74771,-0.32770997,-0.027709961,-0.51771,0.032290038,0.50229,0.67229,1.37229,1.3122901,1.71229,2.1022902,2.1222901,2.1122901,2.00229,2.09229,2.3622901,2.6022902,2.30229,2.50229,3.94229,3.77229,3.56229,3.23229,2.95229,2.48229,2.23229,2.67229,2.92229,3.41229,2.96229,2.31229,2.27229,3.05229,2.77229,2.34229,2.05229,1.63229
1.73229,1.4422901,1.21229,0.64229006,0.28229004,-0.10770996,0.15229005,1.71229,0.93229,0.08229004,-0.61770993,-0.23770995,0.46229005,1.28229,1.34229,1.02229,1.20229,1.4322901,1.99229,0.91229004,0.052290037,-0.40770996,-0.79770994,-1.53771,-1.8077099,-1.59771,-1.14771,-0.81771,-0.44770995,-0.43770996,-0.34770995,0.052290037,0.32229003,0.89229006,1.50229,1.8022901,1.78229,1.52229,1.46229,1.8122901,2.28229,2.24229,2.40229,2.64229,2.80229,2.80229,2.54229,2.1322901,1.95229,1.73229,2.1122901,2.16229,2.1222901,2.19229,1.6922901,1.58229,2.93229,2.71229,2.3622901,1.9222901,1.38229,0.88229007
2.08229,0.77229005,2.33229,0.98229,-0.54770994,0.95229006,1.45229,0.80229,0.93229,0.28229004,-0.98770994,-0.58770996,0.48229003,1.15229,0.27229005,0.84229004,1.3022901,1.10229,1.63229,1.46229,0.19229004,-0.93771,-1.52771,-1.36771,-1.8177099,-2.55771,-1.7077099,-1.63771,-1.60771,-1.60771,-1.21771,-0.72770995,-0.15770996,0.31229004,0.64229006,0.84229004,0.93229,1.12229,1.39229,1.8022901,1.77229,1.74229,2.41229,2.3622901,2.40229,2.27229,2.04229,1.70229,1.4122901,1.75229,1.63229,1.70229,1.53229,1.50229,2.20229,2.82229,2.47229,1.86229,1.4122901,0.92229,0.37229005,0.04229004
-4.15771,4.67229,3.02229,2.23229,0.27229005,3.69229,3.16229,1.72229,0.89229006,0.31229004,0.85229003,0.32229003,-0.19770996,0.59229004,0.66229004,0.45229003,0.91229004,1.58229,0.94229007,0.76229006,0.78229004,-0.64770997,-1.8277099,-2.03771,-2.07771,-1.5677099,-0.55770993,0.22229004,0.04229004,0.62229,-0.63771,-1.0877099,-0.77770996,-0.68771,-0.48770997,-0.53770995,0.002290039,0.62229,1.28229,1.4322901,1.23229,0.82229006,1.4322901,1.6922901,1.52229,1.34229,1.49229,1.13229,1.13229,1.02229,1.35229,1.59229,1.63229,2.3522902,2.71229,2.39229,1.71229,1.12229,0.60229003,0.20229004,-0.19770996,-0.45770997
3.3822901,2.90229,3.19229,2.52229,1.77229,2.59229,5.27229,-0.53770995,2.59229,-0.71770996,-0.51771,-0.28770995,-0.30770996,-0.32770997,0.42229003,0.86229,1.3222901,1.58229,2.74229,2.96229,1.40229,0.02229004,-2.00771,-0.43770996,0.27229005,-0.83770996,-1.11771,0.73229,2.3522902,1.70229,-0.057709962,-0.84770995,-1.6877099,-2.00771,-1.97771,-1.72771,-1.3077099,-0.43770996,0.21229003,0.66229004,0.54229003,0.83229005,1.08229,0.79229003,0.66229004,0.69229007,0.47229004,0.43229005,0.33229005,0.21229003,1.0522901,1.98229,2.27229,2.17229,2.00229,1.3122901,0.83229005,0.58229005,0.27229005,-0.117709965,-0.33770996,-0.69771
5.20229,2.14229,3.01229,5.05229,1.01229,2.20229,3.99229,1.5422901,1.11229,0.43229005,-2.04771,-1.00771,-0.08770996,-0.57771,-0.33770996,0.11229004,1.14229,2.32229,2.6022902,2.69229,2.52229,2.41229,2.72229,2.57229,1.26229,2.26229,-0.51771,-0.10770996,2.73229,3.44229,1.40229,-0.17770997,-2.47771,-3.28771,-2.69771,-2.07771,-1.52771,-0.98770994,-0.38770998,-0.037709963,0.55229,0.75229,0.49229005,0.17229004,0.38229004,0.20229004,0.12229004,-0.22770996,0.64229006,0.64229006,0.77229005,1.9122901,2.05229,1.4422901,0.72229004,0.38229004,0.47229004,0.62229,0.43229005,-0.117709965,-0.98770994,-1.63771
4.74229,4.38229,1.5722901,5.99229,4.18229,2.26229,3.70229,6.08229,3.08229,1.7922901,0.87229,2.1022902,1.75229,0.11229004,-1.0577099,-3.09771,-0.72770995,1.61229,2.16229,2.46229,3.68229,4.78229,4.72229,2.50229,5.28229,4.03229,2.03229,-1.76771,2.96229,5.56229,3.95229,1.6822901,-2.90771,-4.32771,-3.74771,-2.8977098,-1.8077099,-1.54771,-1.0677099,-0.13770996,0.17229004,0.34229004,0.11229004,0.81229,-0.33770996,-0.08770996,0.75229,1.33229,1.09229,1.25229,2.89229,1.99229,1.40229,0.90229005,0.45229003,0.17229004,0.42229003,0.93229,0.02229004,-0.53770995,-0.99771,-1.5777099
5.78229,5.94229,-0.34770995,2.70229,4.2522902,2.1022902,3.3622901,7.10229,6.26229,2.14229,0.59229004,0.08229004,-1.34771,-1.5577099,-0.40770996,-0.17770997,-0.85770994,-0.71770996,-3.08771,-0.20770997,3.51229,4.19229,5.49229,6.67229,7.49229,6.83229,4.42229,2.33229,1.4122901,6.0022902,5.2522902,3.78229,2.51229,-1.48771,-4.04771,-4.03771,-2.24771,-1.54771,-0.87771,-0.55770993,-0.42770997,0.08229004,0.032290038,1.01229,0.53229004,1.28229,0.99229,0.24229003,0.75229,1.74229,1.87229,0.97229004,0.12229004,-0.24770996,-0.037709963,0.25229004,0.59229004,0.26229003,-0.24770996,-0.29770997,-0.75771,-0.68771
4.04229,4.7522902,5.01229,4.39229,6.41229,6.2522902,7.01229,7.67229,5.90229,1.76229,4.34229,1.96229,0.74229,0.30229005,-0.32770997,-0.80770993,-2.16771,-0.55770993,-0.027709961,-0.20770997,-0.40770996,0.53229004,5.10229,5.47229,6.93229,6.99229,6.94229,2.03229,4.4822903,4.60229,5.13229,5.64229,3.44229,1.34229,-0.057709962,-1.26771,-1.5577099,-0.86770993,-0.30770996,-0.58770996,-0.62771,-0.30770996,-0.057709962,-0.07770996,0.37229005,0.61229,0.15229005,0.26229003,0.36229002,1.0422901,0.63229007,0.37229005,0.35229003,0.23229004,-0.117709965,-0.027709961,-0.31770995,0.63229007,-0.87771,0.48229003,0.54229003,0.06229004
2.57229,3.65229,3.6222901,3.54229,4.21229,3.49229,4.62229,5.24229,4.66229,4.01229,2.47229,4.09229,2.95229,5.40229,1.59229,1.1722901,1.9422901,0.98229,-0.06770996,-1.8177099,-1.9577099,-0.31770995,0.89229006,6.15229,7.81229,5.45229,3.47229,-2.08771,3.02229,5.96229,6.83229,3.09229,3.64229,1.86229,-1.78771,-1.23771,-1.24771,-0.30770996,-0.16770996,-0.53770995,-0.50771,-0.60770994,-0.69771,-0.26770997,-0.23770995,-0.18770996,0.08229004,0.67229,0.73229,0.93229,0.51229006,0.43229005,0.66229004,1.1722901,1.23229,1.0622901,2.16229,1.9422901,0.66229004,0.83229005,0.85229003,0.38229004
0.75229,3.07229,3.6222901,4.4822903,4.39229,3.57229,3.53229,3.39229,4.09229,4.51229,1.24229,2.8722901,1.87229,2.19229,3.75229,1.3022901,1.4122901,1.5522901,0.67229,2.00229,1.88229,1.5622901,1.48229,-2.46771,6.09229,4.92229,3.46229,4.12229,5.68229,7.97229,7.16229,1.36229,4.91229,2.50229,1.53229,0.49229005,0.37229005,0.74229,0.73229,0.70229006,0.44229004,0.48229003,0.52229005,0.11229004,-0.04770996,-0.13770996,0.54229003,1.3022901,1.9422901,1.39229,1.10229,1.02229,1.39229,1.48229,2.06229,2.07229,1.53229,1.84229,1.01229,0.99229,1.10229,1.09229
-0.027709961,0.27229005,1.6622901,4.16229,4.14229,3.57229,3.03229,-0.057709962,3.64229,3.08229,3.30229,2.04229,1.1922901,-0.037709963,-1.50771,1.09229,0.94229007,1.27229,1.95229,2.59229,2.1322901,1.83229,0.97229004,0.18229003,3.96229,3.8522902,5.40229,5.93229,6.65229,7.30229,6.94229,6.91229,4.66229,1.02229,2.32229,2.47229,1.70229,1.52229,1.4122901,1.1922901,1.1622901,0.90229005,0.88229007,0.85229003,-0.07770996,0.42229003,0.89229006,1.6722901,1.58229,1.85229,2.19229,2.01229,1.90229,0.69229007,0.43229005,0.90229005,2.48229,2.17229,1.95229,2.20229,1.9322901,1.96229
-0.83770996,-2.08771,1.3022901,1.3222901,3.54229,3.79229,2.55229,3.67229,2.20229,2.47229,2.28229,2.03229,1.5422901,2.94229,2.3722901,3.16229,2.43229,1.28229,1.22229,1.8022901,3.58229,4.81229,2.01229,0.11229004,-1.26771,2.79229,4.54229,6.9822903,7.14229,7.37229,7.78229,6.31229,5.99229,2.24229,4.72229,1.50229,2.07229,3.18229,1.45229,1.76229,1.38229,1.3222901,1.34229,0.87229,0.27229005,0.72229004,1.40229,1.59229,1.6922901,2.44229,2.07229,0.74229,1.00229,0.48229003,0.002290039,0.52229005,1.23229,2.1022902,1.71229,1.4222901,2.30229,2.42229
-3.58771,-1.5777099,2.64229,0.65229005,1.53229,1.71229,1.5422901,1.8022901,1.9422901,1.48229,1.4322901,1.49229,1.53229,1.46229,1.1622901,2.32229,5.03229,3.51229,3.08229,1.65229,3.02229,4.76229,4.54229,2.17229,-0.90770996,-2.05771,1.71229,7.06229,7.29229,6.47229,7.21229,7.06229,6.62229,4.16229,2.56229,1.1822901,-0.28770995,-0.057709962,1.24229,1.4422901,1.3222901,1.4422901,1.52229,0.81229,0.07229004,0.29229003,1.61229,2.20229,1.88229,1.72229,1.58229,0.74229,0.43229005,0.21229003,0.92229,2.1222901,2.40229,2.95229,3.76229,4.2322903,2.55229,2.73229
4.38229,-1.77771,-1.46771,-0.76771,-0.43770996,0.20229004,0.39229003,0.79229003,1.1722901,0.91229004,0.002290039,-0.04770996,0.02229004,0.06229004,0.21229003,0.57229006,0.66229004,0.33229005,0.77229005,1.87229,2.6322901,3.6222901,4.7322903,6.68229,3.42229,3.1122901,-1.00771,4.36229,6.43229,6.60229,6.65229,7.0022902,6.39229,4.4822903,3.24229,2.78229,3.3522902,0.56229,2.17229,1.4422901,1.84229,0.85229003,1.4122901,1.89229,1.28229,1.35229,1.65229,1.8122901,1.14229,0.90229005,0.48229003,0.22229004,-0.16770996,0.68229,1.36229,1.8022901,2.1122901,2.50229,2.91229,3.43229,4.20229,3.80229
0.56229,-1.12771,-1.66771,-1.7077099,-1.99771,-1.0877099,-0.83770996,-1.9477099,-2.07771,0.82229006,-0.57771,-1.35771,-1.5777099,-1.48771,-1.39771,-1.3277099,-1.29771,-1.66771,-3.73771,2.24229,2.24229,2.52229,2.84229,3.29229,3.58229,3.53229,3.70229,5.02229,6.06229,5.69229,6.85229,6.38229,6.59229,4.29229,2.51229,2.33229,1.74229,2.42229,1.5422901,2.09229,2.21229,2.00229,0.92229,0.80229,1.4422901,2.21229,2.29229,1.89229,0.38229004,-0.34770995,-0.42770997,-0.33770996,0.42229003,1.14229,1.51229,1.63229,2.25229,2.77229,2.97229,2.52229,2.3822901,3.79229
1.60229,0.002290039,-0.76771,-1.53771,-2.40771,-2.34771,1.9222901,1.73229,-1.26771,-1.4277099,-3.53771,-4.84771,-3.73771,-2.83771,-3.22771,-2.94771,-2.72771,-2.3677099,-0.19770996,0.30229005,1.52229,1.6722901,1.86229,2.03229,2.53229,3.33229,4.28229,5.16229,5.46229,6.01229,6.14229,6.45229,5.9822903,4.80229,2.83229,2.97229,2.72229,2.33229,1.61229,1.9222901,2.30229,1.88229,1.61229,0.73229,1.20229,2.45229,3.27229,2.3822901,-0.40770996,-0.98770994,-1.02771,-0.47770995,0.11229004,0.78229004,1.4222901,1.72229,1.6622901,2.51229,3.30229,3.79229,4.34229,3.50229
2.52229,0.31229004,-1.3177099,-1.6777099,-2.71771,-3.15771,-3.82771,-0.69771,-0.44770995,0.29229003,0.23229004,0.19229004,0.69229007,-3.47771,-2.8877099,-2.1377099,-2.57771,-2.35771,0.92229,-0.19770996,0.88229007,1.3122901,1.53229,1.63229,1.96229,2.78229,4.02229,5.0022902,5.17229,5.49229,5.99229,6.67229,6.26229,6.08229,3.71229,4.21229,3.72229,3.33229,2.98229,1.70229,1.88229,2.1322901,2.18229,2.45229,2.41229,3.15229,4.35229,2.18229,-0.06770996,-1.23771,-1.04771,-0.56771,-0.057709962,0.40229005,1.23229,1.5722901,1.62229,2.42229,3.1022902,3.27229,3.30229,3.64229
3.07229,1.01229,-2.59771,-3.79771,-4.89771,-4.27771,-2.53771,-1.3077099,-0.79770994,-0.06770996,-0.19770996,0.06229004,-3.45771,-3.90771,-2.20771,-2.1377099,-2.65771,-1.27771,1.3222901,-0.037709963,-2.8977098,1.33229,1.89229,1.9122901,1.86229,2.48229,3.45229,4.60229,5.14229,4.90229,5.43229,6.62229,6.17229,5.97229,5.99229,5.91229,6.18229,5.17229,4.18229,2.98229,1.50229,1.35229,2.66229,3.49229,2.3522902,2.57229,4.70229,2.93229,0.93229,0.04229004,-0.15770996,0.39229003,0.70229006,1.21229,1.15229,1.83229,2.23229,2.41229,2.75229,2.93229,3.25229,3.44229
3.3522902,0.16229004,0.42229003,-3.42771,-5.46771,-7.30771,-2.93771,-2.80771,-2.1277099,-1.4577099,-2.18771,-2.66771,-3.07771,-3.1277099,-2.34771,-1.98771,-3.05771,-2.28771,0.66229004,0.09229004,-1.28771,0.02229004,1.87229,2.1322901,2.06229,2.3722901,3.1222901,4.03229,5.04229,4.44229,4.95229,6.39229,6.55229,6.02229,6.31229,6.20229,6.58229,7.12229,5.74229,4.13229,3.6222901,2.56229,2.90229,0.64229006,3.32229,2.6222901,1.5522901,3.49229,2.1022902,1.21229,0.62229,1.25229,1.28229,1.76229,1.50229,1.5422901,1.9122901,2.26229,2.1122901,2.33229,2.80229,3.00229
-0.36770996,2.6222901,4.14229,-1.78771,-5.13771,-4.68771,-5.7477098,-4.56771,-3.71771,-2.93771,-3.20771,-2.74771,-3.54771,-5.98771,-3.27771,-3.20771,-4.13771,-4.52771,-0.65770996,-0.66770995,-0.70770997,-1.48771,1.61229,2.16229,2.3722901,2.6022902,2.80229,3.18229,4.14229,4.40229,4.2522902,5.55229,6.19229,6.26229,5.87229,5.69229,5.52229,6.21229,6.7522902,6.41229,4.72229,3.91229,4.41229,1.12229,2.14229,2.80229,1.6822901,1.20229,3.1122901,2.72229,1.25229,0.87229,1.24229,1.2922901,2.05229,0.86229,2.33229,2.31229,2.24229,2.15229,2.53229,2.59229
2.46229,4.55229,-1.71771,-3.98771,-5.23771,-6.37771,-5.88771,-6.03771,-6.23771,-4.7477098,-3.69771,-3.3777099,-1.3377099,0.74229,-4.18771,-6.08771,-5.93771,-5.85771,-1.66771,-1.9277099,-0.31770995,-1.00771,-1.24771,0.36229002,1.26229,1.9222901,2.6022902,3.03229,3.42229,3.8722901,4.20229,4.42229,4.83229,4.78229,4.71229,4.7322903,4.93229,5.06229,5.33229,5.41229,5.82229,5.18229,3.55229,3.48229,2.79229,3.19229,3.1322901,1.74229,2.98229,3.64229,4.95229,4.88229,2.79229,0.47229004,2.54229,2.90229,2.79229,2.28229,2.57229,2.02229,2.03229,2.32229
5.61229,6.16229,2.79229,-0.24770996,-4.71771,-6.90771,-7.07771,-7.52771,-7.89771,-7.03771,-5.23771,-3.78771,-0.93771,1.48229,0.81229,-2.54771,-6.95771,-3.6377099,-2.09771,-2.22771,-0.54770994,-0.27770996,-1.35771,-1.10771,-0.15770996,0.75229,1.38229,1.98229,2.67229,3.32229,3.67229,3.8522902,4.18229,4.15229,4.31229,4.35229,4.12229,3.97229,3.98229,3.40229,3.96229,4.35229,4.69229,3.8522902,3.29229,3.6022902,3.29229,3.48229,2.94229,2.74229,3.64229,4.66229,4.88229,5.21229,0.74229,4.7322903,4.41229,3.00229,2.50229,2.1222901,2.05229,2.45229
6.32229,3.04229,4.35229,-4.06771,-6.61771,-6.94771,-7.43771,-8.38771,-8.55771,-8.09771,-7.45771,-5.41771,-2.40771,1.15229,0.76229006,0.40229005,-1.7077099,-1.3077099,-0.94771,-1.0577099,-0.72770995,-1.4277099,-2.85771,-2.26771,-1.6977099,0.11229004,0.98229,1.6922901,2.26229,2.72229,3.16229,3.45229,3.56229,4.11229,3.98229,3.81229,3.66229,3.58229,3.23229,1.77229,2.3522902,3.19229,3.53229,3.75229,3.82229,2.26229,2.8822901,2.94229,2.79229,3.08229,3.25229,3.40229,4.31229,5.4822903,5.5022902,4.29229,3.34229,2.90229,2.46229,2.8522902,2.51229,2.6122901
7.60229,7.93229,7.0022902,1.14229,-5.77771,-5.56771,-0.97770995,-7.05771,-8.14771,-7.38771,-6.80771,-6.03771,-3.65771,-0.10770996,1.48229,1.71229,0.80229,-0.07770996,0.66229004,0.39229003,3.14229,-2.10771,-2.93771,-4.32771,-4.27771,-2.21771,-0.46770996,0.69229007,1.52229,2.01229,2.46229,2.94229,3.21229,3.42229,3.72229,3.57229,3.41229,3.55229,2.94229,1.45229,-0.41770995,2.81229,2.46229,2.95229,3.1322901,2.45229,2.09229,2.58229,2.84229,3.04229,2.95229,3.3522902,3.66229,4.09229,4.88229,5.66229,5.45229,5.2322903,4.51229,3.14229,3.26229,1.6822901
5.67229,6.05229,7.16229,3.56229,0.30229005,-2.3977098,-7.20771,-4.87771,-7.30771,-7.42771,-6.66771,-5.80771,-4.03771,-1.3077099,0.48229003,2.20229,1.73229,0.38229004,-0.32770997,0.23229004,1.6922901,-0.92770994,-4.64771,-4.59771,-3.6277099,-3.27771,-1.78771,-0.61770993,0.45229003,1.3222901,2.14229,2.73229,2.8722901,3.16229,3.06229,2.94229,3.04229,3.18229,2.8622901,2.83229,4.52229,0.59229004,1.46229,2.8822901,1.50229,2.25229,1.01229,1.6822901,2.53229,2.67229,3.05229,3.78229,4.21229,4.26229,4.71229,5.08229,4.83229,5.20229,5.04229,4.38229,3.44229,3.6022902
