raw-data-f/2018100706.json
{"header": { "discipline":0, "disciplineName":"Meteorological products", "gribEdition":2, "gribLength":74753, "center":7, "centerName":"US National Weather Service - NCEP(WMC)", "subcenter":0, "refTime":"2018-10-07T06:00:00.000Z", "significanceOfRT":1, "significanceOfRTName":"Start of forecast", "productStatus":0, "productStatusName":"Operational products", "productType":1, "productTypeName":"Forecast products", "productDefinitionTemplate":0, "productDefinitionTemplateName":"Analysis/forecast at horizontal level/layer at a point in time", "parameterCategory":2, "parameterCategoryName":"Momentum", "parameterNumber":2, "parameterNumberName":"U-component_of_wind", "parameterUnit":"m.s-1", "genProcessType":2, "genProcessTypeName":"Forecast", "forecastTime":0, "surface1Type":103, "surface1TypeName":"Specified height level above ground", "surface1Value":10.0, "surface2Type":255, "surface2TypeName":"Missing", "surface2Value":0.0, "gridDefinitionTemplate":0, "gridDefinitionTemplateName":"Latitude_Longitude", "numberPoints":65160, "shape":6, "shapeName":"Earth spherical with radius of 6,371,229.0 m", "gridUnits":"degrees", "resolution":48, "winds":"true", "scanMode":0, "nx":360, "ny":181, "basicAngle":0, "lo1":0.0, "la1":90.0, "lo2":359.0, "la2":-90.0, "dx":1.0, "dy":1.0 }, "data":
[rows 150 to 174 of 181, columns 57 to 113 of 360]
1.5353906,4.2453904,4.5153904,2.0253906,1.5853906,1.8153906,2.9953907,4.1053905,5.345391,6.0653906,4.845391,-1.4546094,-7.9546094,-8.004609,-7.444609,-6.3146095,-4.7046094,-2.6846094,-0.6646094,1.6453906,3.7153907,5.1753907,6.4553905,7.1853905,7.7353907,8.26539,8.72539,9.045391,9.405391,9.71539,9.72539,9.775391,10.655391,10.375391,10.985391,11.695391,10.67539,9.915391,10.065391,9.75539,10.115391,10.535391,10.405391,9.855391,8.97539,7.3753905,6.9553905,6.9353905,7.3953905,7.305391,7.9453907,8.835391,9.47539,9.795391,9.955391,10.575391,11.105391
-4.384609,-4.674609,-3.0246093,-4.3146095,-5.1446095,-5.7046094,-6.0346093,-6.7346096,-7.5446095,-8.44461,-8.624609,-8.90461,-8.44461,-6.9346094,-5.4946094,-4.154609,-2.5646093,-0.3046094,1.9553906,3.7853906,5.1653905,6.2553906,7.055391,7.6653905,8.125391,8.375391,8.665391,8.565391,8.6453905,8.785391,8.855391,8.905391,8.795391,8.835391,9.035391,7.5653906,8.235391,8.745391,8.285391,8.085391,7.4953904,7.305391,7.8853908,8.115391,7.4453907,6.305391,5.6653905,5.7753906,6.035391,6.3753905,6.7953906,7.3753905,7.6553907,8.72539,10.00539,9.84539,9.92539
0.30539063,-0.8946094,-1.9146094,-2.7346094,-3.2246094,-3.8446093,-4.4346094,-4.9846096,-5.5846095,-6.0246096,-6.0646095,-5.7646093,-5.0446095,-4.1146092,-3.0746093,-1.5846094,0.32539064,2.1553907,3.9053907,5.2053905,6.1353908,7.0053906,7.555391,7.7353907,7.8753905,8.065391,8.13539,8.245391,8.51539,8.93539,9.045391,8.25539,7.6953907,6.4953904,5.4753904,5.6653905,6.1753907,6.325391,6.4453907,6.8553905,6.8353906,6.4353905,5.7953906,5.2353907,5.345391,5.825391,6.3153906,6.9153905,7.4753904,7.5453906,7.575391,7.9753904,8.605391,9.445391,10.125391,10.775391,11.315391
1.7553906,0.9853906,0.50539064,0.005390625,-0.6646094,-1.4146094,-2.1546094,-2.5646093,-2.9046094,-3.0746093,-2.9546094,-2.5346093,-1.8146094,-0.8546094,0.37539062,1.7153907,3.1253905,4.3553905,5.535391,6.3953905,7.1553907,7.615391,7.6853905,7.6353908,7.6553907,7.5253906,7.4153905,7.4453907,7.6253905,6.6953907,2.8353906,0.68539065,0.69539064,1.1553906,0.88539064,0.7253906,0.56539065,0.08539063,-0.99460936,-2.0446093,-2.6346095,-2.9146094,-3.0046093,-3.1446095,-3.5346093,-3.9246094,-3.8046093,-3.2146094,-2.5246093,-1.6246094,-0.054609373,1.4753907,2.9953907,4.1453905,5.305391,6.4953904,7.6753907
1.5753906,0.93539065,-0.35460937,-0.54460937,-1.2446094,-1.7546093,-1.4546094,-1.1546093,-0.47460938,-0.41460937,0.26539063,0.63539064,1.1953906,2.1653907,3.1053905,4.0153904,4.9453907,5.825391,6.7053905,7.3753905,7.535391,7.6353908,7.5853906,7.1353908,6.8553905,6.555391,6.2353907,4.6953907,1.8053906,-0.92460936,-1.5346093,-1.5246093,-0.93460935,-0.28460938,0.065390624,0.19539063,0.005390625,-0.7146094,-1.6946094,-2.4346094,-3.1046095,-3.7146094,-4.0746093,-4.1146092,-3.8946095,-3.4546094,-2.7746093,-1.9346094,-1.2246094,-0.48460937,-0.22460938,0.14539063,1.0053906,2.2853906,3.7453907,5.0053906,5.9253907
1.1353906,1.2653906,1.2053906,1.2453907,0.8553906,0.57539064,0.015390625,-0.55460936,-0.5846094,-0.26460937,0.5953906,0.6053906,1.6253906,2.2553906,3.4053907,4.8353906,5.6353908,6.5453906,7.2153907,7.5253906,7.4053907,6.8953905,6.4653907,6.1053905,5.6053905,3.1753907,-0.61460936,-2.2546093,-2.2946093,-2.1046095,-1.6346093,-1.1746094,-0.9446094,-1.1246094,-1.6646094,-2.4046094,-2.6546094,-2.9946094,-3.7146094,-4.3146095,-4.6646094,-4.4746094,-4.174609,-3.7446094,-3.3446093,-2.3746095,-1.5646094,-0.7746094,0.19539063,1.5653906,3.1853907,4.1853905,4.365391,4.825391,4.5453906,3.9253907,2.0453906
1.4053906,1.7153907,1.9153906,1.9653907,1.8253906,1.3653907,0.82539064,0.56539065,0.6453906,0.7853906,1.1353906,1.7653906,2.8253906,4.055391,5.1953907,6.305391,7.1053905,7.3953905,7.1853905,6.7353907,6.365391,5.305391,2.6653907,-0.98460937,-3.3846095,-3.9046094,-3.8046093,-3.7746093,-3.9646094,-4.1446095,-4.2446094,-4.5146093,-5.3246093,-5.674609,-5.5646095,-5.3746095,-5.3446093,-5.5246096,-5.944609,-5.9946094,-5.924609,-4.4546094,-1.1746094,1.7053906,2.1653907,0.21539062,-1.5846094,0.2553906,1.8753906,0.8953906,0.055390626,0.93539065,1.9653907,2.3853905,3.1753907,1.6253906,-5.2646093
-1.7246094,-2.3846095,-1.3646094,-0.98460937,-0.7746094,-0.39460936,0.28539062,0.68539065,1.0453906,1.4453906,1.9153906,2.8653905,3.4453907,2.3953905,3.1653907,4.8353906,5.305391,4.2353907,2.0753906,-1.1946094,-3.4646094,-4.634609,-5.4346094,-5.9546094,-6.4946094,-6.7646093,-6.8046093,-7.4546094,-6.6846094,-5.924609,-6.444609,-6.384609,-5.6846094,-6.8246093,-7.7646093,-6.9846096,-6.904609,-6.6646094,-7.174609,-7.5246096,-4.7046094,-3.2446094,0.035390627,-1.1846094,-3.4446094,-2.6746094,-3.7046094,-4.0846095,-3.3046093,-3.2846093,-3.6346095,-5.194609,-6.3246093,-7.5946093,-6.1046095,-6.154609,-4.7246094
-9.49461,-8.544609,-6.5546093,-6.9946094,-7.8746095,-7.2846093,-7.0046096,-6.214609,-5.8646092,-5.194609,-4.1146092,-2.6746094,-1.4546094,0.46539062,2.4353907,2.0353906,-2.6746094,-3.8546095,-4.6646094,-5.5346093,-6.464609,-7.0146093,-6.904609,-7.2646093,-7.9846096,-7.6146092,-8.304609,-9.764609,-9.52461,-9.424609,-8.844609,-8.464609,-9.6046095,-9.664609,-9.48461,-9.764609,-9.48461,-8.924609,-8.57461,-9.054609,-8.164609,-2.2546093,-3.0846093,-5.714609,-4.9746094,-6.1046095,-6.6446095,-6.424609,-4.634609,-3.4046094,-3.9846094,-4.9146094,-5.6846094,-6.2646093,-5.404609,-5.6246095,-5.8146095
-8.054609,-6.9946094,-5.424609,-5.634609,-6.1446095,-5.8946095,-5.214609,-4.9846096,-3.5046093,-0.8246094,0.7953906,1.1553906,2.3753905,3.5353906,2.8853905,-2.0946093,-4.174609,-4.2346096,-4.214609,-3.4246094,-1.9246094,-2.5746093,-7.2046094,-10.03461,-10.124609,-9.674609,-9.74461,-9.644609,-9.3546095,-9.28461,-8.464609,-8.914609,-9.684609,-9.634609,-9.49461,-9.86461,-10.144609,-9.624609,-9.204609,-8.49461,-5.9146094,-5.1446095,-5.4346094,-6.154609,-7.1646094,-8.084609,-8.32461,-6.904609,-6.4146094,-5.8946095,-5.8646092,-6.6046095,-6.6446095,-6.174609,-6.0946093,-6.0546093,-6.2446094
-7.0246096,-5.8046093,-4.7446094,-4.0746093,-2.9946094,-1.0846094,-0.38460937,1.3353906,3.3853905,2.8453906,2.1453905,2.0253906,1.8153906,1.7353907,1.9053906,0.8553906,-3.3546095,-6.4946094,-6.3446093,-7.5346093,-8.90461,-9.894609,-10.554609,-10.624609,-10.74461,-10.674609,-10.584609,-9.99461,-9.334609,-9.204609,-9.204609,-9.054609,-9.07461,-9.374609,-9.44461,-9.914609,-9.454609,-9.124609,-8.454609,-7.0846095,-6.6846094,-7.3646092,-7.5346093,-7.654609,-8.27461,-8.504609,-8.57461,-8.674609,-8.724609,-7.7946095,-6.3146095,-6.134609,-6.8446093,-7.1146092,-6.8946095,-6.3746095,-6.4546094
-3.9446094,-2.4646094,-1.1746094,-0.17460938,1.0553906,2.4453907,4.1253905,4.9553905,5.1353908,6.2753906,6.6353908,4.615391,2.7953906,2.4653907,2.3853905,-0.7746094,-4.0946093,-5.6646094,-6.3346095,-7.694609,-8.48461,-8.884609,-9.82461,-10.754609,-10.53461,-9.90461,-9.714609,-9.56461,-9.174609,-8.874609,-8.894609,-9.014609,-8.90461,-8.594609,-8.584609,-8.724609,-8.69461,-8.504609,-7.714609,-7.3546095,-7.884609,-8.57461,-8.69461,-8.464609,-8.65461,-8.914609,-8.934609,-8.794609,-8.304609,-6.8146095,-5.5546093,-5.6146092,-6.1146092,-6.5746093,-6.5746093,-6.5446095,-6.7446094
-0.7746094,0.36539063,1.1453906,1.8653907,2.5953906,3.4053907,4.345391,5.3953905,6.4253907,7.2553906,6.9053907,4.6353908,2.5653906,0.14539063,-3.1846094,-5.5946093,-6.1246095,-6.7546096,-7.7746096,-9.414609,-10.15461,-10.07461,-10.434609,-10.124609,-9.684609,-9.454609,-8.99461,-8.454609,-8.28461,-8.454609,-8.374609,-8.07461,-7.9546094,-7.9846096,-8.32461,-8.73461,-8.40461,-7.8246093,-7.5346093,-7.4146094,-7.4846096,-7.5546093,-7.5646095,-7.3946095,-7.2546096,-7.0946093,-6.7946095,-6.2346096,-5.3946095,-4.694609,-4.8746095,-5.134609,-5.194609,-5.5646095,-5.7546096,-5.8646092,-6.1146092
0.20539063,1.4453906,2.7353907,3.7553906,4.1453905,3.6453905,3.6353905,3.9853907,4.2253904,4.7053905,3.8153906,-1.4746094,-4.2646093,-3.3146093,-5.8546095,-6.6446095,-7.0346093,-8.624609,-10.69461,-10.884609,-10.294609,-10.134609,-9.77461,-9.24461,-8.964609,-8.704609,-8.06461,-7.8146095,-7.7846093,-7.6046095,-7.5646095,-7.5246096,-7.5846095,-7.8946095,-8.144609,-7.8046093,-7.1646094,-6.8046093,-6.6446095,-6.444609,-6.134609,-5.8946095,-5.7546096,-5.5546093,-5.3646092,-5.134609,-4.8646092,-4.4946094,-4.6246095,-4.7946095,-4.8046093,-5.1846094,-5.7746096,-5.6246095,-5.214609,-4.8446093,-4.5846095
-0.034609374,-0.16460937,-0.35460937,-0.28460938,-0.09460937,-0.35460937,-0.86460936,-1.1046094,-1.8046094,-4.9746094,-7.2746096,-6.6246095,-5.7946095,-6.134609,-6.944609,-7.1446095,-7.1146092,-7.9546094,-9.804609,-11.1046095,-10.664609,-9.78461,-9.044609,-8.464609,-8.464609,-8.334609,-7.924609,-7.714609,-7.444609,-7.3246093,-7.3646092,-7.384609,-7.3346095,-7.2346096,-7.2246094,-7.1246095,-6.7546096,-6.2546096,-5.7246094,-5.3046093,-4.9946094,-4.7946095,-4.6246095,-4.4546094,-4.2646093,-4.1646094,-3.9846094,-3.8846095,-4.0246096,-4.134609,-4.1846094,-4.2546096,-4.1846094,-4.154609,-3.9246094,-3.6746094,-3.5246093
-3.1146095,-4.2746096,-4.1646094,-4.134609,-4.3446093,-4.6146092,-5.8646092,-7.0946093,-7.424609,-7.884609,-8.474609,-8.44461,-8.36461,-8.514609,-8.304609,-8.11461,-8.11461,-9.144609,-10.874609,-11.474609,-10.61461,-9.3546095,-8.554609,-8.23461,-7.944609,-7.8046093,-8.02461,-7.8746095,-7.4346094,-7.1446095,-7.0646095,-6.7646093,-6.3746095,-6.5746093,-7.0146093,-7.0846095,-6.7646093,-6.0746093,-5.2546096,-4.7046094,-4.424609,-4.1846094,-3.9446094,-3.7646093,-3.6746094,-3.5846093,-3.4746094,-3.4146094,-3.4346094,-3.4146094,-3.3946095,-3.3246093,-3.1646094,-2.9146094,-2.7246094,-2.5346093,-2.3446093
-4.3446093,-5.0246096,-5.944609,-6.0046096,-5.0646095,-5.0546093,-6.674609,-8.634609,-10.124609,-10.764609,-10.73461,-10.724609,-10.754609,-10.754609,-10.684609,-10.454609,-10.24461,-10.3546095,-10.644609,-10.474609,-9.90461,-9.23461,-9.19461,-9.664609,-9.53461,-8.964609,-8.52461,-8.31461,-8.19461,-7.8246093,-7.3546095,-6.8946095,-6.5746093,-6.8046093,-7.0846095,-7.0946093,-6.884609,-6.4546094,-5.6846094,-4.9346094,-4.4746094,-4.2246094,-3.9946094,-3.5646093,-2.9546094,-2.6546094,-2.5946093,-2.5646093,-2.5246093,-2.3846095,-2.1746094,-1.9346094,-1.7746093,-1.6446093,-1.4746094,-1.3546094,-1.2046094
-4.3946095,-3.7946093,-3.5746093,-4.4546094,-6.174609,-7.7246094,-9.084609,-10.634609,-11.73461,-12.1046095,-12.31461,-12.584609,-12.544609,-12.184609,-11.884609,-11.98461,-11.894609,-11.19461,-10.61461,-9.98461,-9.40461,-9.834609,-10.704609,-10.78461,-10.48461,-10.124609,-9.714609,-9.11461,-8.684609,-8.48461,-8.184609,-7.7846093,-7.4346094,-7.0646095,-6.714609,-6.8346095,-6.8146095,-6.404609,-5.5846095,-4.5946093,-3.6746094,-2.9646094,-2.5546093,-2.2646093,-2.0546093,-1.8446094,-1.5946094,-1.3546094,-1.1546093,-0.93460935,-0.62460935,-0.43460938,-0.18460937,0.045390625,0.17539063,0.27539062,0.39539063
-6.134609,-6.4946094,-7.0446095,-7.7346096,-8.73461,-9.924609,-10.894609,-11.374609,-11.53461,-11.52461,-11.48461,-11.714609,-12.184609,-12.374609,-11.964609,-11.384609,-11.28461,-11.844609,-12.414609,-12.23461,-11.414609,-10.804609,-10.94461,-11.02461,-10.544609,-9.894609,-9.52461,-9.414609,-9.28461,-8.844609,-7.8946095,-6.8246093,-6.3246093,-6.2646093,-6.0246096,-5.9346094,-5.9846096,-5.5846095,-4.5946093,-3.5746093,-2.9046094,-2.4546094,-1.9446094,-1.2646093,-0.6446094,-0.28460938,0.015390625,0.32539064,0.4153906,0.36539063,0.6553906,1.0653906,1.3053906,1.5553906,1.8053906,1.9253906,1.9853907
-7.0246096,-7.3346095,-7.6846094,-7.9146094,-8.03461,-8.174609,-8.504609,-9.004609,-9.44461,-9.764609,-9.8546095,-9.57461,-9.23461,-9.224609,-9.464609,-9.69461,-9.874609,-10.144609,-10.40461,-10.294609,-9.82461,-9.53461,-9.544609,-9.52461,-9.124609,-8.514609,-7.9846096,-7.4946094,-7.0346093,-6.5946093,-6.1446095,-5.7846093,-5.4946094,-5.2746096,-5.0946093,-4.7846093,-4.2246094,-3.3846095,-2.5746093,-1.9146094,-1.2046094,-0.45460936,0.095390625,0.39539063,0.6553906,0.88539064,1.0853906,1.3153906,1.5753906,1.7753906,1.9653907,2.2253907,2.4153907,2.5653906,2.6953907,2.7953906,2.8653905
-6.4846096,-6.7446094,-6.964609,-7.1446095,-7.3346095,-7.5346093,-7.674609,-7.6446095,-7.5346093,-7.5146093,-7.6146092,-7.7046094,-7.714609,-7.654609,-7.5346093,-7.444609,-7.5246096,-7.8646092,-8.32461,-8.414609,-7.7946095,-6.7446094,-5.8946095,-5.4346094,-5.134609,-4.674609,-4.0546093,-3.5646093,-3.3246093,-3.2046094,-3.0546093,-2.8546095,-2.5546093,-2.1846094,-1.7946094,-1.3946093,-0.9646094,-0.48460937,-0.014609375,0.37539062,0.68539065,0.93539065,1.1853906,1.4653907,1.7553906,1.9653907,2.0753906,2.1353905,2.2053907,2.2953906,2.3953905,2.4853907,2.5753906,2.7353907,2.9753907,3.1853907,3.3953905
-5.6046095,-5.7346096,-5.8746095,-5.964609,-5.9946094,-5.9846096,-5.924609,-5.884609,-5.8346095,-5.7946095,-5.7546096,-5.7246094,-5.7046094,-5.7246094,-5.8446093,-5.9946094,-5.964609,-5.634609,-5.1146092,-4.5146093,-3.9446094,-3.4646094,-3.0646093,-2.6846094,-2.2846093,-1.8946093,-1.5746094,-1.2946094,-1.0146093,-0.67460936,-0.28460938,0.11539063,0.48539063,0.8453906,1.1953906,1.5153906,1.7653906,1.9553906,2.0753906,2.1753907,2.2453907,2.3153906,2.4253907,2.6353905,2.8553905,3.1053905,3.4253907,3.7753906,4.035391,4.1653905,4.305391,4.4753904,4.575391,4.615391,4.6753907,4.7753906,4.8553905
-4.5646095,-4.6146092,-4.6846094,-4.7646093,-4.7946095,-4.7746096,-4.694609,-4.5946093,-4.4746094,-4.3446093,-4.214609,-4.0946093,-4.0046096,-3.9046094,-3.7246094,-3.4046094,-2.9246094,-2.3546095,-1.7446094,-1.1546093,-0.5946094,-0.07460938,0.40539062,0.82539064,1.1953906,1.5053906,1.7753906,2.0253906,2.2353907,2.4053907,2.5253906,2.6153905,2.7053907,2.8053906,2.8953905,3.0353906,3.2053907,3.4453907,3.6953907,3.9253907,4.075391,4.1953907,4.285391,4.3753905,4.4453907,4.4953904,4.4953904,4.535391,4.6753907,4.9053907,5.1353908,5.3153906,5.3753905,5.325391,5.1453905,4.8753905,4.595391
-2.2846093,-2.2246094,-2.1846094,-2.1446095,-2.0846093,-2.0046093,-1.8546094,-1.6646094,-1.4246094,-1.1246094,-0.79460937,-0.47460938,-0.17460938,0.095390625,0.37539062,0.6653906,0.9653906,1.2753906,1.5653906,1.8353906,2.0853906,2.3153906,2.5253906,2.7053907,2.8553905,2.9953907,3.1253905,3.2253907,3.3353906,3.4453907,3.5453906,3.6453905,3.7353907,3.8253906,3.9053907,3.9953907,4.115391,4.2453904,4.3853908,4.5053906,4.595391,4.6853905,4.7753906,4.8553905,4.9053907,4.9053907,4.845391,4.7453904,4.6553907,4.6253905,4.6753907,4.825391,5.095391,5.4353905,5.7453904,5.8753905,5.7453904
0.6453906,0.8453906,1.0353906,1.2253907,1.4153906,1.6153907,1.8253906,2.0353906,2.2353907,2.4153907,2.5853906,2.7453907,2.9053907,3.0653906,3.2453907,3.4253907,3.6053905,3.7753906,3.9253907,4.055391,4.1653905,4.2453904,4.325391,4.4053907,4.4953904,4.5653906,4.615391,4.6453905,4.6653905,4.7253904,4.7953906,4.9453907,5.075391,5.1953907,5.2753906,5.345391,5.3553905,5.365391,5.365391,5.345391,5.325391,5.305391,5.305391,5.2953906,5.305391,5.3153906,5.3153906,5.305391,5.2553906,5.1653905,5.0453906,4.9153905,4.7753906,4.6553907,4.535391,4.4153905,4.285391
