raw-data-f/2018100812f3.json
{"header": { "discipline":0, "disciplineName":"Meteorological products", "gribEdition":2, "gribLength":75431, "center":7, "centerName":"US National Weather Service - NCEP(WMC)", "subcenter":0, "refTime":"2018-10-08T12:00:00.000Z", "significanceOfRT":1, "significanceOfRTName":"Start of forecast", "productStatus":0, "productStatusName":"Operational products", "productType":1, "productTypeName":"Forecast products", "productDefinitionTemplate":0, "productDefinitionTemplateName":"Analysis/forecast at horizontal level/layer at a point in time", "parameterCategory":2, "parameterCategoryName":"Momentum", "parameterNumber":3, "parameterNumberName":"V-component_of_wind", "parameterUnit":"m.s-1", "genProcessType":2, "genProcessTypeName":"Forecast", "forecastTime":3, "surface1Type":103, "surface1TypeName":"Specified height level above ground", "surface1Value":10.0, "surface2Type":255, "surface2TypeName":"Missing", "surface2Value":0.0, "gridDefinitionTemplate":0, "gridDefinitionTemplateName":"Latitude_Longitude", "numberPoints":65160, "shape":6, "shapeName":"Earth spherical with radius of 6,371,229.0 m", "gridUnits":"degrees", "resolution":48, "winds":"true", "scanMode":0, "nx":360, "ny":181, "basicAngle":0, "lo1":0.0, "la1":90.0, "lo2":359.0, "la2":-90.0, "dx":1.0, "dy":1.0 }, "data":
[rows 26 to 51 of 181, columns 300 to 359 of 360]
-0.4163159,-0.4163159,-0.07631592,0.5136841,0.20368408,0.04368408,-0.5663159,2.1136842,6.433684,1.4836841,1.6536841,3.953684,4.143684,3.933684,3.293684,1.8436841,-0.7463159,-3.506316,-3.676316,-3.676316,-10.176316,-12.2263155,-12.766315,-12.866316,-12.886316,-11.096316,-9.326316,-7.146316,-4.876316,-2.8263159,-1.7963159,-1.486316,-0.9363159,0.15368408,1.133684,1.7236841,2.293684,2.8636842,0.67368406,-1.386316,-0.17631592,-0.15631592,-0.006315918,0.15368408,1.0636841,1.9136841,1.5636841,1.3536841,1.6536841,2.273684,3.293684,4.403684,5.123684,5.4936843,5.913684,6.4736843,7.183684,7.7636843,8.003684,8.013684
-0.9663159,-1.6763159,-1.9063159,-2.0863159,-2.176316,-2.306316,-3.3663158,-0.12631592,4.7836843,3.3936841,0.60368407,0.6436841,2.503684,2.543684,1.3536841,-1.5763159,-3.6363158,-3.3363159,-2.466316,-6.826316,-14.266315,-16.976316,-15.846316,-10.896316,-4.016316,-3.936316,-5.536316,-4.846316,-3.8663158,-2.436316,-0.21631593,1.8336841,3.1236842,4.433684,5.413684,5.4936843,5.063684,4.273684,4.153684,4.0136843,2.943684,2.1636841,2.233684,2.073684,2.533684,3.243684,3.8736842,4.403684,5.153684,5.933684,6.253684,6.233684,6.293684,6.773684,6.943684,7.2636843,7.683684,7.9736843,8.073684,7.773684
-1.4363159,-2.696316,-3.3263159,-3.816316,-3.816316,-3.6463158,-3.186316,-1.4363159,1.5736841,-0.4163159,0.12368408,-1.0863159,-0.4563159,-0.47631592,-0.9763159,-0.69631594,-1.7863159,-2.036316,-2.8563159,-8.896316,-14.816316,-16.146317,-9.486316,-3.486316,-5.106316,-6.286316,-8.026316,-8.006316,-6.156316,-3.246316,1.1936841,4.253684,5.2636843,5.673684,6.633684,6.073684,5.143684,5.213684,5.803684,5.9936843,5.413684,4.673684,4.173684,3.823684,3.763684,3.983684,4.4736843,5.073684,5.5336843,5.803684,5.963684,6.133684,6.273684,6.2636843,7.093684,7.073684,7.063684,6.953684,6.883684,6.553684
-0.8063159,-1.9263159,-3.8763158,-4.926316,-4.346316,-4.536316,-4.116316,-2.256316,-1.5563159,-3.0763159,-4.476316,-5.656316,-4.5263157,-2.446316,0.3936841,-0.12631592,-0.30631593,-0.086315915,-3.3663158,-8.646316,-12.026316,-12.876316,-12.216316,-9.396316,-5.836316,-8.096316,-8.966316,-7.596316,-4.156316,5.4736843,10.043684,9.133684,8.033684,7.343684,6.593684,5.983684,5.463684,5.843684,5.823684,5.393684,4.7236843,3.833684,3.063684,3.233684,4.173684,4.9736843,5.7436843,6.2236843,6.333684,6.403684,6.323684,6.303684,6.2236843,6.133684,6.333684,6.623684,6.7436843,6.7436843,6.553684,5.983684
-3.776316,-4.316316,-4.596316,-4.536316,-5.646316,-6.2563157,-5.436316,-4.176316,-3.456316,-3.706316,-4.096316,-4.5263157,-5.2563157,-5.166316,-5.2763157,-3.0963159,-0.10631592,-0.37631592,-2.246316,-6.656316,-10.286316,-10.966316,-11.116316,-9.806316,-8.766315,-7.326316,-6.156316,-2.5763159,2.783684,6.443684,7.293684,7.813684,7.643684,6.693684,5.5336843,5.023684,5.933684,6.143684,5.653684,4.963684,3.973684,3.1536841,3.1736841,4.413684,5.773684,6.633684,6.7836843,6.653684,6.853684,7.053684,6.943684,6.703684,6.583684,6.443684,6.253684,6.103684,6.183684,6.053684,6.0136843,5.9736843
-0.6663159,-4.206316,-5.246316,-5.4663157,-5.826316,-6.246316,-6.266316,-5.796316,-4.836316,-3.996316,-3.806316,-4.106316,-4.7163157,-5.406316,-6.066316,-5.156316,-5.386316,-4.346316,-3.706316,-6.136316,-8.906316,-10.206316,-10.166316,-8.896316,-7.616316,-6.646316,-3.246316,0.8736841,4.003684,5.253684,5.543684,5.7836843,5.383684,4.323684,4.923684,5.943684,5.983684,5.7836843,5.043684,4.093684,3.463684,3.333684,4.413684,5.833684,6.523684,6.693684,6.9936843,7.2836843,6.823684,6.373684,6.293684,6.063684,6.2436843,6.653684,7.293684,6.623684,5.463684,6.193684,6.5336843,5.9936843
-1.3963159,-2.456316,-3.006316,-4.666316,-5.626316,-6.016316,-6.296316,-6.096316,-5.666316,-5.126316,-4.7763157,-4.596316,-4.586316,-4.816316,-5.2163157,-5.796316,-6.156316,-6.356316,-6.7363157,-6.326316,-6.156316,-7.556316,-6.786316,-2.036316,-1.6663159,-1.0763159,-0.026315918,0.8936841,1.9236841,3.1436841,3.753684,2.933684,2.573684,3.8436842,4.293684,4.793684,5.5336843,4.9936843,4.143684,3.543684,3.293684,3.763684,4.403684,5.4736843,6.2236843,6.373684,6.333684,6.093684,5.643684,4.753684,5.0336843,5.863684,5.673684,2.3536842,1.5936841,0.54368407,1.2336841,4.203684,5.253684,6.2636843
-5.296316,-5.636316,-5.226316,-5.176316,-4.826316,-5.496316,-6.246316,-6.416316,-5.916316,-5.386316,-5.106316,-4.906316,-5.116316,-5.116316,-5.076316,-5.326316,-5.556316,-6.206316,-6.286316,-5.9663157,-5.876316,-5.676316,-4.676316,-3.3963158,-2.216316,-1.0463159,-0.036315918,0.5636841,0.6336841,0.31368408,0.3936841,2.193684,3.1536841,1.8236841,2.943684,5.893684,5.5136843,4.463684,3.823684,3.4136841,3.3736842,3.573684,4.383684,5.363684,5.073684,5.123684,4.793684,4.153684,4.5136843,4.753684,3.453684,3.293684,6.063684,9.243684,11.733685,3.203684,7.203684,5.923684,9.723684,10.5236845
-3.226316,-4.866316,-4.9863157,-4.696316,-5.7563157,-5.406316,-5.856316,-6.046316,-5.916316,-5.286316,-4.836316,-4.826316,-5.126316,-5.596316,-5.636316,-5.676316,-5.876316,-5.606316,-5.846316,-5.566316,-5.416316,-4.946316,-4.386316,-3.8463159,-3.246316,-2.296316,-1.856316,-1.496316,-0.5463159,1.273684,2.523684,2.183684,1.7136841,3.0936842,5.683684,5.403684,5.113684,4.623684,4.253684,4.143684,4.113684,4.343684,4.163684,3.5936842,3.6536841,2.9236841,3.1036842,3.983684,3.013684,4.093684,8.653684,10.663684,11.383684,11.193684,9.743684,7.133684,7.203684,7.2236843,9.063684,9.753684
-4.5063157,-5.2763157,-4.676316,-5.436316,-5.096316,-4.4863157,-3.986316,-4.666316,-4.726316,-4.416316,-4.786316,-5.206316,-5.476316,-5.9863157,-6.096316,-6.016316,-6.086316,-5.926316,-5.436316,-5.426316,-5.366316,-5.076316,-4.556316,-3.8263159,-3.236316,-2.766316,-1.866316,-0.76631594,0.5836841,1.263684,1.013684,0.86368406,2.3836842,3.703684,3.823684,3.973684,3.963684,4.423684,4.353684,3.683684,3.1436841,2.733684,2.433684,2.523684,1.143684,1.8136841,1.873684,2.683684,10.283684,12.913684,13.143684,12.513684,7.483684,6.353684,8.333684,8.183684,6.7836843,6.823684,5.133684,7.2836843
-3.316316,-1.2163159,-2.8363159,-4.886316,-4.136316,-5.396316,-4.826316,-5.226316,-5.2363157,-5.166316,-5.076316,-5.2363157,-5.666316,-6.136316,-6.696316,-6.9663157,-6.806316,-6.446316,-6.196316,-5.626316,-4.626316,-4.086316,-3.9063158,-3.5863159,-3.226316,-2.5963159,-1.6963159,-0.8763159,-0.5263159,-0.43631592,0.20368408,2.213684,2.473684,1.9836841,2.033684,2.333684,3.573684,3.1136842,2.1036842,1.5336841,1.253684,1.523684,0.7736841,-0.06631592,-0.7463159,-0.94631594,11.513684,13.933684,13.863684,13.863684,12.333684,7.423684,4.163684,5.703684,7.413684,12.593684,11.663684,7.9736843,4.163684,3.453684
-2.316316,-2.6063159,-3.256316,-3.746316,-4.186316,-5.226316,-6.136316,-5.686316,-5.746316,-5.596316,-5.496316,-5.706316,-6.156316,-6.746316,-6.996316,-7.356316,-7.366316,-7.2363157,-6.896316,-6.086316,-4.7563157,-4.126316,-4.136316,-4.146316,-4.016316,-3.6563158,-2.8763158,-2.1063159,-1.106316,0.5636841,0.6936841,0.04368408,-0.15631592,-0.026315918,0.5736841,2.6636841,1.763684,0.8436841,0.35368407,-0.006315918,-0.07631592,-1.126316,-1.9363159,-4.296316,7.833684,13.393684,13.953684,14.963684,15.373684,14.903684,13.673684,6.633684,5.883684,6.483684,7.903684,11.083684,6.703684,4.133684,3.9136841,3.8436842
-2.716316,-3.026316,-3.026316,-4.786316,-5.2163157,-2.556316,-5.416316,-6.296316,-5.876316,-5.596316,-5.646316,-6.096316,-6.616316,-7.156316,-7.686316,-7.906316,-7.786316,-7.606316,-7.286316,-6.666316,-5.706316,-5.086316,-3.9063158,-3.676316,-3.556316,-3.206316,-2.536316,-1.5163159,-1.2663159,-1.7063159,-1.976316,-2.166316,-2.5863159,-1.2663159,1.763684,0.67368406,0.14368409,0.24368408,-0.36631593,-3.026316,-3.966316,-5.446316,5.833684,14.233685,14.723684,15.793684,15.493684,14.663684,13.583684,12.813684,7.823684,5.943684,5.863684,8.753684,8.843684,6.7836843,4.353684,3.703684,3.763684,3.1736841
-2.1063159,-2.566316,-1.8063159,-1.356316,-2.466316,-3.726316,-5.056316,-5.306316,-4.7563157,-4.906316,-5.346316,-6.226316,-6.786316,-6.936316,-7.546316,-8.076316,-8.236316,-7.956316,-7.446316,-6.546316,-6.186316,-5.7363157,-4.816316,-3.9063158,-3.066316,-2.816316,-3.3463159,-3.986316,-3.216316,-2.8263159,-3.056316,-3.3863158,0.6336841,0.9336841,-0.6763159,-1.0563159,-2.446316,-4.306316,-6.976316,-5.646316,7.113684,13.793684,14.713684,15.863684,15.223684,14.013684,13.733685,13.133684,12.233685,11.573684,10.013684,8.793684,8.233685,7.873684,7.7636843,7.043684,3.223684,3.083684,2.823684,2.8436842
-1.736316,-2.286316,-1.9363159,-3.206316,-1.9463159,-3.236316,-4.836316,-5.436316,-5.096316,-5.2563157,-5.9863157,-6.916316,-7.176316,-7.7163157,-7.856316,-7.806316,-8.166316,-7.816316,-7.326316,-6.896316,-6.4663157,-6.2563157,-6.336316,-5.636316,-4.5263157,-3.8763158,-4.666316,-4.876316,-4.206316,-2.9063158,-1.8463159,0.4236841,-1.476316,-2.916316,-5.246316,-5.856316,-8.966316,-8.486316,11.533684,14.123684,15.473684,15.5236845,14.7736845,13.933684,13.363684,12.693684,12.143684,11.423684,11.403684,10.113684,9.163684,8.163684,7.413684,6.573684,5.883684,4.7436843,4.5336843,3.9236841,2.6236842,1.5536841
-4.456316,-3.936316,-2.176316,-3.0863159,-1.7863159,-2.3563159,-2.8563159,-5.896316,-6.596316,-6.416316,-6.4663157,-6.946316,-7.226316,-7.046316,-7.2163157,-8.386316,-8.956316,-8.456316,-7.996316,-7.626316,-7.5263157,-7.706316,-7.336316,-6.556316,-5.686316,-4.9863157,-4.896316,-4.726316,-4.246316,-2.8863158,-1.1763159,-3.6463158,-4.9863157,-6.376316,-6.796316,-12.446316,7.433684,15.323684,16.323685,15.213684,14.753684,13.933684,13.283684,12.813684,11.803684,11.253684,10.483685,10.083684,9.673684,9.363684,8.583684,7.773684,6.7436843,5.813684,5.203684,4.483684,0.9436841,0.9736841,-0.06631592,-0.5463159
-4.606316,-3.3763158,-4.9863157,-3.4063158,-2.966316,-3.166316,-3.066316,-3.8263159,-5.356316,-6.136316,-6.816316,-7.186316,-6.766316,-6.206316,-6.336316,-7.726316,-9.636316,-9.956316,-9.166316,-8.706316,-8.716316,-8.516315,-7.4863157,-6.0263157,-4.726316,-4.166316,-4.076316,-4.2563157,-3.0763159,-2.916316,-4.5263157,-5.816316,-7.406316,-8.676316,-8.566316,12.623684,16.003685,15.733685,14.603684,13.843684,13.633684,13.063684,12.153684,11.113684,10.443684,9.653684,9.423684,9.323684,8.823684,7.953684,7.173684,6.5336843,5.913684,5.2836843,4.2636843,2.433684,1.873684,0.24368408,-1.6663159,-1.636316
-4.946316,-4.516316,-3.676316,-3.8563159,-3.5763159,-3.746316,-4.2763157,-3.456316,-5.396316,-6.146316,-6.616316,-7.296316,-7.326316,-7.416316,-8.516315,-9.486316,-10.216316,-10.506316,-10.286316,-9.456316,-8.616316,-7.596316,-6.176316,-5.536316,-5.206316,-4.7763157,-3.966316,-4.546316,-5.226316,-5.976316,-7.816316,-7.996316,-8.456316,5.7636843,13.913684,14.403684,13.973684,13.163684,13.003684,12.933684,12.203684,11.043684,10.393684,9.583684,8.903684,8.533684,8.383684,7.623684,6.943684,6.7636843,6.433684,5.673684,4.523684,3.1236842,1.4436841,-0.12631592,-1.986316,-2.786316,-2.286316,-2.546316
-2.696316,-4.746316,-4.856316,-5.556316,-5.656316,-6.296316,-6.346316,-5.806316,-6.016316,-6.5263157,-7.156316,-8.166316,-8.236316,-8.916316,-9.7263155,-10.536316,-11.146316,-11.116316,-10.406316,-9.406316,-8.446316,-7.476316,-6.7563157,-6.086316,-5.336316,-5.576316,-6.2763157,-6.586316,-7.576316,-7.5263157,-8.606316,-0.58631593,11.763684,12.503684,12.293684,11.713684,11.043684,11.843684,11.933684,11.393684,10.553684,10.073684,9.193684,8.163684,7.433684,6.873684,6.083684,5.713684,5.123684,4.273684,3.3836842,2.453684,1.503684,-0.20631592,-0.7463159,-1.616316,-2.986316,-3.926316,-4.2163157,-3.246316
-5.4663157,-5.7563157,-6.586316,-6.686316,-7.096316,-7.286316,-7.706316,-7.476316,-5.476316,-6.516316,-8.676316,-9.136316,-9.716316,-10.646316,-11.036316,-11.516315,-11.596316,-10.9763155,-10.146316,-9.566316,-8.496316,-8.026316,-7.606316,-7.2563157,-7.226316,-7.196316,-8.056316,-7.676316,-5.326316,-4.376316,8.883684,9.633684,10.923684,10.743684,9.673684,9.013684,10.093684,10.573684,10.533684,9.883684,9.743684,9.113684,7.693684,6.633684,5.2836843,4.4736843,3.713684,2.983684,1.863684,0.79368407,0.053684082,-0.34631592,-1.126316,-1.7863159,-0.8063159,-1.8263159,-3.1063159,-4.436316,-5.656316,-1.5263159
-6.536316,-7.176316,-7.326316,-7.476316,-7.556316,-7.2363157,-7.416316,-5.976316,-5.9863157,-7.386316,-9.436316,-10.806316,-11.236316,-11.016315,-11.046316,-10.516315,-10.576316,-10.026316,-10.116316,-9.416316,-8.936316,-8.256316,-8.516315,-9.026316,-8.816316,-5.7363157,-6.146316,-2.966316,6.343684,9.433684,9.593684,9.393684,8.923684,7.663684,7.433684,8.943684,8.283684,9.653684,9.163684,8.613684,8.683684,7.173684,5.753684,4.353684,2.743684,1.3136841,0.6936841,-0.40631592,-1.756316,-2.3963158,-2.6563158,-2.316316,-1.5463159,-0.9963159,-1.5363159,-1.636316,-2.5763159,-3.676316,-3.8463159,-1.0663159
-6.7763157,-7.046316,-7.896316,-8.046316,-7.806316,-7.886316,-7.906316,-6.596316,-7.636316,-9.096316,-10.706316,-11.576316,-11.426316,-11.116316,-11.086316,-11.446316,-11.096316,-11.466316,-11.396316,-10.766315,-10.926316,-10.4763155,-9.896316,-10.876316,-2.8963158,7.423684,9.733685,8.813684,8.643684,8.403684,8.483685,7.883684,6.923684,6.593684,8.143684,7.833684,6.7836843,8.673684,7.673684,7.603684,6.713684,5.0136843,3.543684,1.883684,-0.33631593,-1.5763159,-2.3563159,-3.566316,-2.776316,-2.716316,-3.726316,-1.3263159,-0.09631592,-2.666316,-2.3263159,-2.1563158,-3.256316,-3.696316,-2.506316,-2.436316
-6.636316,-7.0263157,-8.096316,-7.586316,-7.076316,-7.816316,-8.176316,-8.686316,-8.966316,-9.256316,-9.836316,-11.2263155,-12.086316,-12.376316,-12.4763155,-11.896316,-11.776316,-12.236316,-11.806316,-12.946316,-11.876316,0.9736841,8.333684,8.963684,8.183684,7.663684,6.903684,6.7236843,7.433684,7.4736843,6.593684,5.563684,4.833684,6.683684,7.123684,6.7436843,7.233684,7.633684,6.053684,6.073684,4.623684,3.4036841,1.763684,-0.4463159,-2.526316,-3.756316,-5.266316,-2.996316,-1.3263159,-1.8163159,-3.496316,-5.346316,1.3036841,1.7336841,-0.8563159,-2.6563158,-5.706316,-2.506316,-4.696316,0.2936841
-8.866316,-9.026316,-7.746316,-7.846316,-9.176316,-8.306316,-8.156316,-9.376316,-9.926316,-10.816316,-11.986316,-12.466316,-12.916316,-12.926316,-12.426316,-12.576316,-12.776316,-13.146316,-10.786316,4.2836843,6.153684,8.223684,8.703684,6.823684,6.353684,6.183684,6.373684,6.433684,6.213684,5.853684,4.913684,3.063684,5.293684,5.383684,6.683684,6.893684,6.933684,5.653684,4.793684,4.133684,2.983684,1.633684,-0.14631592,-2.196316,-4.146316,-5.456316,-6.136316,-3.216316,-1.106316,-0.7363159,-2.3563159,-4.386316,-0.9163159,-1.5763159,-1.6663159,-3.1163158,-2.786316,-1.5263159,-1.626316,-3.6363158
-7.846316,-9.356316,-9.896316,-5.916316,-7.2763157,-9.776316,-9.146316,-9.936316,-10.9763155,-12.466316,-13.386316,-13.936316,-14.066316,-13.486316,-13.856316,-14.216316,-12.166316,5.4936843,7.963684,8.293684,8.993684,8.213684,7.2236843,6.663684,6.2236843,5.663684,5.4736843,5.503684,5.0136843,4.123684,2.3636842,4.183684,5.323684,5.003684,7.313684,6.003684,4.443684,3.553684,3.1636841,2.313684,0.99368405,0.14368409,-1.4063159,-3.166316,-4.786316,-6.016316,-6.266316,-3.6063159,-1.7863159,-0.4563159,-4.116316,-5.856316,0.55368406,1.3036841,1.2336841,1.9336841,-1.356316,-3.936316,-0.76631594,0.22368409
-2.6063159,-5.406316,-6.436316,-5.346316,-6.936316,-9.7263155,-11.106316,-11.386316,-13.116316,-14.276316,-14.566316,-15.086316,-15.316316,-13.816316,-14.956316,1.5736841,8.293684,8.583684,8.953684,9.043684,8.213684,7.453684,7.393684,6.543684,5.4936843,4.843684,4.333684,3.6536841,2.4236841,1.4036841,4.843684,5.083684,3.9036841,3.8736842,4.903684,3.3636842,2.463684,2.1436841,1.0936841,0.40368408,0.093684085,-0.64631593,-2.0863159,-3.516316,-4.796316,-5.626316,-5.786316,-3.8763158,-3.456316,-1.6863159,-2.3663158,-0.46631593,-0.21631593,-0.036315918,0.74368405,-0.5363159,-1.5463159,-2.3863158,-1.5863159,-0.9363159
