raw-data-f/2018100806f3.json
{"header": { "discipline":0, "disciplineName":"Meteorological products", "gribEdition":2, "gribLength":75587, "center":7, "centerName":"US National Weather Service - NCEP(WMC)", "subcenter":0, "refTime":"2018-10-08T06:00:00.000Z", "significanceOfRT":1, "significanceOfRTName":"Start of forecast", "productStatus":0, "productStatusName":"Operational products", "productType":1, "productTypeName":"Forecast products", "productDefinitionTemplate":0, "productDefinitionTemplateName":"Analysis/forecast at horizontal level/layer at a point in time", "parameterCategory":2, "parameterCategoryName":"Momentum", "parameterNumber":3, "parameterNumberName":"V-component_of_wind", "parameterUnit":"m.s-1", "genProcessType":2, "genProcessTypeName":"Forecast", "forecastTime":3, "surface1Type":103, "surface1TypeName":"Specified height level above ground", "surface1Value":10.0, "surface2Type":255, "surface2TypeName":"Missing", "surface2Value":0.0, "gridDefinitionTemplate":0, "gridDefinitionTemplateName":"Latitude_Longitude", "numberPoints":65160, "shape":6, "shapeName":"Earth spherical with radius of 6,371,229.0 m", "gridUnits":"degrees", "resolution":48, "winds":"true", "scanMode":0, "nx":360, "ny":181, "basicAngle":0, "lo1":0.0, "la1":90.0, "lo2":359.0, "la2":-90.0, "dx":1.0, "dy":1.0 }, "data":
[rows 130 to 155 of 181, columns 59 to 117 of 360]
-3.0041993,-2.3441992,-2.4041991,-2.5441992,-1.9541992,-1.0941992,-0.18419921,0.64580077,1.0058007,1.7658008,2.5358007,2.9558008,3.6458008,4.9858007,6.365801,6.725801,7.225801,7.8358006,8.3458,8.645801,8.965801,8.745801,9.155801,9.465801,9.875801,9.795801,7.965801,1.2958008,-2.6841993,-4.844199,-7.034199,-6.4141994,-6.3141994,-5.444199,-4.8541994,-4.1641994,-4.004199,-6.364199,-7.0841994,-7.0841994,-5.9541993,-4.484199,-4.054199,-4.004199,-4.574199,-3.4941993,-1.3841993,-2.0141993,-4.9141994,-4.6041994,-3.6841993,-3.5041993,-2.7641993,-1.5741992,-1.0041993,-0.8241992,-0.2841992,0.5758008,1.5258008
-3.3641992,-3.8341992,-3.1441991,-2.9941993,-3.0041993,-2.3141992,-1.4641992,-0.6341992,-0.24419922,-0.20419922,1.1158007,2.1758008,2.7158008,4.1858006,4.7558007,5.4158006,6.5658007,7.805801,8.455801,8.235801,7.745801,7.845801,8.625801,9.0558,8.745801,8.5558,8.275801,6.7358007,2.4558008,-1.4941993,-5.784199,-7.924199,-7.574199,-7.054199,-5.824199,-4.9541993,-4.194199,-5.6641994,-8.014199,-7.5641994,-6.424199,-4.924199,-4.884199,-5.4341993,-5.134199,-3.8641992,-1.4741992,-1.8241992,-4.674199,-4.9541993,-4.254199,-3.7941992,-3.7841992,-4.0641994,-3.3641992,-2.6241992,-1.9541992,-1.5241992,-0.7941992
-3.8441992,-4.1241994,-4.634199,-4.444199,-4.4141994,-4.0641994,-3.2341993,-2.4441993,-1.2841992,-1.6741992,-0.65419924,0.7558008,2.4358008,3.0258007,3.335801,4.225801,5.5458007,6.285801,6.675801,7.175801,7.655801,7.905801,7.975801,8.045801,8.145801,7.9358006,7.1258006,6.5658007,5.8358006,3.1158009,-1.3241992,-4.714199,-8.064199,-8.284199,-7.6841993,-7.114199,-6.044199,-6.284199,-7.5141993,-7.944199,-7.404199,-6.734199,-6.404199,-5.924199,-6.324199,-4.984199,-2.3241992,-0.85419923,-4.294199,-4.4941993,-3.6941993,-3.2741992,-3.5641992,-3.8541992,-3.9641993,-3.6341991,-3.0341992,-2.5241992,-1.6641992
-3.6341991,-4.864199,-5.554199,-5.504199,-5.424199,-5.364199,-4.6241994,-3.4741993,-2.6041992,-1.6441993,-1.2541993,0.12580079,1.6158007,2.3858008,3.4058008,4.0258007,4.635801,5.035801,5.2758007,5.715801,6.015801,6.345801,6.445801,6.6858006,7.175801,7.6458006,7.5058007,5.885801,4.285801,4.5058007,3.9258008,-3.5141993,-5.254199,-6.864199,-7.024199,-7.304199,-8.264199,-8.1142,-8.004199,-7.9941993,-8.494199,-8.244199,-7.594199,-7.174199,-7.794199,-6.574199,-4.344199,-1.6041992,-3.3941991,-5.254199,-4.0641994,-3.3741992,-4.1641994,-3.8441992,-3.2741992,-2.8641992,-2.6241992,-2.6041992,-2.414199
-6.0141993,-4.694199,-4.154199,-5.734199,-6.154199,-6.024199,-5.234199,-3.7641993,-2.2641993,-2.674199,-1.7641993,-0.18419921,0.6058008,2.0558007,2.7858007,3.3758008,4.6258006,6.0258007,6.965801,6.2758007,5.0858006,4.175801,4.445801,5.535801,6.535801,7.425801,7.7758007,7.5858006,6.865801,4.3958006,2.6758008,3.7358007,-6.154199,-7.1641994,-7.824199,-7.2441993,-7.654199,-8.9842,-9.174199,-8.384199,-8.9042,-9.564199,-8.934199,-8.294199,-8.284199,-7.6441994,-5.774199,-3.9641993,-4.234199,-5.384199,-5.2641993,-4.464199,-3.7341993,-3.2141993,-2.6141992,-2.0541992,-0.90419924,-0.66419923,-0.38419923
-8.854199,-8.254199,-7.524199,-6.1441994,-5.794199,-5.7241993,-5.2441993,-4.0841994,-3.1241992,-2.4641993,-1.7441993,-0.7041992,1.2158008,1.5358008,1.7258008,2.4658008,3.4158008,5.035801,6.6058006,7.1458006,6.715801,5.3958006,4.095801,3.4358008,4.305801,4.975801,5.2958007,5.305801,4.8758006,4.7958007,4.6458006,3.0458007,3.3858008,-6.6241994,-7.4541993,-8.624199,-8.414199,-8.724199,-9.494199,-8.954199,-8.894199,-10.884199,-10.6942,-9.474199,-9.2741995,-9.084199,-7.3741994,-6.234199,-6.3941994,-6.034199,-5.8141994,-4.5841994,-3.7741992,-2.5541992,-1.6241993,-0.9941992,0.22580078,0.58580077,0.6358008
-8.2342,-9.5241995,-9.224199,-8.714199,-6.574199,-4.794199,-5.404199,-4.4341993,-4.294199,-5.004199,-4.054199,-1.4641992,-0.05419922,0.11580078,0.09580078,0.4058008,2.2158008,5.135801,6.305801,6.5258007,6.365801,5.7558007,4.945801,3.6758008,3.0558007,3.2258008,3.5158007,2.9158008,2.1558008,2.2958007,2.8558009,2.5158007,2.6858008,4.055801,-6.384199,-8.244199,-9.604199,-9.754199,-9.644199,-10.1142,-9.384199,-10.644199,-11.814199,-10.344199,-9.594199,-9.014199,-8.224199,-8.014199,-7.8941994,-7.1641994,-7.3141994,-6.4141994,-4.884199,-3.414199,-2.3241992,-1.9641992,-1.2241992,-0.3141992,0.18580078
-4.864199,-9.204199,-9.134199,-8.214199,-7.6441994,-7.1841993,-6.074199,-5.6641994,-5.0141993,-4.2241993,-3.5341992,-2.0141993,-0.72419924,-0.12419922,-0.044199217,0.0058007813,1.3458008,2.5058007,4.0458007,5.5458007,5.745801,5.1058006,3.8758008,2.5558007,1.1358008,1.5358008,1.8458008,2.0358007,1.6458008,1.0158008,0.53580076,0.4658008,-0.12419922,0.21580078,1.9258008,-6.8141994,-9.7342,-9.424199,-10.724199,-11.054199,-10.884199,-11.514199,-12.124199,-11.704199,-11.494199,-10.7741995,-9.9442,-9.374199,-8.784199,-8.014199,-7.174199,-6.484199,-5.3541994,-4.4741993,-3.8841991,-3.4741993,-2.3541992,-1.0341992,-0.03419922
-2.2741992,-8.644199,-9.8242,-9.4042,-8.144199,-7.5641994,-6.7441993,-6.864199,-5.324199,-4.534199,-3.5941992,-1.6641992,-0.14419922,-0.36419922,-0.8341992,-0.6141992,-0.4041992,0.58580077,3.075801,4.245801,5.425801,5.455801,4.035801,1.8758007,0.045800783,-0.8141992,-0.6941992,-0.59419924,-0.05419922,0.22580078,0.06580078,-0.46419922,-0.13419922,-0.20419922,-0.85419923,0.5658008,-7.0141993,-10.924199,-10.704199,-11.554199,-12.044199,-12.704199,-13.564199,-13.674199,-12.784199,-11.4442,-10.714199,-10.0241995,-9.104199,-8.1942,-7.3141994,-6.884199,-6.174199,-5.8341994,-5.404199,-4.694199,-3.2341993,-1.5041993,-0.16419922
-4.1241994,-8.034199,-8.794199,-7.6441994,-7.1041994,-6.964199,-6.8341994,-6.9541993,-5.9941993,-4.8541994,-2.7341993,-2.4741993,-0.3441992,1.4058008,0.8058008,-0.26419923,-0.33419922,1.4758008,3.2658007,4.8558006,5.3158007,5.075801,4.2558007,2.6858008,0.6758008,-1.8141992,-2.1241992,-0.72419924,-0.30419922,-0.15419921,-0.20419922,-0.9241992,-0.33419922,0.77580076,0.6258008,-0.8941992,-0.16419922,-8.214199,-11.9442,-12.0241995,-13.244199,-14.004199,-14.624199,-14.954199,-14.3242,-13.2342,-12.3642,-11.414199,-10.724199,-10.384199,-9.704199,-8.2741995,-7.024199,-6.3141994,-6.0641994,-5.154199,-3.8041992,-2.1241992,-0.6741992
-5.944199,-7.504199,-7.0641994,-6.444199,-6.094199,-6.6441994,-6.5141993,-6.774199,-6.034199,-5.254199,-2.7641993,-0.8841992,0.9858008,1.3958008,2.0158007,2.075801,2.2958007,3.2358007,4.055801,4.745801,5.115801,5.075801,4.5658007,2.9758008,0.4058008,-1.3741993,-2.0741992,-1.0141993,-0.12419922,-0.05419922,-0.6241992,-0.84419924,-0.72419924,-0.02419922,0.6758008,0.7558008,-0.53419924,-0.104199216,-8.604199,-13.414199,-13.9442,-14.284199,-14.954199,-15.034199,-15.134199,-14.434199,-13.8242,-13.164199,-12.5241995,-11.934199,-10.7741995,-9.6542,-8.634199,-7.094199,-5.7241993,-5.0641994,-4.3141994,-2.9941993,-1.5341992
-4.864199,-5.634199,-5.754199,-5.6441994,-5.784199,-5.634199,-6.944199,-7.254199,-5.484199,-3.0541992,-1.3441992,-0.4741992,0.59580076,1.8658007,2.5258007,3.2258008,3.8758008,4.195801,4.2558007,4.3758006,4.5658007,4.5058007,4.7758007,3.4058008,0.3758008,-1.9541992,-1.9941993,-1.5641992,-0.84419924,-0.59419924,-1.0741992,-1.3841993,-1.1341993,-1.0441992,-0.9841992,-0.5841992,-0.8041992,-1.6141992,-1.0441992,-8.494199,-14.604199,-15.304199,-15.3242,-16.1542,-16.044199,-15.304199,-14.794199,-14.494199,-14.644199,-13.844199,-12.1542,-10.6942,-8.7342,-8.534199,-7.2441993,-5.9341993,-4.8941994,-3.8541992,-2.8141992
-4.024199,-4.194199,-4.594199,-5.004199,-6.594199,-8.624199,-6.7241993,-5.1641994,-3.7841992,-2.3741992,-0.8941992,-0.05419922,0.96580076,2.0458007,3.0058007,4.0458007,5.035801,5.475801,5.445801,4.8958006,4.265801,3.4858007,3.7258008,3.3658009,-1.2941992,-3.4041991,-2.2241993,-1.4041992,-1.2341992,-0.96419924,-1.6641992,-2.1141992,-2.1541991,-1.9841992,-2.0541992,-2.3441992,-2.4941993,-3.0641992,-3.4941993,-3.4741993,-9.634199,-15.064199,-16.364199,-16.374199,-16.0842,-16.114199,-15.974199,-15.254199,-15.6542,-14.9842,-13.464199,-11.794199,-10.284199,-8.954199,-7.7641993,-6.6641994,-5.444199,-4.3541994,-3.1541991
-2.6141992,-3.9541993,-6.5641994,-9.434199,-7.9941993,-6.3541994,-5.024199,-4.234199,-2.6541991,-1.0641992,-0.42419922,0.4058008,1.2458007,2.3958008,3.7258008,4.635801,5.9358006,6.3758006,5.705801,4.6258006,3.4358008,2.4658008,2.4858007,2.5658007,-0.6241992,-3.5141993,-2.0841992,-0.5141992,-0.38419923,-0.8941992,-1.7641993,-1.5841992,-1.3841993,-1.7641993,-2.5641992,-3.4541993,-4.5641994,-5.1441994,-5.7041993,-6.194199,-6.824199,-11.744199,-15.784199,-17.6542,-17.434198,-17.434198,-17.534199,-17.284199,-16.684198,-15.084199,-13.844199,-12.294199,-10.884199,-9.6142,-8.214199,-7.034199,-5.8741994,-4.3741994,-2.8741992
-4.1441994,-8.5241995,-9.2342,-7.784199,-6.7641993,-5.694199,-4.594199,-2.8541992,-1.4941993,-0.4041992,0.5158008,1.1458008,2.075801,3.0458007,4.4358006,6.1258006,7.195801,7.225801,6.6858006,5.825801,3.8158007,2.1858008,1.6258007,1.1558008,-0.5041992,-1.6741992,-0.7541992,0.15580077,-0.24419922,-1.0641992,-0.8841992,-0.77419925,-1.0041993,-1.8741993,-3.2741992,-5.0141993,-6.5641994,-7.9541993,-8.874199,-9.254199,-9.474199,-11.214199,-14.834199,-17.364199,-18.524199,-19.604198,-19.7242,-18.614199,-17.364199,-15.744199,-14.0742,-12.634199,-11.264199,-9.934199,-8.604199,-7.2241993,-5.674199,-4.0641994,-2.4441993
-10.264199,-9.9442,-8.724199,-7.9141994,-6.9141994,-5.6841993,-4.464199,-2.0841992,-0.23419923,0.77580076,1.3558007,2.1758008,3.2758007,4.175801,5.155801,6.265801,6.8558006,7.015801,7.715801,6.515801,3.3058007,1.8058008,0.8158008,-0.41419923,0.4058008,1.0358008,1.5958008,0.36580077,-0.3141992,0.9158008,2.0058007,2.085801,0.39580077,-1.2141992,-3.5041993,-6.3141994,-9.564199,-11.9842,-12.814199,-13.174199,-12.704199,-12.8642,-15.3242,-17.5742,-19.3242,-20.4142,-20.9942,-19.774199,-18.264198,-16.3142,-14.504199,-13.0241995,-11.454199,-10.094199,-8.714199,-7.0141993,-5.3741994,-3.7741992,-2.1141992
-11.4442,-9.5241995,-8.164199,-6.9541993,-6.1041994,-5.614199,-3.5441992,-1.1741992,0.3158008,1.7258008,3.0458007,3.6158009,4.195801,5.465801,6.035801,6.1458006,6.3558006,6.385801,7.015801,7.035801,1.6158007,1.3858008,1.5658008,1.1258007,0.9558008,2.8758008,0.17580079,1.7858008,3.4158008,4.5058007,5.385801,5.4158006,4.6458006,1.6158007,-3.914199,-9.964199,-14.6142,-16.7242,-16.4642,-16.0542,-15.394199,-14.8242,-16.294199,-18.364199,-20.194199,-21.8142,-22.2342,-21.294199,-19.1442,-17.044199,-15.094199,-13.384199,-11.674199,-10.0742,-8.354199,-6.6841993,-5.004199,-3.424199,-2.1141992
-11.6942,-9.884199,-8.314199,-6.9341993,-6.534199,-4.654199,-1.8741993,0.3758008,2.0358007,3.2058008,3.6558008,4.595801,5.9158006,6.705801,6.865801,6.205801,4.725801,3.4058008,4.825801,6.2758007,4.245801,0.25580078,-0.60419923,-0.27419922,1.2358007,-2.7841992,1.5058007,3.8958008,6.6858006,7.7758007,9.125801,11.245801,11.745801,3.835801,-6.694199,-12.0241995,-15.814199,-17.6442,-17.874199,-16.764198,-15.9442,-16.124199,-17.274199,-19.184198,-21.274199,-22.5042,-22.434198,-21.7542,-19.8442,-17.3342,-15.2342,-13.544199,-11.6542,-9.814199,-7.9541993,-6.2441993,-4.7441993,-3.2641993,-1.8541992
-12.244199,-10.764199,-9.784199,-9.754199,-7.3141994,-3.9341993,-0.8341992,1.1158007,2.4558008,3.4258008,4.965801,6.3558006,7.195801,7.8358006,7.455801,5.215801,1.9558008,0.0058007813,1.2858008,4.4358006,5.7558007,4.5858006,1.9858007,-0.8741992,-4.134199,-0.3441992,2.075801,4.825801,8.075801,10.0958,11.945801,14.865801,17.2858,10.565801,-5.734199,-9.184199,-12.9442,-15.3242,-16.624199,-16.8342,-16.374199,-16.7442,-17.9842,-19.874199,-21.204199,-21.6342,-21.3142,-20.4642,-18.5642,-16.4242,-14.4442,-12.6142,-10.744199,-8.874199,-7.044199,-5.3141994,-3.9841993,-2.9641993,-1.7941992
-12.2342,-10.094199,-8.924199,-6.154199,-3.4741993,-1.6741992,-0.05419922,1.7958008,3.1658008,4.0458007,4.925801,5.7358007,6.595801,6.905801,6.905801,4.745801,0.14580078,-0.46419922,0.8858008,2.1258008,2.7858007,4.015801,-2.2841992,-4.424199,-1.6441993,0.84580076,2.835801,4.695801,7.6058006,10.105801,11.285801,12.865801,14.985801,15.125801,12.895801,1.4558008,-10.494199,-13.9042,-15.014199,-15.724199,-16.544199,-17.194199,-18.4242,-19.264198,-20.1542,-19.9142,-18.8842,-17.6542,-16.1442,-14.724199,-13.064199,-11.354199,-9.474199,-7.6641994,-6.294199,-5.154199,-3.924199,-2.8241992,-1.7741992
-5.754199,-3.414199,-1.8741993,-1.7041992,-1.4841992,-0.8941992,0.12580079,0.9858008,1.9658008,2.9458008,4.095801,5.2758007,6.0658007,6.845801,6.345801,5.0258007,-2.1941993,-3.5041993,-2.0441992,-0.7541992,1.6958008,-3.8241992,-3.9441993,-2.3441992,-0.48419923,1.1558008,2.5558007,3.825801,5.1658006,7.1458006,9.615801,9.6358,8.8858,9.615801,9.215801,7.7558007,5.7558007,2.6358008,-0.8141992,-4.634199,-7.8741994,-10.5742,-12.384199,-12.434199,-14.314199,-13.974199,-14.334199,-12.884199,-13.424199,-12.474199,-10.924199,-9.4042,-7.9141994,-6.674199,-5.484199,-4.404199,-3.3941991,-2.0841992,-0.4041992
-0.5141992,-1.2041992,-1.4741992,-1.4741992,-1.0041993,-0.14419922,0.5558008,1.4958007,2.5358007,3.3958008,4.345801,5.365801,6.455801,6.8558006,6.445801,4.6658006,-1.5041993,-3.0341992,-2.7141993,-1.0841992,-6.3941994,-4.984199,-3.7141993,-2.1041992,-0.65419924,1.1058007,2.4958007,3.8558009,5.135801,5.8758006,6.445801,7.425801,9.0958,7.495801,5.4158006,4.155801,2.9758008,1.4158008,-0.32419923,-1.8741993,-3.5341992,-5.364199,-6.6241994,-7.9341993,-9.0241995,-9.294199,-8.794199,-8.714199,-8.794199,-8.224199,-7.194199,-6.0841994,-5.0641994,-4.6441994,-4.004199,-3.1241992,-2.0341992,-1.1141992,-0.48419923
0.8058008,0.025800781,-0.27419922,-0.014199219,0.5158008,1.1458008,1.6558008,2.1858008,2.5258007,3.3658009,4.4158006,5.095801,6.015801,6.725801,6.3158007,3.5958009,-2.1841993,-2.8941991,-4.074199,-7.9141994,-6.134199,-4.864199,-3.3241992,-2.0241992,-0.52419925,1.0458008,2.3758008,3.4758008,4.325801,5.015801,5.4858007,5.8358006,6.0658007,5.885801,5.555801,4.7958007,3.5558007,1.4458008,-0.49419922,-1.6441993,-2.5141993,-3.4641993,-4.5141993,-5.4741993,-6.364199,-6.3541994,-6.154199,-6.344199,-6.534199,-6.214199,-5.7241993,-4.804199,-3.9441993,-3.174199,-2.5741992,-1.9541992,-1.1941992,-0.30419922,0.4958008
1.6858008,1.5758008,1.4458008,1.5258008,1.7558007,1.9458008,1.9058008,2.2758007,3.325801,3.9958007,4.6858006,5.845801,6.865801,7.3358006,5.9858007,0.045800783,-3.6541991,-6.3941994,-6.444199,-5.694199,-4.5141993,-3.3941991,-2.2841992,-1.2041992,-0.06419922,0.9958008,1.9758008,2.7558007,3.2958007,3.6358008,3.7858007,3.6858008,3.5658007,3.4358008,3.1358008,2.7858007,2.2858007,1.6658008,1.0258008,0.20580079,-0.6241992,-1.0241992,-1.3441992,-1.6141992,-1.7241992,-1.7341992,-1.8241992,-2.1941993,-2.7841992,-3.4441993,-3.5341992,-3.0041993,-2.0441992,-1.2841992,-0.8241992,-0.4441992,-0.12419922,0.11580078,0.19580078
2.1758008,1.9758008,1.8858008,2.1558008,2.2958007,2.7558007,3.585801,3.7758007,4.175801,4.6258006,4.9858007,5.595801,6.0258007,6.365801,5.1058006,2.5258007,-0.2541992,-2.0941992,-3.2341993,-3.5441992,-3.0941992,-2.0641992,-1.0541992,-0.20419922,0.39580077,0.9158008,1.4858007,2.1158009,2.6658008,2.9958007,2.9758008,2.6258008,2.0658007,1.4358008,0.9258008,0.5458008,0.28580078,-0.044199217,-0.5041992,-1.1141992,-1.7641993,-2.6141992,-3.4941993,-4.3341994,-4.774199,-4.714199,-4.114199,-3.1241992,-2.1841993,-1.8541992,-1.7241992,-1.7341992,-1.7941992,-1.9241992,-1.9541992,-1.8341992,-1.6641992,-1.5141993,-1.4641992
2.0258007,1.8958008,1.8558007,2.1758008,2.6558008,3.325801,3.9758008,4.3158007,4.455801,4.595801,4.765801,4.695801,3.9458008,3.4858007,2.6358008,1.2258008,0.05580078,-0.8141992,-1.1941992,-1.2241992,-0.8741992,-0.45419922,-0.11419922,0.20580079,0.5658008,0.90580076,1.1158007,1.1858008,1.2358007,1.3058008,1.2858008,1.2558007,1.1158007,0.77580076,0.3758008,0.19580078,0.41580078,1.0758008,1.3658007,1.0858008,0.28580078,-0.3741992,0.16580078,0.15580077,-0.14419922,-0.6741992,-1.2541993,-1.5941992,-1.7141992,-1.6141992,-1.3241992,-1.1041992,-1.1041992,-1.1941992,-1.3841993,-1.8741993,-2.4541993,-2.664199,-2.5841992
