raw-data-f/2018100700f3.json
{"header": { "discipline":0, "disciplineName":"Meteorological products", "gribEdition":2, "gribLength":74804, "center":7, "centerName":"US National Weather Service - NCEP(WMC)", "subcenter":0, "refTime":"2018-10-07T00:00:00.000Z", "significanceOfRT":1, "significanceOfRTName":"Start of forecast", "productStatus":0, "productStatusName":"Operational products", "productType":1, "productTypeName":"Forecast products", "productDefinitionTemplate":0, "productDefinitionTemplateName":"Analysis/forecast at horizontal level/layer at a point in time", "parameterCategory":2, "parameterCategoryName":"Momentum", "parameterNumber":2, "parameterNumberName":"U-component_of_wind", "parameterUnit":"m.s-1", "genProcessType":2, "genProcessTypeName":"Forecast", "forecastTime":3, "surface1Type":103, "surface1TypeName":"Specified height level above ground", "surface1Value":10.0, "surface2Type":255, "surface2TypeName":"Missing", "surface2Value":0.0, "gridDefinitionTemplate":0, "gridDefinitionTemplateName":"Latitude_Longitude", "numberPoints":65160, "shape":6, "shapeName":"Earth spherical with radius of 6,371,229.0 m", "gridUnits":"degrees", "resolution":48, "winds":"true", "scanMode":0, "nx":360, "ny":181, "basicAngle":0, "lo1":0.0, "la1":90.0, "lo2":359.0, "la2":-90.0, "dx":1.0, "dy":1.0 }, "data":
[rows 52 to 77 of 181, columns 58 to 115 of 360]
-1.3206689,3.409331,-0.33066896,0.32933104,1.0093311,1.7893311,2.499331,4.059331,2.5693312,-1.380669,1.1793311,-1.410669,0.6093311,1.189331,1.1793311,0.99933106,-0.530669,-1.1206689,-0.47066894,2.5693312,3.959331,2.149331,-2.070669,-3.1606688,-3.520669,-3.960669,-3.6706688,-0.47066894,0.08933105,1.1693311,1.579331,2.519331,-0.81066895,2.139331,2.129331,3.0993311,1.3793311,2.0993311,-0.17066894,0.6093311,2.559331,2.519331,1.4293311,0.35933104,-2.070669,-0.6406689,-2.510669,-1.3306689,0.24933106,-0.14066894,0.27933106,1.2893311,1.3993311,2.0993311,3.529331,4.189331,2.689331,2.1093311
-2.510669,-2.210669,1.979331,3.899331,2.0993311,0.6593311,2.969331,5.589331,8.4593315,13.009331,10.469331,4.059331,3.309331,0.73933107,1.2893311,1.489331,0.19933106,-1.430669,-0.17066894,0.039331056,-0.5206689,-0.11066894,0.8593311,0.86933106,0.32933104,0.98933107,1.329331,1.2693311,0.119331054,0.9793311,1.559331,-1.530669,1.089331,-0.8406689,-1.4606689,2.3493311,5.619331,6.649331,7.249331,4.419331,1.839331,3.1193311,-2.6806688,0.67933106,1.2693311,-0.13066894,-1.6006689,-2.240669,-0.38066894,0.50933105,1.439331,0.12933105,-0.35066894,2.229331,2.5893312,2.469331,-1.030669,-0.63066894
-4.330669,-7.240669,-4.310669,0.63933104,0.73933107,-0.27066895,-1.4706689,0.51933104,0.51933104,0.82933104,2.249331,-0.30066895,-0.63066894,1.0093311,-0.38066894,0.29933107,-0.75066894,-0.060668945,-1.4906689,-0.9006689,-0.48066893,-0.68066895,-0.07066894,0.83933103,0.43933105,2.0793312,-0.26066893,-1.520669,-1.770669,-2.120669,-4.420669,-3.040669,-3.970669,-1.500669,-1.6106689,-2.020669,-1.160669,0.7893311,0.38933104,-0.60066897,0.9793311,2.209331,-1.630669,-0.530669,-1.5806689,-1.4806689,-1.000669,-1.190669,-1.6006689,-1.040669,-1.4806689,-1.790669,-1.4806689,1.319331,2.899331,1.229331,-3.340669,-1.690669
-6.600669,-3.030669,-3.590669,-4.270669,-4.920669,0.40933105,2.649331,0.61933106,-1.530669,-1.3706689,1.199331,2.5693312,-0.040668946,0.68933105,-0.75066894,-1.430669,-0.45066893,-1.0706689,-0.050668944,-1.3506689,-0.6406689,-0.39066896,1.069331,0.21933106,-0.9006689,-0.55066895,-2.200669,-2.950669,-3.730669,-5.020669,-5.0306687,-5.250669,-5.970669,-4.7606688,-7.080669,-6.210669,-7.420669,-6.210669,-4.490669,-3.850669,-2.6806688,-0.63066894,-2.030669,-0.57066894,-0.25066894,-1.640669,-2.120669,-1.770669,-1.160669,-1.6206689,-1.890669,-2.6506689,-2.240669,0.21933106,-0.62066895,-2.460669,-3.070669,-2.350669
-1.0706689,-4.770669,-4.670669,-6.650669,-1.2306689,-3.620669,-0.8906689,-0.26066893,0.059331056,-1.260669,2.019331,0.25933105,1.459331,3.279331,0.89933103,-3.020669,-2.260669,0.28933105,-2.850669,-0.020668946,1.2693311,0.36933106,0.38933104,-0.7706689,-1.780669,-1.7006689,0.64933103,-3.620669,-1.930669,-4.940669,-2.6406689,1.869331,-1.0806689,0.24933106,-3.3806689,-2.810669,-1.500669,-3.360669,-1.4706689,-3.6606688,-5.140669,-4.060669,-2.730669,-1.7106689,-1.7006689,-2.1306689,-1.6106689,-1.9906689,-0.87066895,-0.75066894,-1.1206689,0.23933105,-1.800669,-1.280669,-0.51066893,-1.3506689,-1.020669,-2.040669
-6.360669,-3.260669,-1.000669,3.149331,2.389331,-0.19066894,-1.7406689,-0.74066895,-1.800669,0.99933106,-1.4806689,0.19933106,2.129331,-0.100668944,-1.150669,0.99933106,-1.430669,-2.320669,-0.29066893,-1.4806689,0.039331056,1.239331,2.199331,3.549331,-0.82066894,-0.14066894,3.159331,5.099331,5.179331,5.979331,5.389331,3.549331,2.389331,2.399331,3.3493311,2.269331,1.229331,0.35933104,-1.190669,-0.85066897,-1.030669,-2.100669,-1.9706689,-1.8506689,-0.5206689,-1.9506689,-1.8506689,-1.7306689,-1.000669,-0.48066893,-0.68066895,0.15933105,-1.4906689,-1.8306689,-3.280669,-2.530669,-1.790669,-2.4006689
3.6093311,-2.810669,-1.170669,6.2393312,5.769331,1.609331,-1.890669,-2.4206688,-0.66066897,-1.060669,1.099331,1.189331,1.869331,-1.050669,-0.75066894,-0.91066897,-1.550669,-2.360669,-2.370669,-0.8306689,-0.22066894,0.7893311,1.489331,1.709331,2.8193312,2.3593311,3.169331,5.109331,5.579331,5.149331,4.919331,6.099331,6.849331,3.059331,2.199331,0.25933105,-1.9806689,0.40933105,0.6593311,-0.030668946,0.64933103,0.57933104,-0.91066897,-0.5906689,-0.36066896,-1.260669,-1.810669,-0.69066894,-0.24066895,-0.6406689,-0.08066895,-1.180669,0.10933106,-1.3206689,-0.22066894,-3.090669,-3.830669,-4.080669
5.109331,-1.430669,-4.860669,2.399331,5.729331,5.999331,3.379331,2.769331,0.27933106,0.89933103,3.539331,1.2793311,0.61933106,1.2693311,-1.270669,-0.970669,-0.44066894,-0.91066897,-1.3606689,-1.8706689,-0.13066894,-0.54066896,-0.26066893,0.87933105,1.979331,0.719331,2.809331,3.719331,5.629331,5.919331,6.2393312,5.319331,5.099331,4.649331,1.7693311,0.51933104,-0.74066895,-0.48066893,1.499331,-0.040668946,-0.0106689455,1.6793311,1.099331,-1.050669,-0.54066896,-0.720669,-1.1106689,-0.73066896,-0.62066895,0.79933107,-0.6506689,-2.100669,-1.2406689,-0.61066896,-1.760669,-0.98066896,-0.87066895,0.31933105
0.12933105,3.559331,-4.470669,-2.020669,4.499331,5.799331,8.2093315,2.6093311,-0.79066896,1.6793311,-0.17066894,-0.35066894,0.47933105,0.48933107,-1.640669,-2.1606688,-0.98066896,-6.689453E-4,0.54933107,-1.190669,-1.4906689,-1.2306689,-0.56066895,0.88933104,-0.08066895,0.98933107,1.7593311,3.689331,3.999331,3.469331,1.809331,0.48933107,2.1193311,-0.09066895,0.75933105,-1.9606689,-0.6506689,-2.060669,2.009331,0.049331054,1.219331,-0.060668945,1.7593311,0.89933103,-1.4606689,0.26933107,1.339331,0.15933105,0.6093311,0.73933107,0.23933105,-0.66066897,-0.8306689,-1.6106689,-0.67066896,-1.520669,-0.22066894,-1.9906689
-0.73066896,5.409331,-1.440669,-0.81066895,2.439331,2.8493311,-0.24066895,-0.530669,-1.1106689,2.299331,-0.5906689,-0.25066894,-0.22066894,-1.420669,-1.380669,-2.1506689,-1.7206689,-1.660669,-1.260669,-0.16066894,0.19933106,-0.5206689,-0.720669,-0.35066894,-0.24066895,-0.07066894,-0.22066894,0.62933105,2.3593311,1.2793311,1.439331,-0.41066894,2.379331,0.37933105,-0.020668946,-1.3406689,-1.160669,-0.0106689455,-1.2106689,5.399331,2.709331,-0.13066894,2.209331,0.30933106,-0.91066897,-0.970669,1.1693311,0.81933105,0.79933107,-0.44066894,0.20933105,-0.46066895,-1.280669,-0.27066895,0.12933105,0.8493311,-0.7106689,-0.37066895
1.609331,-2.290669,2.279331,-0.35066894,0.13933106,9.579331,2.8593311,0.25933105,0.16933106,2.0793312,-0.8406689,-0.32066894,-1.3306689,-0.9606689,-0.38066894,-1.2406689,-1.2406689,-1.3606689,-1.3706689,-1.140669,-0.69066894,-0.060668945,-0.74066895,-1.410669,-1.180669,-0.8906689,-0.23066895,0.17933105,-0.50066894,0.80933106,2.229331,1.109331,-0.38066894,-1.1206689,2.019331,-2.870669,0.32933104,0.61933106,1.109331,1.3793311,0.40933105,1.2793311,1.6793311,0.86933106,-1.2106689,-2.770669,-0.91066897,0.93933105,-0.69066894,-0.7706689,-0.24066895,1.3793311,-0.63066894,-1.7406689,-1.130669,-0.37066895,-1.510669,-1.670669
0.29933107,0.98933107,1.329331,0.40933105,0.5993311,1.0293311,1.489331,0.6693311,0.28933105,2.3193312,-0.720669,-0.530669,-1.280669,0.88933104,0.08933105,-1.7206689,0.58933103,-1.180669,-1.5706689,-2.070669,-2.1506689,-1.560669,-0.23066895,0.6693311,-1.3206689,-2.810669,-3.060669,-2.360669,-0.57066894,-0.28066894,0.18933105,0.6093311,-0.9606689,-0.47066894,-0.5906689,0.049331054,-1.8506689,0.44933105,-0.5206689,-0.37066895,1.339331,0.89933103,1.369331,1.1793311,0.45933107,-1.0806689,-1.2006689,-1.3206689,-1.7306689,-0.29066893,-0.93066895,-0.0106689455,-0.20066895,-1.270669,-0.60066897,-0.12066895,-1.5706689,-0.36066896
-0.85066897,0.33933106,1.4293311,1.319331,0.27933106,-0.15066895,0.5393311,0.019331055,0.06933106,1.339331,1.0393311,1.099331,1.1393311,-0.13066894,0.6593311,1.5493311,0.48933107,1.249331,3.149331,1.8793311,1.339331,-0.47066894,-1.060669,0.049331054,0.049331054,0.16933106,0.75933105,-0.82066894,-3.280669,-3.600669,-2.780669,-2.870669,-2.470669,-1.4806689,-0.56066895,1.2593311,0.87933105,0.83933103,-0.36066896,-0.75066894,0.83933103,0.36933106,1.339331,1.859331,1.099331,2.249331,2.3693311,-1.550669,-1.020669,-0.38066894,-0.5906689,-0.98066896,0.70933104,-1.4906689,-0.57066894,0.06933106,-0.42066896,0.06933106
-4.730669,-3.810669,-0.48066893,1.739331,1.079331,1.4293311,3.519331,3.0893312,2.8693311,1.969331,3.449331,2.679331,2.199331,-0.44066894,1.559331,0.079331055,2.3693311,1.0093311,0.35933104,0.36933106,2.029331,1.589331,1.479331,1.569331,1.9193311,1.739331,0.88933104,1.949331,1.869331,1.319331,-0.81066895,-0.93066895,-2.250669,-1.150669,-0.08066895,0.059331056,0.7893311,-1.250669,-0.85066897,-0.39066896,-0.030668946,-0.25066894,0.48933107,0.94933105,-0.26066893,1.0493311,0.9193311,-1.170669,-0.68066895,0.009331055,0.15933105,-0.85066897,-1.290669,-1.160669,-0.66066897,-0.13066894,-0.67066896,0.51933104
-0.88066894,-3.720669,-0.44066894,1.569331,1.9293311,1.6493311,1.5493311,1.579331,1.739331,1.7993311,2.509331,1.3993311,0.98933107,-1.6006689,-1.170669,-1.140669,-6.689453E-4,0.08933105,1.0093311,0.73933107,1.7793311,1.6793311,1.599331,1.469331,1.339331,1.3893311,0.10933106,0.049331054,1.5193311,1.349331,0.31933105,-0.42066896,-2.330669,-1.2206689,0.009331055,0.24933106,-0.5206689,0.09933105,-0.81066895,-0.060668945,-0.82066894,-0.82066894,-0.19066894,-0.5806689,0.5393311,-0.24066895,0.36933106,-0.8906689,-1.510669,-0.720669,-1.250669,-1.4706689,0.049331054,-0.780669,-0.67066896,-0.99066895,0.009331055,-0.88066894
0.12933105,0.6693311,-1.2206689,1.8793311,1.439331,0.35933104,0.009331055,0.23933105,0.049331054,-0.93066895,-0.22066894,-0.9006689,0.7293311,-0.38066894,-2.230669,-1.650669,-1.440669,-0.50066894,-0.50066894,-0.41066894,1.099331,0.93933105,-0.29066893,0.16933106,0.119331054,0.039331056,0.5993311,0.82933104,1.2993311,0.82933104,-0.34066895,-0.74066895,-1.180669,-0.27066895,-0.40066895,0.009331055,-0.66066897,-0.67066896,-0.030668946,-0.22066894,-0.75066894,0.39933106,-1.160669,-0.42066896,0.029331055,-1.1006689,0.21933106,-0.27066895,-0.6406689,-1.390669,-1.550669,-2.010669,-2.4206688,-2.330669,-1.800669,-0.92066896,-1.4606689,-0.33066896
-0.780669,2.539331,3.1193311,1.979331,0.40933105,-0.68066895,-1.000669,-1.7306689,-1.8206689,-1.3506689,-1.900669,-0.21066895,-1.030669,-1.260669,-1.880669,-2.790669,-1.530669,-1.2306689,-1.8406689,-0.56066895,-1.0906689,-0.29066893,-0.19066894,-0.38066894,-0.60066897,-0.8406689,-0.87066895,0.21933106,-0.040668946,1.0293311,-0.19066894,-0.48066893,-0.91066897,-0.47066894,-1.150669,0.37933105,-1.0806689,0.98933107,-0.73066896,-0.67066896,-1.390669,-0.11066894,-0.73066896,0.31933105,-0.9606689,-0.780669,-0.54066896,-0.39066896,0.08933105,-0.95066893,-1.300669,-0.94066894,-0.70066893,-0.74066895,-1.4506689,-1.550669,-3.4106688,-5.950669
-0.47066894,1.689331,1.5093311,0.34933105,-1.190669,-2.110669,-2.830669,-3.200669,-3.030669,-2.6506689,-1.5906689,-1.2106689,-3.050669,-2.710669,-4.080669,-2.610669,-3.110669,-2.980669,-2.350669,-2.010669,-1.4606689,-1.260669,-1.3406689,-1.790669,-0.45066893,-0.36066896,0.32933104,0.20933105,0.8593311,1.439331,1.059331,-1.5706689,0.09933105,-0.38066894,-1.3606689,-0.16066894,-0.050668944,1.229331,-0.22066894,0.38933104,-1.560669,0.079331055,-0.5906689,-0.60066897,-1.1106689,-0.41066894,-1.1206689,-1.3406689,-1.660669,-2.300669,-3.790669,-4.570669,-3.780669,-3.820669,-3.710669,-4.060669,-5.330669,-6.820669
0.87933105,0.24933106,-0.68066895,-1.780669,-2.580669,-3.070669,-3.850669,-4.200669,-3.8906689,-3.440669,-3.740669,-3.620669,-2.960669,-4.340669,-5.750669,-2.610669,-4.290669,-3.8806689,-2.500669,-2.440669,-1.8706689,-1.760669,-1.500669,-1.3506689,-1.510669,-0.46066895,-0.11066894,0.38933104,0.18933105,0.76933104,0.08933105,-0.70066893,-0.54066896,-0.40066895,-1.3606689,-2.060669,0.69933105,-0.34066895,-0.43066895,-0.88066894,-0.020668946,-0.47066894,-0.530669,-0.780669,-0.67066896,-0.7706689,-0.93066895,-1.630669,-2.020669,-4.040669,-5.0306687,-3.990669,-2.990669,-4.340669,-4.350669,-4.450669,-4.210669,-4.040669
0.6693311,-0.88066894,-2.270669,-3.270669,-3.450669,-3.860669,-4.5306687,-4.8006687,-4.690669,-4.640669,-4.410669,-3.6606688,-2.4206688,-2.240669,-5.110669,-2.210669,-4.820669,-4.330669,-3.4306688,-1.9706689,-1.0706689,-0.63066894,-0.81066895,-1.2006689,-1.650669,-1.420669,0.059331056,0.68933105,-2.190669,-2.590669,-3.1406689,-2.6306689,-1.810669,-0.76066893,-0.43066895,-1.760669,-0.27066895,-0.88066894,-0.85066897,-0.95066893,0.09933105,-0.35066894,-1.2206689,-0.45066893,-0.33066896,-0.17066894,-1.180669,-1.640669,1.4093311,-2.1506689,-1.940669,-1.1106689,-1.060669,-3.840669,-4.690669,-4.3006687,-3.9206688,-3.540669
-0.19066894,-1.690669,-3.3806689,-4.320669,-4.310669,-4.380669,-4.980669,-5.520669,-5.0106688,-4.790669,-4.220669,-3.9306688,-3.6606688,-3.790669,-4.2806687,-2.460669,-5.0106688,-4.630669,-4.7806687,-3.3906689,-1.8206689,-1.5806689,-1.000669,-0.62066895,-0.24066895,-1.500669,-0.8906689,-3.520669,-3.320669,-3.540669,-3.620669,-3.590669,-2.990669,-2.610669,-2.950669,-3.340669,-2.370669,-1.3606689,-0.61066896,-0.19066894,-0.42066896,-0.37066895,-0.9006689,-2.300669,-1.420669,-1.2206689,-0.9006689,-0.970669,-0.37066895,-0.5906689,-2.6306689,-1.6206689,-4.420669,-3.6506689,-4.220669,-4.220669,-3.720669,-3.280669
-0.51066893,-1.8506689,-3.550669,-4.620669,-4.930669,-5.390669,-5.500669,-5.740669,-5.160669,-4.920669,-4.370669,-4.000669,-4.450669,-5.920669,-5.330669,-4.7806687,-5.340669,-5.950669,-4.990669,-3.110669,-3.080669,-1.800669,-0.70066893,-1.1206689,-2.700669,-4.740669,-4.930669,-4.180669,-4.070669,-4.460669,-4.610669,-3.850669,-3.800669,-4.660669,-5.670669,-5.600669,-4.830669,-2.6406689,-2.120669,-3.350669,-0.5206689,-2.810669,-0.61066896,-1.9906689,-1.650669,-2.8806689,-2.6806688,-2.1506689,-1.7306689,-0.48066893,0.41933104,-2.770669,-2.940669,-2.460669,-3.080669,-3.1506689,-3.540669,-2.6606688
-0.61066896,-1.430669,-3.090669,-4.200669,-5.230669,-6.540669,-6.880669,-6.810669,-6.820669,-4.810669,-5.5106688,-4.950669,-4.970669,-5.220669,-4.150669,-4.5506687,-4.0106688,-6.560669,-6.020669,-3.350669,-2.290669,-2.6406689,-1.790669,-2.6406689,-5.2606688,-4.930669,-5.240669,-4.680669,-3.9206688,-4.020669,-4.310669,-4.400669,-5.310669,-6.250669,-7.360669,-8.810669,-6.750669,-2.970669,-4.610669,-2.120669,-0.780669,-1.7306689,-1.5706689,-3.210669,-3.1806688,-4.500669,-4.560669,-3.730669,-1.2306689,-1.430669,-1.1206689,-0.63066894,-1.6106689,-2.4106688,-2.360669,-2.570669,-2.470669,-2.110669
-0.38066894,-1.170669,-2.120669,-3.320669,-5.520669,-7.380669,-9.840669,-8.360669,-8.190669,-7.880669,-7.090669,-7.840669,-7.2806687,-6.470669,-3.770669,-5.650669,-3.620669,-5.900669,-6.020669,-4.880669,-4.100669,-2.460669,-3.030669,-4.720669,-4.420669,-4.130669,-4.670669,-4.8006687,-4.450669,-4.630669,-4.400669,-5.310669,-5.190669,-6.7806687,-7.440669,-5.990669,-5.120669,-5.070669,-2.970669,-3.810669,-1.020669,-1.890669,0.039331056,-3.850669,-3.760669,-3.1806688,-2.220669,-0.5206689,1.4093311,-0.46066895,-1.4706689,0.62933105,-1.520669,-1.9806689,-1.9506689,-2.050669,-1.8606689,-2.1606688
0.44933105,-0.17066894,-1.1006689,-2.210669,-2.940669,-7.060669,-9.440669,-10.270669,-9.690669,-8.030669,-8.870669,-7.7606688,-6.900669,-6.620669,-5.870669,-4.5106688,-5.020669,-4.7806687,-6.210669,-4.850669,-2.510669,-1.150669,0.75933105,-2.960669,-3.570669,-3.4306688,-4.560669,-5.230669,-4.340669,-4.200669,-5.2806687,-4.690669,-4.150669,-6.890669,-6.400669,-5.290669,-6.200669,-3.800669,-2.590669,-3.330669,-1.9706689,-1.5906689,-1.270669,-1.640669,-2.500669,-2.840669,-1.7306689,-1.190669,-0.99066895,-0.780669,-2.000669,-2.090669,-2.210669,-1.9506689,-1.800669,-2.000669,-2.480669,-2.6806688
2.1193311,1.059331,0.21933106,0.79933107,0.10933106,-3.090669,-6.920669,-9.720669,-10.640669,-10.630669,-10.030669,-10.450669,-9.960669,-6.790669,-6.5106688,-4.930669,-4.2806687,-1.050669,-5.620669,-3.9106688,-2.570669,-0.28066894,-0.80066895,-2.110669,-3.190669,-4.340669,-5.0106688,-4.560669,-4.720669,-3.580669,-4.370669,-4.5306687,-2.620669,-3.8806689,-1.520669,-1.000669,-4.060669,-1.1106689,-1.810669,-3.760669,-3.550669,-0.80066895,-0.50066894,-1.3506689,-2.480669,-2.030669,-2.470669,-1.9806689,-2.3906689,-3.480669,-2.1606688,-2.1706688,-2.610669,-2.6806688,-2.6506689,-2.690669,-2.9006689,-3.4006689
