raw-data-f/2018100718.json
{"header": { "discipline":0, "disciplineName":"Meteorological products", "gribEdition":2, "gribLength":74771, "center":7, "centerName":"US National Weather Service - NCEP(WMC)", "subcenter":0, "refTime":"2018-10-07T18:00:00.000Z", "significanceOfRT":1, "significanceOfRTName":"Start of forecast", "productStatus":0, "productStatusName":"Operational products", "productType":1, "productTypeName":"Forecast products", "productDefinitionTemplate":0, "productDefinitionTemplateName":"Analysis/forecast at horizontal level/layer at a point in time", "parameterCategory":2, "parameterCategoryName":"Momentum", "parameterNumber":2, "parameterNumberName":"U-component_of_wind", "parameterUnit":"m.s-1", "genProcessType":2, "genProcessTypeName":"Forecast", "forecastTime":0, "surface1Type":103, "surface1TypeName":"Specified height level above ground", "surface1Value":10.0, "surface2Type":255, "surface2TypeName":"Missing", "surface2Value":0.0, "gridDefinitionTemplate":0, "gridDefinitionTemplateName":"Latitude_Longitude", "numberPoints":65160, "shape":6, "shapeName":"Earth spherical with radius of 6,371,229.0 m", "gridUnits":"degrees", "resolution":48, "winds":"true", "scanMode":0, "nx":360, "ny":181, "basicAngle":0, "lo1":0.0, "la1":90.0, "lo2":359.0, "la2":-90.0, "dx":1.0, "dy":1.0 }, "data":
[rows 75 to 99 of 181, columns 171 to 227 of 360]
-5.5907884,-4.8707886,-4.7707887,-5.1207886,-5.0407887,-4.920789,-4.9107885,-4.3907886,-3.3307886,-2.8607886,-1.8007885,-0.65078855,0.009211426,1.7592114,2.2892115,2.9492114,4.0092115,1.8392115,0.06921142,-0.44078857,-1.2607886,-2.1207886,-3.2207885,-4.130789,-4.0607886,-4.7307887,-4.0207887,-5.2007885,-5.0307884,-4.420789,-4.0607886,-4.650789,-4.1607885,-5.0707884,-6.0207887,-5.2907887,-4.900789,-4.5407887,-4.5707884,-5.8307886,-6.6107883,-6.5907884,-6.5907884,-6.2607884,-6.1607885,-5.9507885,-6.420789,-5.9907885,-5.1607885,-7.380789,-7.7607884,-7.3007884,-6.8107886,-6.1807885,-4.9707885,-3.8707886,-2.8607886
-5.5907884,-5.4307885,-4.7507887,-4.0607886,-4.4907885,-5.0107884,-4.3207884,-3.8707886,-3.8607886,-3.5007887,-1.4407886,-0.34078857,0.99921143,5.3892117,3.9192114,3.5292115,2.1692114,0.84921145,0.029211426,-0.7807886,-1.6307886,-2.9207885,-3.3007886,-4.7207885,-4.4907885,-5.1907887,-4.3907886,-5.3607883,-4.4407887,-3.8107886,-3.9007885,-3.5407887,-3.7207885,-4.8207884,-4.9507885,-5.3107886,-5.2907887,-4.6607885,-4.4607887,-5.3107886,-6.0007887,-6.4307885,-6.880789,-6.7207885,-6.3507886,-6.0007887,-5.670789,-5.8407884,-3.8407886,-4.630789,-7.920789,-7.2607884,-6.7407885,-6.3707886,-5.7507887,-3.3007886,-1.4507886
-5.150789,-5.0007887,-4.8707886,-4.6607885,-4.7907887,-4.7407885,-4.2807884,-3.4407885,-2.2307885,-0.7407886,0.13921143,1.7992114,4.5392113,4.5892115,3.2692115,2.5792115,1.5592114,0.24921143,0.16921143,-1.3607886,-2.3607886,-3.2407885,-3.5407887,-4.9707885,-4.8007884,-5.4107885,-5.3607883,-5.2207885,-4.1607885,-3.9307885,-3.9607885,-4.9107885,-4.3207884,-5.420789,-5.8407884,-5.7607884,-5.3207884,-4.7007885,-4.8307886,-5.0407887,-5.7407885,-6.9707885,-7.2807884,-7.0407887,-6.6007886,-6.0607886,-5.2407885,-4.6607885,-3.9607885,-2.0607886,-0.88078856,-2.1607885,-1.0807886,-2.2607887,-3.8007886,-2.4707885,-0.6107886
-3.1707885,-3.8307886,-3.1907885,-2.4407885,-1.6707885,-1.9107885,-1.2807885,0.15921143,1.1492114,2.4192114,3.6192114,4.2692113,5.3992114,2.8992114,1.5292114,1.2092115,0.41921142,-0.46078858,-0.30078858,-2.0407887,-3.1907885,-3.5407887,-3.9507885,-4.9707885,-4.9807887,-4.9507885,-5.5407887,-5.0107884,-4.4407887,-4.4107885,-4.150789,-3.8707886,-4.9407887,-5.4807887,-5.670789,-5.3007884,-4.8207884,-4.7507887,-5.0507884,-5.170789,-5.6807885,-6.650789,-7.6807885,-7.8207884,-7.130789,-6.380789,-5.4507885,-4.5007887,-3.4407885,-2.1207886,-0.9807886,-0.34078857,0.12921143,1.4792114,2.2792115,0.36921144,1.2292114
-0.6607886,0.18921143,0.33921143,0.85921144,1.4792114,2.9992113,3.6392114,1.8092114,2.6192114,2.7592115,3.5692115,3.5592115,2.5292115,0.37921143,1.0592114,0.6892114,-0.37078857,-0.71078855,-2.0607886,-2.5307887,-3.5407887,-3.8107886,-4.670789,-4.650789,-5.2707887,-5.2507887,-5.0707884,-5.0507884,-5.150789,-5.0007887,-4.1807885,-4.1107883,-4.2007885,-4.9807887,-5.0407887,-4.7707887,-4.7907887,-4.9707885,-5.130789,-5.2607884,-5.8007884,-6.0307884,-6.8707886,-7.880789,-7.9407887,-6.920789,-6.0507884,-4.7207885,-3.3907886,-1.8807886,-0.8007886,-0.52078855,-0.30078858,0.27921143,1.5692115,3.2092113,4.2592115
1.9892114,1.6792114,2.1192114,2.2192113,3.0292115,3.7392113,4.2192116,3.8192115,2.5392115,2.3192115,2.5992115,1.4892114,1.7492114,-0.52078855,-7.885742E-4,-0.16078858,-0.6607886,-1.8607886,-2.3707886,-3.0407887,-3.7507887,-4.0707884,-5.0207887,-4.8307886,-5.6107883,-5.670789,-5.3707886,-5.5507884,-5.2307887,-4.7507887,-4.420789,-4.3907886,-4.6007886,-5.1007886,-4.6907887,-4.4807887,-4.400789,-5.5107884,-5.0407887,-4.6807885,-4.5907884,-5.170789,-5.9607887,-7.3607883,-7.3307886,-6.7307887,-5.9707885,-4.8207884,-3.7007885,-2.2607887,-1.5507885,-1.2107886,-0.7907886,-0.020788575,1.0992115,2.3692114,4.6092114
3.3192115,3.3292115,3.4092114,3.2892115,4.1392117,3.8592114,3.8592114,2.5292115,1.4692115,1.1192114,2.0892115,1.9192114,0.84921145,-1.1907886,-0.010788574,-0.26078856,-1.2507886,-1.5907886,-2.8707886,-3.6407886,-4.0607886,-4.130789,-5.1107883,-5.130789,-5.5507884,-5.6107883,-5.3607883,-5.170789,-5.0407887,-5.0607886,-4.7707887,-5.0707884,-5.0207887,-5.2107887,-4.7607884,-3.9807885,-5.2607884,-5.3307886,-4.8207884,-4.1407886,-4.1007886,-3.9907885,-4.5907884,-4.2307887,-3.3407886,-3.1107886,-4.9907885,-4.1207886,-3.8807886,-3.3107886,-2.5107887,-2.2507887,-1.5807886,-0.26078856,1.0192114,2.3692114,3.9092114
4.7792115,4.349211,3.4092114,3.6292114,2.8092115,2.5992115,2.3992114,1.1192114,0.5292114,0.59921145,0.6992114,0.67921144,0.6392114,-0.25078857,-1.0507885,-1.4207885,-1.1107886,-0.7907886,-1.6607885,-4.0007887,-4.3007884,-4.0307884,-4.1407886,-5.6007886,-5.1107883,-5.3707886,-4.8007884,-4.5907884,-4.8607883,-4.2107887,-5.170789,-5.5907884,-5.5307884,-5.5807886,-4.920789,-4.4907885,-4.1107883,-3.7107885,-3.7407885,-2.9607885,-3.0207887,-1.9207885,-0.20078857,1.5192114,0.31921142,0.20921142,-0.27078858,-1.1707885,-1.5107886,-1.4407886,-2.0207887,-2.2107885,-1.0807886,1.4992114,2.2492113,2.7792115,4.1092114
4.6592116,3.4092114,3.0192115,2.8292115,1.0692115,1.0892115,0.42921144,0.44921142,0.08921143,-0.38078856,-0.33078858,-0.21078858,-1.0107886,-1.2507886,-1.1907886,-1.5207886,-1.3907886,-0.76078856,-2.6007886,-3.7307885,-4.400789,-3.7807887,-4.130789,-4.5307884,-4.7107887,-4.6007886,-4.1607885,-4.130789,-4.4707885,-4.5207887,-4.3607883,-4.420789,-6.0107884,-5.0107884,-4.9807887,-3.3007886,-2.1207886,-1.2207886,-0.95078856,-1.2507886,1.7392114,2.9392114,3.5692115,3.0992115,3.7492113,1.1492114,1.5892115,1.0292114,0.6892114,1.9792114,2.8892114,3.5492115,4.4092116,3.8292115,3.5692115,4.1592116,4.8392115
3.2592115,1.8192115,1.5592114,1.6392114,0.07921143,0.049211428,0.12921143,0.2692114,-1.1707885,-0.89078856,-0.69078857,-1.6207886,-1.7207886,-1.8107886,-1.7707886,-1.7507886,-1.3407886,-0.27078858,-2.3807886,-2.5107887,-3.3107886,-3.3707886,-4.4307885,-4.1807885,-4.4407887,-3.5307887,-3.7007885,-4.3207884,-4.3307886,-3.6807885,-3.1407886,-2.6707885,-1.5807886,-1.0407885,-0.11078858,0.43921143,-0.23078857,1.1392114,2.2492113,2.7392113,1.9692115,1.6192114,1.3892114,2.1192114,1.4992114,1.7492114,2.7292113,1.0792115,1.1792114,2.3592114,3.5292115,3.5492115,2.8092115,2.0192115,1.6692114,2.5392115,3.6092114
1.2192115,0.92921144,0.6292114,0.31921142,0.08921143,-0.18078858,-0.25078857,-0.30078858,-1.0607886,-0.89078856,-1.8807886,-1.8607886,-2.0107887,-2.0707886,-1.8807886,-1.4607886,-1.0007886,-0.35078856,-1.9007885,-2.0107887,-2.4107885,-2.3407886,-2.7907887,-2.4707885,-2.7907887,-2.5407887,-3.0207887,-1.8807886,-2.3807886,-1.2107886,-1.1907886,-1.9407886,-1.7407886,-1.1507885,-0.21078858,-0.95078856,-0.5407886,-0.64078856,0.14921142,0.30921143,0.91921145,-0.7407886,-0.060788576,1.0692115,1.2992114,1.5092114,2.4892113,2.2592115,0.3292114,0.7692114,1.3092114,1.1692114,0.84921145,0.66921145,0.6592114,1.1192114,1.8592114
0.53921145,0.13921143,0.14921142,-0.23078857,-0.4807886,-0.43078858,-0.57078856,-0.71078855,-0.88078856,-1.2407886,-1.9007885,-1.9607886,-1.9707886,-1.9807886,-2.0207887,-2.1507885,-1.7707886,-1.8107886,-2.4707885,-1.7307886,-1.6107886,-1.2507886,-1.3207886,-0.9707886,0.6492114,0.55921143,-0.27078858,-0.69078857,-1.3807886,-2.1507885,-2.3307886,-2.9407885,-1.8507886,-1.3907886,-1.3307886,-2.3807886,-2.1007886,-1.5707886,-0.44078857,-0.5307886,-0.8007886,-1.2007886,-0.29078856,0.10921142,0.16921143,1.2692114,1.4392114,-0.34078857,-0.64078856,-0.5507886,-0.30078858,-0.16078858,-0.22078857,-0.33078858,-0.41078857,-0.050788574,0.5692114
0.13921143,-0.26078856,-0.47078857,-0.83078855,-0.82078856,-0.6607886,-0.95078856,-1.0907886,-1.4407886,-1.9107885,-2.3207886,-1.9407886,-2.0107887,-2.2007885,-2.4007885,-2.5007887,-2.4207885,-2.2607887,-2.2007885,-1.9807886,-1.8407886,-1.0207886,-0.9307886,-1.3807886,-0.5907886,-0.23078857,-0.09078857,-1.8407886,-2.6307886,-2.5107887,-2.9107885,-2.7507887,-2.7007885,-2.2107885,-2.9407885,-3.0107887,-2.8407886,-1.5907886,-1.4907886,-1.7507886,-1.9707886,-1.6107886,-1.3807886,-1.1807885,-0.17078857,-0.37078857,-0.9307886,-1.2207886,-1.9307885,-1.8107886,-1.1607885,-1.2707886,-1.3207886,-1.2207886,-1.3507886,-1.0407885,-0.49078858
-0.57078856,-0.9907886,-1.0707886,-1.3107886,-1.1307886,-0.9907886,-1.3907886,-1.1807885,-3.1907885,-3.1607885,-2.0907886,-2.0407887,-2.2807887,-2.4807885,-2.6407886,-2.5007887,-2.2407885,-2.3107886,-2.3907886,-1.9307885,-2.3907886,-1.8207886,-1.1107886,-1.2307886,-1.2907885,-0.57078856,-1.2207886,-2.3107886,-2.3007886,-2.8607886,-3.3207886,-3.1507885,-3.3307886,-3.5607886,-3.8007886,-3.3207886,-2.9307885,-2.8207886,-2.9007885,-2.8007886,-2.4607885,-2.3407886,-2.2107885,-1.6307886,-1.6907886,-2.6107886,-2.7207885,-2.4207885,-2.7207885,-2.1407886,-2.0107887,-2.3807886,-2.3307886,-2.2707887,-2.1207886,-1.9107885,-1.4307885
-1.4207885,-1.7707886,-1.8607886,-1.6607885,-1.5107886,-1.1907886,-2.1807885,-2.1207886,-3.3107886,-2.0607886,-2.1007886,-2.5207887,-2.7707887,-2.8707886,-2.7107885,-2.5807886,-2.6307886,-2.5707886,-2.5207887,-2.1807885,-1.6007886,-1.2607886,-1.1207886,-0.82078856,-0.6807886,-1.5307885,-2.4307885,-1.9907886,-2.5207887,-2.6707885,-3.2307885,-4.5107884,-5.5307884,-5.0007887,-4.8707886,-3.9807885,-3.6207886,-3.9007885,-3.7607887,-3.7307885,-3.3407886,-2.8307886,-2.6307886,-2.5607886,-3.5007887,-3.4507885,-3.1007886,-3.3107886,-2.9107885,-3.0307887,-3.6007886,-3.7607887,-3.5907886,-3.2107885,-2.6707885,-2.3807886,-2.1707885
-2.2107885,-2.5407887,-2.5207887,-2.4007885,-1.8307886,-2.3907886,-3.1107886,-2.4407885,-2.1607885,-2.3507886,-2.7607887,-3.1007886,-3.0607886,-2.9007885,-2.9007885,-2.9907885,-2.9207885,-2.6807885,-2.2907887,-1.7807885,-1.4207885,-1.2907885,-1.1407886,-0.88078856,-0.65078855,-1.4207885,-1.7507886,-2.1807885,-2.7407885,-2.3707886,-4.4107885,-5.8107886,-5.5907884,-5.3507886,-4.7907887,-4.420789,-4.2507887,-4.5807886,-4.5807886,-4.3607883,-3.9307885,-3.3907886,-3.5907886,-3.3307886,-4.0507884,-3.8807886,-3.6507885,-3.4407885,-3.8607886,-4.2707887,-4.6607885,-4.5107884,-4.1407886,-3.6807885,-3.2007885,-2.6407886,-2.7007885
-2.4807885,-2.6307886,-2.3607886,-2.8107886,-3.8907886,-2.8907886,-2.9207885,-2.3007886,-2.3607886,-2.8507886,-3.1507885,-3.3607886,-3.5007887,-3.0607886,-3.1707885,-2.9907885,-2.8507886,-2.6807885,-1.8307886,-1.0107886,-0.31078857,-1.1207886,-1.5207886,-0.77078855,-0.9807886,-1.3307886,-1.6707885,-2.6107886,-2.6607885,-4.3407884,-5.7007885,-6.0907884,-6.2807884,-5.630789,-4.8507886,-4.9607887,-5.0807886,-5.2207885,-5.0807886,-4.8507886,-4.4507885,-4.4907885,-4.1407886,-4.0607886,-4.4407887,-4.3307886,-4.1607885,-4.2407885,-4.6107883,-4.9607887,-5.0307884,-4.6407886,-4.3007884,-3.9707885,-3.5707886,-3.4907885,-3.6707885
-0.9807886,-2.8607886,-3.1907885,-2.8307886,-4.5007887,-3.0307887,-2.3507886,-2.3707886,-2.7607887,-2.9907885,-3.0807886,-3.2907887,-3.2507887,-2.7907887,-2.6007886,-2.1307886,-1.8707886,-2.0007887,-1.2307886,-0.5607886,1.1092114,0.049211428,-1.6907886,-1.6607885,-1.2307886,-0.9707886,-2.2307885,-2.5807886,-4.3607883,-5.2107887,-5.4507885,-6.4907885,-6.4907885,-5.8307886,-5.4907885,-5.3507886,-5.5307884,-5.6407886,-5.4407887,-5.2007885,-5.0607886,-5.1107883,-4.7007885,-4.7107887,-4.8307886,-4.670789,-4.5107884,-4.6607885,-4.9707885,-4.8407884,-5.0107884,-4.920789,-5.1107883,-4.3507886,-4.2707887,-4.7307887,-4.3707886
-0.5507886,-1.9207885,-3.1607885,-3.2507887,-3.4407885,-2.8107886,-2.4907885,-2.4107885,-2.1607885,-1.7207886,-1.7107886,-2.3807886,-2.9707885,-1.5907886,-0.6807886,-1.4307885,-0.65078855,-1.2607886,-0.19078857,0.24921143,1.2392114,0.41921142,-0.27078858,-1.5407885,-2.2407885,-1.1407886,-2.9007885,-4.3007884,-4.8607883,-5.1007886,-5.6807885,-6.5807886,-6.630789,-6.4307885,-5.900789,-5.4607887,-5.920789,-5.8907886,-5.6907887,-5.6407886,-5.4307885,-5.150789,-5.0507884,-5.2007885,-5.3007884,-5.1807885,-5.0807886,-5.1807885,-5.0307884,-4.900789,-5.0307884,-5.2307887,-5.1007886,-4.5607886,-5.150789,-5.5107884,-5.0007887
-0.9707886,-2.2607887,-3.8107886,-3.0707886,-2.8207886,-2.5507886,-2.5107887,-2.3107886,-1.7007886,-1.0007886,-0.8407886,-1.1707885,-2.7507887,-1.9507886,0.23921143,1.0892115,-0.47078857,-1.1707885,-0.94078857,-0.70078856,0.7192114,0.84921145,0.30921143,-1.2907885,-1.9807886,-1.6707885,-3.6107886,-4.0907884,-5.1007886,-4.5607886,-6.0307884,-6.5207887,-6.3607883,-6.380789,-5.4807887,-6.0407887,-6.3607883,-6.0007887,-5.7707887,-5.7707887,-5.0607886,-4.9807887,-5.400789,-5.6107883,-5.5207887,-5.1207886,-5.880789,-5.6107883,-5.2907887,-5.0507884,-4.920789,-4.8407884,-5.0007887,-4.3307886,-5.8907886,-6.150789,-5.670789
-0.16078858,-2.0207887,-3.0107887,-3.0307887,-2.3307886,-1.9707886,-1.5707886,-1.1707885,-1.8207886,-1.0907886,0.37921143,1.5292114,-0.8507886,-1.3807886,-0.43078858,-1.7007886,-2.0307887,-0.20078857,-0.76078856,-0.52078855,0.22921142,0.5192114,-0.23078857,-0.5907886,-2.1607885,-2.7907887,-3.5107887,-4.2107887,-4.5807886,-5.3107886,-6.2407885,-6.3207884,-5.9907885,-5.8407884,-6.2707887,-6.8307886,-6.2607884,-5.880789,-5.7007885,-5.5507884,-5.0707884,-5.4107885,-5.6107883,-5.4407887,-5.1907887,-5.4607887,-6.1607885,-5.650789,-5.3707886,-5.0807886,-4.2607884,-3.5207887,-3.4907885,-4.1407886,-6.8707886,-6.5807886,-6.0307884
-0.94078857,-0.83078855,-2.3107886,-2.1207886,-0.7407886,-0.20078857,0.019211426,-1.1907886,-0.47078857,-1.7507886,-1.2807885,-1.1807885,-1.9107885,-2.3807886,-2.8507886,-2.1407886,-1.4807886,0.14921142,0.7192114,-0.9107886,0.14921142,0.5792114,0.38921142,-1.3107886,-3.4007885,-3.4607885,-3.6707885,-4.2707887,-4.6807885,-5.1107883,-6.5207887,-5.8207884,-5.5007887,-5.7907887,-6.8707886,-6.420789,-6.2707887,-5.8707886,-5.6607885,-5.3407884,-5.0907884,-4.8607883,-5.1807885,-5.2607884,-5.2307887,-5.420789,-5.8307886,-5.5907884,-5.2707887,-4.2507887,-2.7507887,-1.7107886,-2.7707887,-5.3707886,-6.7907887,-6.7407885,-6.4107885
-3.2707887,-0.6007886,-2.0207887,-1.7507886,-1.1007886,-0.8107886,-1.1207886,-1.2707886,-0.21078858,-3.8407886,-3.7107885,-2.7907887,-3.0207887,-3.3407886,-3.1407886,-1.9707886,-3.5307887,-3.6007886,-2.8907886,-1.9507886,-0.26078856,-0.6107886,-0.8107886,-2.4507885,-3.0207887,-3.6607885,-3.9607885,-4.3007884,-4.4707885,-6.2407885,-5.7107887,-4.8407884,-6.0907884,-6.7207885,-6.0907884,-6.0907884,-6.2007885,-5.7207885,-5.380789,-5.0107884,-4.3607883,-3.4507885,-4.400789,-5.3907886,-5.8007884,-5.2207885,-5.3507886,-5.2507887,-5.0607886,-3.4607885,-2.2307885,-1.8707886,-3.5407887,-5.4307885,-7.2807884,-6.8107886,-6.9507885
-3.4207885,-2.3307886,-1.8607886,-0.19078857,-1.3807886,-3.2207885,-3.5707886,-3.9807885,-4.1607885,-4.9507885,-4.4607887,-4.0107884,-3.6107886,-3.3807886,-4.3307886,-3.8107886,-3.9107885,-3.5607886,-2.6907885,-2.3807886,-1.0007886,-1.4007885,-1.9407886,-3.2907887,-3.3107886,-3.5907886,-4.0707884,-4.3907886,-5.4707885,-5.2007885,-4.3407884,-4.7407885,-6.8607883,-5.7107887,-5.6607885,-5.9307885,-5.8907886,-5.5507884,-5.1607885,-4.4807887,-3.4007885,-2.5907886,-3.1707885,-5.130789,-6.2607884,-5.2207885,-4.7507887,-4.7807884,-4.2407885,-3.3007886,-2.7707887,-2.3507886,-3.5807886,-7.3007884,-7.2107887,-7.170789,-7.3907886
-4.3607883,-2.8207886,-2.2707887,-1.5307885,-3.6707885,-3.8507886,-4.5707884,-5.0207887,-5.2207885,-5.0607886,-4.920789,-4.9107885,-4.3007884,-4.7307887,-4.5207887,-3.4907885,-3.9107885,-4.2107887,-4.1807885,-3.8307886,-3.6307886,-2.7007885,-2.4007885,-3.3807886,-3.8507886,-4.150789,-4.0407887,-5.1107883,-5.0807886,-4.5207887,-4.5607886,-5.7307887,-5.5407887,-5.0807886,-5.5507884,-6.0607886,-5.8107886,-5.4107885,-4.8607883,-4.5307884,-3.6407886,-3.1207886,-4.2907887,-5.7707887,-5.7807884,-5.130789,-4.6407886,-4.4907885,-3.8307886,-3.1807885,-3.1907885,-2.6607885,-6.0907884,-6.8407884,-7.380789,-6.8107886,-7.8007884
