raw-data-f/2018100806.json
{"header": { "discipline":0, "disciplineName":"Meteorological products", "gribEdition":2, "gribLength":74748, "center":7, "centerName":"US National Weather Service - NCEP(WMC)", "subcenter":0, "refTime":"2018-10-10T06:00:00.000Z", "significanceOfRT":1, "significanceOfRTName":"Start of forecast", "productStatus":0, "productStatusName":"Operational products", "productType":1, "productTypeName":"Forecast products", "productDefinitionTemplate":0, "productDefinitionTemplateName":"Analysis/forecast at horizontal level/layer at a point in time", "parameterCategory":2, "parameterCategoryName":"Momentum", "parameterNumber":3, "parameterNumberName":"V-component_of_wind", "parameterUnit":"m.s-1", "genProcessType":2, "genProcessTypeName":"Forecast", "forecastTime":0, "surface1Type":103, "surface1TypeName":"Specified height level above ground", "surface1Value":10.0, "surface2Type":255, "surface2TypeName":"Missing", "surface2Value":0.0, "gridDefinitionTemplate":0, "gridDefinitionTemplateName":"Latitude_Longitude", "numberPoints":65160, "shape":6, "shapeName":"Earth spherical with radius of 6,371,229.0 m", "gridUnits":"degrees", "resolution":48, "winds":"true", "scanMode":0, "nx":360, "ny":181, "basicAngle":0, "lo1":0.0, "la1":90.0, "lo2":359.0, "la2":-90.0, "dx":1.0, "dy":1.0 }, "data":
[rows 26 to 51 of 181, columns 236 to 294 of 360]
-1.3937451,-1.2437451,-0.8937451,1.6062549,3.256255,3.966255,3.3962548,4.916255,4.9862547,5.056255,5.096255,6.2362547,6.016255,6.286255,4.536255,3.8462548,3.5562549,3.1262548,2.216255,0.9062549,2.016255,1.7762549,0.68625486,-0.6637451,-1.4037452,-1.1637452,-3.1637452,-2.3837452,-1.9237452,-3.013745,-3.3737452,-3.4437451,-3.8937452,-4.163745,-4.453745,-5.4937453,-6.603745,-6.753745,-3.4037452,-2.6937451,-2.8437452,-4.5137453,-2.3937452,-3.733745,-6.393745,-6.863745,-6.5737453,-6.613745,-7.773745,-8.533745,-8.603745,-6.953745,-3.6037452,-3.6337452,-5.293745,-4.633745,-5.413745,-5.333745,-4.183745
-0.3437451,-0.23374511,1.1662549,2.026255,1.7962549,3.446255,5.9862547,4.406255,3.516255,4.436255,4.616255,4.9662547,4.396255,4.2362547,3.526255,3.8462548,4.076255,2.966255,2.3462548,1.6262549,1.0662549,-0.043745115,-0.9137451,-1.5837451,-1.4437451,-3.003745,-2.9437451,-2.4337451,-3.4437451,-4.603745,-5.8237453,-5.353745,-5.903745,-6.4937453,-9.413745,-9.323745,-8.153745,-7.0337453,-6.003745,-5.403745,-6.113745,-5.943745,-5.293745,-5.9737453,-5.873745,-6.123745,-5.7637453,-6.093745,-6.793745,-7.2237453,-8.013745,-9.863745,-10.933745,-6.5337453,-4.7237453,-4.483745,-4.113745,-7.203745,-4.923745
-0.5937451,0.80625486,1.9162549,2.6562548,3.486255,4.566255,5.166255,3.6062548,3.726255,5.326255,9.1862545,6.1962547,9.506255,4.246255,3.496255,3.776255,3.186255,3.036255,2.486255,1.5862548,0.7062549,-0.07374512,-0.3737451,-1.0437452,-1.3937451,-1.6537452,-2.043745,-2.483745,-2.9037452,-3.223745,-3.1837451,-5.403745,-7.213745,-8.673745,-8.923745,-8.593745,-7.343745,-6.403745,-6.023745,-5.563745,-5.503745,-6.023745,-6.383745,-6.103745,-3.9537451,-4.943745,-3.9137452,-2.1437452,-2.513745,-4.653745,-4.0537453,-6.9937453,-8.273746,-9.273746,-9.183745,-8.683745,-7.943745,-4.043745,-4.633745
0.12625489,2.726255,4.4462547,3.776255,3.3862548,4.746255,3.676255,2.986255,8.416255,7.616255,6.146255,2.716255,3.286255,3.216255,3.1462548,3.256255,2.9062548,2.516255,1.9162549,1.0362549,0.046254884,-0.6437451,-1.2037451,-1.5637451,-2.2037451,-2.3937452,-2.4537451,-2.533745,-2.9337451,-3.303745,-5.183745,-7.103745,-7.423745,-7.043745,-6.833745,-6.593745,-6.3037453,-5.683745,-4.903745,-4.313745,-4.163745,-3.713745,-5.023745,-6.2837453,-5.2837453,-4.5737453,-4.353745,-3.043745,-3.493745,-3.8637452,-5.143745,-5.693745,-6.8037453,-6.003745,-6.5537453,-8.173745,-8.523746,-7.693745,-6.693745
1.1262549,2.976255,2.186255,3.0562549,3.486255,5.1762547,5.1762547,2.8562548,3.3562548,1.8362548,2.6062548,2.8762548,2.426255,2.536255,2.226255,1.5762548,1.5262549,1.7762549,1.5362549,0.4662549,-0.2537451,-0.6037451,-1.6237451,-2.043745,-2.6837451,-2.803745,-2.6337452,-2.543745,-3.6437452,-3.6037452,-5.733745,-5.4737453,-5.483745,-5.853745,-5.8237453,-5.483745,-5.393745,-4.393745,-3.803745,-3.8837452,-3.6737452,-3.8637452,-3.8637452,-3.783745,-4.753745,-5.733745,-5.183745,-2.333745,-2.083745,-4.153745,-4.443745,-3.023745,-2.743745,-3.003745,-3.543745,-5.873745,-5.193745,-4.3037453,-3.1437452
0.8562549,1.0762548,2.1262548,2.5862548,1.9162549,1.8062549,2.456255,3.8662548,6.876255,3.746255,1.4762549,1.9662548,2.0662549,2.3462548,3.3962548,2.8062549,2.0662549,1.2462549,0.6562549,0.6662549,0.016254883,-1.1437451,-1.7337451,-2.3937452,-2.0937452,-2.3737452,-2.1237452,-2.2037451,-3.1637452,-2.973745,-4.373745,-4.703745,-4.923745,-4.8237453,-5.133745,-5.253745,-4.963745,-3.973745,-4.343745,-4.313745,-4.0737453,-4.063745,-4.593745,-5.933745,-5.503745,-6.913745,-4.563745,-1.9637451,-1.6837451,-1.8337451,-2.1737452,-2.4437451,-4.153745,-4.2837453,-3.3937452,-4.943745,-5.503745,-5.293745,-5.0137453
0.16625488,1.2362549,2.1262548,2.756255,3.166255,2.446255,1.6462549,2.266255,2.676255,2.0962548,2.176255,3.746255,2.3162549,2.236255,2.436255,2.1562548,1.5962548,0.4362549,0.6062549,0.07625488,-0.88374513,-0.9837451,-2.723745,-1.9437451,-2.1537452,-1.6037451,-1.3037452,-1.2937452,-1.2937452,-1.0137451,-1.2337451,-2.1237452,-4.313745,-5.413745,-5.293745,-4.293745,-4.133745,-5.633745,-4.603745,-4.463745,-4.0137453,-3.993745,-4.963745,-6.463745,-6.483745,-7.623745,-8.233746,-4.453745,-1.5437452,-2.1537452,-1.5637451,-1.2537451,-1.2737451,-1.8537451,-2.6337452,-2.6337452,-1.6637452,-1.2937452,-2.1437452
0.8862549,1.3762549,1.6162549,1.5562549,2.276255,1.9362549,1.3462548,2.676255,3.276255,1.9362549,0.9862549,0.7662549,1.3462548,1.4062549,1.2762549,0.5862549,0.5962549,0.86625487,0.2762549,-0.3837451,-0.6037451,-1.3537451,-0.8437451,-1.3637451,-1.3737451,-2.1037452,-1.4337451,-1.4437451,-1.0937451,-0.9937451,-1.3837451,-1.4837451,-2.8537452,-3.333745,-4.163745,-7.2637453,-6.593745,-6.2237453,-5.363745,-5.423745,-4.943745,-4.633745,-4.843745,-5.833745,-6.403745,-7.363745,-7.293745,-7.693745,-2.8837452,-3.4537451,-3.003745,-2.6537452,-2.543745,-2.7037451,-3.003745,-3.243745,-3.1937451,-3.723745,-2.773745
0.3062549,0.22625488,-0.63374513,0.13625488,0.3962549,0.9562549,1.2862549,2.6262548,2.4062548,1.8662549,1.3362548,1.4962549,1.9062549,1.1762549,1.2162548,1.0662549,0.3962549,-0.33374512,-0.7437451,-0.56374514,-0.19374512,-0.12374511,-0.7337451,-1.1437451,-1.1337451,-1.1737452,-1.4037452,-1.4037452,-0.88374513,-0.93374515,-0.5337451,-0.68374515,-1.4337451,-1.6337451,-1.5637451,-2.0937452,-1.6637452,-5.8037453,-7.813745,-7.173745,-6.913745,-7.523745,-7.023745,-6.503745,-6.523745,-7.373745,-6.983745,-6.253745,-2.8737452,-1.0837451,-4.3237453,-2.803745,-2.6937451,-2.5937452,-3.243745,-2.6137452,-2.493745,-2.773745,-2.323745
-1.1737452,-1.2237451,-0.7037451,-0.3537451,-0.6137451,0.29625487,2.006255,2.6162548,3.016255,3.276255,1.6062549,1.3062549,0.87625486,0.99625486,0.86625487,0.74625486,-0.21374512,-0.13374512,0.08625488,-0.0037451172,0.07625488,-0.9837451,-1.4337451,-0.6137451,-0.8037451,-1.4237452,-1.4437451,-1.2337451,-0.8637451,-0.7237451,-1.4037452,-1.4237452,-1.5737451,-1.6137451,-1.4137452,-1.5137451,-2.1037452,-3.493745,-3.333745,-2.1937451,-2.1937451,-3.753745,-7.883745,-8.103745,-7.563745,-6.8037453,-4.063745,-2.6837451,-3.463745,-3.573745,-3.773745,-6.663745,-4.2237453,-3.6937451,-4.143745,-4.133745,-4.253745,-3.743745,-2.983745
0.07625488,-0.7237451,0.4362549,-0.8637451,0.48625487,0.35625488,3.446255,3.206255,1.9562548,1.7962549,2.1562548,1.8162549,1.7662549,1.5562549,0.9062549,0.7662549,0.23625489,0.10625488,-0.43374512,-0.9037451,-1.2737451,-1.0137451,-0.36374512,-0.9737451,-2.063745,-1.4937451,-1.7937452,-1.7537451,-1.9537451,-2.1037452,-1.4237452,-1.4637451,-1.5637451,-1.8037452,-2.1237452,-1.5437452,-2.1437452,-2.8837452,-2.763745,-3.213745,-3.1337452,-2.733745,-6.2437453,-7.4737453,-7.683745,-5.313745,-2.4237452,-2.563745,-2.4437451,-2.1837451,-1.3337451,-1.4337451,-2.313745,-2.323745,-1.8437451,-2.7037451,-2.3537452,-3.043745,-2.733745
0.096254885,-0.16374512,-0.62374514,-0.19374512,0.5962549,-0.2837451,-0.07374512,1.2662549,2.1562548,2.516255,3.1262548,1.5762548,1.2562549,0.99625486,0.47625488,0.3662549,-0.57374513,-1.4737451,-1.0537452,-0.87374514,-0.7437451,-0.69374514,-1.0937451,-2.1737452,-3.533745,-2.9137452,-4.333745,-1.6337451,-1.9837451,-1.5837451,-1.7337451,-3.283745,-1.8637451,-1.8837451,-1.7037451,-2.6337452,-2.4437451,-2.523745,-2.6537452,-2.543745,-2.6237452,-2.3637452,-5.713745,-4.633745,-5.8037453,-5.423745,0.08625488,-0.023745118,-1.0637451,-1.3437451,-2.023745,-3.723745,-4.023745,-4.813745,-4.4937453,-3.963745,-2.1137452,-1.9737451,-2.073745
0.23625489,-0.7337451,-1.1937451,-0.9837451,-0.50374514,-0.3437451,0.15625489,0.48625487,2.166255,2.686255,2.216255,1.4462548,0.6462549,0.096254885,0.15625489,0.016254883,-0.7837451,-1.0637451,-0.69374514,-1.4637451,-1.9037452,-2.243745,-1.6637452,-1.2737451,-4.3237453,-2.023745,-3.8537452,-4.133745,-2.1537452,-2.0937452,-1.8237451,-2.033745,-2.273745,-2.463745,-2.3637452,-2.4537451,-2.583745,-2.473745,-2.563745,-2.493745,-2.323745,-3.723745,-3.4037452,-6.0537453,-6.833745,-6.373745,-1.4837451,-1.7737451,-1.8037452,-2.783745,-2.8837452,-1.8237451,-2.803745,-2.083745,-0.5837451,-0.21374512,0.11625488,-0.6637451,-1.2237451
-1.0637451,-1.5437452,-1.1137451,-1.5237451,-0.9537451,-0.7737451,-0.6637451,0.17625488,-0.3137451,1.2762549,0.61625487,-0.22374512,-1.6837451,0.20625488,-0.17374511,-0.7837451,-1.0437452,-1.2737451,-1.8137451,-1.9537451,-2.553745,-2.9237452,-1.8937451,-2.573745,-2.283745,-3.833745,-3.723745,-4.313745,-2.6237452,-2.723745,-2.323745,-2.4437451,-2.483745,-3.1637452,-2.493745,-2.723745,-2.543745,-2.9537451,-2.723745,-2.833745,-2.813745,-3.4237452,-3.4337451,-2.8437452,-2.493745,-2.023745,-2.4137452,-3.2037451,-2.4037452,-2.563745,-2.3837452,-1.8837451,-2.313745,-1.6137451,-1.1837451,-1.2037451,-2.213745,-0.9037451,-1.0337452
-0.94374514,-1.0237451,-1.7137451,-0.93374515,-0.81374514,0.026254883,0.19625488,0.16625488,0.31625488,0.006254883,-1.2037451,-3.323745,-1.5737451,-0.7037451,0.26625487,0.8362549,0.7362549,-0.8337451,-1.5537452,-1.5837451,-2.2037451,-2.6637452,-2.6637452,-3.723745,-4.523745,-4.5137453,-5.413745,-4.643745,-3.513745,-2.803745,-2.9537451,-2.9137452,-2.8937452,-2.973745,-3.2037451,-4.0137453,-4.4737453,-3.333745,-3.333745,-2.813745,-2.1537452,-2.243745,-2.4437451,-2.4137452,-2.283745,-2.4537451,-2.6237452,-2.713745,-2.543745,-2.213745,-1.9537451,-2.3937452,-2.303745,-1.3437451,-1.3337451,-1.9337451,-1.1837451,-1.5537452,-1.8837451
0.13625488,-0.0037451172,0.6362549,-0.46374512,-0.7937451,-1.6937451,-1.4037452,-0.8937451,-1.1737452,-0.62374514,-1.8537451,-2.783745,-3.1937451,1.2762549,0.31625488,0.23625489,-0.07374512,-0.9537451,-1.2537451,-1.3337451,-2.3637452,-2.3937452,-3.3837452,-4.883745,-5.593745,-6.163745,-6.903745,-6.3237453,-4.523745,-6.3237453,-3.1637452,-3.773745,-3.8637452,-4.133745,-4.373745,-4.883745,-4.7437453,-4.703745,-3.513745,-2.713745,-2.6637452,-2.7037451,-2.803745,-2.583745,-3.023745,-3.013745,-3.043745,-2.8837452,-3.003745,-2.6237452,-2.313745,-2.073745,-2.1537452,-2.053745,-2.3637452,-2.053745,-2.273745,-0.3737451,-1.2437451
0.21625489,0.86625487,0.006254883,-0.083745115,-2.283745,-2.513745,-2.1037452,-1.6037451,-0.9937451,-1.1637452,-1.9037452,-1.7537451,-2.073745,-0.4737451,0.9462549,-0.82374513,-0.48374513,-0.9837451,-1.7637451,-2.8437452,-3.023745,-3.563745,-5.583745,-6.393745,-6.673745,-6.913745,-8.373745,-7.593745,-6.9937453,-7.983745,-4.173745,-3.973745,-4.093745,-3.8437452,-4.9737453,-8.983746,-9.343745,-8.3137455,-5.153745,-3.973745,-2.533745,-2.513745,-2.563745,-2.6637452,-2.6037452,-2.713745,-2.9437451,-2.5937452,-2.833745,-2.573745,-2.2037451,-2.6337452,-3.243745,-2.3437452,-1.7137451,-2.6537452,-2.1037452,-1.4437451,-1.5837451
0.31625488,-0.043745115,1.4462548,-0.5437451,-4.203745,-3.493745,-4.383745,-2.6037452,-1.5437452,-1.2837452,-0.5337451,-0.8637451,-3.023745,0.026254883,0.066254884,0.47625488,-0.49374512,-1.3137451,-1.6337451,-3.243745,-3.773745,-4.863745,-6.0737453,-7.653745,-8.293745,-8.623745,-9.383745,-9.123745,-7.313745,-5.7437453,-5.083745,-4.793745,-3.9337451,-8.703745,-9.323745,-4.853745,-4.643745,-6.3237453,-6.183745,-2.543745,-1.9437451,-2.6537452,-2.9537451,-2.8937452,-3.3537452,-2.6537452,-2.743745,-2.9237452,-2.8537452,-2.1637452,-2.6637452,-3.4137452,-3.273745,-2.8637452,-3.5937452,-3.003745,-3.5937452,-1.9337451,-1.8437451
0.87625486,-1.4837451,-0.8637451,-2.6737452,-5.983745,-0.6737451,0.3662549,-0.6637451,0.5862549,-0.043745115,-1.1737452,-1.3037452,-2.1937451,-0.32374513,-0.3737451,-1.0037451,-1.0537452,-0.5537451,-1.2937452,-2.523745,-4.463745,-6.0537453,-7.673745,-9.0637455,-9.113745,-9.483746,-9.5637455,-8.603745,-7.143745,-7.3237453,-6.003745,-5.453745,-4.963745,-4.213745,-2.033745,-1.0937451,-2.053745,-3.6637452,-2.043745,-1.3437451,-2.4137452,-5.7237453,-3.9137452,-3.723745,-2.463745,-0.75374514,-1.5337452,-1.7437451,-1.5237451,-0.12374511,0.6462549,1.9862549,1.6062549,0.6562549,-0.0037451172,0.3362549,1.3562549,0.99625486,0.74625486
-0.4437451,-1.1337451,0.3462549,2.416255,-0.62374514,-1.2737451,-3.1937451,-2.9437451,-3.283745,-1.1537452,-1.2937452,-2.323745,-3.1937451,-1.6037451,-1.7337451,-7.153745,-1.0037451,1.0362549,-1.8037452,-2.8437452,-4.7437453,-7.2237453,-9.223745,-10.103745,-8.533745,-9.323745,-9.0637455,-8.843745,-7.633745,-6.5137453,-4.933745,-4.333745,-0.9537451,3.4062548,2.526255,-0.16374512,-3.0937452,-5.863745,-3.4437451,1.9362549,0.67625487,4.816255,6.796255,2.3462548,0.9662549,1.3562549,1.0062549,1.3162549,1.8462548,2.7962549,3.446255,3.7962549,1.8862549,0.7562549,0.3762549,2.0462549,1.7062548,2.426255,4.166255
-0.9837451,0.15625489,0.55625486,-0.19374512,-2.063745,-5.333745,-3.033745,-3.1737452,-1.2337451,-1.3637451,-2.9037452,-2.083745,-4.523745,-0.13374512,0.3062549,-2.713745,-0.82374513,-1.2137451,-3.283745,-5.2237453,-3.4137452,-7.853745,-9.293745,-8.783745,-8.943745,-9.853745,-9.573745,-9.983746,-9.353745,-6.203745,-4.8237453,3.016255,5.4462547,4.246255,1.7562549,-1.3337451,-2.3437452,-0.053745117,3.1562548,3.1362548,4.186255,6.046255,7.146255,3.0662549,2.6562548,1.7162548,2.0662549,3.3262548,4.866255,3.456255,0.81625485,3.286255,1.1762549,0.3662549,1.7562549,3.996255,4.056255,3.5762548,1.6662549
0.18625489,-0.5937451,-1.0937451,0.046254884,-4.393745,-4.7637453,-5.4737453,-3.8437452,-4.043745,-1.2137451,-2.4437451,-3.8537452,0.20625488,-0.0037451172,-0.24374512,0.28625488,0.23625489,-5.253745,-1.8137451,-0.62374514,-2.1637452,-7.523745,-9.263745,-9.333745,-9.403745,-9.673745,-10.153745,-8.223745,-5.713745,-3.533745,3.696255,6.626255,7.126255,5.846255,5.186255,6.5062547,5.476255,8.856255,5.0262547,5.146255,5.246255,3.6062548,3.676255,2.6162548,3.0462549,4.166255,3.9062548,3.726255,4.126255,2.3962548,0.7662549,0.9562549,1.6362549,1.8262548,5.086255,5.4462547,5.286255,4.476255,3.3362548
-1.8137451,-1.1237451,-0.9937451,-0.7337451,-2.6937451,-7.173745,-4.663745,-9.093745,-3.9437451,-4.503745,-2.783745,-3.1637452,-2.6937451,1.6662549,-0.5137451,-3.223745,-3.1337452,-2.213745,1.5662549,-0.19374512,-4.043745,-7.893745,-9.593745,-10.323745,-11.193745,-11.033745,-9.843745,-7.213745,-1.9337451,6.366255,5.436255,5.9862547,4.706255,5.806255,5.246255,5.836255,5.376255,7.906255,4.916255,5.116255,3.426255,5.246255,6.096255,4.976255,4.186255,2.5462549,2.676255,3.0462549,2.006255,1.3962549,1.3862549,1.7762549,1.9662548,1.9762549,4.566255,4.9462547,4.726255,4.1762547,3.036255
-1.5437452,-2.8837452,-2.1637452,0.3462549,-3.4437451,-5.0537453,-5.643745,-3.813745,-4.393745,-1.4837451,-2.993745,-1.1137451,2.196255,0.87625486,1.9662548,0.24625488,-1.8237451,0.8562549,-0.09374512,-2.8737452,-6.133745,-6.983745,-7.383745,-9.443745,-9.263745,-8.783745,-7.0337453,-4.653745,-0.69374514,6.226255,5.916255,4.746255,4.146255,5.386255,5.5062547,6.4662547,6.0262547,5.266255,4.9262547,4.2362547,4.136255,4.4262547,4.436255,3.1362548,2.6262548,2.286255,1.9062549,1.4862549,1.6562549,0.9462549,1.4262549,2.536255,3.3162549,2.716255,2.716255,3.3662548,3.766255,3.266255,1.5562549
-5.5537453,-1.4637451,-1.1937451,-1.2237451,-3.1437452,-7.003745,-3.6737452,-2.9237452,-5.4737453,-1.0437452,-0.8937451,-2.013745,-0.6437451,1.7062548,-3.773745,0.026254883,1.9562548,1.4462548,1.4862549,-1.2537451,-2.1937451,-5.903745,-7.313745,-8.423745,-7.523745,-6.963745,-5.433745,-2.1537452,-0.46374512,3.496255,3.8462548,2.946255,4.186255,4.806255,5.9662547,5.976255,5.246255,4.576255,3.8962548,3.8062549,3.0962548,3.8362548,3.446255,2.256255,1.7462549,3.536255,1.2562549,2.1062548,1.5562549,1.3962549,2.686255,4.336255,3.266255,2.8562548,2.996255,2.3962548,2.006255,1.5062549,1.8262548
-11.543745,-0.9837451,-0.88374513,-0.42374513,-2.073745,-6.793745,-5.563745,-4.813745,-7.733745,-3.333745,-1.3037452,-3.3737452,0.6562549,1.2462549,-0.7237451,0.3762549,1.7862549,1.5262549,3.516255,0.5962549,-5.063745,-7.193745,-8.273746,-8.713745,-7.3037453,-5.623745,-3.293745,-1.6237451,-0.69374514,1.7662549,2.726255,2.006255,3.8962548,3.8662548,5.406255,5.416255,4.286255,3.3262548,2.706255,1.8162549,2.026255,2.236255,1.5762548,0.5862549,1.4262549,1.0362549,1.5362549,1.8362548,1.8062549,2.516255,3.476255,2.476255,2.186255,2.8662548,2.3762548,1.6662549,1.0062549,1.4362549,2.006255
