raw-data-f/2018100912f3.json
{"header": { "discipline":0, "disciplineName":"Meteorological products", "gribEdition":2, "gribLength":74991, "center":7, "centerName":"US National Weather Service - NCEP(WMC)", "subcenter":0, "refTime":"2018-10-09T12:00:00.000Z", "significanceOfRT":1, "significanceOfRTName":"Start of forecast", "productStatus":0, "productStatusName":"Operational products", "productType":1, "productTypeName":"Forecast products", "productDefinitionTemplate":0, "productDefinitionTemplateName":"Analysis/forecast at horizontal level/layer at a point in time", "parameterCategory":2, "parameterCategoryName":"Momentum", "parameterNumber":3, "parameterNumberName":"V-component_of_wind", "parameterUnit":"m.s-1", "genProcessType":2, "genProcessTypeName":"Forecast", "forecastTime":3, "surface1Type":103, "surface1TypeName":"Specified height level above ground", "surface1Value":10.0, "surface2Type":255, "surface2TypeName":"Missing", "surface2Value":0.0, "gridDefinitionTemplate":0, "gridDefinitionTemplateName":"Latitude_Longitude", "numberPoints":65160, "shape":6, "shapeName":"Earth spherical with radius of 6,371,229.0 m", "gridUnits":"degrees", "resolution":48, "winds":"true", "scanMode":0, "nx":360, "ny":181, "basicAngle":0, "lo1":0.0, "la1":90.0, "lo2":359.0, "la2":-90.0, "dx":1.0, "dy":1.0 }, "data":
[rows 54 to 80 of 181, columns 124 to 185 of 360]
-10.91719,-4.76719,7.71281,1.6328101,1.74281,0.20281006,0.62281007,-0.22718994,0.94281006,1.57281,1.84281,2.28281,1.32281,0.57281005,1.4028101,0.39281005,-1.29719,-2.3771899,-2.82719,-2.04719,-0.36718994,1.5528101,2.29281,2.64281,2.94281,3.41281,4.37281,4.65281,4.31281,4.12281,1.60281,-0.41718996,2.23281,5.68281,4.78281,2.76281,1.75281,1.20281,0.58281004,0.42281005,-0.32718995,-0.35718995,-0.41718996,-0.9471899,-2.02719,-2.05719,-1.8271899,-2.84719,-3.3971899,-4.13719,-4.63719,-5.07719,-5.92719,-6.56719,-6.49719,-6.82719,-7.40719,-7.90719,-8.54719,-8.70719,-9.16719,-9.31719
-8.41719,0.36281005,5.92281,0.88281006,-1.2071899,-2.3771899,-1.8171899,-0.91718996,1.5128101,1.2828101,-0.6971899,-0.86718994,-0.15718994,1.33281,-2.03719,-0.86718994,-2.84719,-0.80718994,-3.24719,-0.5871899,2.19281,3.03281,2.71281,2.41281,1.9328101,3.1128101,3.13281,3.04281,3.1028101,2.89281,0.88281006,-0.8271899,0.28281006,3.31281,3.68281,3.98281,0.8528101,0.16281006,0.19281006,0.94281006,0.14281006,-1.3471899,-1.7171899,-2.20719,-2.25719,-2.30719,-3.31719,-3.76719,-3.8771899,-4.46719,-4.93719,-5.43719,-6.5471897,-6.73719,-6.51719,-7.05719,-8.17719,-8.57719,-8.97719,-9.42719,-9.33719,-9.5371895
-3.8771899,0.52281004,1.0428101,0.7928101,-1.6971899,-2.53719,-2.1571898,0.95281005,-0.33718994,1.4128101,1.97281,3.64281,-0.8271899,-0.33718994,-1.8671899,-2.77719,-3.32719,-1.8371899,-2.6271899,-1.8471899,-0.10718994,0.11281006,1.9328101,3.1128101,3.79281,13.05281,8.92281,5.17281,3.63281,2.04281,1.0528101,0.46281007,0.70281005,1.86281,2.8328102,2.1228101,2.30281,0.9828101,-0.10718994,1.4328101,1.25281,-1.1871899,-2.6771898,-2.6771898,-0.53718996,-0.53718996,-2.1471899,-3.86719,-4.86719,-5.11719,-5.41719,-6.56719,-7.39719,-7.62719,-7.62719,-7.87719,-8.55719,-8.70719,-9.0371895,-8.21719,-8.85719,-9.0371895
-2.3871899,-0.98718995,0.44281006,-1.4371899,-2.9071898,-2.28719,1.1428101,0.8628101,1.5128101,-1.24719,0.7928101,1.33281,-1.42719,-2.35719,-3.61719,-3.27719,-2.4171898,-2.3971899,-2.1371899,-0.92718995,0.27281007,0.96281004,4.57281,7.33281,8.06281,7.9528103,8.43281,6.17281,4.13281,2.92281,2.1228101,1.35281,1.07281,1.47281,1.1828101,1.23281,0.77281004,0.22281006,-0.09718994,0.41281006,-0.17718995,-1.99719,-2.81719,-2.72719,-0.79718995,-0.35718995,-2.45719,-4.2971897,-5.31719,-5.80719,-5.82719,-6.51719,-7.65719,-7.57719,-8.13719,-8.15719,-7.16719,-7.36719,-7.7771897,-8.17719,-9.45719,-1.25719
-2.77719,-3.20719,-2.01719,-2.98719,-2.53719,-1.42719,0.102810055,-0.5871899,-0.72718996,5.28281,2.91281,0.56281006,-0.59718996,-0.68718994,0.38281006,0.59281003,-0.05718994,-1.3571899,-0.65718997,5.75281,5.02281,3.15281,3.81281,6.51281,6.4728103,7.07281,6.51281,5.54281,4.40281,3.13281,1.61281,0.59281003,0.41281006,0.43281007,0.56281006,0.25281006,-0.077189945,-0.77718997,-1.00719,-0.56718993,-0.84718996,-0.33718994,-0.79718995,-1.7071899,-2.19719,-2.51719,-2.96719,-2.99719,-3.07719,-3.4071898,-4.15719,-5.39719,-5.44719,-5.95719,-6.81719,-6.55719,-6.34719,-7.07719,-8.13719,-6.44719,4.56281,3.99281
-3.44719,-3.36719,-2.95719,-3.30719,-2.81719,-0.97718996,-0.68718994,2.1228101,3.24281,3.6228101,1.5528101,0.012810059,-1.15719,-0.93718994,-0.34718993,0.7328101,0.95281005,-0.26718995,2.98281,4.2228103,0.65281004,3.56281,6.14281,6.84281,7.19281,7.80281,6.50281,5.81281,4.9528103,3.00281,1.22281,0.46281007,-0.05718994,-0.33718994,-0.29718995,-0.65718997,-0.84718996,-1.27719,-1.88719,-1.9771899,-1.66719,-1.29719,-1.4571899,-1.67719,-2.1571898,-2.26719,-2.11719,-1.9771899,-2.49719,-3.50719,-4.34719,-5.15719,-5.45719,-5.45719,-6.03719,-5.87719,-6.53719,-6.16719,1.5628101,2.81281,3.29281,3.24281
-4.13719,-4.40719,-3.45719,-3.54719,-4.49719,2.17281,2.6228101,0.062810056,2.78281,1.3028101,-0.17718995,-1.0971899,-1.88719,-1.4771899,-0.04718994,1.0328101,2.00281,4.06281,3.78281,1.3928101,4.48281,7.29281,6.87281,6.40281,6.08281,5.79281,4.94281,4.48281,4.00281,3.23281,2.39281,0.90281004,-0.10718994,-0.6371899,-0.81718993,-0.9571899,-1.3471899,-2.04719,-1.9771899,-2.49719,-2.57719,-2.73719,-2.6571898,-3.4071898,-3.43719,-3.47719,-3.46719,-3.36719,-3.27719,-2.33719,-3.23719,-4.40719,-5.2571898,-5.2571898,-5.05719,-4.48719,-0.66718996,1.83281,2.01281,1.82281,1.94281,1.72281
-4.78719,-4.90719,-4.17719,-3.46719,-3.96719,-0.017189942,1.4128101,1.83281,0.5528101,-0.23718995,-0.84718996,-1.4571899,-1.5671899,-0.8971899,0.44281006,1.4028101,2.8228102,4.07281,2.56281,5.4728103,7.55281,6.56281,5.92281,5.11281,4.09281,3.81281,3.1028101,3.23281,3.47281,2.68281,2.13281,1.60281,1.23281,0.5528101,0.062810056,-0.71718997,-1.67719,-2.54719,-3.1671898,-3.1571898,-3.1671898,-3.20719,-3.51719,-3.32719,-3.82719,-4.44719,-4.65719,-4.49719,-4.38719,-3.99719,-3.46719,-3.78719,-4.21719,-3.72719,-2.22719,1.7928101,1.5428101,1.25281,0.63281006,0.5528101,-0.22718994,-1.14719
-4.62719,-4.0271897,-3.94719,-3.29719,-2.6671898,-1.54719,-0.5771899,-0.73718995,-0.9571899,0.102810055,-0.68718994,-0.86718994,-0.017189942,0.7428101,0.50281006,3.42281,4.65281,5.18281,5.69281,6.63281,6.00281,4.84281,3.77281,4.80281,3.04281,1.87281,3.54281,3.8428102,2.67281,1.8928101,1.61281,1.19281,0.82281005,0.6128101,0.64281005,0.25281006,-0.39718994,-0.31718993,-0.30718994,-0.20718995,-0.04718994,-0.06718994,-0.08718994,0.39281005,-0.34718993,-1.30719,-0.84718996,-1.15719,-0.8371899,-0.8871899,-1.2171899,-1.62719,-2.18719,-0.47718993,2.1128101,1.50281,0.33281004,-0.78718996,-1.3671899,-2.03719,-2.93719,-3.36719
-4.13719,-4.0271897,-3.83719,-3.44719,-2.54719,-2.1671898,-2.1271899,-2.61719,-1.49719,-0.34718993,1.4128101,0.21281005,1.11281,0.95281005,3.42281,5.71281,5.53281,4.33281,6.13281,5.53281,4.36281,2.95281,4.86281,3.49281,2.5728102,2.6028101,2.5728102,1.58281,1.24281,1.4128101,0.89281005,0.71281004,0.5528101,0.30281007,0.0028100586,-0.35718995,-0.5071899,-0.5771899,-0.6371899,-0.81718993,-0.9471899,-1.1071899,-1.12719,-1.52719,-1.8371899,-1.79719,-1.54719,-1.75719,-2.08719,-2.23719,-2.55719,-2.52719,0.63281006,1.6328101,0.41281006,-1.40719,-2.6271899,-3.03719,-3.26719,-3.98719,-4.84719,-5.19719
-3.99719,-4.09719,-3.60719,-3.52719,-3.08719,-3.07719,-3.22719,-3.45719,-0.6971899,0.96281004,1.07281,0.36281005,3.00281,4.44281,4.76281,5.46281,5.25281,5.9528103,5.09281,4.57281,3.95281,2.65281,4.13281,2.6128101,1.70281,1.20281,0.29281005,0.37281007,1.2828101,1.22281,0.78281003,0.65281004,0.58281004,0.42281005,0.022810059,-0.34718993,-0.43718994,-0.53718996,-0.80718994,-1.14719,-1.4371899,-1.6071899,-1.6971899,-1.7171899,-1.8271899,-1.9871899,-2.07719,-2.1671898,-2.31719,-2.03719,-1.88719,-1.28719,-1.7271899,-2.58719,-3.33719,-3.78719,-4.23719,-4.26719,-4.81719,-5.5271897,-6.20719,-7.19719
-3.6371899,-3.60719,-3.52719,-3.34719,-3.8971899,-4.18719,-3.1671898,-0.98718995,0.76281005,0.59281003,0.78281003,1.0428101,1.5328101,4.10281,4.69281,5.17281,5.17281,4.94281,4.23281,4.01281,3.98281,2.92281,3.04281,0.8028101,1.2728101,1.82281,0.48281005,-0.45718995,0.47281006,0.82281005,0.7328101,0.58281004,0.37281007,0.07281006,-0.14718994,-0.20718995,-0.38718995,-0.6471899,-0.96718997,-1.4471899,-1.79719,-1.91719,-1.9371899,-1.8371899,-1.77719,-1.9471899,-2.22719,-2.44719,-2.59719,-2.8771899,-3.23719,-3.4071898,-3.6771898,-4.10719,-4.44719,-4.73719,-4.96719,-5.2771897,-5.45719,-6.43719,-7.67719,-7.03719
-3.72719,-4.0071898,-3.98719,-4.14719,-3.93719,-2.43719,-0.16718994,1.3028101,1.44281,1.1428101,1.58281,1.58281,0.43281007,4.52281,5.10281,4.42281,4.75281,4.56281,4.7028103,3.54281,2.8328102,2.64281,1.3928101,1.37281,1.6328101,1.2728101,0.0028100586,-0.027189942,0.0028100586,0.52281004,0.062810056,0.32281005,0.26281005,0.03281006,-0.34718993,-0.67718995,-0.81718993,-0.87718993,-1.1871899,-1.5771899,-1.90719,-2.00719,-1.9771899,-1.88719,-1.77719,-1.87719,-2.1371899,-2.53719,-2.95719,-3.3971899,-3.68719,-4.16719,-4.69719,-5.09719,-5.31719,-5.82719,-5.39719,-5.65719,-6.5071898,-7.68719,-8.63719,-5.43719
-3.76719,-4.21719,-4.44719,-4.05719,-2.96719,-1.17719,0.27281007,0.9228101,1.3028101,1.1728101,1.84281,1.5128101,1.49281,2.76281,3.68281,3.3728101,3.81281,3.69281,3.76281,3.6228101,3.1028101,2.1128101,1.45281,1.2728101,0.49281007,-0.24718994,-0.48718995,0.96281004,1.1728101,1.2828101,-0.45718995,-0.15718994,0.052810058,-0.05718994,-0.017189942,-0.28718993,-0.65718997,-1.0971899,-1.6071899,-1.8171899,-2.00719,-2.05719,-1.90719,-1.8171899,-1.90719,-2.08719,-2.4171898,-2.82719,-3.18719,-3.6571898,-4.06719,-5.15719,-5.84719,-5.93719,-5.05719,-4.83719,-5.30719,-5.64719,-7.06719,-8.50719,-6.57719,-4.34719
-4.30719,-4.2971897,-4.43719,-4.24719,-3.4171898,-1.6071899,0.50281006,1.8828101,2.50281,1.69281,1.61281,1.2828101,0.23281007,1.84281,2.56281,2.66281,3.16281,2.39281,3.88281,3.72281,2.97281,1.86281,1.46281,1.1428101,-0.67718995,-0.99718994,1.59281,0.9228101,1.0228101,0.82281005,-0.8371899,-0.6471899,-0.5171899,-0.72718996,-1.13719,-1.12719,-1.15719,-1.40719,-1.66719,-1.9471899,-2.21719,-2.33719,-2.54719,-2.6471899,-2.3971899,-2.25719,-2.53719,-2.84719,-3.4071898,-3.83719,-4.89719,-6.37719,-6.7571898,-4.09719,-2.74719,-3.45719,-3.71719,-4.80719,-6.65719,-6.83719,-5.35719,-3.58719
-4.7971897,-4.96719,-5.13719,-5.48719,-4.64719,0.04281006,2.96281,4.7028103,3.76281,2.8628101,1.5528101,0.51281005,-0.8871899,2.73281,3.1128101,2.48281,2.8728101,2.55281,3.8628101,3.49281,2.5928102,1.5428101,0.8628101,-0.46718994,-1.24719,0.022810059,-0.17718995,0.21281005,0.22281006,-0.66718996,-1.53719,-1.5671899,-1.3571899,-2.23719,-2.52719,-2.33719,-2.48719,-2.35719,-2.31719,-2.31719,-2.6371899,-2.75719,-2.77719,-3.1471899,-3.6271899,-3.6271899,-3.4071898,-3.4071898,-3.75719,-3.69719,-5.05719,-7.08719,-5.10719,-0.12718993,-0.97718996,-1.9771899,-3.78719,-4.7971897,-5.5071898,-5.56719,-4.72719,-3.51719
-5.11719,-5.57719,-5.93719,-5.38719,-4.16719,3.13281,5.73281,5.67281,4.31281,3.23281,1.87281,-0.37718993,-0.67718995,0.97281003,1.96281,2.18281,2.64281,2.75281,2.95281,2.14281,1.19281,0.39281005,0.32281005,-0.05718994,0.5528101,0.7328101,1.83281,1.32281,0.5528101,-0.24718994,-1.62719,-2.35719,-2.58719,-1.8571899,-2.02719,-2.97719,-3.8871899,-3.45719,-3.43719,-3.24719,-3.25719,-3.1671898,-3.07719,-3.94719,-4.2971897,-4.10719,-3.83719,-3.84719,-4.21719,-4.03719,-4.34719,-5.65719,-3.30719,-0.65718997,-0.68718994,-2.25719,-3.9071898,-4.5271897,-4.76719,-5.28719,-4.90719,-2.81719
-5.10719,-5.61719,-5.76719,-4.42719,-2.18719,3.3728101,5.36281,4.88281,4.69281,2.8428102,1.24281,-0.25718993,0.0028100586,1.0328101,2.29281,1.99281,1.94281,2.03281,1.6528101,1.59281,0.29281005,0.38281006,-0.14718994,-0.86718994,-1.12719,-0.99718994,-1.02719,-0.46718994,-0.10718994,-0.72718996,-1.7171899,-2.07719,-1.7171899,-1.74719,-1.37719,-1.67719,0.45281005,0.58281004,-0.8271899,-2.32719,-3.3771899,-3.6571898,-3.46719,-4.19719,-4.33719,-3.10719,-1.4771899,-2.1771898,-2.95719,-4.05719,-4.56719,-5.14719,-3.80719,-2.26719,-2.29719,-2.45719,-4.06719,-4.63719,-4.74719,-4.5471897,-4.84719,-3.69719
-4.40719,-5.24719,-4.66719,-3.18719,-2.21719,3.64281,4.9928102,4.44281,4.05281,2.0928102,0.20281006,-1.28719,-1.54719,-0.5771899,0.94281006,1.6828101,1.3828101,1.32281,0.7328101,0.53281003,0.82281005,0.58281004,0.32281005,-0.27718994,-0.61718994,-0.52718997,-0.53718996,-0.22718994,-0.8971899,-1.6171899,-1.7371899,-1.9771899,-2.1771898,-1.99719,-1.8671899,-1.54719,-1.2171899,-0.93718994,-0.68718994,-0.7671899,-0.9571899,-1.65719,-3.36719,-4.0471897,-4.24719,-1.88719,-1.13719,-1.6071899,-2.08719,-2.01719,-3.85719,-4.62719,-4.20719,-3.6471899,-2.98719,-3.20719,-4.35719,-3.1771898,-3.76719,-3.57719,-2.55719,1.49281
-3.96719,-4.12719,-3.36719,-1.0871899,-0.08718994,1.1528101,5.2228103,4.55281,2.68281,1.47281,-1.01719,-2.22719,-1.49719,0.21281005,0.88281006,0.90281004,0.94281006,0.50281006,0.47281006,0.89281005,0.36281005,0.26281005,0.43281007,-0.66718996,-1.26719,-0.98718995,-0.8271899,-0.6371899,-0.7571899,-1.30719,-2.30719,-2.27719,-2.26719,-2.98719,-2.50719,-1.92719,-2.32719,-1.9571899,-1.63719,-1.4571899,-1.3471899,-1.7071899,-2.24719,-3.20719,-3.94719,-2.6371899,-2.00719,-1.87719,-2.01719,-2.23719,-2.9071898,-3.85719,-4.39719,-3.75719,-3.1771898,-2.97719,-3.6571898,-2.3871899,-2.3871899,-1.77719,-1.27719,-1.0871899
-3.32719,-3.1471899,-2.46719,-1.51719,-0.62718993,1.9228101,3.79281,3.06281,1.49281,0.13281006,-2.08719,-2.80719,-2.1671898,-0.99718994,0.0028100586,-0.44718993,-0.28718993,-0.52718997,-0.26718995,-0.66718996,-1.41719,-1.27719,-0.5871899,-0.45718995,-0.33718994,-1.3171899,-1.74719,-1.8271899,-2.1271899,-2.54719,-2.28719,-2.1671898,-2.75719,-2.76719,-2.75719,-2.18719,-0.74718994,-0.71718997,-0.90718997,-1.9671899,-2.20719,-1.9571899,-2.80719,-3.1571898,-2.68719,-3.25719,-2.8971899,-2.60719,-1.79719,-2.11719,-3.69719,-4.57719,-4.67719,-3.25719,-2.57719,-3.09719,-2.99719,-1.8571899,-2.27719,-2.45719,-2.78719,-1.9871899
-3.04719,-2.68719,-2.03719,-1.1871899,-0.17718995,2.80281,2.0728102,1.25281,0.0028100586,-1.3171899,-3.29719,-2.96719,-2.98719,-2.1771898,-1.51719,-0.85718995,-1.4471899,-0.72718996,-0.49718994,-0.90718997,-0.5871899,-0.48718995,-0.62718993,-0.8271899,-1.0871899,-1.2071899,-1.3471899,-1.5971899,-2.1271899,-2.48719,-2.70719,-3.10719,-2.72719,-2.51719,-2.25719,-2.05719,-1.2271899,-1.6971899,-1.6971899,-1.8271899,-1.9371899,-2.07719,-1.3671899,-1.14719,-1.3571899,-0.29718995,0.6728101,-1.00719,-2.75719,-3.34719,-3.28719,-2.6671898,-2.8771899,-3.98719,-3.36719,-3.10719,-3.28719,-2.9171898,-3.25719,-2.97719,-2.49719,-1.4571899
-2.32719,-2.50719,-1.4671899,-1.2071899,1.3828101,2.56281,1.21281,0.29281005,-1.03719,-2.04719,-3.36719,-2.4071898,-3.6771898,-2.01719,-2.09719,-1.3371899,-1.40719,-0.68718994,-0.92718995,-1.0771899,-1.0871899,-0.42718995,0.15281005,-0.13718994,-0.45718995,-0.38718995,-1.25719,-1.3371899,-1.89719,-2.56719,-2.81719,-2.44719,-1.8171899,-1.26719,-1.30719,-1.49719,-1.42719,-1.30719,-2.09719,-1.9771899,-1.87719,-1.9571899,-2.1771898,-1.5671899,-0.56718993,-0.15718994,-0.30718994,-0.5871899,-0.29718995,-0.9471899,-1.6071899,-2.58719,-2.97719,-2.54719,-2.20719,-3.01719,-2.59719,-1.6871899,-2.1471899,-2.1371899,1.2628101,0.88281006
-1.87719,-1.8271899,-0.55718994,0.16281006,0.90281004,0.9128101,-0.027189942,-0.24718994,-1.3671899,-2.47719,-3.53719,-1.67719,-3.01719,-1.4871899,-2.33719,-2.1671898,-1.3171899,-1.8671899,-1.6071899,-1.5871899,-1.38719,-0.8271899,-0.43718994,-0.79718995,-0.38718995,-0.96718997,-1.39719,-2.49719,-3.02719,-2.76719,-2.30719,-1.51719,-1.8471899,-1.66719,-1.17719,-1.38719,-1.4471899,-0.73718995,-1.16719,-0.36718994,-0.35718995,-0.7571899,-0.99718994,-1.25719,-1.3571899,-1.7071899,-1.91719,-2.18719,-2.54719,-2.61719,-2.10719,-2.54719,-2.28719,-2.44719,-2.1671898,-1.99719,-1.88719,0.49281007,0.25281006,1.0328101,1.36281,0.7928101
-2.18719,-0.27718994,-0.37718993,0.07281006,0.052810058,-0.09718994,-0.42718995,-0.8371899,-1.8571899,-2.30719,-2.9171898,-1.54719,-1.9371899,-2.75719,-2.71719,-2.86719,-1.75719,-2.69719,-3.24719,-2.11719,-0.99718994,-0.71718997,-1.40719,-0.93718994,-0.92718995,-0.37718993,-0.18718994,-1.38719,-0.84718996,-1.13719,-1.38719,-1.54719,-1.9771899,-2.07719,-2.1271899,-3.09719,-3.10719,-1.4671899,-0.74718994,-0.19718994,-1.05719,-1.24719,-1.16719,-0.7671899,-1.53719,-1.7171899,-2.45719,-1.66719,-2.06719,-1.7271899,-1.4471899,-1.49719,-1.41719,-1.3171899,-0.99718994,-0.7071899,-0.39718994,1.34281,0.65281004,0.16281006,0.14281006,-0.39718994
-1.39719,-0.27718994,-0.32718995,0.40281007,0.20281006,-0.5771899,-1.00719,-1.66719,-2.24719,-2.06719,-2.3771899,-2.76719,-1.9771899,-1.74719,-2.57719,-2.9171898,-3.4271898,-2.57719,-1.76719,-0.7071899,-0.37718993,-0.7571899,0.65281004,-0.49718994,-0.5871899,-0.7671899,-1.39719,-1.78719,0.08281006,0.24281006,0.28281006,0.27281007,-0.5071899,-0.67718995,-1.1971899,-1.1971899,-0.36718994,-0.08718994,-1.4571899,-2.00719,-1.4871899,-1.3671899,-1.3471899,-1.54719,-1.40719,-1.8671899,-0.71718997,-0.65718997,0.64281005,-0.43718994,-0.25718993,0.97281003,1.0428101,0.88281006,-0.22718994,-0.68718994,-0.39718994,0.9828101,0.57281005,-0.32718995,-1.5771899,-0.61718994
-0.55718994,-1.9371899,0.77281004,0.03281006,-0.32718995,-1.3271899,-1.8271899,-2.50719,-2.11719,-2.4071898,-2.8871899,-2.82719,-2.96719,-2.6471899,-1.9871899,-2.44719,-2.43719,-2.06719,-4.40719,-1.62719,-0.60718995,-0.09718994,0.25281006,1.1828101,0.95281005,0.17281006,-0.43718994,0.7428101,1.70281,1.23281,1.2928101,1.8828101,-0.03718994,-0.55718994,-1.04719,-1.3371899,-1.3571899,-1.17719,-1.4771899,-1.74719,-1.3371899,-1.3171899,-2.84719,-1.67719,-1.75719,-1.2371899,-0.5771899,0.87281007,1.09281,1.5628101,0.64281005,0.59281003,0.8528101,0.97281003,1.7728101,1.3928101,1.1628101,0.56281006,0.36281005,-0.59718996,-1.3471899,-1.91719
