raw-data-f/2018100812f3.json
{"header": { "discipline":0, "disciplineName":"Meteorological products", "gribEdition":2, "gribLength":75252, "center":7, "centerName":"US National Weather Service - NCEP(WMC)", "subcenter":0, "refTime":"2018-10-08T12:00:00.000Z", "significanceOfRT":1, "significanceOfRTName":"Start of forecast", "productStatus":0, "productStatusName":"Operational products", "productType":1, "productTypeName":"Forecast products", "productDefinitionTemplate":0, "productDefinitionTemplateName":"Analysis/forecast at horizontal level/layer at a point in time", "parameterCategory":2, "parameterCategoryName":"Momentum", "parameterNumber":2, "parameterNumberName":"U-component_of_wind", "parameterUnit":"m.s-1", "genProcessType":2, "genProcessTypeName":"Forecast", "forecastTime":3, "surface1Type":103, "surface1TypeName":"Specified height level above ground", "surface1Value":10.0, "surface2Type":255, "surface2TypeName":"Missing", "surface2Value":0.0, "gridDefinitionTemplate":0, "gridDefinitionTemplateName":"Latitude_Longitude", "numberPoints":65160, "shape":6, "shapeName":"Earth spherical with radius of 6,371,229.0 m", "gridUnits":"degrees", "resolution":48, "winds":"true", "scanMode":0, "nx":360, "ny":181, "basicAngle":0, "lo1":0.0, "la1":90.0, "lo2":359.0, "la2":-90.0, "dx":1.0, "dy":1.0 }, "data":
[rows 130 to 155 of 181, columns 232 to 289 of 360]
6.643213,5.653213,5.173213,5.233213,5.753213,1.483213,-3.8367872,-6.086787,-8.526787,-5.206787,-3.1267872,-2.516787,-2.786787,-3.3967872,-2.296787,-0.8867871,-0.86678714,-0.6367871,0.6132129,0.4532129,-0.9567871,-1.0767871,-0.4867871,-0.44678712,1.1732129,1.1032128,0.4132129,0.6432129,0.20321289,0.94321287,0.5632129,0.33321288,0.49321288,-0.8967871,-1.0367872,0.4432129,1.2132128,1.8432128,3.1332128,4.073213,5.173213,5.913213,6.363213,7.053213,7.983213,8.903213,9.333213,10.043213,11.163213,11.533213,12.103213,11.643213,10.763213,9.813213,7.943213,2.493213,2.3732128,13.343213
6.873213,5.393213,4.693213,4.213213,5.113213,0.3232129,-2.6067872,-3.1567872,-4.166787,-4.576787,-4.286787,-3.246787,-3.246787,-2.796787,-1.2967871,-0.7367871,-0.4067871,0.82321286,1.1032128,0.09321289,0.3832129,1.8032129,1.6432129,2.263213,1.3732129,-0.1967871,0.33321288,0.75321287,1.1232129,0.6632129,-1.0667871,-1.7067871,-1.4067872,-0.80678713,0.4732129,1.363213,2.193213,2.9132128,3.703213,4.9732127,5.1832128,6.583213,7.403213,8.123213,8.533213,8.843213,9.383213,10.093213,11.023212,11.1932125,12.003213,12.993213,12.593213,10.653213,7.793213,2.053213,3.233213,13.553213
6.793213,5.363213,4.273213,3.683213,4.553213,0.5532129,-1.7067871,-3.196787,-3.6367872,-3.776787,-4.606787,-3.456787,-2.9367871,-1.7067871,-0.55678713,0.21321289,0.2532129,0.4432129,1.2232128,2.173213,3.263213,2.053213,2.423213,2.4032128,1.9132129,1.983213,1.9032129,1.2832129,-1.386787,-3.1167872,-2.1567872,-0.5367871,-0.24678712,0.9932129,1.3232129,2.273213,2.483213,3.753213,4.713213,5.293213,6.363213,7.503213,8.063213,8.893213,9.223213,9.633213,10.213213,10.773212,11.173213,11.873213,12.6932125,12.823213,12.733212,12.363213,6.483213,3.453213,2.703213,11.833213
6.303213,4.843213,4.003213,3.5732129,3.8332129,1.0232129,-1.266787,-2.6667871,-3.8967872,-3.806787,-3.816787,-3.316787,-2.036787,-0.7767871,0.1932129,0.4032129,0.5232129,1.3432128,2.0932128,2.8332129,3.0632129,2.8732128,2.803213,2.503213,2.5932128,2.1632128,-1.6167871,-3.076787,-2.196787,-1.0767871,-0.05678711,0.82321286,1.3132129,1.5332129,2.533213,2.763213,4.0332127,4.4732127,5.313213,6.193213,7.113213,7.873213,8.643213,9.533213,10.383213,10.843213,11.463213,11.953213,12.383213,12.553213,12.813213,13.263213,12.783213,12.653213,4.4532127,2.523213,3.6032128,10.163213
4.133213,3.9032128,3.423213,2.973213,3.483213,0.7232129,-1.9967871,-3.456787,-4.9667873,-4.036787,-3.516787,-2.796787,-1.1067871,0.063212894,0.39321288,0.5232129,2.0932128,3.3532128,3.5932128,3.4132128,3.493213,3.443213,3.273213,3.963213,2.3832128,-1.9267871,-0.5667871,-0.09678711,0.30321288,0.9632129,1.6232129,2.0832129,2.743213,2.973213,3.523213,4.173213,4.823213,5.133213,5.943213,6.863213,7.7032127,8.4432125,9.453213,10.433213,11.453213,12.833213,14.333213,15.343213,15.673213,15.243213,14.263213,13.733212,13.873213,12.783213,11.6932125,3.053213,4.843213,10.063213
1.6632129,2.8132129,2.513213,2.5732129,2.3832128,-0.8367871,-3.786787,-4.636787,-4.896787,-3.8967872,-3.1267872,-1.9367871,-0.4967871,0.69321287,0.9732129,2.1332128,3.423213,4.233213,2.993213,3.753213,4.093213,4.073213,4.733213,3.473213,0.4432129,1.9632128,2.003213,2.3732128,2.3632128,2.6232128,3.223213,3.793213,4.143213,4.443213,4.633213,5.2032127,5.083213,5.883213,6.883213,7.133213,7.833213,8.393213,9.963213,11.243213,12.663213,14.003213,15.183213,16.593212,17.543213,17.633213,16.603212,14.973213,13.993213,12.663213,4.9332128,1.7032129,4.043213,12.913213
-0.92678714,1.5832129,1.8332129,2.173213,-0.23678711,-2.966787,-4.646787,-5.426787,-4.196787,-3.6867871,-2.6567872,-1.4567871,-0.3467871,0.7732129,2.283213,2.8232129,2.1032128,2.203213,3.6632128,4.063213,4.383213,5.003213,4.983213,2.443213,2.923213,3.6432128,3.8132129,3.9032128,3.753213,3.8832128,4.2032127,4.603213,4.963213,5.583213,5.693213,5.833213,6.2632127,6.883213,6.663213,7.163213,7.7232127,9.223213,10.4432125,11.463213,12.373213,12.753213,14.033213,15.013213,15.183213,15.513213,16.323214,15.103213,13.773212,9.833213,5.023213,3.6332128,4.963213,10.123213
-1.5867871,0.2632129,1.1332129,-0.8467871,-2.746787,-3.826787,-5.196787,-4.626787,-3.766787,-3.066787,-1.7867872,-0.86678714,0.023212891,0.46321288,0.8532129,2.203213,3.963213,5.373213,5.323213,4.853213,4.593213,4.853213,5.293213,2.703213,4.323213,4.9332128,5.133213,5.4532127,4.983213,4.893213,5.0332127,5.273213,5.823213,6.343213,6.643213,6.803213,7.163213,7.003213,6.553213,6.853213,8.233212,9.323213,10.493213,11.223213,11.633213,11.983212,12.773212,13.453213,13.453213,13.753213,13.473213,13.743213,12.163213,10.513213,-4.656787,-1.4367871,5.063213,9.223213
-1.0767871,-0.06678711,-1.7367871,-3.1467872,-4.2767873,-5.5467873,-5.586787,-4.126787,-2.806787,-1.9367871,-0.7767871,-0.08678711,0.5832129,1.6932129,2.9132128,4.363213,4.873213,4.4532127,4.523213,4.603213,4.623213,5.1832128,5.463213,4.0132127,5.233213,6.043213,6.393213,6.753213,6.623213,6.173213,6.113213,6.1832128,6.553213,7.043213,7.113213,7.173213,7.023213,6.673213,6.2832127,7.2032127,8.053213,9.343213,10.263213,10.763213,10.743213,11.6932125,13.303213,13.213213,12.833213,13.383213,13.483212,11.743213,10.463213,6.403213,3.463213,0.7232129,3.003213,2.6032128
-4.436787,-5.2767873,-6.126787,-7.246787,-7.516787,-6.7167873,-4.2767873,-2.746787,-1.6967871,-0.7667871,-0.09678711,0.9232129,1.5532129,2.473213,4.4332128,6.003213,6.413213,5.6832128,4.613213,4.983213,5.383213,6.113213,6.633213,5.593213,6.313213,7.083213,7.413213,7.793213,7.983213,7.653213,7.5132127,7.2632127,7.643213,7.623213,7.4532127,7.1832128,7.0132127,6.9532127,6.813213,7.163213,7.843213,8.913213,9.833213,9.673213,9.313213,10.653213,11.633213,10.563213,11.343213,13.633213,10.283213,9.343213,7.333213,3.683213,-2.986787,3.3232129,10.823213,10.793213
-9.216787,-9.316787,-8.616787,-7.576787,-6.226787,-4.416787,-2.8767872,-1.4467871,-0.4667871,0.3832129,1.0132129,1.1232129,2.013213,3.5632129,5.113213,4.943213,4.2232127,4.4332128,4.5132127,5.503213,6.543213,7.1832128,7.423213,7.353213,7.663213,7.833213,7.983213,8.433213,8.963213,9.003213,8.953213,8.9432125,8.523212,8.663213,8.223213,7.9332128,7.963213,7.583213,7.4932127,7.153213,7.233213,8.283213,9.173213,8.073213,7.6832128,8.313213,8.333213,7.623213,8.503213,8.303213,5.7632127,5.523213,4.793213,-1.6267871,-2.6067872,1.5232129,5.093213,8.883213
-6.2967873,-5.906787,-5.146787,-4.156787,-3.3467872,-2.456787,-1.136787,-0.04678711,0.8132129,1.4932129,1.6632129,2.4132128,3.683213,4.733213,5.393213,5.5132127,5.7232127,5.923213,6.063213,6.813213,7.823213,8.053213,7.1832128,7.443213,8.113213,8.763213,8.453213,8.373213,9.243213,9.723213,10.013213,9.883213,10.053213,9.723213,9.383213,9.393213,9.093213,8.433213,7.883213,7.2432127,6.483213,7.7432127,8.313213,6.543213,6.2432127,6.4932127,5.753213,5.7632127,4.753213,3.8232129,3.3332129,1.983213,2.023213,-2.3767872,-0.2667871,2.8132129,1.733213,4.593213
-1.766787,-1.6667871,-1.3767871,-0.86678714,-0.18678711,0.4732129,1.0332129,1.6232129,2.1432128,2.803213,3.473213,4.4932127,5.543213,5.9532127,6.123213,6.4532127,7.5132127,7.0132127,7.083213,7.9732127,7.923213,7.2232127,6.983213,7.963213,8.503213,8.933213,9.173213,8.843213,8.423213,9.513213,10.073213,9.873213,10.003213,10.553213,10.373213,10.513213,9.533213,8.683213,8.143213,7.133213,5.873213,7.323213,7.503213,5.573213,5.103213,5.323213,4.4532127,2.8432128,4.383213,1.4032129,1.8132129,1.3132129,1.983213,0.7232129,1.6732129,1.5032129,1.2132128,5.4532127
2.6332128,2.453213,2.3532128,2.423213,2.443213,2.553213,2.9032128,3.3832128,3.8432128,4.343213,5.193213,6.133213,6.673213,7.313213,7.4932127,7.363213,7.4532127,7.2832127,7.7432127,8.573213,7.6832128,7.7832127,8.243213,8.793213,9.103213,7.9932127,7.923213,7.503213,9.133213,9.133213,9.423213,10.003213,10.723213,11.073213,10.793213,9.863213,8.873213,8.623213,8.083213,7.293213,6.003213,7.163213,7.023213,5.1832128,4.103213,4.043213,3.8232129,2.263213,0.8332129,4.803213,2.933213,3.453213,2.763213,2.483213,1.7632129,1.733213,0.9132129,2.003213
6.023213,5.403213,5.053213,4.803213,4.543213,4.613213,4.793213,5.063213,5.563213,6.303213,7.063213,7.5132127,7.9732127,8.223213,8.423213,7.833213,7.303213,7.653213,8.073213,7.883213,6.913213,7.1832128,7.963213,8.003213,8.213213,8.223213,8.273212,7.4532127,9.683213,9.243213,9.803213,10.633213,11.143213,10.483212,9.043213,8.553213,8.913213,9.053213,8.743213,8.603213,7.2832127,6.853213,7.363213,5.043213,4.163213,2.933213,2.5632129,1.8732129,0.21321289,-1.2267871,4.603213,5.793213,5.273213,6.2432127,5.603213,4.103213,1.1032128,-1.7167871
8.183213,7.913213,7.503213,7.133213,6.923213,6.853213,6.9332128,7.053213,7.2632127,7.423213,7.593213,7.853213,8.003213,8.253213,8.273212,7.833213,7.123213,7.833213,8.353213,7.773213,7.413213,7.293213,7.823213,8.003213,8.323213,8.553213,8.863213,8.393213,9.833213,9.813213,10.043213,9.813213,8.783213,8.303213,8.543213,9.083213,9.283213,9.503213,9.583213,10.273212,8.213213,6.583213,7.5132127,5.893213,4.653213,3.233213,2.4032128,1.2732129,0.5432129,-1.0567871,-2.546787,-0.5867871,6.7232127,6.253213,6.423213,6.553213,4.273213,1.6832129
9.253213,8.153213,8.043213,8.383213,8.353213,7.9732127,7.883213,7.913213,8.013213,8.083213,8.073213,8.123213,7.9932127,8.413213,8.293213,8.393213,7.9932127,8.153213,8.523212,8.313213,8.363213,8.583213,8.613213,8.673213,8.563213,8.553213,9.363213,9.013213,9.533213,9.543213,9.263213,8.963213,8.563213,8.503213,9.263213,9.573213,9.923213,10.143213,10.363213,10.033213,7.383213,6.803213,7.2232127,7.083213,5.813213,4.553213,3.533213,2.3632128,0.7332129,0.10321289,-1.7867872,-2.946787,-4.856787,3.293213,4.193213,5.443213,4.863213,5.083213
11.823213,10.793213,9.473213,9.273212,8.883213,8.363213,8.083213,8.183213,8.503213,8.663213,8.633213,8.723213,8.913213,8.713213,9.243213,8.783213,8.463213,8.483212,8.623213,8.793213,8.983212,9.403213,9.433213,9.353213,9.013213,8.463213,9.153213,9.093213,9.083213,9.383213,9.493213,9.573213,9.373213,9.333213,9.683213,10.243213,10.783213,10.933213,11.103213,10.033213,8.953213,7.7432127,7.123213,7.803213,7.153213,6.163213,5.363213,4.693213,2.5832129,0.75321287,0.2932129,-1.136787,-2.046787,-3.046787,-3.786787,4.903213,6.563213,7.293213
12.013213,12.123213,11.763213,10.523212,9.513213,9.203213,9.043213,8.703213,9.573213,9.913213,9.623213,9.343213,8.953213,8.753213,8.543213,8.523212,8.283213,9.183213,9.893213,10.173213,10.153213,10.1932125,9.793213,9.863213,9.673213,8.793213,8.853213,9.643213,9.753213,10.083213,10.123213,9.983212,9.903213,9.9432125,10.503213,10.973213,11.373213,11.363213,11.213213,11.973213,10.563213,8.403213,8.183213,8.383213,7.903213,7.373213,7.0132127,6.653213,5.573213,3.3132129,1.7932129,1.3832129,1.2032129,-0.25678712,-1.0467871,-0.6367871,-3.6167872,-7.616787
13.103213,12.753213,12.113213,11.393213,10.283213,8.873213,9.003213,9.293213,9.393213,9.683213,9.523212,9.053213,8.633213,8.433213,8.063213,8.503213,9.293213,10.013213,10.6932125,10.733212,10.123213,9.643213,9.253213,9.113213,9.293213,10.773212,10.633213,9.703213,9.823213,9.893213,9.963213,10.333213,10.353213,10.683213,10.793213,10.713213,10.073213,9.933213,10.073213,10.023212,10.003213,9.913213,9.233212,8.793213,8.553213,8.473213,8.123213,7.7432127,7.653213,6.9332128,4.983213,4.143213,3.8232129,3.5732129,3.0732129,2.703213,2.0732129,0.7932129
11.773212,13.313213,11.853213,10.973213,10.473213,9.653213,7.983213,8.883213,9.143213,9.403213,9.1932125,9.553213,10.033213,9.173213,9.493213,9.513213,9.873213,10.413213,10.683213,10.963213,10.643213,9.613213,8.873213,8.403213,9.263213,10.1932125,11.643213,11.673213,11.273212,11.083213,10.433213,10.263213,10.403213,10.293213,10.113213,10.213213,10.293213,10.053213,9.623213,10.083213,10.913213,11.803213,8.593213,8.243213,8.603213,7.9332128,8.423213,9.143213,9.813213,9.303213,7.5332127,6.9332128,6.903213,6.593213,6.153213,5.903213,6.193213,6.573213
10.933213,11.013213,12.683213,10.513213,9.833213,9.483212,9.283213,8.883213,8.733212,8.963213,8.853213,8.643213,8.963213,9.463213,9.833213,10.313213,10.673213,11.593213,11.503213,11.173213,10.533213,9.143213,7.523213,7.833213,8.773212,10.223213,10.843213,11.163213,10.963213,10.373213,9.913213,9.883213,9.9432125,9.6932125,9.613213,9.503213,9.053213,8.883213,8.763213,7.323213,4.313213,3.263213,6.4932127,7.7432127,7.893213,8.373213,9.153213,9.403213,8.053213,8.003213,8.923213,9.1932125,9.353213,9.383213,8.6932125,9.153213,9.433213,9.673213
10.613213,9.313213,9.953213,11.233212,9.093213,8.183213,8.723213,9.013213,8.963213,9.103213,9.513213,9.903213,10.403213,10.6932125,10.843213,11.123213,11.263213,11.683213,11.813213,11.663213,11.073213,8.453213,6.903213,7.233213,7.303213,8.363213,9.883213,10.013213,10.103213,10.283213,10.453213,10.373213,9.603213,9.063213,8.923213,8.683213,8.813213,8.503213,8.4432125,7.063213,6.593213,6.603213,7.173213,7.643213,7.983213,8.793213,9.113213,9.393213,9.613213,10.093213,10.933213,11.683213,11.853213,11.773212,11.923213,12.513213,12.123213,11.833213
8.163213,7.5132127,7.083213,8.563213,9.573213,8.223213,6.833213,7.293213,7.833213,8.063213,8.153213,8.533213,8.993213,9.413213,9.6932125,9.923213,9.843213,9.763213,10.103213,10.043213,8.643213,7.273213,6.7032127,6.903213,7.4332128,8.583213,9.203213,9.063213,9.163213,9.523212,9.673213,9.343213,9.323213,8.863213,7.863213,7.7432127,8.003213,6.823213,5.713213,3.943213,4.2432127,6.093213,6.713213,7.483213,8.413213,9.013213,9.603213,10.473213,11.513213,12.373213,12.993213,13.613213,13.633213,14.073213,14.083213,13.743213,13.173213,12.493213
6.863213,5.833213,5.753213,5.443213,6.0332127,5.923213,5.9332128,5.713213,5.693213,6.333213,7.193213,7.4932127,7.863213,8.323213,8.593213,8.853213,9.293213,9.513213,8.973213,8.013213,7.373213,7.043213,6.2032127,6.523213,6.823213,7.333213,7.313213,7.293213,8.083213,10.343213,9.563213,8.933213,8.553213,7.913213,7.913213,7.9532127,7.2032127,5.893213,6.123213,5.843213,5.7032127,6.0132127,6.9532127,7.673213,8.523212,9.733212,10.653213,11.273212,12.233212,13.283213,13.503213,12.613213,12.873213,14.563213,13.053213,12.203213,11.553213,10.323213
5.403213,5.413213,4.883213,4.793213,4.643213,4.653213,4.233213,4.2032127,4.333213,4.9332128,5.353213,5.833213,6.803213,6.693213,6.633213,6.863213,6.793213,6.7232127,6.623213,6.143213,5.673213,5.583213,5.893213,6.503213,7.193213,7.023213,7.463213,8.583213,8.103213,7.4532127,6.403213,6.343213,5.753213,6.2032127,6.373213,6.713213,6.753213,5.593213,5.313213,5.083213,4.7632127,4.653213,4.463213,6.753213,8.513213,7.9532127,9.053213,10.183213,10.403213,10.413213,10.583213,11.4432125,11.4432125,9.113213,6.443213,4.9732127,4.153213,3.3332129
