raw-data-f/2018100712.json
{"header": { "discipline":0, "disciplineName":"Meteorological products", "gribEdition":2, "gribLength":74858, "center":7, "centerName":"US National Weather Service - NCEP(WMC)", "subcenter":0, "refTime":"2018-10-07T12:00:00.000Z", "significanceOfRT":1, "significanceOfRTName":"Start of forecast", "productStatus":0, "productStatusName":"Operational products", "productType":1, "productTypeName":"Forecast products", "productDefinitionTemplate":0, "productDefinitionTemplateName":"Analysis/forecast at horizontal level/layer at a point in time", "parameterCategory":2, "parameterCategoryName":"Momentum", "parameterNumber":2, "parameterNumberName":"U-component_of_wind", "parameterUnit":"m.s-1", "genProcessType":2, "genProcessTypeName":"Forecast", "forecastTime":0, "surface1Type":103, "surface1TypeName":"Specified height level above ground", "surface1Value":10.0, "surface2Type":255, "surface2TypeName":"Missing", "surface2Value":0.0, "gridDefinitionTemplate":0, "gridDefinitionTemplateName":"Latitude_Longitude", "numberPoints":65160, "shape":6, "shapeName":"Earth spherical with radius of 6,371,229.0 m", "gridUnits":"degrees", "resolution":48, "winds":"true", "scanMode":0, "nx":360, "ny":181, "basicAngle":0, "lo1":0.0, "la1":90.0, "lo2":359.0, "la2":-90.0, "dx":1.0, "dy":1.0 }, "data":
[rows 100 to 124 of 181, columns 0 to 56 of 360]
-0.8946094,-0.8246094,-0.3346094,0.17539063,0.8353906,0.75539064,0.56539065,0.4753906,0.57539064,0.015390625,-0.024609376,-0.034609374,0.95539063,1.8953906,2.3753905,2.9953907,0.62539065,-1.4546094,-1.0546094,-1.2746093,-1.1646094,-1.9546094,-1.8546094,-1.0646094,-2.3346093,-1.2746093,-2.7346094,-1.0746094,-2.3746095,-1.3646094,-1.7746093,-1.7046094,-1.6646094,-3.5946093,-3.3246093,-2.3946095,-1.1846094,-1.0546094,-0.80460936,-0.6046094,-7.8346095,-3.0246093,-0.5846094,1.1653906,0.32539064,1.8153906,1.1353906,-1.5346093,-1.5346093,-3.3846095,-4.0146093,-5.5346093,-5.3046093,-5.7346096,-5.8046093,-5.5146093,-5.0346093
-1.3246094,-0.74460936,-0.28460938,0.13539062,0.82539064,0.81539065,0.7853906,1.1153907,1.0253906,-0.034609374,-0.55460936,0.6053906,2.1553907,2.7453907,4.6853905,0.36539063,-2.3546095,-2.3146093,-0.8446094,-1.4846094,-1.4646094,-1.7146094,-1.6146094,-1.6646094,-1.4546094,-1.4546094,-1.4746094,-1.2046094,-1.0746094,-1.8046094,1.3253906,-2.5346093,-2.1446095,-2.9446094,-3.6746094,-1.5246093,-1.1746094,-0.7846094,-0.014609375,0.33539063,-3.4546094,-3.1646094,-0.61460936,2.2253907,0.8953906,2.3153906,1.8553907,0.065390624,-2.0946093,-4.5846095,-4.3946095,-4.0946093,-5.1646094,-5.5346093,-5.6646094,-5.5446095,-5.1846094
-1.7546093,-1.1546093,-0.46460938,0.36539063,1.0453906,1.0653906,1.5453906,1.8553907,1.4353906,0.31539062,0.065390624,1.1653906,3.6253905,4.6653905,3.0853906,-0.48460937,-2.5846093,-4.384609,-0.7146094,-2.1446095,-3.1246095,-2.7746093,-2.1546094,-0.93460935,-2.0446093,-1.6846094,-1.6546093,-1.6746094,-1.9246094,-1.2346094,-1.8046094,-2.7846093,-0.7146094,-2.0146093,-2.4246094,0.31539062,-1.5646094,0.4453906,0.39539063,-0.46460938,-0.81460935,-3.6946094,-0.7146094,-0.024609376,2.7153907,3.1753907,2.3553905,2.0853906,1.8553907,-2.0846093,-4.5346093,-4.444609,-4.3646092,-5.154609,-5.3646092,-5.5546093,-5.2746096
-2.1746094,-1.6346093,-1.1146094,-0.41460937,0.69539064,1.0753906,1.4953907,1.9953907,1.5153906,0.43539062,0.10539062,3.0953906,4.845391,5.9653907,3.9153907,-1.3946093,-2.8246093,-3.3646095,-2.8346093,-2.7246094,-3.2446094,-3.2746093,-2.5146093,-1.8046094,-1.3346094,-1.9446094,-2.5346093,-1.6346093,-1.7046094,-2.2646093,-2.3746095,-2.5146093,-0.20460938,-2.0346093,-4.424609,2.5253906,-0.39460936,0.46539062,0.14539063,0.62539065,0.13539062,-4.2746096,0.2553906,1.0153906,2.5153906,3.8153906,4.095391,2.8253906,4.6453905,4.1953907,-5.9146094,-3.3246093,-4.174609,-4.7846093,-5.3146095,-5.404609,-5.424609
-1.9646094,-1.4046093,-0.9646094,-0.73460937,-0.40460938,0.20539063,0.34539062,0.48539063,0.46539062,0.35539064,1.7353907,3.6953907,4.115391,4.7153907,0.23539062,-3.9946094,-2.6846094,-2.3546095,-3.5746093,-2.8146093,-3.0946093,-3.3046093,-2.5946093,-2.1046095,-2.0046093,-2.6146095,-2.3146093,-2.4046094,-2.6946094,-3.3046093,-2.6046095,-2.3146093,-2.2446094,-0.18460937,-1.7246094,-0.004609375,-0.45460936,-0.2746094,-0.28460938,0.29539064,0.70539063,-4.9746094,1.0753906,1.6553906,3.2953906,4.5153904,4.4053907,3.4653907,3.2653906,0.32539064,-2.8246093,-2.3046093,-4.0846095,-4.4946094,-5.1646094,-5.5346093,-5.5846095
-2.4546094,-1.8546094,-1.2046094,-0.7846094,-0.43460938,-0.3046094,-0.34460938,-0.56460935,-0.36460936,0.20539063,1.3153906,3.6753907,5.2953906,2.3353906,-1.9846094,-2.8846095,-2.5246093,-3.5846093,-4.3146095,-3.8646095,-3.3546095,-3.0946093,-2.6946094,-2.1046095,-2.3846095,-2.8446093,-2.7146094,-2.6846094,-3.2546093,-2.9146094,-2.7846093,-3.1746094,-3.1646094,-2.2746093,-1.4846094,0.12539062,-0.6346094,-0.7746094,-0.29460937,0.36539063,-0.93460935,0.18539062,1.2253907,2.0353906,4.5653906,5.9353905,4.365391,3.3853905,2.7753906,-0.73460937,-2.3346093,-2.3346093,-4.2346096,-4.214609,-4.8346095,-5.3346095,-5.6446095
-3.0046093,-2.5646093,-1.9446094,-1.4046093,-1.1046094,-0.37460938,0.6653906,-0.24460937,-0.73460937,-0.45460936,1.6153907,3.4953907,6.1553907,5.8353906,-2.9246094,-2.8246093,-4.7346096,-5.1646094,-4.4846096,-4.5246096,-4.1146092,-3.4446094,-3.2146094,-2.8746095,-3.5046093,-3.5846093,-3.1646094,-3.8146093,-3.5046093,-2.2846093,-3.2946093,-3.9046094,-4.0446095,-3.4846094,-2.4646094,-1.2046094,-1.3746094,-1.2746093,0.35539064,0.9153906,0.2553906,2.6653907,2.4353907,2.5953906,5.3853908,8.605391,1.9753907,1.6053907,2.8053906,-2.0746093,-5.4946094,-3.0446093,-3.3646095,-3.8546095,-4.6246095,-5.0946093,-5.4146094
-3.6446095,-3.1246095,-2.8346093,-2.3646095,-2.0446093,-1.3346094,-0.8246094,-0.7246094,-0.12460937,-0.7246094,0.8553906,2.0553906,4.8553905,-0.5246094,-3.5246093,-4.3146095,-4.384609,-4.7346096,-4.1146092,-4.404609,-3.8246093,-3.1046095,-3.0346093,-2.8446093,-3.2946093,-2.9546094,-3.4046094,-4.3446093,0.4753906,-0.37460938,-1.6646094,-3.0146093,-2.9046094,-3.4346094,-3.2046094,-1.6646094,-1.1346093,-0.62460935,0.15539062,2.4953907,3.5653906,3.7853906,3.0853906,3.0653906,6.8753905,3.8353906,1.0553906,2.1853907,2.4553907,-2.2246094,-5.6446095,-2.7346094,-2.9146094,-3.5946093,-4.2746096,-4.7846093,-5.0746093
-4.0246096,-3.6246095,-2.9746094,-2.6246095,-2.2946093,-1.9246094,-1.6646094,-1.4246094,-0.9546094,-0.18460937,-0.20460938,2.8753905,3.9453907,-3.8146093,-5.0546093,-4.6046095,-3.6946094,-3.7246094,-4.0946093,-4.5046096,-3.9346094,-3.3646095,-2.8146093,-3.2246094,-3.7946093,-4.2746096,-4.5146093,-2.2446094,-3.1646094,-3.8346093,-3.8246093,-3.3446093,-3.3546095,-3.4746094,-2.7246094,-0.29460937,-1.1846094,-0.45460936,3.5753906,3.1553907,3.9653907,4.2553906,4.2353907,3.1553907,4.285391,2.6753907,1.7053906,3.1053905,0.46539062,-2.5446093,-4.5946093,-2.5746093,-1.9846094,-1.6246094,-2.8746095,-4.3746095,-5.0546093
-4.0046096,-3.5846093,-3.2546093,-2.7446094,-2.1646094,-2.1246095,-1.9946094,-1.5646094,-1.3146094,-0.8446094,-0.24460937,0.9153906,1.7253907,5.9853907,-4.444609,-4.3546095,-2.6346095,-4.1046095,-3.7546093,-5.0346093,-5.0446095,-3.9746094,-3.6346095,-3.6246095,-3.6646094,-4.194609,-3.5446093,-3.6946094,-4.5946093,-4.9546094,-4.924609,-5.2446094,-0.8846094,-3.7446094,-1.4646094,-1.7446094,0.5353906,2.4153907,2.5353906,2.6953907,3.3853905,3.1653907,4.0153904,3.2153907,3.5353906,3.4453907,3.3153906,3.3853905,-2.4446094,-3.2046094,-5.1646094,-2.7146094,-1.3946093,-1.7846093,-2.4746094,-3.0346093,-4.3146095
-4.1146092,-3.7046094,-3.3546095,-3.0046093,-2.3746095,-1.6846094,-2.1346095,-2.2246094,-2.0946093,-2.0546093,-1.4646094,-0.7046094,0.5553906,1.5053906,-0.31460938,0.005390625,-0.47460938,-1.3946093,-3.7546093,-5.5346093,-4.9746094,-5.0546093,-4.2346096,-4.1246095,-4.174609,-4.944609,-4.8046093,-5.0446095,-5.6146092,-5.5746093,-4.694609,-4.3546095,-2.4446094,-1.5646094,-1.5146093,-3.8846095,0.19539063,0.9153906,1.2353907,2.5853906,3.2453907,3.2353907,3.4453907,4.2553906,4.6453905,4.785391,4.2553906,4.9953904,-2.3146093,-5.714609,-5.0546093,-2.5746093,-1.3646094,-1.1246094,-1.4346094,-1.7746093,-2.2646093
-3.4646094,-3.5646093,-3.6946094,-3.3346093,-2.8446093,-1.8046094,-1.6346093,-2.2546093,-2.6146095,-2.5546093,-2.2146094,-1.0546094,-0.19460937,-0.07460938,3.7253907,3.0253906,0.6153906,-2.7746093,-3.4846094,-5.5446095,-5.634609,-4.404609,-4.7446094,-4.2246094,-4.9146094,-6.5946093,-8.124609,-7.3746095,-6.6246095,-5.7846093,-4.8946095,-3.6846094,-3.0246093,-1.3346094,-0.5346094,-4.6146092,-0.81460935,-0.17460938,0.6053906,1.3953906,2.2353907,2.5753906,3.2053907,4.4353905,4.6053905,3.2053907,5.2353907,2.2953906,-2.8746095,-5.2946095,-4.7046094,-2.5446093,-1.6946094,-1.5946094,-0.68460935,2.3453906,-1.3146094
-3.1946094,-3.6946094,-3.8646095,-3.6446095,-3.2846093,-2.3446093,-1.4546094,-1.5946094,-2.1946094,-2.4146094,-2.0846093,-1.5346093,-0.50460935,1.6153907,3.2753906,5.0653906,2.0153906,0.6153906,-3.2146094,-5.5846095,-5.2946095,-5.0246096,-5.4546094,-5.4146094,-4.9746094,-6.1646094,-7.5746093,-7.194609,-6.5546093,-7.5946093,-6.464609,-3.7646093,-2.8346093,-1.8846093,-1.4146094,-2.1446095,-0.79460937,-1.1946094,-0.8946094,-0.26460937,-0.054609373,0.5953906,2.8453906,4.3553905,4.1453905,2.3953905,3.1053905,2.2453907,-3.8146093,-5.7246094,-4.2346096,-2.5846093,-2.0046093,-1.1846094,0.5553906,2.7453907,3.0753906
-3.0946093,-3.9746094,-4.444609,-4.1246095,-3.5946093,-2.6746094,-1.9446094,-1.4646094,-1.7646093,-2.0546093,-2.0246093,-1.6846094,-0.9046094,0.7953906,3.3353906,6.595391,2.7253907,0.035390627,-3.3746095,-5.6646094,-5.694609,-4.8546095,-5.424609,-5.714609,-5.674609,-5.904609,-5.964609,-5.7846093,-4.1846094,-4.694609,-3.4846094,-3.2746093,-2.7346094,-1.9146094,-1.6546093,-2.1246095,-0.5246094,-1.3746094,-1.5446094,-1.8846093,-1.5146093,-0.37460938,1.2953906,4.2453904,4.7053905,3.1953907,2.5953906,-3.0046093,-6.0046096,-5.384609,-3.4446094,-2.4246094,-1.6846094,-0.75460935,1.5553906,2.2453907,1.0453906
-2.9146094,-3.9646094,-4.5646095,-4.6646094,-3.8446093,-3.0746093,-2.5046093,-1.8946093,-1.8046094,-1.7246094,-1.7946094,-2.1146095,-0.9546094,-0.43460938,2.0653906,4.8953905,3.6153905,-2.8646095,-3.7546093,-4.714609,-5.404609,-5.4546094,-5.0546093,-4.8346095,-4.6046095,-4.5046096,-4.3046093,-2.6246095,-1.7546093,-1.9846094,-2.9846094,-3.7046094,-2.8346093,-2.3346093,-2.0846093,-2.1846094,-1.0046093,-2.0346093,-2.2246094,-2.8746095,-2.2246094,-0.81460935,0.93539065,3.2153907,4.805391,3.4753907,3.2253907,-1.4146094,-5.6846094,-4.714609,-2.8146093,-1.9546094,-1.3746094,-1.9846094,-3.0446093,-1.3246094,-1.1346093
-2.7946093,-3.8746095,-4.4146094,-4.6446095,-4.0146093,-3.1846094,-2.6446095,-2.1246095,-2.2446094,-1.9646094,-1.2946094,-1.6746094,-1.4446094,-1.5446094,0.7953906,3.0753906,2.5853906,-1.5746094,-2.2146094,-3.5646093,-4.9146094,-4.904609,-5.0046096,-4.0746093,-3.5446093,-3.6646094,-2.3746095,-1.5246093,-1.5546094,-0.6946094,-1.5846094,-2.6246095,-3.4846094,-2.8546095,-2.6446095,-1.8446094,-2.1646094,-2.5646093,-2.6146095,-3.3646095,-3.0446093,-2.7046094,-2.0646093,-0.86460936,5.6553907,1.8753906,-2.5346093,-3.0446093,-5.5546093,-4.3946095,-3.2546093,-2.5746093,-3.8846095,-3.6446095,-4.694609,-5.8446093,-6.7846093
-2.7346094,-3.8746095,-3.8746095,-4.1646094,-4.1246095,-3.1746094,-2.9446094,-2.7946093,-2.9446094,-2.3646095,-1.6046094,-1.4846094,-0.3346094,-0.79460937,-0.15460938,3.1653907,3.0153906,-1.4046093,-1.2746093,-1.8446094,-3.5246093,-3.1446095,-3.5446093,-3.1246095,-2.3746095,-1.6946094,0.13539062,0.5553906,-0.34460938,-1.1046094,-2.0146093,-2.9846094,-3.7746093,-5.5846095,-3.4446094,-2.9346094,-2.8146093,-2.7246094,-3.0446093,-3.5846093,-3.8146093,-4.404609,-4.924609,-5.3646092,-4.8346095,-3.0846093,-5.424609,-5.404609,-4.9746094,-4.4846096,-3.3046093,-3.7846093,-3.7146094,-3.7746093,-4.6446095,-5.3146095,-6.194609
-2.7846093,-3.1346095,-3.2546093,-3.6146095,-3.9446094,-3.3046093,-3.4146094,-3.6946094,-3.8846095,-2.9446094,-2.8746095,-1.6846094,-0.5346094,1.1753906,1.0253906,2.7253907,4.075391,-2.7846093,-0.41460937,0.18539062,-1.9746094,-1.5246093,-1.4546094,-0.86460936,0.17539063,0.74539065,0.36539063,0.065390624,0.8653906,-0.10460938,-1.5046093,-3.6346095,-2.8746095,-4.884609,-3.8646095,-3.7646093,-3.4646094,-3.4046094,-3.3146093,-3.9646094,-4.2746096,-5.154609,-6.0246096,-6.8746095,-6.0646095,-2.6146095,-0.80460936,-0.3046094,-5.444609,-4.4546094,-3.0646093,-2.9646094,-3.2546093,-3.0546093,-3.0946093,-3.1746094,-4.3546095
-1.3846093,-2.0246093,-2.6746094,-3.1746094,-3.5546093,-3.3046093,-3.7446094,-3.9246094,-4.0946093,-3.4546094,-2.8846095,-2.2546093,-1.5146093,1.0853906,0.42539063,1.2853906,1.9153906,-0.47460938,2.0453906,-0.07460938,-0.5946094,-0.28460938,0.19539063,1.4853907,0.9153906,1.3953906,-0.9146094,0.2553906,0.9153906,1.3253906,-2.1346095,-3.6846094,-4.134609,-4.3046093,-4.2946095,-4.2546096,-4.134609,-4.154609,-4.2246094,-4.3346095,-4.674609,-5.1246095,-6.384609,-7.4846096,-8.184609,-7.404609,-7.5446095,-8.124609,-6.194609,-4.0746093,-0.99460936,-2.4846094,-4.0446095,-3.7146094,-2.9946094,-1.5746094,-0.45460936
-0.3346094,-1.6046094,-2.4146094,-2.8646095,-3.0046093,-3.5446093,-4.174609,-4.0946093,-3.8246093,-3.5246093,-2.9846094,-2.4346094,-1.7446094,0.37539062,0.30539063,1.5453906,0.87539065,3.8253906,0.4153906,-0.8446094,-0.45460936,1.2353907,0.4453906,1.4253906,-0.23460938,0.39539063,-0.21460937,0.8053906,2.6653907,-1.0846094,-1.1546093,-2.9646094,-7.4846096,-4.9546094,-4.654609,-4.4546094,-4.674609,-4.5746093,-4.694609,-4.964609,-5.0946093,-4.9546094,-5.7946095,-7.2646093,-7.8646092,-8.624609,-9.374609,-8.644609,-7.5046096,-6.5546093,-5.694609,-4.1446095,-3.4646094,-3.3146093,-2.0146093,-1.3146094,-1.4246094
0.42539063,-0.68460935,-2.0046093,-2.5546093,-3.1146095,-3.6646094,-4.384609,-4.5646095,-4.2746096,-3.5046093,-3.2546093,-2.6346095,-1.7846093,-0.09460937,0.005390625,0.99539065,1.6153907,3.1753907,2.8853905,2.3853905,0.94539064,1.2253907,0.5953906,0.37539062,0.20539063,2.7153907,1.7553906,2.0653906,2.0253906,-0.09460937,-2.7246094,-6.444609,-6.1146092,-5.3346095,-4.5146093,-4.654609,-4.8146095,-4.714609,-4.4146094,-4.3946095,-4.904609,-5.2446094,-5.2246094,-5.944609,-7.2346096,-7.7646093,-7.8146095,-7.5846095,-6.5946093,-5.2646093,-4.0246096,-2.6846094,-1.7746093,-0.8846094,-0.80460936,-0.13460937,-0.6446094
0.9753906,-0.5146094,-1.1346093,-1.5346093,-3.2046094,-3.9446094,-4.694609,-4.5246096,-4.3946095,-3.9846094,-3.7746093,-3.5946093,-1.9046093,-1.6046094,-1.1446093,-0.06460938,0.8953906,2.0953906,3.5253906,1.2753906,0.5853906,2.0953906,1.7653906,0.4153906,1.6853906,1.9353906,1.8853906,3.4953907,1.1053907,-4.0446095,-6.9846096,-6.5746093,-5.5646095,-4.7946095,-4.194609,-4.1246095,-4.0846095,-3.8046093,-3.4946094,-3.3746095,-3.7846093,-4.8046093,-5.5846095,-5.6146092,-5.924609,-6.7446094,-7.214609,-7.3346095,-6.7446094,-6.424609,-5.8746095,-4.8746095,-3.6246095,-1.3646094,0.69539064,0.87539065,1.5853906
0.8053906,-0.34460938,-0.99460936,-1.4546094,-2.7046094,-3.9546094,-4.8146095,-4.5046096,-4.634609,-4.5646095,-4.654609,-4.1146092,-4.2646093,-3.5246093,-3.1446095,-2.4546094,-1.8346094,-0.3046094,4.7653904,-3.1646094,2.6153905,4.535391,3.1053905,0.7753906,3.1153905,2.0953906,3.6453905,-0.80460936,-4.5846095,-7.654609,-8.544609,-6.674609,-5.214609,-4.2746096,-3.3046093,-4.0846095,-3.4246094,-2.7046094,-3.3346093,-3.2246094,-2.9046094,-3.5346093,-4.7246094,-5.714609,-6.9846096,-7.5646095,-7.2346096,-7.0246096,-6.5246096,-6.2446094,-5.7746096,-5.5046096,-4.3146095,-3.4046094,-2.6046095,-0.21460937,1.5353906
1.1353906,0.14539063,-0.75460935,-1.7246094,-2.5846093,-3.4646094,-4.4546094,-4.5646095,-4.3346095,-4.9946094,-4.8546095,-4.3346095,-4.634609,-5.174609,-5.7746096,-6.1646094,-5.5346093,-3.2546093,2.1353905,1.5953907,3.4653907,-2.4746094,0.24539062,-0.40460938,-2.0246093,-3.1946094,-3.0846093,-5.6446095,-8.674609,-9.06461,-7.384609,-6.0246096,-4.7446094,-4.1046095,-5.3246093,-4.714609,-3.3046093,-5.0146093,-4.8546095,-4.2946095,-5.5746093,-7.4346094,-8.24461,-8.264609,-8.084609,-8.014609,-7.7746096,-7.5146093,-7.1046095,-6.654609,-6.4346094,-5.8046093,-4.9746094,-3.8446093,-2.9546094,-1.9146094,-0.024609376
1.4253906,0.70539063,-0.10460938,-0.98460937,-1.7846093,-3.0246093,-3.4746094,-4.674609,-4.2646093,-4.6046095,-4.8546095,-4.5146093,-5.7746096,-6.884609,-7.5946093,-8.40461,-9.634609,-9.73461,-6.2946095,-1.3246094,-2.2446094,-3.5846093,-4.5146093,-3.0746093,-3.5846093,-7.3146095,-10.674609,-10.054609,-8.82461,-7.2546096,-5.6646094,-5.0046096,-5.0146093,-6.5046096,-6.0546093,-6.0046096,-6.1446095,-6.1046095,-6.6146092,-7.2046094,-7.904609,-8.344609,-8.344609,-8.32461,-8.52461,-9.1046095,-9.504609,-9.65461,-9.464609,-9.224609,-8.924609,-8.434609,-7.5246096,-6.884609,-6.214609,-5.3346095,-3.4646094
