raw-data-f/2018100712f3.json
{"header": { "discipline":0, "disciplineName":"Meteorological products", "gribEdition":2, "gribLength":75348, "center":7, "centerName":"US National Weather Service - NCEP(WMC)", "subcenter":0, "refTime":"2018-10-07T12:00:00.000Z", "significanceOfRT":1, "significanceOfRTName":"Start of forecast", "productStatus":0, "productStatusName":"Operational products", "productType":1, "productTypeName":"Forecast products", "productDefinitionTemplate":0, "productDefinitionTemplateName":"Analysis/forecast at horizontal level/layer at a point in time", "parameterCategory":2, "parameterCategoryName":"Momentum", "parameterNumber":3, "parameterNumberName":"V-component_of_wind", "parameterUnit":"m.s-1", "genProcessType":2, "genProcessTypeName":"Forecast", "forecastTime":3, "surface1Type":103, "surface1TypeName":"Specified height level above ground", "surface1Value":10.0, "surface2Type":255, "surface2TypeName":"Missing", "surface2Value":0.0, "gridDefinitionTemplate":0, "gridDefinitionTemplateName":"Latitude_Longitude", "numberPoints":65160, "shape":6, "shapeName":"Earth spherical with radius of 6,371,229.0 m", "gridUnits":"degrees", "resolution":48, "winds":"true", "scanMode":0, "nx":360, "ny":181, "basicAngle":0, "lo1":0.0, "la1":90.0, "lo2":359.0, "la2":-90.0, "dx":1.0, "dy":1.0 }, "data":
[rows 26 to 51 of 181, columns 0 to 57 of 360]
16.282791,18.33279,19.58279,19.18279,19.06279,19.112791,16.16279,11.692791,8.352791,6.8927903,5.3227906,3.0427904,2.9427905,3.7827904,1.8227905,1.1227906,0.64279056,0.18279053,-0.27720946,-0.5672095,-0.5772095,-2.7072096,-3.8372095,-3.1272094,-0.52720946,-0.4372095,-0.5572095,-0.29720947,-0.007209473,-0.18720947,-0.44720948,-0.7572095,-0.8272095,-0.9472095,-0.85720944,-0.8072095,-0.59720945,-4.3872094,-3.5972095,-0.77720946,-0.64720947,-0.78720945,-0.7972095,-0.9372095,-1.3272095,-0.84720945,-0.22720948,0.0027905274,0.112790525,0.38279054,0.6227905,1.1927905,1.5827905,1.7827905,2.1127906,1.9127905,1.2227905,1.3027905
17.88279,18.72279,19.22279,19.462791,20.372791,19.56279,12.40279,5.1827908,2.1927905,2.0327904,3.5427904,4.5027905,3.4727905,2.0527906,1.5627905,1.1627905,0.46279052,-0.19720948,-0.7472095,-3.6672094,-4.2472095,-3.0972095,-0.49720946,-0.85720944,-1.2172095,-0.8772095,-1.7572094,-0.057209473,-0.22720948,-0.44720948,-1.3672094,-1.0372095,-1.2072095,-1.3272095,-1.7872095,-1.7172095,-1.6872095,-1.8572094,-1.6672095,-1.4072095,-1.0672095,-0.52720946,-0.59720945,0.112790525,0.9227905,1.2027905,1.0027906,1.0727905,1.2027905,1.1327906,1.2327905,1.3627906,1.3827906,1.6427906,1.5527905,1.2827905,0.9827905,1.4727905
17.42279,17.99279,18.97279,19.292791,20.032791,16.38279,2.9027905,5.3927903,3.2427905,2.7027905,3.8327906,3.4427905,4.4327908,2.9527905,1.6227906,1.0927905,0.24279052,-0.15720947,-2.0172095,-3.9872096,-5.5072093,-6.1172094,-1.6072094,-1.5772095,-1.6272094,-1.2972095,-0.58720946,-0.60720944,-1.0472095,-2.0672095,-2.1772094,-3.1972094,-1.6872095,-2.3972094,-1.6672095,-5.9872093,-2.6972094,-1.3472095,-0.97720945,-0.7672095,-0.24720947,-0.107209474,0.09279053,0.60279053,0.43279052,0.21279053,0.33279052,0.8127905,1.1827905,1.2327905,0.91279054,0.6927905,0.9427905,1.2227905,1.0727905,1.2127905,1.1327906,1.2327905
16.952791,17.50279,18.362791,17.99279,17.74279,14.272791,3.3827906,3.3327906,2.5327904,1.9127905,2.5327904,2.5127904,1.9727905,1.6227906,1.2427906,0.9927905,-0.21720947,-0.11720947,-2.1272094,-5.4172096,-6.6172094,-6.8072095,-2.1972094,-1.9072095,-1.5172095,-1.2672095,-1.1272094,-1.3372095,-1.9772094,-1.6572095,-3.8872094,-6.3272095,-5.5372095,-2.0672095,-1.5572095,-1.2772095,-3.1972094,-1.3872094,-1.2972095,-1.3572094,-1.1372094,-1.1472095,-1.0272095,-0.97720945,-0.48720947,-0.13720948,0.38279054,1.3027905,1.4827905,1.4927906,1.3827906,1.2427906,1.3227905,1.2827905,0.9827905,0.83279055,1.5827905,1.8627906
16.09279,16.65279,16.93279,16.13279,15.33279,13.37279,5.1527905,3.2427905,3.2427905,2.4327905,2.8927906,2.5827906,1.6727905,1.2327905,0.5727905,-0.08720947,-0.28720948,-0.4072095,-1.4572095,-5.1472096,-5.7272096,-6.0772095,-6.9572096,-3.2472095,-2.3072095,-3.7172096,-3.9572096,-4.3972096,-5.3472095,-4.7472095,-6.3572097,-3.9972095,-3.2372096,-2.7272096,-2.3072095,-1.9272095,-1.2872095,-0.8072095,-0.30720946,0.5727905,0.91279054,1.1027905,1.2927905,1.4927906,1.5827905,1.4327905,1.4527905,1.5427905,1.6927905,1.0527905,0.43279052,0.7527905,0.83279055,0.9427905,0.49279052,0.7027905,1.2327905,0.7027905
16.22279,15.722791,15.352791,14.45279,13.29279,11.552791,5.6427903,3.0927906,3.3827906,3.5127904,4.7127905,2.7027905,1.4227905,2.8827906,0.6727905,0.15279053,-0.34720948,-1.0072094,-1.6372094,-6.8172092,-9.04721,-9.25721,-8.807209,-5.6472096,-1.9872094,-2.2872095,-3.1472094,-4.2772093,-4.0772095,-4.2772093,-4.3372097,-4.4972095,-4.2972093,-2.9672096,-1.7072095,-1.5972095,-1.5872095,-1.3272095,-1.4372095,-0.7472095,-0.15720947,0.24279052,0.85279053,1.2627906,1.5827905,1.7027905,1.6727905,1.6227906,1.4727905,1.2427906,0.8027905,0.6127905,0.7527905,0.65279055,0.47279054,0.5627905,0.6127905,0.52279055
15.552791,14.632791,13.892791,12.312791,11.172791,9.312791,6.1327906,2.4227905,1.9227905,3.8227906,2.0727906,0.44279054,0.8227905,0.12279053,-0.29720947,-0.8172095,-1.4072095,-3.0672095,-6.5472093,-8.317209,-9.727209,-9.63721,-7.5772095,-8.727209,-9.067209,-4.2272096,-4.7672095,-5.5372095,-9.83721,-2.7372096,0.38279054,2.4027905,2.4327905,2.0727906,2.3427906,2.7327905,2.6627905,3.7027905,3.0427904,2.6027906,2.7627904,2.9327905,2.8027906,2.7827904,2.8027906,2.2927904,1.9227905,1.4127905,1.2527906,1.1827905,1.2427906,1.6227906,1.6227906,1.1327906,0.89279056,0.6327905,0.5527905,0.38279054
14.522791,13.192791,12.312791,10.28279,8.972791,7.2227907,4.7227907,2.2527905,-0.19720948,-0.33720946,0.022790527,-0.14720947,-0.4372095,0.04279053,-0.71720946,-1.3072095,-1.2872095,-6.0772095,-8.0372095,-9.38721,-10.67721,-8.897209,-3.8172095,-6.2272096,-9.227209,-4.9772096,-3.3172095,0.49279052,2.1627905,1.9627905,2.2427905,2.5727906,2.7027905,2.9827905,3.3227906,3.4227905,3.1527905,2.6527905,3.1727905,3.1227906,3.6427906,2.8327906,2.6827905,3.2627904,2.3227906,2.2427905,1.7327905,2.3927906,2.7227905,2.9327905,2.6227906,1.8627906,1.6727905,1.1627905,1.6627905,1.6127906,1.0227906,1.3427905
11.692791,10.9627905,9.852791,8.342791,6.9227905,4.8027906,2.6327906,0.65279055,-1.2272094,-1.2372094,-0.77720946,-0.15720947,-1.2972095,-1.9072095,-1.5372095,-3.2972095,-2.6972094,-8.83721,-9.70721,-10.977209,-11.34721,-8.477209,-7.1272097,-7.7572093,-4.1272097,2.7327905,2.2527905,2.0727906,2.5527906,2.7027905,2.4427905,2.7227905,3.0827906,3.2627904,3.7227905,3.9127905,3.8127906,3.6727905,3.5327904,3.2527905,3.8627906,3.4927905,4.0327907,3.9327905,3.6627905,3.6427906,3.3027906,3.0227904,2.5427904,2.1227906,2.0427904,1.9827905,1.9227905,1.8527905,2.1327906,2.2727904,2.5227904,1.9127905
9.90279,9.272791,7.6727905,6.5127907,5.0527906,3.1227906,1.4027905,-0.36720946,-1.9072095,-1.4772094,-1.8672094,-1.9272095,-2.2072096,-5.1272097,-5.3772097,-4.2172093,-7.3672094,-9.767209,-9.74721,-11.12721,-11.197209,-8.867209,-0.037209474,0.8727905,1.6227906,3.5227904,2.8227906,3.6227906,3.3327906,3.2227905,2.9027905,3.7727904,3.6427906,3.8627906,3.5627906,3.3027906,3.9127905,3.6027906,4.2227907,4.4027905,3.8227906,3.7627904,3.9427905,3.8227906,3.5027905,4.0127907,3.6627905,2.5527906,2.6927905,3.5627906,3.0927906,2.6827905,1.8427905,1.2427906,1.4927906,1.5727905,1.9527905,2.2127905
6.7127905,6.3927903,4.6027904,4.3727903,2.9527905,1.2027905,-0.48720947,-1.9472095,-2.6572094,-2.4172094,-1.2472094,-2.6072094,-2.8972094,-3.9172094,-4.8672094,-4.8372097,-4.9572096,-4.8072095,-5.2672095,-6.7772093,-5.2372093,-3.8172095,-3.4672096,0.6827905,2.3127906,2.7927904,2.9427905,3.6727905,3.3227906,2.6427906,3.6627905,4.7527905,4.9227905,5.0727906,4.4327908,4.5827904,4.8327904,5.7127905,5.3727903,5.4927907,5.4527907,4.8127904,4.1927905,4.5227904,4.3727903,4.3027906,3.2227905,3.0127904,3.1527905,3.5727906,3.2127905,2.6027906,2.2827904,2.5227904,2.3727906,2.4227905,3.4127905,1.7727906
2.6627905,1.6527905,1.9427905,1.2427906,0.25279054,-1.9072095,-2.0472095,-2.5472095,-2.7572095,-3.0072095,-1.9772094,-2.4572096,-2.8972094,-3.6072094,-4.7772093,-5.2572093,-4.4672093,-5.2672095,-5.6872096,-5.5972095,-5.6672096,-2.7972095,0.52279055,2.1027906,2.3127906,3.4327905,3.2227905,3.1527905,3.2927904,3.3127906,4.6827908,4.4627905,5.6427903,5.6127906,5.4427905,5.5327907,6.1627903,5.6727905,5.8527904,5.5827904,4.2727904,4.9627905,4.2627907,4.7227907,4.5327907,4.2327905,3.6527905,2.9727905,3.0727906,3.2027905,2.7527905,2.5727906,2.1127906,2.9927905,3.4127905,3.5827906,3.8827906,3.0027905
0.5727905,0.72279054,-0.6772095,-1.8972095,-3.0572095,-1.5072094,-1.8372095,-2.0472095,-2.1272094,-2.6472094,-3.0472095,-2.6372094,-3.5972095,-4.2972093,-4.1172094,-4.2572093,-5.1472096,-5.9572096,-6.1572094,-5.8072095,-2.7072096,-0.5772095,1.5627905,1.4827905,2.1227906,2.6827905,2.7127905,3.7527905,3.7527905,4.5027905,4.6527905,5.3127904,5.8027906,5.6127906,6.0427904,5.4927907,5.3927903,5.4627905,5.3527904,4.9527907,4.9327908,4.8227906,4.2727904,4.3027906,3.9827905,3.7027905,2.7827904,3.4327905,3.7127905,3.2427905,3.3627906,3.0627906,3.5227904,3.7527905,3.6827905,3.5027905,3.5827906,3.1927905
-1.5272095,-2.6972094,-3.7772095,-3.8272095,-3.2172096,-2.9572096,-3.3272095,-2.7772095,-2.1972094,-2.7272096,-2.6172094,-2.2572095,-3.6672094,-3.8072095,-4.6472096,-4.5872097,-4.9072094,-6.6772094,-4.9572096,-2.7172096,-0.7472095,0.072790526,1.4327905,2.5027905,2.2927904,3.3527906,3.7227905,4.1527905,4.5227904,4.8227906,4.5227904,4.8127904,5.1027904,5.3827906,4.8227906,4.1427903,4.6527905,4.7627907,4.3027906,4.3127904,4.1427903,4.0827904,3.7627904,3.6327906,3.3327906,3.3827906,3.3127906,3.4327905,3.4627905,3.3827906,3.6027906,3.5727906,3.7727904,3.9027905,3.7327905,3.6127906,4.0327907,3.7727904
-5.4372096,-5.7072096,-3.6272094,-4.4672093,-3.9472094,-2.6172094,-1.9272095,-2.2872095,-3.5672095,-3.7772095,-4.7972093,-3.6372094,-3.9872096,-3.1472094,-4.8272095,-5.9372096,-0.59720945,-0.29720947,1.5827905,1.0327905,-0.20720947,1.4127905,3.0227904,1.9127905,1.8827906,3.3727906,3.9327905,3.9527905,3.9627905,4.0027905,4.0827904,4.0427904,3.7827904,3.5227904,3.5927906,3.5927906,3.4027905,3.3527906,3.2827904,3.3427906,3.3527906,3.1827905,2.9227905,3.2527905,3.0927906,2.8027906,3.4027905,3.4427905,3.6627905,3.8427906,3.7427905,3.5827906,3.5527906,3.7927904,4.3127904,4.4027905,3.8127906,2.7627904
-4.2572093,-3.0072095,-3.2472095,-4.5172095,-3.3672094,-2.5472095,-4.4672093,-4.0772095,-4.5372095,-3.7572095,-2.4972095,-1.4872094,1.0227906,1.1827905,0.79279053,-0.95720947,-2.1672094,1.9327905,1.4827905,1.3127905,0.8127905,1.7027905,1.4627905,1.5627905,0.14279053,1.6227906,2.4927905,3.6927905,3.8027906,3.5127904,3.4227905,3.2827904,3.1227906,3.2427905,2.7627904,2.6427906,2.7227905,2.6927905,2.2927904,2.6427906,2.4527905,2.6827905,3.0227904,2.6827905,2.3627906,3.4627905,3.5427904,3.4027905,3.5227904,3.1727905,3.2427905,3.5127904,3.7927904,3.8727906,3.7427905,3.0627906,2.3327906,1.8027905
-5.4472094,-5.8472095,-4.7272096,-3.4272094,-2.4272094,-3.7572095,-3.1372094,-2.0572095,-2.8672094,-2.4172094,-1.7072095,0.04279053,0.7027905,0.18279053,0.30279052,0.15279053,-0.21720947,-1.1772095,-0.067209475,-0.27720946,-0.26720947,0.09279053,-0.58720946,-0.58720946,0.12279053,-0.58720946,2.2227905,4.1927905,3.6827905,3.1827905,2.9927905,2.5727906,2.5927906,2.3427906,2.3027906,2.5927906,2.3027906,1.9227905,1.8827906,1.4327905,1.7827905,1.5927905,1.5727905,2.8427906,3.1327906,3.3427906,3.3927906,3.7227905,3.2127905,3.1927905,3.0427904,3.7327905,3.9327905,2.7327905,2.4627905,2.5327904,2.4227905,2.1427906
-4.4672093,-1.2472094,-0.9372095,-1.4672095,-0.6972095,-1.1172094,-2.6572094,-2.9672096,-2.4472094,-1.9072095,-1.9172095,-2.6772094,-3.0372095,-2.5372095,-1.0572095,-0.59720945,0.64279056,1.3127905,-0.19720948,-2.2472095,-0.59720945,1.2827905,-0.7372095,-0.84720945,0.65279055,0.27279052,0.9327905,5.1727905,3.7427905,2.4127905,3.0027905,2.4127905,1.8027905,1.9327905,2.3027906,2.0027905,1.1127906,-0.39720947,-0.59720945,0.48279053,0.39279053,1.1227906,1.6127906,1.7527906,2.3227906,2.1827905,2.6727905,3.4927905,4.0327907,5.7327905,4.8727903,4.2927904,2.8927906,3.2927904,1.9827905,2.3327906,1.1527905,0.85279053
-3.5172095,-0.64720947,-0.58720946,-2.3572094,-2.3972094,-2.7972095,-0.33720946,-1.0172095,1.1427906,1.3327905,1.3427905,1.3927906,1.5727905,2.0527906,0.6327905,-0.35720947,-0.24720947,0.23279053,-0.7372095,-1.2172095,1.4027905,3.0927906,-0.7472095,0.64279056,-0.9372095,-1.9372095,1.5327905,4.0527906,3.2527905,3.3227906,1.8627906,1.1327906,0.5727905,-1.3172095,0.15279053,1.2827905,-0.057209473,-0.89720947,-0.60720944,-0.9372095,-0.32720947,0.052790526,0.24279052,1.2727906,1.6127906,2.3827906,3.1927905,3.0927906,1.7227905,5.5427904,5.2927904,3.7227905,2.7627904,0.9227905,2.5727906,1.7727906,0.40279052,0.16279052
-0.39720947,0.23279053,0.49279052,0.54279053,-1.4272095,-3.0072095,-0.59720945,0.7427905,0.79279053,-0.39720947,-0.5572095,-0.45720947,-0.16720948,0.6127905,0.40279052,0.14279053,-0.91720945,-1.0772095,-1.4572095,-0.47720948,1.3327905,3.8627906,1.6527905,0.52279055,0.79279053,1.1027905,1.1027905,0.97279054,3.4227905,3.2527905,0.6827905,-0.45720947,-0.9872095,-0.83720946,0.96279055,1.1127906,-0.95720947,-2.5372095,-0.39720947,-0.6272095,-1.1372094,0.16279052,1.7127905,1.8827906,1.3027905,2.5427904,3.3927906,2.5127904,4.6727905,6.2927904,4.0827904,1.7727906,2.0527906,1.6327906,0.60279053,1.7027905,1.0327905,-0.23720947
0.6827905,0.58279055,1.8327905,-1.6772095,-2.6972094,-3.3972094,1.4627905,0.052790526,1.0527905,0.66279054,0.8027905,1.1327906,-1.1472095,-1.6772095,-2.7772095,-4.1472096,2.0027905,2.0627906,1.4627905,-0.19720948,-0.22720948,1.4927906,-0.4072095,1.2127905,0.21279053,0.052790526,0.022790527,0.72279054,2.1427906,1.4427905,-0.48720947,-1.7272094,-0.34720948,0.3127905,-1.1472095,0.35279053,-0.44720948,-2.0072095,-3.4072094,-4.6372094,0.12279053,0.7527905,0.64279056,2.2327905,-0.04720947,0.15279053,2.5627906,4.7127905,9.00279,8.182791,7.1127906,3.9227905,3.4327905,2.7627904,2.5727906,1.5027906,1.6027905,0.66279054
-1.3772094,-0.7972095,-2.6572094,-5.6072097,-6.4072094,-6.5972095,-4.5572095,-0.65720946,3.0627906,-0.59720945,0.52279055,-0.72720945,-1.2972095,-0.6772095,-3.1272094,-6.3072095,-2.4572096,3.0927906,1.7027905,2.2227905,1.6027905,2.3927906,-0.53720945,-0.44720948,-1.6872095,-1.4172095,0.5627905,0.89279056,-1.0772095,-1.9272095,-2.0572095,-1.7772095,-1.6172094,-1.1072094,-0.22720948,0.29279053,-0.46720946,-2.2772095,-3.6572094,-4.8572097,-4.9772096,-2.5072095,-1.3572094,1.6127906,1.6927905,1.8027905,0.9527905,2.1627905,10.66279,10.58279,8.15279,5.0227904,2.1427906,1.2827905,0.9827905,2.6527905,1.0527905,-0.47720948
-2.8872094,2.1127906,2.3427906,-4.8472095,-11.04721,-9.027209,-7.9672093,-2.7672095,6.4227905,1.2227905,0.85279053,-1.3172095,0.12279053,0.72279054,-0.30720946,-4.9372096,-1.0972095,-0.17720947,2.1427906,2.1527905,1.0727905,-0.28720948,2.2527905,0.42279053,-1.2772095,-0.36720946,-1.7672095,-2.1172094,-2.4672096,-4.6772094,-4.3572097,-2.7772095,-2.0572095,-1.3572094,-0.85720944,1.7127905,1.5927905,-0.8772095,-0.12720947,0.45279053,-0.70720947,-1.3172095,-0.77720946,0.0027905274,1.8927906,-0.14720947,-1.0672095,3.2827904,0.83279055,13.25279,10.062791,5.8827906,3.4927905,2.2127905,2.2127905,1.0127906,-1.3972095,-1.9872094
-6.1772094,-3.6872094,6.0827904,-6.7972093,-10.817209,-9.24721,-7.8072095,-3.8372095,6.8927903,-1.9472095,3.5927906,0.39279053,-0.9472095,-0.66720945,2.3327906,2.3227906,0.18279053,-0.66720945,3.1127906,7.1227903,-0.84720945,0.97279054,1.8527905,1.7327905,1.9927906,1.4527905,-2.2772095,-1.6572095,-5.7372093,-5.1472096,-2.6472094,-1.6172094,-1.5272095,-0.23720947,1.7427906,1.1827905,-0.5472095,0.10279053,-0.5572095,0.5027905,-1.2372094,1.8927906,0.47279054,2.6727905,-1.5472095,-1.0272095,0.35279053,1.4527905,1.1127906,6.9727907,10.882791,6.0427904,1.6927905,1.5727905,1.7327905,0.72279054,0.7027905,-0.6372095
-2.5872095,-6.9072094,-5.5972095,-7.2672095,-5.2272096,-7.9672093,-7.2672095,5.3527904,5.1427903,0.84279054,4.4627905,0.78279054,-0.36720946,-0.33720946,-1.2072095,3.0727906,0.9227905,5.8927903,3.0327904,5.1427903,2.0227904,1.0427905,2.3227906,2.8927906,-1.1072094,-3.5472095,-5.7572093,-2.8472095,-3.4772096,-2.1272094,-1.8472095,1.3527905,-0.38720948,0.44279054,-1.0172095,-0.33720946,-1.9272095,1.0427905,2.1827905,1.4827905,2.9227905,0.9827905,0.37279052,-0.9372095,-0.5772095,0.14279053,0.91279054,-0.90720946,0.6227905,2.7827904,7.6627903,4.8727903,1.3427905,-0.27720946,-0.8772095,0.65279055,-0.64720947,-0.31720948
-1.9372095,-7.6372094,-9.897209,-4.4872093,-6.6672096,-0.08720947,3.4927905,4.2627907,3.6827905,3.1827905,2.3427906,0.83279055,0.19279052,-0.5072095,-0.95720947,-0.18720947,1.2027905,2.8227906,1.8327905,2.1727905,4.1227903,0.43279052,-0.39720947,0.38279054,-3.3372095,-6.3872094,-3.5272095,-0.13720948,-2.1972094,0.77279055,-0.52720946,-0.22720948,-0.07720947,0.47279054,-0.5472095,-2.3372095,-1.7772095,3.3727906,1.5227906,0.7327905,1.3927906,1.2227905,1.1027905,0.5727905,-0.5472095,1.7327905,-0.39720947,-1.6772095,-1.6772095,8.41279,5.3827906,2.4927905,-0.027209472,-0.39720947,-2.5772095,-3.6072094,-2.4172094,1.0227906
