raw-data-f/2018100712.json
{"header": { "discipline":0, "disciplineName":"Meteorological products", "gribEdition":2, "gribLength":74858, "center":7, "centerName":"US National Weather Service - NCEP(WMC)", "subcenter":0, "refTime":"2018-10-07T12:00:00.000Z", "significanceOfRT":1, "significanceOfRTName":"Start of forecast", "productStatus":0, "productStatusName":"Operational products", "productType":1, "productTypeName":"Forecast products", "productDefinitionTemplate":0, "productDefinitionTemplateName":"Analysis/forecast at horizontal level/layer at a point in time", "parameterCategory":2, "parameterCategoryName":"Momentum", "parameterNumber":2, "parameterNumberName":"U-component_of_wind", "parameterUnit":"m.s-1", "genProcessType":2, "genProcessTypeName":"Forecast", "forecastTime":0, "surface1Type":103, "surface1TypeName":"Specified height level above ground", "surface1Value":10.0, "surface2Type":255, "surface2TypeName":"Missing", "surface2Value":0.0, "gridDefinitionTemplate":0, "gridDefinitionTemplateName":"Latitude_Longitude", "numberPoints":65160, "shape":6, "shapeName":"Earth spherical with radius of 6,371,229.0 m", "gridUnits":"degrees", "resolution":48, "winds":"true", "scanMode":0, "nx":360, "ny":181, "basicAngle":0, "lo1":0.0, "la1":90.0, "lo2":359.0, "la2":-90.0, "dx":1.0, "dy":1.0 }, "data":
[rows 0 to 24 of 181, columns 285 to 341 of 360]
9.55539,9.445391,9.34539,9.235391,9.125391,9.01539,8.8953905,8.775391,8.655391,8.535391,8.405391,8.275391,8.1453905,8.01539,7.8753905,7.7353907,7.595391,7.4553905,7.305391,7.1553907,7.0053906,6.8553905,6.7053905,6.5453906,6.3853908,6.2253904,6.0653906,5.8953905,5.7353907,5.5653906,5.3953905,5.2253904,5.055391,4.8753905,4.7053905,4.5253906,4.345391,4.1653905,3.9853907,3.8053906,3.6253905,3.4353907,3.2553906,3.0653906,2.8753905,2.6853907,2.4953907,2.3053906,2.1153905,1.9253906,1.7353907,1.5453906,1.3453907,1.1553906,0.9653906,0.76539063,0.57539064
10.155391,10.075391,9.995391,9.915391,9.835391,9.745391,9.655391,9.565391,9.47539,9.365391,9.275391,9.165391,9.065391,8.955391,8.84539,8.735391,8.615391,8.50539,8.375391,8.245391,8.115391,7.9953904,7.8553905,7.7153907,7.5653906,7.4253907,7.2753906,7.1253905,6.9653907,6.8153906,6.6653905,6.4853907,6.3153906,6.1553907,5.9853907,5.805391,5.6353908,5.4553905,5.2653904,5.0853906,4.9053907,4.7153907,4.5253906,4.345391,4.1553907,3.9553907,3.7653906,3.5753906,3.3853905,3.1853907,2.9953907,2.7953906,2.6053905,2.4053907,2.2153907,2.0153906,1.8153906
8.67539,8.605391,8.535391,8.46539,8.405391,8.34539,8.275391,8.205391,8.125391,8.065391,7.9853907,7.9253907,7.8553905,7.785391,7.7053905,7.6253905,7.555391,7.4753904,7.3953905,7.325391,7.2253904,7.1453905,7.0653906,6.9753904,6.8853908,6.805391,6.7153907,6.6453905,6.5653906,6.4853907,6.4153905,6.345391,6.2753906,6.1953907,6.1253905,6.0453906,5.9553905,5.865391,5.785391,5.6953907,5.595391,5.5053906,5.3853908,5.2653904,5.1453905,5.0153904,4.8753905,4.7353907,4.5853906,4.4253907,4.2653904,4.095391,3.9153907,3.7353907,3.5553906,3.3653905,3.1853907
7.4953904,7.4653907,7.4453907,7.4253907,7.4053907,7.3753905,7.345391,7.305391,7.2753906,7.2253904,7.1853905,7.1353908,7.0853906,7.035391,6.9953904,6.9553905,6.8953905,6.8353906,6.7753906,6.7153907,6.6453905,6.5853906,6.5053906,6.4453907,6.3753905,6.2953906,6.2353907,6.1653905,6.1053905,6.035391,5.9753904,5.9153905,5.865391,5.805391,5.7553906,5.7153907,5.6753907,5.6553907,5.6253905,5.6053905,5.5853906,5.5653906,5.5453906,5.5053906,5.4653907,5.4053907,5.3553905,5.2753906,5.1853905,5.0853906,4.9653907,4.845391,4.7153907,4.5853906,4.4553905,4.3153906,4.1853905
6.6353908,6.6453905,6.6453905,6.6353908,6.6253905,6.6253905,6.615391,6.6053905,6.595391,6.575391,6.555391,6.535391,6.5153904,6.4953904,6.4653907,6.4353905,6.4053907,6.365391,6.3153906,6.2753906,6.2253904,6.1853905,6.1353908,6.095391,6.035391,5.9853907,5.9353905,5.8853908,5.8353906,5.785391,5.7353907,5.6853905,5.6353908,5.6053905,5.5653906,5.535391,5.5053906,5.4753904,5.4553905,5.4253907,5.4053907,5.3853908,5.3753905,5.3553905,5.325391,5.2953906,5.2653904,5.2353907,5.2053905,5.1753907,5.1353908,5.0853906,5.035391,4.9853907,4.9353905,4.8853908,4.8353906
5.4453907,5.4453907,5.4453907,5.4453907,5.4453907,5.4653907,5.4853907,5.4753904,5.4353905,5.3753905,5.3153906,5.2553906,5.1953907,5.1453905,5.1053905,5.055391,5.0053906,4.9653907,4.9253907,4.8853908,4.845391,4.8153906,4.7953906,4.7653904,4.7453904,4.7353907,4.7153907,4.7153907,4.7153907,4.7153907,4.7153907,4.7153907,4.7153907,4.7253904,4.7453904,4.7553906,4.7653904,4.785391,4.805391,4.825391,4.845391,4.865391,4.8853908,4.8953905,4.8953905,4.9053907,4.9253907,4.9453907,4.9853907,5.0153904,5.0453906,5.075391,5.1053905,5.115391,5.115391,5.1053905,5.075391
4.4053907,4.4553905,4.5153904,4.555391,4.575391,4.575391,4.5453906,4.5053906,4.4453907,4.3753905,4.2953906,4.2253904,4.1253905,4.0253906,3.9053907,3.7853906,3.6553907,3.5253906,3.3753905,3.2153907,3.0653906,2.9253907,2.8053906,2.6953907,2.6053905,2.5453906,2.4753907,2.4253907,2.3953905,2.3753905,2.4053907,2.4653907,2.5553906,2.6453905,2.7653906,2.8453906,2.9553907,3.0453906,3.1453905,3.2953906,3.4753907,3.7153907,3.9753907,4.2353907,4.4553905,4.615391,4.7153907,4.7453904,4.7553906,4.7353907,4.7453904,4.785391,4.805391,4.8353906,4.8353906,4.805391,4.7553906
1.8853906,2.3053906,2.2353907,2.2253907,2.0953906,2.6053905,3.9153907,4.115391,4.0853906,4.0253906,3.7653906,3.4653907,3.0253906,2.5753906,2.1553907,1.7453907,1.3053906,0.8453906,0.42539063,0.12539062,-0.024609376,-0.044609375,0.045390625,0.20539063,0.45539063,0.7753906,1.1353906,1.4453906,1.6453906,1.7953906,1.9253906,2.1053905,2.3153906,2.6253905,2.5353906,3.4753907,3.2853906,2.6953907,2.5153906,2.7153907,2.8653905,3.2153907,4.4153905,3.9353907,3.1453905,2.9153907,3.2553906,4.4553905,5.3853908,6.785391,7.785391,7.6753907,7.4353905,7.2353907,7.0653906,6.8753905,6.6353908
-0.99460936,0.69539064,1.8453907,2.2153907,1.3753906,0.13539062,-1.2146094,-2.2046094,-2.8746095,-3.4246094,-3.6746094,-3.8246093,-3.6146095,-3.1946094,-2.6946094,-2.3346093,-2.4046094,-3.0246093,-3.4646094,-3.1446095,-1.9346094,-0.5746094,0.63539064,1.3253906,1.2253907,0.19539063,-0.5846094,0.015390625,1.6253906,2.7653906,2.2653906,0.57539064,-0.8946094,-1.7546093,-1.8746094,-0.9546094,0.7953906,2.4253907,3.1753907,2.7653906,2.7253907,2.9653907,3.2553906,3.3153906,2.6053905,2.0953906,2.9253907,4.8353906,6.8553905,7.7053905,7.3953905,6.4653907,5.825391,5.7453904,5.8753905,5.9053907,5.8753905
-3.7646093,-5.7746096,-4.9846096,-2.7946093,-1.1346093,-1.4046093,-2.4246094,-3.6446095,-4.7946095,-6.4546094,-7.2346096,-6.5746093,-4.904609,-4.3546095,-7.3246093,-12.23461,-14.474609,-12.224609,-6.904609,-3.1746094,-1.9246094,-2.5046093,-3.5546093,-4.2446094,-3.9746094,-2.7446094,-1.5146093,-1.1846094,-1.4946094,-1.6246094,-1.4346094,-1.8546094,-3.4146094,-5.4946094,-6.464609,-5.5046096,-3.2446094,-0.5846094,1.4553906,2.4353907,2.8053906,3.1653907,3.4853907,3.5453906,3.5553906,3.9753907,4.615391,4.4553905,2.7653906,1.7853906,2.3753905,3.0353906,3.3753905,1.8053906,1.9053906,3.5753906,5.595391
-6.6846094,-6.2846093,-4.964609,-4.634609,-6.1646094,-7.9946094,-8.924609,-8.764609,-8.464609,-9.69461,-11.964609,-12.99461,-11.874609,-9.06461,-7.1146092,-8.264609,-11.36461,-12.53461,-11.65461,-9.794609,-7.6646094,-6.654609,-6.5146093,-6.2046094,-4.5346093,-2.0846093,-0.004609375,0.75539064,0.21539062,-0.87460935,-2.1846094,-3.6046095,-4.2946095,-3.4446094,-1.4646094,0.26539063,1.1053907,1.4753907,1.9453906,2.6553907,3.3853905,4.0853906,4.4553905,4.1553907,3.6153905,3.5453906,4.075391,4.9453907,6.0653906,6.8353906,6.1453905,3.7353907,3.0353906,3.7853906,6.1453905,6.4253907,3.7453907
2.7153907,-0.7846094,-6.7746096,-10.52461,-10.224609,-7.7646093,-4.6046095,-1.8046094,0.5453906,1.5753906,1.2153907,0.10539062,-0.6546094,-0.9646094,-1.2946094,-2.3046093,-4.0946093,-5.6446095,-5.5446095,-4.2746096,-3.2446094,-3.1446095,-3.4846094,-3.4646094,-3.1246095,-2.6246095,-2.3946095,-2.3546095,-2.2146094,-2.0046093,-1.7946094,-1.4146094,-0.75460935,-0.12460937,0.30539063,0.6153906,0.8953906,1.2153907,1.4953907,1.6853906,1.8853906,2.2653906,2.8853905,3.3953905,3.5153906,3.4953907,3.4753907,3.6053905,3.7453907,3.5453906,3.3253906,4.4353905,6.8153906,7.805391,6.075391,3.5453906,3.0153906
-9.82461,-9.304609,-9.184609,-7.2746096,-6.7546096,-5.1646094,-6.4746094,-7.4946094,-5.3746095,-4.3046093,-4.9846096,-4.5146093,-3.5846093,-4.2046094,-6.3946095,-8.61461,-9.174609,-8.684609,-7.8046093,-6.694609,-5.8546095,-5.4546094,-5.174609,-4.6846094,-4.174609,-3.9446094,-4.1846094,-4.5846095,-4.5846095,-4.0346093,-3.3046093,-2.7146094,-2.2946093,-1.8946093,-1.2546093,-0.48460937,0.08539063,0.5953906,1.3153906,1.8453907,2.2353907,2.7553906,3.0953906,3.4653907,4.035391,4.615391,5.1653905,5.615391,5.7753906,5.7553906,5.2753906,4.4953904,3.0253906,0.8953906,-0.09460937,1.2653906,1.6953906
-7.3446093,-5.3946095,-4.7846093,-4.7046094,-3.5646093,-3.5946093,-3.7446094,-2.1846094,-0.7746094,-3.3546095,-7.6146092,-7.7046094,-6.384609,-6.6046095,-8.02461,-9.40461,-10.374609,-10.934609,-10.674609,-10.844609,-10.514609,-9.3546095,-7.944609,-6.8546095,-6.6246095,-6.5346093,-5.884609,-5.134609,-4.3546095,-3.5746093,-2.9546094,-2.4446094,-2.0046093,-1.7146094,-1.4446094,-0.8346094,0.21539062,1.2153907,1.8053906,2.2553906,2.4953907,2.5853906,2.9653907,3.5353906,4.0253906,4.1953907,4.345391,4.7753906,5.5853906,7.5853906,8.155391,5.9053907,1.5153906,-1.0446094,0.7753906,3.1853907,2.4353907
-4.9946094,-4.4146094,-3.4446094,-2.8546095,-3.0046093,-4.0546093,-5.2546096,-4.5546093,-2.8446093,-4.7646093,-5.5646095,-7.7346096,-8.454609,-6.4946094,-4.7246094,-4.634609,-5.7446094,-7.1046095,-5.8346095,-5.5046096,-5.9546094,-6.0146093,-6.0346093,-5.4946094,-4.6846094,-4.7346096,-5.424609,-5.2846093,-4.3246093,-3.4646094,-2.6246095,-1.6846094,-0.37460938,1.4153906,2.8253906,2.9953907,2.4153907,2.3453906,2.6853907,2.9753907,3.1553907,3.2253907,3.1353905,3.4753907,4.5253906,4.5853906,3.5453906,2.8453906,2.4553907,3.2453907,3.6753907,1.9853907,1.7953906,1.6953906,1.7253907,2.5853906,2.0753906
-1.8746094,-2.7646093,-3.9146094,-5.1046095,-6.1146092,-7.3446093,-8.204609,-8.19461,-7.8946095,-8.23461,-7.904609,-9.214609,-9.704609,-9.644609,-8.884609,-7.1146092,-5.7446094,-6.1446095,-6.5846095,-7.5946093,-6.4546094,-6.2246094,-6.8246093,-6.0146093,-4.4946094,-4.0146093,-4.194609,-3.7946093,-3.5346093,-3.3946095,-2.7146094,-1.3046094,-0.06460938,1.1253906,2.1253905,2.7153907,3.3453906,3.8953905,3.9653907,3.9153907,4.0453906,3.7753906,3.5353906,3.9553907,4.2253904,4.2253904,3.8653905,3.3553905,2.5153906,1.7153907,2.0553906,3.2853906,2.7253907,0.63539064,0.8953906,0.26539063,-0.20460938
1.9753907,1.4153906,0.045390625,-2.1846094,-2.6146095,-1.7046094,-1.0946094,-0.62460935,-0.7746094,-2.3146093,-4.3146095,-4.9346094,-4.8946095,-4.2446094,-3.3046093,-3.8446093,-6.7246094,-8.48461,-6.2246094,-5.924609,-7.0346093,-7.5946093,-7.6246095,-7.194609,-6.1846094,-4.8746095,-5.214609,-6.0946093,-6.0946093,-4.8546095,-3.2646093,-2.0846093,-1.2446094,-0.68460935,0.045390625,1.0553906,2.1553907,2.9753907,3.3953905,3.7553906,4.4053907,4.6753907,4.6853905,5.0653906,4.9753904,5.1253905,5.3153906,5.825391,4.7153907,3.5453906,3.8053906,2.0153906,2.1253905,0.93539065,-0.38460937,-0.7046094,-0.9746094
7.3353906,5.5453906,5.9553905,6.285391,4.2453904,1.2153907,0.31539062,1.3553907,1.6153907,0.30539063,-0.86460936,-1.1146094,-1.0146093,-0.99460936,-1.4946094,-1.1146094,0.6553906,-1.3246094,-6.1046095,-5.5646095,-5.0246096,-6.3546095,-5.2646093,-5.8446093,-6.3946095,-5.904609,-6.2946095,-5.9946094,-5.9746094,-5.7946095,-4.8446093,-4.1446095,-3.7546093,-3.1446095,-1.9846094,-1.5146093,-0.87460935,0.5553906,1.9253906,2.4653907,2.9453907,3.2053907,3.2153907,4.5453906,4.3553905,4.8353906,3.1053905,3.2653906,1.8053906,3.1553907,1.8253906,0.76539063,3.9353907,2.4553907,-0.75460935,-2.1646094,-2.0746093
2.2953906,7.6353908,11.295391,11.325391,9.855391,8.05539,6.6453905,6.0253906,6.3553905,6.805391,6.9053907,6.6953907,5.7253904,4.3353906,2.9853907,2.0653906,2.1453905,2.1653907,-1.9646094,-5.2046094,-2.4246094,-0.99460936,-2.3746095,-6.0346093,-6.8346095,-7.2646093,-7.3646092,-7.214609,-6.7546096,-6.214609,-5.964609,-5.6146092,-5.384609,-5.0546093,-4.404609,-3.6646094,-2.9646094,-2.3446093,-1.1246094,0.14539063,1.7653906,3.1853907,4.0853906,4.9453907,5.8853908,6.4653907,2.2953906,0.6653906,0.56539065,-0.6946094,1.2553906,2.0053906,2.0053906,-0.19460937,-3.4646094,-3.6446095,-4.0546093
0.4753906,-0.3046094,0.99539065,2.4853907,4.115391,8.97539,12.43539,12.865391,11.55539,9.88539,8.43539,6.6553907,5.2353907,5.305391,4.9753904,4.6253905,3.7353907,3.3853905,2.3053906,-2.2346094,-3.5046093,-2.1146095,-4.214609,-7.2246094,-8.394609,-7.404609,-6.1846094,-7.7546096,-6.5646095,-5.7546096,-5.2346096,-4.7346096,-5.0846095,-4.964609,-4.1046095,-3.8346093,-3.2046094,-2.8346093,-2.7546093,-2.3146093,-1.9646094,-1.4946094,-1.2446094,-0.024609376,1.8053906,1.4553906,1.6153907,1.3753906,-1.0046093,1.9153906,0.7153906,0.07539062,-0.39460936,-0.7746094,-0.68460935,-2.6446095,-3.0946093
-0.79460937,-0.9746094,1.5753906,-0.024609376,-1.0146093,2.0453906,3.8853905,3.0953906,5.1953907,7.575391,9.80539,10.67539,9.985391,8.51539,6.9153905,4.805391,3.6753907,3.7553906,4.3353906,0.95539063,-2.7446094,-1.3746094,-1.7846093,-4.2846093,-0.9546094,-2.7846093,-4.7946095,-6.2046094,-6.5946093,-5.7046094,-4.6646094,-4.9346094,-4.8646092,-4.2646093,-4.134609,-4.2846093,-4.1846094,-3.5246093,-3.2646093,-3.5846093,-3.2946093,-2.3446093,-2.3946095,-0.8446094,2.0953906,3.5253906,2.9353907,2.5053906,1.9353906,0.6453906,0.14539063,2.2953906,6.7253904,5.1653905,-1.7946094,-5.3246093,-5.904609
-1.9446094,-1.9046093,-1.1946094,-0.45460936,0.07539062,0.8953906,2.6753907,4.4453907,7.2453904,9.035391,8.96539,8.6453905,8.05539,7.8153906,7.8553905,7.6753907,6.7253904,6.1553907,4.9853907,4.4653907,2.9053907,-0.55460936,-0.75460935,-2.1846094,-2.0746093,-1.6846094,-4.154609,-4.194609,-5.2646093,-5.4146094,-4.8246093,-4.4346094,-4.4146094,-4.464609,-4.3746095,-4.4146094,-4.654609,-4.2846093,-3.9846094,-1.1646094,1.9753907,1.2653906,-3.6346095,-6.194609,-0.48460937,-3.8646095,-1.0846094,-1.3246094,-1.3746094,2.5953906,0.30539063,-7.5646095,-8.36461,-5.4346094,-5.4546094,-7.464609,-9.794609
1.8353906,1.6453906,-0.13460937,-0.9046094,-0.36460936,-0.7046094,-0.26460937,0.6053906,3.5253906,4.1553907,2.0653906,1.6553906,1.5253906,2.5753906,3.8453906,4.6453905,5.0653906,5.2653904,5.0053906,4.4153905,3.4653907,1.0053906,-0.8546094,-1.6246094,-1.5746094,-2.1146095,-1.0146093,-3.5446093,-6.464609,-5.884609,-3.6746094,-4.0146093,-5.694609,-4.9146094,-4.1846094,-5.0346093,-4.5946093,-5.0046096,-5.2646093,-2.5746093,-0.6546094,1.3753906,5.5653906,3.0453906,-0.7146094,-3.6546094,-8.434609,-12.544609,-14.98461,-14.544609,-14.014609,-12.624609,-9.144609,-8.8546095,-10.004609,-9.334609,-9.90461
5.4053907,5.3953905,3.9653907,2.0653906,2.3453906,-0.34460938,-2.2146094,-2.4846094,-1.5046093,-0.06460938,2.8153906,2.3553905,3.7753906,1.3153906,-0.44460937,0.7953906,2.0953906,2.2853906,2.6053905,3.1153905,2.1053905,0.38539064,-0.22460938,-0.73460937,-1.5446094,-3.0746093,-3.0746093,-1.9846094,-3.4646094,-3.6346095,-3.2746093,-2.7346094,-4.0646095,-3.1146095,-1.1646094,-1.2746093,-4.3446093,-7.9746094,-6.9546094,-6.2446094,-5.5146093,-0.7846094,-4.3346095,-9.634609,-13.054609,-15.31461,-15.224609,-15.3546095,-15.44461,-13.844609,-9.61461,-4.5246096,-2.3846095,-1.7646093,-1.9146094,-2.1846094,-2.2846093
7.4553905,5.5053906,4.7053905,4.805391,5.0053906,5.0653906,4.7453904,4.6553907,4.4753904,1.7153907,0.63539064,1.6253906,1.8653907,0.43539062,-2.3946095,-4.1246095,-3.6146095,-2.1446095,0.07539062,1.6453906,2.3953905,1.7053906,-0.31460938,-0.034609374,0.2553906,-1.3846093,-3.6946094,-2.3446093,0.11539063,0.10539062,-0.044609375,0.39539063,0.8353906,1.9753907,1.8553907,-2.4946094,-1.1346093,6.1353908,-3.0546093,-8.90461,-13.40461,-11.434609,-11.344609,-13.124609,-13.434609,-13.894609,-12.8546095,-10.82461,-7.7746096,-3.9246094,-1.7246094,-0.6346094,0.45539063,1.9453906,3.0753906,2.6153905,2.7653906
