raw-data-f/2018101012.json
{"header": { "discipline":0, "disciplineName":"Meteorological products", "gribEdition":2, "gribLength":75049, "center":7, "centerName":"US National Weather Service - NCEP(WMC)", "subcenter":0, "refTime":"2018-10-10T12:00:00.000Z", "significanceOfRT":1, "significanceOfRTName":"Start of forecast", "productStatus":0, "productStatusName":"Operational products", "productType":1, "productTypeName":"Forecast products", "productDefinitionTemplate":0, "productDefinitionTemplateName":"Analysis/forecast at horizontal level/layer at a point in time", "parameterCategory":2, "parameterCategoryName":"Momentum", "parameterNumber":3, "parameterNumberName":"V-component_of_wind", "parameterUnit":"m.s-1", "genProcessType":2, "genProcessTypeName":"Forecast", "forecastTime":0, "surface1Type":103, "surface1TypeName":"Specified height level above ground", "surface1Value":10.0, "surface2Type":255, "surface2TypeName":"Missing", "surface2Value":0.0, "gridDefinitionTemplate":0, "gridDefinitionTemplateName":"Latitude_Longitude", "numberPoints":65160, "shape":6, "shapeName":"Earth spherical with radius of 6,371,229.0 m", "gridUnits":"degrees", "resolution":48, "winds":"true", "scanMode":0, "nx":360, "ny":181, "basicAngle":0, "lo1":0.0, "la1":90.0, "lo2":359.0, "la2":-90.0, "dx":1.0, "dy":1.0 }, "data":
[rows 52 to 77 of 181, columns 232 to 289 of 360]
-11.703028,-12.463027,-12.563027,-13.623028,-11.073028,1.3469727,0.85697263,-1.6230273,-0.95302737,-1.1030273,-1.1830274,-1.8330274,-3.3930273,-3.0830274,-1.2230273,3.2869728,-0.063027345,1.0969727,5.026973,5.156973,2.8969727,3.3569727,3.6269727,0.94697267,-0.053027343,-1.4930273,-4.513027,-4.7130275,-6.1930275,-4.8730273,-3.4430273,-1.3630273,-0.6930273,-0.053027343,0.6169727,2.0269728,2.7969728,1.6969726,1.6769726,3.3969727,4.466973,2.5969727,1.0069727,1.4269726,0.65697265,0.46697265,0.69697267,4.176973,-0.14302735,1.3269726,0.28697264,0.71697265,2.8969727,2.3669727,3.3069727,2.9969726,3.4169726,3.4569726
-11.323028,-11.733027,-11.623028,-12.353027,-10.583027,-1.4730273,2.0769727,0.7469727,0.98697263,-1.6230273,-1.5930274,-3.4030273,-3.1930273,-4.4130273,-1.7730273,-0.31302735,-0.043027345,2.1769726,2.2569726,2.4069726,0.59697264,0.046972655,4.6869726,0.38697267,0.34697264,-2.7530274,-4.9330273,-5.243027,-4.533027,-3.9930274,-2.0730274,-0.6930273,-0.28302735,-0.5030273,1.4469726,2.3869727,2.8069727,1.5469726,1.6069727,2.3669727,2.2069726,2.0669727,-0.12302735,-0.5730274,0.6769726,0.73697263,0.12697266,1.9969727,0.51697266,-0.5730274,0.41697267,0.9969727,4.2669725,3.9869726,5.5369725,4.7469726,3.9969726,3.5969727
-10.363028,-10.663028,-10.4430275,-9.913028,-7.843027,-3.7630274,0.72697264,1.7469727,1.5669726,1.0769726,-1.0830274,-0.52302736,-0.20302734,2.2469726,2.6569726,5.3269725,3.1169727,2.3069727,4.716973,2.7069726,3.7069726,1.7769727,2.6369727,1.1169727,2.9769726,-1.2930274,-3.3430274,-4.973027,-5.9530272,-5.073027,-2.1730273,-1.1530273,-1.0430274,-0.53302735,0.84697264,1.5969727,1.5269727,1.5169727,0.056972656,0.88697267,0.52697265,0.95697266,-0.71302736,1.3969727,-1.9730273,0.19697265,1.2469727,-1.1130273,-0.21302734,0.26697266,0.89697266,0.9269726,2.3369727,5.1869726,6.3569727,5.736973,5.4369726,4.1469727
-9.573028,-9.4430275,-9.213027,-9.063027,-7.5830274,-5.9630275,-1.3930273,1.5769726,0.89697266,0.42697266,0.26697266,0.10697266,-1.2730273,-0.13302734,3.0469728,3.0469728,0.056972656,3.8369727,3.0069726,2.4469726,2.0569727,2.7169726,1.0269727,1.6269727,2.4269726,0.26697266,-3.5230274,-6.2930274,-5.553027,-4.573027,-2.2430274,-1.5730274,-1.2630273,-0.71302736,-0.11302734,-0.54302734,1.0069727,1.4269726,0.5569727,0.52697265,0.46697265,0.57697266,0.28697264,-0.8830273,0.8669727,1.1269727,-0.31302735,0.34697264,0.116972655,0.51697266,0.8769727,1.2769727,6.1269727,6.8769727,6.176973,6.526973,5.8269725,4.0869727
-9.653028,-9.613028,-9.1930275,-8.623028,-7.553027,-3.9030273,-0.21302734,2.2769728,1.9269726,0.046972655,0.10697266,-1.5730274,0.24697265,0.77697265,1.7369727,1.6569726,-0.22302735,-0.8730273,1.7269727,2.5869727,1.3469727,1.7869726,2.7369726,2.5969727,1.9069726,-0.48302734,-2.8430274,-4.6330276,-5.4830275,-4.093027,-2.1530273,-1.8230274,-2.4930274,-1.0930274,-0.84302735,-0.15302734,0.72697264,1.5569726,1.0569726,0.47697267,0.26697266,-0.20302734,-0.6930273,0.24697265,-0.063027345,0.32697266,-0.14302735,0.13697265,1.8669727,2.3269727,3.2769728,7.3569727,7.276973,6.9569726,6.4169726,5.7269726,5.5169725,4.5669727
-9.253027,-9.333027,-9.323028,-8.173027,-4.6630273,-2.4630272,-0.9430273,1.3869727,1.9469726,2.3269727,1.3769727,-0.90302736,0.60697263,-1.2030274,0.76697266,1.9669727,2.2169726,1.1069727,0.69697267,0.14697266,0.116972655,2.1569726,2.0469728,1.9769727,1.8169726,-1.2630273,-2.5730274,-2.9630272,-5.033027,-4.4430275,-3.6830273,-3.5130274,-2.5630274,-1.1730274,-1.2730273,-0.85302734,0.23697266,1.5169727,0.23697266,-0.51302737,-0.79302734,-0.6930273,-0.40302736,0.016972655,-0.21302734,0.40697265,-0.19302735,0.31697264,2.3469727,7.7969728,8.626972,7.8469725,7.3469725,6.986973,6.5669727,6.2069726,5.3969727,3.9769726
-9.173027,-9.153028,-8.4430275,-5.8930273,-4.263027,-4.1130276,-3.0030274,-0.6230273,0.42697266,1.3869727,1.4169726,-1.6330273,0.91697264,-1.4130273,2.4069726,3.0469728,1.9769727,2.1469727,1.7069726,1.0069727,0.13697265,1.5069727,2.8869727,2.4369726,-1.2030274,-1.7730273,-2.6930273,-4.2030272,-7.1030273,-6.8930273,-6.1830273,-5.1530275,-1.6030273,-2.1930273,-1.1930274,-1.1930274,-0.33302733,0.14697266,-1.1330273,-1.6830274,-1.9030273,-1.5730274,-0.85302734,-0.47302735,-0.5730274,0.37697265,0.32697266,3.0669727,6.8769727,8.746973,9.326973,8.516973,7.926973,6.3869724,6.3969727,5.8869724,4.946973,3.8669727
-7.7030272,-7.7530274,-6.6830273,-5.823027,-5.1030273,-4.263027,-3.5330274,-1.9530274,-0.78302735,1.5169727,1.7569727,-1.4630274,-0.043027345,-1.0930274,6.2969728,3.2369726,0.69697267,0.71697265,0.98697263,1.3269726,1.6269727,1.2569727,2.8069727,1.8669727,1.6369727,-1.2130274,-1.7630273,-4.5830274,-5.973027,-6.7930274,-5.5830274,-3.7830274,-3.1030273,-1.8430274,-2.0330274,-1.6930274,-1.6730274,-0.61302733,-1.4630274,-2.6830273,-3.2330275,-4.073027,-3.6330273,-1.5030273,1.5069727,1.1969726,0.57697266,6.8569727,6.1669726,7.716973,8.776973,8.356973,7.8169727,8.0569725,6.8469725,5.7969728,4.7469726,3.4869726
-6.9030275,-6.093027,-5.9130273,-4.6030273,-4.6930275,-3.7930274,-2.5130274,-2.5530274,-1.1730274,0.38697267,0.88697267,0.34697264,-2.0730274,0.77697265,2.0069726,3.6869726,1.8069726,0.85697263,0.056972656,0.13697265,2.3769727,1.6969726,0.06697266,-0.033027343,-1.9830273,-0.96302736,-0.78302735,-1.5830274,-1.6430273,-2.9830275,-2.3230274,-3.1130273,-2.8730273,-2.7930274,-3.3630273,-2.4530272,-2.1430273,-1.6030273,-4.6030273,-9.553027,-13.123028,-10.623028,-6.0630274,2.6869726,7.8769727,3.2569726,2.4269726,7.926973,7.0169725,6.3769727,7.676973,7.906973,8.0569725,7.9569726,7.8869724,6.1469727,4.6269727,3.3069727
-5.5030274,-5.823027,-4.9230275,-4.723027,-4.513027,-2.8330274,-2.5030274,-2.6330273,-1.6430273,-0.8730273,-0.033027343,-0.25302735,-1.1930274,-1.6130273,0.26697266,0.9969727,1.1069727,0.26697266,-0.65302736,1.0669726,0.45697266,0.9969727,-1.9230274,-1.0730274,-1.1130273,-0.29302734,1.3369727,-0.71302736,-1.3530273,-2.7030272,-2.2930274,-2.0630274,-3.1730273,-5.2730274,-4.723027,-3.1830273,-2.7030272,-4.5030274,-7.263027,-9.553027,-15.113028,-27.353027,27.046972,24.146973,16.276972,9.706973,2.9469726,3.1769726,7.406973,6.1869726,6.4969726,7.8769727,8.086972,7.8969727,7.216973,6.7969728,4.8469725,3.4069726
-6.033027,-5.4330273,-5.6730275,-5.343027,-3.3830273,-2.7630274,-2.6430273,-2.6730273,-1.4730273,-0.8730273,0.78697264,0.23697266,-1.1030273,-1.5430274,-2.3630273,0.36697266,2.1069727,-0.14302735,-0.65302736,-1.1730274,0.45697266,0.51697266,-1.0630274,-1.4430274,-1.9530274,-1.0830274,-0.08302734,-2.6130273,-3.7430274,-2.8130274,-2.3130274,-3.8830273,-2.5030274,-3.8830273,-3.5830274,-1.5930274,-2.5630274,-3.6030273,-5.6630273,-8.523027,-8.353027,-2.8130274,17.946972,21.456972,17.546972,10.066973,3.0869727,2.5269728,7.776973,6.656973,5.5469728,6.6369724,7.9569726,7.7069726,7.446973,6.5469728,5.3869724,3.4369726
-5.533027,-5.5630274,-5.283027,-3.8730273,-2.8630273,-2.6130273,-2.6530273,-1.7930274,-1.3030274,0.60697263,1.3069726,1.1069727,-0.7430273,-1.7530273,-2.3730273,-1.1130273,0.59697264,1.5569726,-1.1230273,-0.21302734,-1.7730273,1.9069726,0.72697264,-1.2930274,-1.9130273,0.73697263,-0.67302734,-1.0230273,-3.2230272,-2.3230274,-0.8230274,1.3969727,-0.9430273,0.116972655,-0.9930273,0.17697266,-1.2830273,-3.4630272,-3.1230273,-3.5130274,-2.6130273,1.4769727,9.516973,15.906973,15.636972,13.366973,3.4169726,4.8669724,6.426973,6.6269727,4.3569727,4.8769727,7.176973,7.8269725,7.2969728,6.0969725,5.0569725,3.2969728
-4.973027,-4.803027,-4.1230273,-3.2430274,-2.6730273,-2.3330274,-1.9230274,-1.0530274,0.39697266,1.1469727,1.2969726,1.0069727,0.116972655,-1.2830273,-1.9330274,-1.6530273,0.056972656,0.60697263,1.9369726,0.29697266,-1.0630274,0.34697264,0.38697267,0.57697266,0.076972656,-1.7330273,-1.2630273,-2.8130274,-2.9630272,-3.4830275,-0.52302736,-2.5930274,-0.35302734,0.96697265,0.26697266,-0.053027343,0.65697265,-0.53302735,-0.86302733,-0.92302734,0.71697265,5.656973,9.576973,11.966972,12.196973,12.296972,7.7469726,2.8369727,6.3569727,7.0969725,6.156973,5.1169724,5.7469726,6.8869724,6.5769725,5.656973,4.9569726,3.5269728
-4.4830275,-4.013027,-4.1130276,-3.5730274,-3.1530273,-2.6230273,-1.6230273,-0.08302734,1.3769727,2.0069726,2.0569727,1.5669726,0.8069727,-0.64302737,-1.6830274,-1.6230273,-1.4930273,0.41697267,0.8069727,1.0069727,-0.41302735,-0.71302736,-0.19302735,0.78697264,1.8869727,1.6569726,0.9369727,2.2469726,0.59697264,-0.45302734,0.24697265,1.9569726,2.0969727,2.2569726,1.4569726,1.0569726,1.0269727,1.2769727,1.3669727,1.7969726,3.6569726,5.946973,7.5969725,9.246973,10.156973,9.176972,8.016973,5.8169727,6.736973,6.696973,4.736973,5.4969726,5.6069727,5.256973,5.0969725,5.176973,4.406973,3.8069727
-4.8730273,-5.493027,-4.823027,-4.2330275,-3.5430274,-2.7130272,-1.3130274,-0.39302734,0.91697264,1.3169726,0.89697266,0.38697267,0.28697264,-0.91302735,-1.6530273,-2.0130274,-1.6830274,-2.3830273,1.8769727,-1.0630274,-0.55302733,-0.54302734,-1.1230273,1.0169727,1.7069726,0.59697264,3.3269727,1.5269727,1.9169726,-0.97302735,0.57697266,3.3969727,2.9969726,2.8169727,1.1269727,1.1569726,0.96697265,1.6569726,2.3569727,2.7869728,3.7269726,5.6069727,7.2969728,9.006972,9.576973,9.766973,9.776973,7.9569726,6.196973,5.3169727,4.5769725,4.5569725,4.4569726,4.1869726,3.8869727,4.486973,3.6469727,3.0169725
-6.2730274,-5.4830275,-5.9230275,-5.3930273,-4.6830273,-3.6230273,-1.7230273,-0.27302733,0.79697263,1.5969727,0.20697266,-0.5030273,-0.9330273,-1.3430274,-0.91302735,-1.2230273,-1.3430274,-0.9330273,-1.4630274,2.1769726,-1.1030273,2.4369726,-0.70302737,-1.2630273,-0.25302735,2.0069726,1.7969726,-1.0830274,-0.6230273,-1.9230274,-1.2530273,1.1569726,1.0269727,1.8269726,2.1069727,2.1969726,1.9269726,1.8069726,1.8969727,2.2169726,3.1269727,4.2669725,6.966973,7.526973,8.666973,6.8969727,4.216973,2.9869726,2.9769726,5.9169726,3.2569726,3.5369728,3.1269727,3.6769726,3.6769726,3.9369726,3.7769728,2.9469726
-6.1630273,-7.3930273,-7.1530275,-6.6730275,-5.0830274,-2.0730274,1.6969726,3.5569727,3.9269726,2.5069726,1.9969727,0.20697266,-1.6230273,-2.3230274,-1.7330273,-1.6830274,-1.6930274,-1.7030274,-1.6230273,-0.39302734,-0.44302735,-0.72302735,1.7169727,-0.5030273,-1.1430273,-0.5730274,1.9969727,0.65697265,-0.36302733,-0.42302734,-0.8130273,-0.71302736,0.63697267,4.756973,4.406973,3.6269727,2.0969727,1.0769726,1.4169726,2.0169725,1.1169727,4.1269727,6.1169724,6.0869727,3.9469726,6.5569725,6.676973,5.5469728,1.9569726,2.2469726,0.47697267,2.7769728,2.8769727,1.9869727,3.8369727,3.6869726,3.6969726,3.5069726
-8.083027,-9.203028,-8.773027,-8.603027,-3.4730272,-0.08302734,1.9469726,3.3569727,5.1069727,4.276973,2.8269727,2.2369726,0.88697267,-1.6530273,-3.0730274,-2.7530274,-2.0730274,-1.9530274,-2.0730274,-2.4630272,-2.1030273,-1.1930274,-0.093027346,0.026972657,0.5069727,-0.07302734,-0.053027343,0.79697263,1.1769726,0.8169727,-1.2830273,-0.66302735,2.5269728,5.926973,6.1069727,4.9969726,1.4969727,0.83697265,0.28697264,0.006972656,0.57697266,0.43697265,4.7869725,7.216973,7.9369726,8.006972,7.176973,5.156973,2.7069726,3.7169726,-0.79302734,0.5569727,1.0569726,0.84697264,1.7869726,3.7069726,4.2469726,3.9869726
-9.173027,-10.983027,-12.6930275,-11.833027,-7.263027,-1.9830273,1.8669727,2.6669726,3.0369728,3.0669727,2.0569727,2.8569727,1.6769726,-0.6830273,-2.7730274,-3.2430274,-3.0830274,-2.4730272,-2.0730274,-2.1930273,-2.4030273,-2.6730273,-3.2130272,-1.2130274,0.31697264,0.8169727,0.57697266,0.63697267,1.3269726,0.30697265,1.8169726,0.9969727,5.2469726,4.8069725,7.3369727,4.6669726,2.5569727,0.47697267,-0.11302734,0.26697266,0.006972656,4.8469725,6.1669726,6.9569726,7.2469726,6.8369727,5.8469725,4.466973,3.5069726,1.8169726,4.3569727,0.57697266,-0.52302736,-2.1530273,-2.4030273,0.34697264,2.3269727,3.7969728
-10.123028,-12.593027,-16.823027,-12.033028,6.7069726,14.066973,11.066973,6.3169727,3.8369727,3.1269727,4.026973,2.3569727,0.94697267,-0.85302734,-2.2530274,-3.0130274,-2.6330273,-2.2230272,-2.4430273,-2.9030273,-3.1630273,-3.5530274,-4.0830274,-5.2330275,-0.89302737,-0.053027343,-0.51302737,-0.73302734,-1.4030273,-0.48302734,1.1569726,-0.36302733,3.6669726,1.8569727,8.546972,2.4469726,1.9869727,0.18697266,-0.013027344,0.64697266,0.57697266,3.5869727,5.1269727,6.5469728,6.8469725,6.466973,5.3569727,3.4369726,2.3169727,2.1669726,0.5669727,2.8669727,-0.31302735,0.016972655,0.28697264,1.6369727,0.57697266,1.2069726
-9.513027,-12.183027,-14.273027,-10.653028,5.3369727,22.716972,15.496973,10.936973,8.456973,5.276973,3.5869727,2.1069727,1.2769727,-0.14302735,-1.0830274,-1.6430273,-1.8330274,-1.9530274,-2.3130274,-3.1130273,-3.5830274,-3.6230273,-4.053027,-4.0830274,-4.7730274,-1.7530273,-0.96302736,1.3969727,0.46697265,0.6169727,1.1569726,0.5669727,0.19697265,4.5869727,1.2569727,-0.70302737,-0.39302734,0.6269727,0.49697265,0.28697264,3.1569726,2.5669727,4.926973,7.0969725,7.426973,6.446973,4.7069726,2.8269727,1.9369726,2.1269727,-0.9430273,-0.7430273,1.9569726,1.5369726,0.25697267,0.19697265,-1.3130274,-2.6630273
-7.6030273,-8.273027,-7.823027,0.10697266,8.746973,18.056973,15.196973,12.516973,9.756972,6.946973,3.3769727,2.2969728,3.2369726,1.8369727,0.6269727,-0.49302733,-1.5830274,-2.7630274,-3.4130273,-3.1230273,-3.2230272,-3.4630272,-3.9630272,-3.9030273,-3.9730272,-3.5030274,-2.6330273,-0.5730274,-1.3930273,-1.1030273,-0.95302737,0.79697263,0.9369727,7.1069727,2.7369726,2.4769726,0.96697265,0.51697266,0.6869727,1.2669727,4.256973,2.8869727,3.2669725,7.4369726,7.9769726,5.986973,4.3469725,2.3169727,0.9969727,0.42697266,0.63697267,0.96697265,1.2169727,2.5669727,2.2269726,0.53697264,-1.4530274,-2.1130273
-5.6130276,-4.6530275,-2.6430273,1.8269726,7.9169726,11.506972,12.736973,12.036973,10.776973,6.7269726,3.9369726,2.2269726,1.7569727,2.4369726,0.20697266,-1.0830274,-2.3430274,-3.3230274,-4.073027,-2.9930274,-2.5230274,-1.6030273,-2.6830273,-3.6930273,-3.1730273,-2.4830275,-3.1730273,-3.0230274,-3.0730274,0.006972656,-0.9930273,-0.96302736,0.33697265,1.6369727,4.6669726,1.1669726,-0.24302734,0.31697264,0.42697266,0.19697265,4.3569727,3.3669727,2.3969727,4.5669727,7.656973,5.7069726,3.6769726,1.3269726,-0.65302736,-0.8230274,-0.36302733,-0.19302735,1.2369727,1.4269726,0.26697266,0.19697265,-0.053027343,-0.39302734
-3.1430273,-2.7130272,-0.91302735,2.5569727,6.0869727,9.166973,10.546972,10.146973,8.796972,5.4769726,3.3269727,2.3869727,0.5569727,0.79697263,1.0569726,-1.5030273,-2.6830273,-3.8230274,-3.7830274,-2.6230273,-0.77302736,-1.6930274,-2.1830273,-2.1730273,-2.3130274,-3.1330273,-4.5430274,-2.5530274,-1.8630273,0.49697265,2.3069727,2.8669727,1.8569727,2.2469726,5.276973,1.8069726,1.3569727,1.9169726,0.6769726,1.7769727,1.6369727,1.1669726,0.88697267,0.71697265,1.9469726,5.4569726,3.5269728,0.7569727,-1.1330273,-0.35302734,-0.52302736,-0.49302733,-0.043027345,0.70697266,0.64697266,0.48697266,0.54697263,-0.29302734
-1.1530273,-0.35302734,1.1269727,3.2669725,6.0769725,8.496973,9.166973,9.206973,6.756973,4.3069725,2.1169727,1.8769727,0.6169727,-0.21302734,0.09697266,-1.2630273,-2.7630274,-3.9530272,-4.013027,-2.0930274,-1.0730274,-1.3130274,-2.4830275,-0.25302735,-1.2230273,-2.1630273,-1.3730273,1.3369727,2.4369726,3.7869728,4.2869725,5.7269726,4.966973,5.236973,5.506973,6.8669724,-0.17302734,-0.90302736,-0.26302734,0.086972654,-0.013027344,1.1669726,1.2169727,0.46697265,1.0569726,4.4569726,2.0169725,-0.66302735,-1.8830273,-2.1930273,-1.7830273,-0.70302737,-0.11302734,0.36697266,0.06697266,0.63697267,0.38697267,1.1069727
-0.32302734,0.98697263,2.9469726,4.7869725,6.1269727,7.716973,7.9769726,7.1669726,5.3669724,3.6369727,2.2169726,1.5769726,0.54697263,-1.3930273,-1.7330273,-2.1530273,-1.7330273,-2.4030273,-2.5430274,-1.9530274,-2.1730273,-0.51302737,-1.7130274,1.8169726,1.6369727,-1.0830274,1.1869726,1.5769726,4.736973,4.8969727,6.0969725,6.5369725,5.8569727,6.6069727,7.426973,7.4769726,9.156973,7.006973,5.0569725,1.4469726,-1.3130274,-0.29302734,-0.48302734,0.94697267,0.8069727,2.9169726,0.53697264,-1.9430274,-3.2230272,-2.9030273,-2.2830274,-1.0930274,0.39697266,1.4469726,0.65697265,-0.19302735,0.12697266,0.45697266
