raw-data-f/2018101012f3.json
{"header": { "discipline":0, "disciplineName":"Meteorological products", "gribEdition":2, "gribLength":75379, "center":7, "centerName":"US National Weather Service - NCEP(WMC)", "subcenter":0, "refTime":"2018-10-10T12:00:00.000Z", "significanceOfRT":1, "significanceOfRTName":"Start of forecast", "productStatus":0, "productStatusName":"Operational products", "productType":1, "productTypeName":"Forecast products", "productDefinitionTemplate":0, "productDefinitionTemplateName":"Analysis/forecast at horizontal level/layer at a point in time", "parameterCategory":2, "parameterCategoryName":"Momentum", "parameterNumber":2, "parameterNumberName":"U-component_of_wind", "parameterUnit":"m.s-1", "genProcessType":2, "genProcessTypeName":"Forecast", "forecastTime":3, "surface1Type":103, "surface1TypeName":"Specified height level above ground", "surface1Value":10.0, "surface2Type":255, "surface2TypeName":"Missing", "surface2Value":0.0, "gridDefinitionTemplate":0, "gridDefinitionTemplateName":"Latitude_Longitude", "numberPoints":65160, "shape":6, "shapeName":"Earth spherical with radius of 6,371,229.0 m", "gridUnits":"degrees", "resolution":48, "winds":"true", "scanMode":0, "nx":360, "ny":181, "basicAngle":0, "lo1":0.0, "la1":90.0, "lo2":359.0, "la2":-90.0, "dx":1.0, "dy":1.0 }, "data":
[rows 75 to 99 of 181, columns 0 to 56 of 360]
3.8622437,2.8222437,2.3422437,-2.1177564,-3.6477563,-0.9877564,-5.6577563,-3.4977562,-3.4577563,-4.7377563,-5.5377564,-5.9177566,-7.607756,-7.2177563,-7.357756,-7.7177563,-6.9177566,-6.297756,-5.547756,-4.4977565,-3.5377564,-2.8877563,-3.6277564,-3.8177564,-3.6577563,-3.9977562,-2.7077563,-3.7077563,-2.8877563,-1.4977564,-1.1077564,-1.8477564,-0.077756345,-1.9077563,0.57224363,-0.21775635,-0.027756348,1.4722437,0.72224367,-4.007756,-1.8377564,-4.7377563,-1.1477563,2.9122436,1.2322437,-3.2077563,-2.2477562,-0.56775635,-1.7777563,-3.3277564,1.3122437,3.5022438,5.3222437,0.5822437,3.2422438,0.82224363,0.8422437
-3.3977563,-4.7377563,-2.8777564,-3.6177564,-2.2077563,-3.3677564,-6.0577564,-3.6777563,-6.5577564,-6.317756,-6.607756,-7.2377563,-7.2377563,-5.3877563,3.6022437,-6.3077564,-5.4177566,-4.5177565,-3.6477563,-1.3977563,-0.62775636,-1.2277564,-2.8277564,-2.6877563,-1.9877564,-2.2777565,-4.7177563,-3.6377563,-2.5077562,-2.6777563,-1.9077563,-1.3777564,-2.2377563,-1.0777564,1.0622437,0.48224366,0.67224365,0.99224365,-0.06775635,-5.6177564,-3.1477563,-1.9577564,-4.9677563,1.0522437,3.1622436,-2.2377563,-1.6777563,1.8222437,1.9122436,5.7922435,4.6722436,4.642244,4.8422437,3.6622436,5.622244,7.7122436,8.862244
-3.7477562,-4.6677566,-3.7677565,-1.5677563,-1.3777564,-3.2877564,-3.1677563,-2.3477564,-6.8077564,-7.277756,-6.9577565,-6.7677565,-6.8277564,-6.5777564,-1.8377564,3.2122436,-4.6777563,-5.1477566,-4.777756,-3.6977563,-3.3077564,-2.8177564,-1.7477564,0.102243654,-1.5277563,-2.5877564,-4.2177563,-3.5577564,-3.0177565,-2.2077563,-3.1277564,-1.1677563,-0.017756348,0.052243654,1.5922437,1.3022437,1.3822436,-1.3677564,0.012243653,-2.6477563,-3.3077564,-2.8377564,-6.3077564,-5.3077564,-1.4177563,-0.47775635,3.1522436,1.1222436,2.1922436,3.2622437,4.742244,5.5722437,4.872244,3.8622437,6.8222437,10.762243,12.612244
-1.7077564,-0.58775634,-1.0277563,-3.5077562,-2.1477563,-0.117756344,-1.4477563,-1.3977563,0.79224366,-4.5377564,-5.1177564,-4.0777564,-1.8577564,-1.5877564,-0.63775635,-3.8577564,-1.8877563,-0.69775635,1.1522436,-3.4377563,-1.9777564,-1.1577563,0.20224366,2.2922437,-4.067756,-4.4177566,-4.107756,-2.9377563,-1.0477563,-0.027756348,1.6622436,-3.3877563,1.9522437,0.0022436522,2.1722436,1.1822437,1.3822436,1.6122437,0.61224365,-2.6077564,-1.9477563,-0.9877564,-5.027756,-2.3377564,-2.4477563,-1.3777564,-0.27775633,0.8422437,0.97224367,2.1522436,3.9922438,6.2822437,3.0922437,4.1022434,8.102243,10.392243,12.082244
-1.3377564,-0.56775635,-0.64775634,-1.5277563,-1.7877563,0.32224366,0.82224363,1.3522437,-0.50775635,0.88224363,-0.99775636,-0.71775633,2.5522437,1.2922436,0.74224365,-0.077756345,-0.52775633,-0.24775635,1.0122436,1.0022436,0.75224364,1.7522436,-1.0277563,-0.13775635,-2.4177563,-3.2277563,-2.6177564,-0.12775634,-0.82775635,-1.0177563,-0.117756344,-1.3577564,1.0722437,0.44224367,0.86224365,-1.0577563,1.2422436,0.09224365,1.7722436,-1.3677564,-1.8377564,-4.067756,-7.1977563,-5.257756,-3.5977564,-3.1177564,-1.9577564,-1.1677563,-0.34775636,0.39224365,-0.38775635,-2.2877564,0.9022437,3.9422436,7.0522437,9.442244,11.902244
0.07224365,0.66224366,-0.12775634,0.72224367,-0.49775636,0.08224365,0.06224365,1.6722436,0.39224365,2.4622436,-0.94775635,1.2022437,2.8522437,1.8022437,0.87224364,0.79224366,-0.027756348,0.31224364,1.4122436,1.3222437,1.5422436,1.8222437,0.17224365,-0.017756348,0.22224365,-0.6577563,-0.69775635,-0.13775635,1.1522436,-0.34775636,-0.12775634,0.74224365,-0.047756348,-0.24775635,-0.26775634,1.1022437,-0.13775635,1.4222436,1.6622436,-1.6277564,-0.77775633,-2.8577564,-5.6677566,-6.1877565,-1.8277564,-1.4977564,0.9522436,1.3822436,0.62224364,-2.4477563,-4.127756,0.40224364,1.8722436,5.2922435,7.722244,9.582244,11.072244
0.15224366,0.11224365,0.6422436,0.7722437,0.38224366,-0.117756344,-0.36775634,0.13224365,0.72224367,1.8622437,2.3822436,2.2922437,3.2722437,0.94224364,1.7322437,1.1222436,0.69224364,0.82224363,0.12224365,1.2922436,2.0422437,2.1522436,0.5122436,-0.047756348,-0.21775635,-0.28775635,1.2022437,0.9022437,-1.6477563,-2.2677565,-2.1877563,1.0222436,0.9622437,-2.3477564,-0.58775634,-0.29775634,1.3222437,1.4022436,-1.5977564,-3.9377563,-2.1877563,-1.5577563,0.45224366,2.2722437,-1.7377564,-2.9477563,-0.20775634,3.6022437,1.8922436,2.7422438,-0.63775635,1.6522436,3.7722437,6.4822435,8.112244,9.382244,10.412244
0.14224365,-0.30775633,0.27224365,0.87224364,0.86224365,0.7722437,-0.027756348,-0.89775634,0.42224365,1.5622437,1.1222436,0.74224365,-0.037756346,0.06224365,-0.5377563,-1.4677564,-1.3577564,1.1722436,1.0622437,1.1922437,1.0222436,0.5922437,2.5022438,-1.7377564,1.0722437,0.5122436,-2.9677563,0.30224365,-0.21775635,-1.6577563,-2.2977564,0.19224365,1.0722437,-1.3977563,-1.0077564,0.22224365,0.5922437,0.86224365,-1.9577564,-3.6577563,-1.9877564,-1.8177563,0.68224365,2.8922436,3.8022437,-0.08775635,2.0422437,2.4922438,2.7322435,2.9922438,1.9122436,2.7522438,5.2722435,7.2922435,8.422244,9.122244,9.482244
-0.10775635,0.5822437,1.1922437,0.23224366,0.24224365,0.34224364,1.2922436,-0.23775634,-0.10775635,0.73224366,0.8322437,-1.4877564,-0.43775636,-1.0077564,-1.1177564,0.042243652,0.61224365,0.94224364,1.8222437,0.7022436,0.44224367,1.1722436,1.2822436,-1.6977563,0.7722437,1.7622436,-0.25775635,-0.55775636,0.5222437,-1.5777564,-1.2577564,-1.1377563,-0.47775635,-0.35775635,-0.5977563,-0.62775636,0.5922437,1.3522437,0.022243652,-1.2277564,-1.6177564,-0.19775635,0.11224365,4.0122437,2.5922437,2.2022436,2.8722436,3.3822436,2.0922437,-1.5477563,1.3522437,3.8022437,6.2722435,7.8322434,8.222243,8.462244,8.802243
0.8922436,2.0322437,3.5822437,4.2622437,4.3022437,2.8622437,1.2222437,-0.117756344,0.91224366,1.4622437,-3.4977562,-0.47775635,-0.26775634,0.62224364,-1.8577564,-1.3777564,0.9622437,1.1222436,1.1522436,0.44224367,1.0422436,1.6422436,0.8322437,-0.86775637,0.63224363,-0.58775634,0.16224365,-0.77775633,-0.34775636,-0.7977564,-0.57775635,-1.2977563,-0.95775634,-2.2177563,-2.4477563,-1.1877563,0.8422437,0.35224366,-0.29775634,0.032243654,0.24224365,-0.8477563,0.7022436,2.2822437,1.8722436,1.6222436,1.7722436,3.4822435,2.3622437,2.5822437,2.5622437,4.8222437,6.8422437,7.412244,7.8522434,8.192244,8.302243
3.8922436,4.8222437,5.0222435,4.182244,3.9522436,4.3222437,1.9522437,2.0422437,-0.14775635,1.0222436,-1.7277564,-0.58775634,-1.2477564,-1.1977563,-2.9777563,-0.6577563,0.62224364,2.2022436,1.6122437,2.4422436,1.8622437,2.0522437,0.26224366,0.28224364,0.012243653,0.07224365,-0.9777563,-0.12775634,-0.76775634,0.12224365,-0.51775634,2.3222437,1.3022437,-2.8177564,-5.007756,-5.1377563,-3.0677564,0.012243653,-1.4977564,-1.9777564,-1.1777563,-0.14775635,0.48224366,2.5122437,2.7522438,2.0222437,1.4422437,1.0022436,0.91224366,2.3922436,4.1722436,5.972244,6.5722437,6.9222436,7.6022434,8.102243,7.892244
3.4722435,3.9222436,4.682244,4.4822435,4.0622435,3.4122436,4.222244,2.8622437,2.3022437,2.1622436,-0.50775635,-1.1477563,-0.13775635,-0.7277563,-1.5877564,-0.94775635,0.80224365,1.3522437,1.5122436,1.0022436,0.81224364,1.4422437,0.31224364,1.4222436,0.08224365,0.17224365,-0.48775634,-4.0177565,-0.87775636,-0.24775635,1.3822436,1.4022436,-1.6077564,-1.0477563,-3.8377564,-6.4477563,0.42224365,-5.9177566,-4.9777565,-2.3977563,-0.63775635,-0.9877564,1.0622437,0.80224365,0.72224367,1.9222436,3.7022436,0.40224364,3.0022438,3.7422438,5.452244,5.992244,6.412244,6.892244,7.622244,7.622244,7.5522437
2.6622436,2.8822436,3.9122436,3.6122437,3.9022436,3.1622436,4.5122437,3.1322436,3.3622437,2.4822435,1.9322437,0.38224366,-0.20775634,-0.077756345,-1.0377563,-0.16775635,1.0522437,0.87224364,1.0822437,0.24224365,1.1922437,0.36224365,0.68224365,1.0522437,0.74224365,0.33224365,0.30224365,-2.0577564,-0.52775633,0.30224365,1.0522437,-1.0477563,0.44224367,-1.3777564,-0.15775634,-4.2177563,-5.087756,-7.9577565,-6.4377565,-4.5977564,-0.8577564,-0.89775634,-0.45775634,-2.2377563,0.19224365,2.4222436,0.9022437,3.2822437,3.6922436,4.892244,5.3222437,5.8122435,6.1022434,6.4022436,6.6722436,6.972244,6.8822436
1.8922436,1.2822436,2.7122436,2.2522438,3.3422437,3.0222437,4.972244,3.2622437,2.3622437,3.5622437,2.4622436,1.0722437,0.91224366,0.5222437,0.22224365,0.30224365,0.19224365,1.4322437,1.0922437,0.98224366,1.2122437,0.43224365,0.61224365,0.7722437,0.91224366,0.8422437,-1.5677563,-0.6577563,0.12224365,-0.32775635,0.43224365,-0.29775634,0.47224367,1.3122437,2.2622437,-3.9477563,-3.8577564,-7.8677564,-7.5577564,-4.3077564,-0.46775636,-1.6777563,-3.1877563,-2.8077564,-1.1177564,0.78224367,2.6622436,3.1822436,3.7922437,4.3522434,4.8322434,5.3222437,5.4022436,5.5022435,5.722244,5.7322435,5.7322435
2.0122437,1.5022436,1.8822436,2.2122436,2.0322437,2.3322437,4.8322434,1.4222436,2.7922437,3.1222436,2.6522436,1.7322437,0.99224365,1.3322437,-0.007756348,1.0722437,1.2522436,1.0322436,2.4422436,0.9622437,0.85224366,0.9522436,0.47224367,0.82224363,-0.13775635,0.81224364,-0.64775634,-0.6077564,0.20224366,0.22224365,0.8422437,-0.20775634,-0.15775634,0.40224364,1.0422436,0.53224367,-0.30775633,-7.3677564,-8.087756,-4.4877563,-1.0177563,-3.2377563,-4.547756,-1.9177563,0.11224365,1.2822436,1.8222437,2.7822437,3.2222435,3.8022437,4.2522435,4.452244,4.5222435,4.5722437,4.5622435,4.6722436,4.8622437
1.9922436,2.1722436,1.8822436,1.9922436,2.0622437,2.4922438,3.4822435,3.9922438,4.4222436,4.0922437,2.4122436,1.5422436,1.4922436,1.5622437,0.20224366,-0.12775634,1.2222437,1.2822436,1.1222436,1.3922436,0.50224364,0.78224367,0.74224365,-0.42775634,0.61224365,1.1822437,-0.027756348,-0.15775634,0.22224365,0.6522437,-0.037756346,-1.4077563,1.4922436,4.0822434,4.0222435,-1.0577563,-2.8277564,-0.7277563,-2.9777563,-2.9177563,-2.5577564,-4.317756,-2.6277564,-0.80775636,-0.81775635,0.40224364,1.1122437,2.1522436,2.4922438,2.8622437,3.1822436,3.2422438,3.2022436,3.2422438,3.4022436,3.7522438,4.3222437
1.8422437,1.7122437,1.7322437,2.1322436,2.2422438,3.0322437,3.1722436,3.6822436,4.0922437,2.4622436,3.0922437,1.1922437,1.6222436,1.2322437,0.13224365,1.0522437,0.44224367,1.0322436,0.55224365,0.8422437,0.66224366,1.0422436,0.78224367,-0.42775634,0.93224365,0.38224366,-1.2677563,1.3722436,-0.16775635,0.042243652,-1.1877563,-2.0677564,-0.16775635,3.8722436,3.1622436,-0.6577563,-3.4577563,-2.2577562,-4.0777564,-2.3777564,-3.6777563,-2.3377564,-0.5377563,-1.9177563,-1.4577564,-0.51775634,-0.17775635,0.31224364,0.44224367,0.93224365,1.4122436,1.7122437,1.9022436,2.2022436,2.8522437,3.6222436,4.5722437
1.5822437,1.7322437,1.6822437,2.3322437,2.3622437,2.5022438,2.9822435,2.7922437,2.9222436,3.8422437,1.0422436,1.4922436,1.1822437,0.87224364,1.6122437,1.3122437,1.8322437,1.0422436,0.86224365,0.47224367,0.93224365,0.73224366,0.5122436,0.86224365,0.7622436,-0.50775635,-1.1877563,0.5922437,-0.48775634,-0.87775636,-0.25775635,-0.86775637,1.3222437,2.1522436,1.9322437,-3.2077563,-1.7077564,-6.6577563,-5.3977566,-3.9977562,-3.9077563,-1.2377564,-2.1977563,-2.0977564,-1.8677564,-1.8577564,-1.2877563,-0.69775635,-0.40775636,-0.15775634,0.052243654,0.50224364,1.2622436,2.0922437,2.3822436,2.0422437,0.08224365
1.3222437,1.6622436,2.0222437,2.1522436,1.9722437,2.1622436,2.4422436,2.3822436,2.1022437,2.8722436,2.0522437,2.0222437,1.7322437,1.1522436,1.7522436,2.3022437,0.85224366,1.9222436,0.32224366,0.68224365,0.25224364,0.31224364,0.22224365,0.66224366,1.0322436,-1.8277564,-1.3777564,-0.27775633,0.8422437,-1.6077564,1.1022437,0.93224365,0.67224365,-1.2677563,-2.9877563,-5.0577564,-2.8377564,-1.9877564,-5.107756,-5.7877564,-2.4577563,-2.7777565,-3.1777563,-2.5077562,-2.7477562,-2.6977563,-2.0077562,-1.4877564,-1.3077563,-1.4777564,-0.88775635,-0.117756344,0.49224365,0.7122437,-0.077756345,-1.3577564,-1.3677564
1.2522436,1.6622436,1.6722436,1.9622437,1.8822436,1.9722437,2.2222435,1.9122436,1.5022436,2.0022438,1.9922436,2.2822437,2.4422436,1.8322437,1.8622437,2.7622437,0.41224366,1.3922436,1.1622436,0.35224366,0.68224365,0.032243654,0.9622437,0.7122437,-1.7877563,-1.6377563,-1.4777564,0.85224366,0.57224363,-2.5477564,1.1122437,0.7122437,-0.67775637,-2.0177565,-4.087756,-3.1377563,-3.9577563,-6.1377563,-6.0177565,-3.4977562,-3.0477564,-3.9677563,-3.7677565,-3.4277563,-3.1477563,-2.8977563,-2.5277565,-2.5277565,-2.5777564,-1.8277564,-1.6977563,-1.0977564,-0.86775637,-2.0977564,-2.6677563,-3.1377563,-3.4777563
1.1322436,1.4822437,1.6222436,1.9222436,2.2522438,2.2822437,1.9522437,1.3822436,0.8322437,1.3322437,1.9322437,2.4322436,2.4922438,2.2922437,2.5822437,1.9122436,1.2122437,1.4222436,0.7022436,0.23224366,0.45224366,0.21224365,-0.45775634,-0.10775635,-1.9677564,-2.7777565,-1.0677563,0.7022436,0.9022437,-0.7877563,2.5922437,-0.22775635,-1.7177564,-1.4677564,-3.1977563,-4.3277564,-4.527756,-5.607756,-3.8177564,-2.4277563,-4.107756,-4.857756,-4.8677564,-4.1577563,-3.7877564,-4.257756,-4.0777564,-4.127756,-3.3577564,-2.6177564,-3.0977564,-3.2277563,-3.7577562,-4.5977564,-4.8077564,-4.857756,-4.607756
0.68224365,1.0022436,1.3422437,1.7222437,2.1222436,2.1022437,1.6222436,1.0922437,0.60224366,0.92224365,1.3022437,1.8722436,1.6222436,3.1022437,2.2922437,2.1722436,1.3122437,0.0022436522,0.19224365,0.37224364,-1.4377563,-0.92775637,0.73224366,0.23224366,-1.5277563,-2.1077564,-0.82775635,0.06224365,0.80224365,0.33224365,2.5222437,-1.4777564,-1.9877564,-2.7577562,-4.0377564,-4.797756,-4.6977563,-4.1877565,-4.047756,-4.9477563,-4.9377565,-5.4277563,-5.857756,-5.507756,-5.0977564,-5.2377563,-5.4777565,-5.4277563,-3.8377564,-3.8277564,-5.1777563,-5.7277565,-5.357756,-5.3277564,-5.7277565,-5.027756,-4.6477566
-0.10775635,0.38224366,0.82224363,0.7722437,1.2522436,1.3622437,1.1222436,0.74224365,0.48224366,0.37224364,1.1422436,1.7722436,2.1822436,2.9122436,2.3622437,1.9422437,1.6022437,-1.0277563,-0.61775637,-0.56775635,-1.3877563,-1.3977563,-0.64775634,1.0222436,0.6522437,-2.6677563,-1.0777564,-1.1277564,0.66224366,-1.3277564,2.6622436,0.78224367,-2.0877564,-2.5177565,-3.5677564,-5.0977564,-4.7677565,-1.7977563,-2.3677564,-3.8477564,-5.3877563,-5.8477564,-6.1777563,-6.0377564,-5.7277565,-6.0577564,-6.5777564,-6.1177564,-5.3477564,-5.627756,-6.4977565,-6.7377563,-5.9277563,-5.9277563,-5.9177566,-5.527756,-5.9077563
-0.71775633,-0.41775635,-0.117756344,0.16224365,0.33224365,0.34224364,0.15224366,-0.09775635,-0.13775635,0.102243654,0.87224364,2.0222437,2.8922436,4.142244,1.8722436,1.2022437,0.31224364,-1.7977563,-0.64775634,-1.2577564,-0.31775635,-0.94775635,0.5822437,0.31224364,-2.1477563,2.8922436,-2.1077564,-1.0377563,2.0822437,0.8422437,-2.0877564,0.98224366,-0.86775637,-1.6277564,-1.9577564,-2.4277563,-4.1177564,-1.4777564,-2.7477562,-3.8877563,-5.2877564,-6.047756,-6.4677563,-7.067756,-6.4777565,-7.0377564,-7.6177564,-7.2677565,-6.1177564,-6.587756,-7.087756,-7.0377564,-6.107756,-6.2077565,-6.0377564,-6.257756,-6.607756
-1.7877563,-1.4877564,-1.4077563,-1.2777563,-1.2677563,-0.87775636,-1.0477563,-1.1077564,-0.61775637,-0.50775635,0.87224364,2.4422436,3.4722435,5.8122435,2.6322436,2.3522437,0.032243654,-1.9577564,-1.8677564,0.91224366,-2.1377563,-1.1877563,-0.38775635,-0.7277563,0.5822437,-1.9677564,-2.1477563,-0.12775634,-2.1477563,1.9822437,-0.5377563,-0.46775636,-1.9777564,-2.6477563,-1.4077563,-5.0977564,-1.0677563,-2.5477564,-2.6577563,-4.2077565,-5.1677566,-4.9377565,-6.257756,-7.1777563,-7.6577563,-7.357756,-7.6777563,-8.267756,-7.8277564,-7.3277564,-7.0377564,-7.0377564,-6.527756,-6.297756,-6.3977566,-6.9377565,-7.6477566
