raw-data-f/2018100912f3.json
{"header": { "discipline":0, "disciplineName":"Meteorological products", "gribEdition":2, "gribLength":75438, "center":7, "centerName":"US National Weather Service - NCEP(WMC)", "subcenter":0, "refTime":"2018-10-09T12:00:00.000Z", "significanceOfRT":1, "significanceOfRTName":"Start of forecast", "productStatus":0, "productStatusName":"Operational products", "productType":1, "productTypeName":"Forecast products", "productDefinitionTemplate":0, "productDefinitionTemplateName":"Analysis/forecast at horizontal level/layer at a point in time", "parameterCategory":2, "parameterCategoryName":"Momentum", "parameterNumber":2, "parameterNumberName":"U-component_of_wind", "parameterUnit":"m.s-1", "genProcessType":2, "genProcessTypeName":"Forecast", "forecastTime":3, "surface1Type":103, "surface1TypeName":"Specified height level above ground", "surface1Value":10.0, "surface2Type":255, "surface2TypeName":"Missing", "surface2Value":0.0, "gridDefinitionTemplate":0, "gridDefinitionTemplateName":"Latitude_Longitude", "numberPoints":65160, "shape":6, "shapeName":"Earth spherical with radius of 6,371,229.0 m", "gridUnits":"degrees", "resolution":48, "winds":"true", "scanMode":0, "nx":360, "ny":181, "basicAngle":0, "lo1":0.0, "la1":90.0, "lo2":359.0, "la2":-90.0, "dx":1.0, "dy":1.0 }, "data":
[rows 50 to 74 of 181, columns 57 to 113 of 360]
-5.742244,-4.7822437,-3.6422436,-2.9622436,-1.4922436,-2.1022437,-2.5022438,-2.3822436,-0.8922436,0.30775633,-1.1222436,-2.5422437,-1.1822437,1.7277564,-0.09224365,-0.33224365,0.47775635,-2.8522437,-3.0822437,-1.5222436,0.40775636,-1.8522437,-1.2122437,-2.6922436,-3.0922437,-3.6222436,-3.3222437,-3.1922436,-2.3922436,-1.8722436,-2.8222437,-2.4422436,-2.8922436,-2.6322436,-2.3122437,-2.5922437,-2.7822437,-2.7822437,-1.7922436,-2.4022436,-3.7622437,-3.8122437,-4.4622436,-4.452244,-3.7122436,-2.3322437,-1.5122436,-2.8322437,-1.0122436,-0.61224365,-2.0622437,-0.7122437,1.3577564,2.0477564,3.3777564,2.5477564,1.0477563
-7.4822435,-6.1322436,-4.2822437,-3.3122437,-2.5322437,-4.4422436,-2.7522438,-1.1322436,0.32775635,0.80775636,0.007756348,-1.5122436,-1.7322437,-1.6522436,-1.6822437,1.6577563,1.4477563,-3.2322435,-4.392244,-3.0622437,-5.1122437,-5.5122437,-5.0722437,-4.0622435,-3.9022436,-4.0122437,-3.9722435,-3.6922436,-3.7122436,-3.4422436,-3.0522437,-3.2422438,-1.6222436,-0.40224364,-0.7122437,-0.56224364,-1.5822437,-0.37224364,0.18775634,0.5377563,-0.7122437,-1.3622437,-0.36224365,-0.94224364,-2.8122437,-3.6622436,-2.6522436,-1.2022437,0.017756348,1.0877564,-0.47224367,0.13775635,0.45775634,1.2777563,-0.34224364,2.1477563,-0.30224365
-0.41224366,-2.6022437,-4.9622436,-3.9322436,-2.7422438,-1.6722436,-2.0122437,-0.48224366,0.5977563,1.6777563,-0.82224363,0.40775636,1.1777563,-1.0022436,-2.0922437,1.3777564,1.5977564,-2.5822437,-4.1122437,-1.6322436,0.21775635,-4.6022434,-5.242244,-5.0822434,-4.9222436,-4.4822435,-4.1322436,-4.142244,-4.5522437,-3.4922438,0.117756344,0.77775633,-1.6422436,-1.0522437,-0.28224364,-0.7022436,-2.6422436,-2.7222435,-0.67224365,0.47775635,2.3977563,0.10775635,-1.2022437,-0.33224365,1.2777563,-0.29224366,-4.0622435,-2.8622437,-1.4622437,2.2377563,2.0177565,3.1077564,3.5377564,-0.11224365,-1.1822437,2.0677564,-0.12224365
0.05775635,-0.7622436,-1.9022436,-2.4322436,-3.0522437,-2.3822436,-2.2922437,-1.2522436,1.2177564,1.1377563,-0.34224364,1.8377564,0.77775633,1.5777564,-2.2822437,0.34775636,1.0177563,0.34775636,-0.46224365,-2.4122436,-0.09224365,-1.4222436,-2.1322436,-3.2722437,-4.0722437,-5.702244,-3.5422437,-2.5422437,0.63775635,0.57775635,0.35775635,-0.5122436,-2.5822437,-0.54224366,-3.7822437,-0.8322437,1.2777563,2.6277564,-1.5422436,-2.8322437,-2.1622436,-2.2022436,-1.4322437,-3.1122437,-1.9122436,-1.8322437,0.67775637,-0.46224365,-1.3122437,0.93775636,0.34775636,0.96775633,2.1177564,2.9677563,0.47775635,0.75775635,-0.28224364
0.89775634,1.0077564,-6.122244,-4.3422437,-1.6222436,-2.0122437,-0.42224365,-3.0822437,-1.1222436,-0.30224365,0.19775635,-2.2822437,0.96775633,0.37775636,-1.9022436,0.14775635,1.0477563,1.5177563,-0.40224364,0.25775635,0.76775634,-0.63224363,-1.4622437,-1.1322436,-0.82224363,0.14775635,0.16775635,-0.5822437,-1.6422436,-0.81224364,-0.15224366,-1.6022437,-1.2622436,-1.3622437,-0.54224366,-0.38224366,-0.48224366,-1.7422436,-0.99224365,-0.23224366,-0.5822437,-1.4622437,0.117756344,-0.63224363,-1.7022437,-1.1122437,-0.46224365,-1.5922437,-1.1522436,-0.37224364,0.43775636,-0.32224366,1.6077564,2.1877563,1.6277564,2.2777565,0.21775635
1.7277564,-0.08224365,1.2477564,-3.7322435,-4.8322434,-2.9422436,0.19775635,1.8377564,1.9977564,2.2277563,2.4777563,0.15775634,-1.3122437,-0.5922437,-0.47224367,-1.2922436,-1.8522437,-0.82224363,-0.43224365,0.69775635,0.48775634,2.3177564,2.1677563,1.6377563,1.3777564,0.67775637,2.4677563,3.3877563,2.8277564,1.5777564,-0.06224365,0.48775634,0.48775634,2.2777565,2.2477562,2.4577563,2.0577564,3.6077564,2.2277563,1.5977564,-0.11224365,-1.1422436,-0.68224365,0.8577564,-1.4722437,-1.0622437,-0.79224366,0.14775635,-1.1722436,-2.3322437,0.61775637,-0.17224365,0.06775635,1.2177564,0.38775635,1.4477563,-1.9622437
-0.8322437,1.3077563,-2.0922437,-6.1022434,-3.9322436,0.44775635,-0.18224365,0.70775634,-0.11224365,1.3577564,1.4277563,0.34775636,-2.1222436,-1.8022437,0.75775635,0.75775635,-1.8522437,-2.0522437,-2.1422436,-1.6922437,1.1377563,1.9577564,2.3577564,2.6377563,5.4977565,3.2277563,3.7077563,-0.24224365,0.18775634,0.10775635,-0.102243654,-1.5022436,0.09775635,2.0277565,1.2377564,4.6877565,3.6177564,-0.40224364,0.25775635,-0.31224364,-0.87224364,0.25775635,-0.052243654,-0.9522436,0.77775633,1.1877563,0.20775634,0.92775637,1.1677563,-0.45224366,-1.3622437,1.3977563,-0.07224365,1.1177564,-0.102243654,1.7677563,0.9777563
-0.60224366,1.1477563,-0.93224365,-1.7622436,1.0377563,1.9377563,2.0477564,1.0477563,1.1677563,0.46775636,1.8777564,2.0777564,1.0977564,-0.17224365,1.9577564,-1.2522436,3.0577564,0.44775635,-2.7422438,-1.9822437,-0.35224366,-0.12224365,1.0777564,3.9277563,3.9577563,5.3477564,4.587756,3.4577563,-0.6522437,0.56775635,3.0877564,-0.08224365,0.43775636,3.2977564,4.5777564,0.94775635,0.76775634,0.52775633,-0.7122437,0.63775635,-0.81224364,1.0577563,-0.5822437,-0.36224365,-1.0522437,1.3877563,0.57775635,1.6477563,1.7077564,-0.37224364,0.05775635,-0.29224366,-0.6422436,-0.54224366,1.1977563,0.74775636,-0.7722437
0.5977563,1.0577563,4.007756,-3.3122437,2.7877564,2.8877563,3.8177564,1.9377563,1.0077564,2.0777564,2.6277564,4.1577563,0.80775636,-2.1222436,-2.7422438,-0.36224365,1.3777564,1.0577563,1.2777563,-2.8222437,-1.5222436,1.6777563,3.4677563,3.2277563,1.9477563,3.8377564,5.7677565,4.3077564,4.107756,0.44775635,-1.6722436,-0.37224364,-3.8722436,2.2777565,-0.9622437,0.12775634,-0.27224365,-1.2022437,-0.66224366,0.047756348,0.12775634,-0.54224366,2.0077562,-0.69224364,-0.25224364,0.30775633,1.2277564,1.8877563,1.6177564,-1.1722436,-0.052243654,-0.7122437,-0.88224363,0.29775634,0.14775635,1.2077564,-0.45224366
-1.3922436,0.44775635,2.6377563,-5.622244,-0.98224366,2.0777564,2.8877563,1.9877564,3.2877564,2.4477563,1.6677563,2.1577563,0.5977563,-2.2122436,-0.7622436,-0.19224365,0.6077564,-0.94224364,-1.7522436,-0.5822437,-1.9422437,-1.4222436,-1.8822436,1.7677563,2.3677564,2.8777564,3.3077564,3.5377564,3.8877563,4.297756,1.1577563,0.25775635,0.29775634,-1.9722437,-1.3122437,-1.0822437,-0.98224366,2.3677564,1.3277564,0.92775637,0.05775635,1.1277564,-1.5322436,-0.18224365,-0.5222437,-0.8922436,1.8277564,1.9577564,0.9077563,0.23775634,-0.26224366,0.80775636,-0.34224364,-0.052243654,0.117756344,-0.63224363,-1.4722437
2.4377563,0.87775636,1.5177563,1.6377563,0.10775635,-0.50224364,2.1877563,4.1177564,2.9177563,1.3477564,2.3677564,0.33775634,-0.5222437,-2.0922437,0.15775634,0.5377563,-0.022243652,-0.102243654,-2.5622437,-2.2522438,-2.0722437,-1.6222436,0.037756346,-0.38224366,-1.8722436,-2.1422436,3.0477564,3.1877563,5.587756,5.5977564,3.8977563,-0.87224364,-1.6522436,-0.5822437,-0.7622436,-1.3022437,-1.7522436,-0.9622437,0.19775635,2.1177564,0.077756345,-0.032243654,-0.14224365,-1.5822437,-0.7022436,1.1377563,2.5077562,1.9977564,1.5477563,-0.46224365,0.9077563,-0.12224365,0.57775635,-0.44224367,1.7177564,0.31775635,-1.0322436
-1.8122437,-2.1122437,1.7977563,2.5977564,-3.0522437,0.19775635,0.99775636,-0.7122437,-1.4722437,-0.32224366,0.96775633,3.5777564,-2.0022438,-0.75224364,0.09775635,1.4077563,1.0477563,-0.19224365,-0.19224365,-2.9922438,-2.9622436,-2.0222437,-1.2322437,-0.85224366,0.19775635,-0.81224364,-1.9622437,0.017756348,1.4677564,2.6577563,0.89775634,0.16775635,-1.6722436,0.047756348,-1.3122437,-2.3322437,-2.2022436,0.48775634,-2.3122437,-1.7022437,1.5977564,2.1777563,1.5877564,0.15775634,-0.82224363,-0.012243653,1.3077563,1.3377564,0.25775635,-0.50224364,0.5377563,1.0177563,1.1677563,-0.19224365,1.3477564,2.9577563,1.7877563
-3.6622436,-5.2322435,-1.3422437,0.92775637,-2.2422438,-1.2722436,3.7677565,4.7677565,-0.25224364,1.8177563,-0.94224364,2.6677563,-2.9422436,0.87775636,3.1877563,3.2277563,3.9477563,3.3877563,1.8677564,-1.4322437,-1.9922436,-2.4522436,-2.6022437,-2.1622436,-1.8422437,-1.4522437,-0.80224365,0.40775636,-0.93224365,-1.2422436,0.47775635,2.2777565,1.6977563,-1.2022437,-1.7022437,0.63775635,1.9977564,1.3777564,0.58775634,-1.1722436,-2.2622437,-0.57224363,1.2277564,1.4877564,-1.6422436,-0.27224365,-1.8622437,2.0777564,0.7377564,1.3277564,1.4077563,0.36775634,1.1377563,0.42775634,0.68775636,1.0877564,0.87775636
0.5377563,-3.4822435,-1.9322437,1.0477563,5.7077565,-6.2722435,-1.1122437,1.2277564,0.89775634,0.6577563,-2.0822437,-0.91224366,-1.3622437,-0.43224365,2.4277563,2.3377564,2.9877563,2.4777563,3.9777563,3.7877564,0.37775636,-1.7122437,-1.2722436,-1.2322437,-2.3022437,-2.3222437,-2.6922436,-1.2422436,-2.6522436,-1.5122436,-0.31224364,-0.56224364,-0.45224366,0.08775635,0.09775635,0.09775635,-0.5222437,0.5977563,-0.44224367,0.8477563,-0.68224365,-1.9122436,1.2777563,-0.20224366,-1.3422437,-1.3522437,-3.0922437,-0.8922436,1.2177564,1.8277564,0.9077563,0.13775635,0.38775635,0.037756346,0.5477564,0.9077563,0.56775635
0.56775635,0.28775635,2.0877564,1.9677564,2.0377564,-3.2922437,-4.5822434,-1.1422436,2.1777563,0.96775633,-0.31224364,-1.6122437,0.25775635,1.8877563,2.3577564,2.5977564,2.3377564,2.2877564,3.7877564,3.5277565,1.3777564,2.0077562,-0.54224366,-1.5822437,-1.9722437,-2.1122437,-2.1322436,-1.7722436,-1.5522437,-1.9322437,-3.2722437,-3.3522437,-2.8522437,-2.8622437,-1.3022437,-0.66224366,-1.0322436,-0.99224365,-0.62224364,-0.69224364,-0.53224367,-1.5122436,0.5377563,0.9877564,-1.0722437,-2.2822437,-1.9722437,-1.5122436,-0.72224367,-0.28224364,-0.052243654,0.30775633,0.19775635,-0.44224367,-1.1722436,0.39775634,1.0177563
-1.2222437,-1.8622437,-1.4522437,0.047756348,1.5577563,2.4477563,0.36775634,3.7577562,4.507756,2.8077564,2.1377563,4.5177565,-0.052243654,3.8477564,1.4377563,3.1577563,-0.68224365,3.0577564,2.2677565,2.4677563,0.30775633,1.8677564,1.1577563,-1.1022437,-0.7022436,-2.1322436,-2.1322436,-0.78224367,0.77775633,-0.18224365,-1.6522436,-3.2022436,-2.3922436,-1.3322437,-1.1822437,0.15775634,-0.14224365,-0.5922437,0.92775637,0.58775634,0.7277563,0.027756348,-0.97224367,0.06775635,-1.2122437,-1.2722436,-2.7422438,-2.2522438,-0.09224365,0.077756345,1.2177564,0.83775634,0.14775635,-0.69224364,-1.6422436,-0.08224365,1.2277564
-1.5822437,-5.0222435,-3.9922438,-2.9622436,-1.9522437,0.32775635,2.0677564,3.2877564,3.2277563,2.5477564,3.4477563,4.7877564,6.7077565,5.2277565,1.3977563,1.9277563,-0.88224363,-0.5122436,3.0377564,0.51775634,0.57775635,0.6677563,-0.92224365,-1.4022436,-0.7022436,-2.0822437,-2.5322437,-1.1722436,-1.2522436,-0.9622437,-1.8022437,-2.0122437,-1.7222437,-2.5622437,-1.2922436,-0.18224365,-0.73224366,0.62775636,0.05775635,0.82775635,0.27775633,-0.78224367,0.14775635,-0.8322437,-0.5922437,-1.5122436,-1.2622436,-3.8122437,-1.2422436,1.4677564,0.81775635,-0.8922436,-0.052243654,-0.62224364,-0.24224365,0.17775635,0.96775633
-1.9222436,-0.80224365,-0.57224363,-1.9722437,-2.7822437,-2.0822437,-0.5122436,0.87775636,2.1777563,2.9577563,3.0677564,3.7377563,4.1977563,4.877756,-0.39224365,-1.7522436,1.1177564,0.41775635,0.007756348,0.06775635,0.43775636,0.68775636,-0.78224367,-0.97224367,-1.1522436,-0.79224366,-3.5722437,-1.0222436,-0.7022436,-1.9322437,-1.7022437,-2.6722436,-2.9822435,-2.5822437,-2.3722436,-0.41224366,-0.7622436,0.47775635,-0.27224365,-0.33224365,-1.1722436,-1.0622437,-0.22224365,-0.42224365,-0.93224365,-0.79224366,-0.49224365,-1.7122437,-0.11224365,-0.08224365,-1.4522437,1.0877564,-0.48224366,1.6577563,1.4577564,-0.34224364,1.6677563
1.7377564,-6.7122436,-5.4422436,-2.2922437,-2.4622436,-2.7822437,-2.1522436,-0.81224364,0.32775635,0.5977563,0.86775637,2.2177563,3.9177563,4.3977566,2.4477563,-0.61224365,1.6177564,1.4977564,1.9577564,-0.20224366,-0.17224365,-0.30224365,-0.93224365,0.28775635,0.31775635,-0.6422436,-1.6722436,-2.0622437,-1.7722436,-2.3222437,-1.6922437,-3.4322436,-4.2622437,-1.6322436,-4.702244,-1.7422436,-0.6422436,-0.21224365,0.22775635,0.037756346,-0.37224364,-0.82224363,-0.67224365,-0.68224365,0.037756346,0.007756348,-0.45224366,-1.2922436,-1.4522437,-2.4222436,-1.4822437,0.47775635,-0.21224365,-0.24224365,-1.0622437,0.61775637,0.43775636
-3.1422436,-5.3322434,-5.5322437,-4.952244,-4.7122436,-4.5922437,-4.2722435,-3.5122437,-2.7922437,-1.8522437,-0.82224363,0.077756345,2.6477563,2.5177565,1.8177563,3.0277565,2.4177563,0.48775634,-2.0622437,-1.4722437,0.23775634,0.68775636,0.34775636,-1.2122437,-1.6122437,-0.46224365,-0.80224365,-2.0822437,-2.1922436,-2.4522436,-8.372244,-7.992244,-4.8022437,-5.222244,-5.6922436,-4.9822435,0.12775634,-0.55224365,0.09775635,-0.12224365,-0.19224365,-0.5122436,-0.7022436,0.17775635,-0.62224364,-0.09224365,-1.0922437,-0.68224365,-0.61224365,-3.1822436,-0.06224365,-3.1922436,-2.6622436,-1.9922436,-4.2322435,-4.0622435,-3.7022436
-5.4622436,-5.432244,-5.932244,-5.972244,-6.0622435,-5.7322435,-5.372244,-4.972244,-3.5022438,-1.9922436,-0.74224365,0.17775635,0.39775634,1.3477564,1.8477564,2.7477562,-0.012243653,1.5577563,-2.5522437,-1.6122437,-0.08224365,0.5377563,0.94775635,-1.1022437,-1.5722437,-0.24224365,-1.3022437,-2.0922437,-2.5622437,-3.7922437,-9.262243,-8.482244,-8.872244,-8.762243,-7.2622437,-6.6522436,-2.5722437,-0.8922436,0.077756345,0.27775633,0.16775635,-0.88224363,-0.24224365,-0.0022436522,-0.46224365,0.22775635,-1.0122436,-0.98224366,-0.37224364,-0.97224367,-3.7622437,-4.2922435,-7.1322436,-4.3622437,-4.5222435,-5.5422435,-5.6922436
-5.3322434,-5.3222437,-7.202244,-8.102243,-7.892244,-7.2822437,-6.742244,-5.702244,-4.8622437,-3.9722435,-2.5422437,-0.9522436,-0.07224365,0.16775635,1.3577564,3.6077564,1.1277564,2.1477563,-3.5022438,-3.0122437,-1.2822436,-0.36224365,1.3477564,0.15775634,-1.2822436,-1.8622437,-0.31224364,-0.9522436,-8.2722435,-10.162244,-10.952244,-10.762243,-9.552243,-10.232244,-7.9022436,-6.4822435,-4.8222437,-0.26224366,1.2077564,0.40775636,-0.26224366,-1.0422436,0.17775635,0.047756348,-1.1922437,-0.61224365,-0.8422437,-0.9522436,-0.14224365,-2.5622437,-1.3822436,-0.7722437,-0.25224364,-0.23224366,-5.972244,-6.4222436,-5.952244
-5.202244,-7.1022434,-9.742244,-10.122244,-9.352243,-8.852243,-7.7622437,-6.6122437,-5.8422437,-5.3422437,-4.2922435,-2.5622437,-1.3222437,-0.7722437,0.75775635,2.7877564,0.99775636,2.5877564,-3.0622437,-3.6522436,-2.0322437,-0.5222437,2.1277564,2.1577563,-0.5922437,-1.8922436,1.0077564,-6.7322435,-9.542244,-9.212244,-11.542244,-10.662244,-8.582244,-7.162244,-6.5222435,-5.912244,-5.4622436,-4.3522434,0.117756344,-0.33224365,-0.69224364,-1.0622437,0.22775635,-0.43224365,-0.7122437,0.06775635,0.117756344,-0.78224367,-0.8322437,0.5977563,-3.2822437,-2.0622437,-5.682244,-5.5422435,-6.5622435,-6.432244,-5.8022437
-5.7622437,-8.862244,-10.652244,-12.192244,-11.392243,-9.812243,-7.492244,-6.0222435,-5.2322435,-4.2922435,-3.9622436,-3.4422436,-2.5222437,-1.5622437,-0.042243652,2.7177563,2.0677564,3.5777564,-3.5822437,-6.492244,-2.6122437,-0.35224366,1.3477564,2.0477564,1.3977563,-0.39224365,-4.3122435,-4.932244,-8.582244,-11.862244,-13.622244,-10.732244,-8.092243,-6.892244,-4.742244,-5.3322434,-5.2522435,-4.222244,-1.5022436,0.15775634,1.8377564,-0.80224365,0.05775635,-0.15224366,-0.8922436,0.9877564,-0.21224365,-1.3222437,-1.9422437,-1.1822437,-1.1322436,-4.992244,-2.8522437,-5.6922436,-6.3422437,-6.0022435,-5.9822435
-5.392244,-7.6922436,-12.592243,-17.102243,-15.122244,-12.162244,-8.472243,-6.3822436,-4.9022436,-3.9722435,-3.5622437,-2.5422437,-1.5622437,-1.0822437,-0.32224366,1.6377563,3.2277563,0.92775637,1.2477564,-5.0322437,-2.7522438,-2.0022438,0.22775635,1.0677563,2.3977563,0.027756348,-1.3222437,-2.6322436,-2.7122436,-12.722243,-12.152244,-9.752244,-6.162244,-4.5022435,-4.2922435,-3.6422436,-4.6522436,-4.1122437,-1.2022437,-1.2922436,0.35775635,-0.49224365,-0.75224364,0.037756346,-1.1922437,-1.1022437,-1.5922437,-1.6022437,-2.6022437,-1.1322436,-1.4822437,0.43775636,-1.6622436,-4.3222437,-5.5922437,-5.722244,-5.5422435
