raw-data-f/2018100918f3.json
{"header": { "discipline":0, "disciplineName":"Meteorological products", "gribEdition":2, "gribLength":75344, "center":7, "centerName":"US National Weather Service - NCEP(WMC)", "subcenter":0, "refTime":"2018-10-09T18:00:00.000Z", "significanceOfRT":1, "significanceOfRTName":"Start of forecast", "productStatus":0, "productStatusName":"Operational products", "productType":1, "productTypeName":"Forecast products", "productDefinitionTemplate":0, "productDefinitionTemplateName":"Analysis/forecast at horizontal level/layer at a point in time", "parameterCategory":2, "parameterCategoryName":"Momentum", "parameterNumber":3, "parameterNumberName":"V-component_of_wind", "parameterUnit":"m.s-1", "genProcessType":2, "genProcessTypeName":"Forecast", "forecastTime":3, "surface1Type":103, "surface1TypeName":"Specified height level above ground", "surface1Value":10.0, "surface2Type":255, "surface2TypeName":"Missing", "surface2Value":0.0, "gridDefinitionTemplate":0, "gridDefinitionTemplateName":"Latitude_Longitude", "numberPoints":65160, "shape":6, "shapeName":"Earth spherical with radius of 6,371,229.0 m", "gridUnits":"degrees", "resolution":48, "winds":"true", "scanMode":0, "nx":360, "ny":181, "basicAngle":0, "lo1":0.0, "la1":90.0, "lo2":359.0, "la2":-90.0, "dx":1.0, "dy":1.0 }, "data":
[rows 104 to 129 of 181, columns 59 to 117 of 360]
4.8704467,3.8604467,4.250447,5.030447,6.280447,6.6004467,6.840447,6.9704466,7.4704466,7.670447,7.5404468,7.4504466,7.5604467,6.9704466,6.6804466,6.5804467,5.750447,5.000447,5.000447,3.5604467,3.2404468,2.9804468,0.9604468,-2.3695533,-3.9995532,-3.5295532,-1.7695532,-0.5495532,0.43044677,1.0904468,1.7104468,2.2004468,2.4804468,2.3704467,2.5404468,2.3904467,2.4504468,0.37044677,-1.2095532,-1.2595532,-0.4895532,0.8104468,2.0704467,2.8404467,3.160447,3.5704467,4.0404468,4.380447,4.730447,5.030447,5.320447,5.690447,5.730447,5.800447,5.8904467,5.480447,5.020447,4.520447,3.5104468
3.5304468,3.8404467,4.750447,5.070447,5.5404468,6.0404468,6.190447,6.2604465,6.400447,6.480447,6.650447,6.7604465,6.5804467,7.170447,7.2904468,6.4904466,5.780447,6.030447,5.630447,4.770447,4.170447,3.7504468,3.2004468,1.9304467,0.28044677,-2.1495533,-1.5095532,-0.25955322,0.43044677,1.1404468,1.9104468,2.4604468,2.8504467,2.7904468,2.1004467,1.6804467,1.0004468,-0.3695532,-2.1995533,-2.1395533,-1.0295532,-0.049553223,1.3704468,2.3204467,2.7504468,3.650447,4.150447,4.6004467,5.150447,5.4704466,5.7604465,6.130447,6.5604467,6.780447,6.980447,6.9904466,6.7004466,6.270447,5.6004467
3.9304469,4.6004467,4.520447,4.860447,5.320447,5.520447,5.590447,5.610447,5.8904467,6.360447,6.480447,6.8504467,7.070447,7.050447,6.8904467,6.900447,6.4504466,5.940447,5.4304466,4.110447,3.2804468,2.9704468,2.7104468,2.160447,1.1204468,0.020446777,0.23044677,-0.12955323,0.45044678,1.2704468,1.7204468,2.7304468,3.3804467,3.4304469,2.3004467,0.97044677,-0.5495532,-1.7795532,-3.2395532,-3.4795532,-1.5095532,4.4677735E-4,0.47044677,2.0104468,2.9404469,3.8904467,4.570447,5.2004466,5.6604466,5.940447,6.0404468,6.420447,6.980447,7.3704467,7.610447,7.750447,7.530447,6.800447,6.020447
4.400447,4.3304467,4.3704467,4.6804466,5.1204467,5.4504466,5.630447,5.860447,5.750447,5.650447,6.210447,6.7604465,7.070447,7.050447,6.960447,6.880447,6.650447,6.4504466,5.650447,4.1604466,2.2904468,1.5504467,1.6104468,2.1204467,1.6004468,0.9504468,0.31044677,1.2104468,1.5004468,2.150447,3.0704467,3.7104468,4.520447,5.0404468,4.460447,0.8904468,-1.8795532,-2.4795532,-3.7495532,-2.5295532,-2.1395533,-0.8095532,0.22044678,1.6204468,2.9804468,4.030447,4.8104467,5.3904467,5.840447,6.110447,6.360447,6.710447,7.2004466,7.780447,8.150447,8.3004465,8.270447,8.220447,7.7904468
3.660447,4.0604467,4.3704467,4.770447,4.9504466,5.050447,5.360447,5.630447,5.980447,6.3104467,6.380447,6.6204467,6.6004467,6.730447,6.690447,6.4904466,6.2404466,6.020447,5.750447,4.360447,1.0604467,1.2504468,1.1404468,1.0704467,1.5204468,1.9504467,1.6004468,1.6304468,1.8004467,2.7204468,3.3304467,3.8604467,4.550447,5.280447,5.420447,0.37044677,-3.9795532,-4.809553,-3.9795532,-3.2895532,-1.6495532,-0.019553222,0.7104468,1.7904468,2.8404467,3.8604467,4.5404468,5.0604467,5.550447,5.8104467,6.2204466,6.630447,7.1404467,7.770447,8.270447,8.530447,8.430447,8.470447,8.540447
3.3304467,3.7104468,4.130447,4.300447,4.360447,4.6004467,4.940447,5.3704467,5.800447,6.090447,6.230447,6.530447,6.6004467,6.230447,5.980447,5.750447,5.770447,5.270447,4.8904467,3.3904467,-0.05955322,0.8704468,0.8804468,1.1404468,1.6704468,2.2804468,1.7304468,1.4304467,1.8504468,2.2304468,3.0504467,4.2904468,5.110447,6.0404468,6.3704467,0.3504468,-5.249553,-6.519553,-4.969553,-2.7295532,0.040446777,0.72044677,1.7704468,2.6404467,3.2904468,4.0804467,4.6804466,4.880447,4.860447,5.1604466,5.800447,6.3304467,6.820447,7.5404468,8.030447,8.260447,8.130446,7.8904467,8.260447
2.650447,2.6104467,2.8204467,3.2604468,3.8704467,4.4104466,5.0604467,5.570447,5.8704467,6.0804467,5.940447,6.170447,6.7904468,6.770447,6.550447,5.380447,5.1604466,5.2904468,4.9904466,1.5304468,-0.18955322,0.84044677,2.0704467,2.6104467,2.5004468,2.3504467,1.7204468,0.91044676,0.73044676,1.6504468,2.8804467,4.1004467,4.9304466,5.8104467,6.8304467,-2.1395533,-5.039553,-5.119553,-3.3595533,-1.6495532,-0.11955322,1.8104467,2.6804469,3.1904469,3.4504468,4.1404467,4.840447,5.130447,4.980447,4.7904468,4.7404466,6.1804466,6.750447,7.5404468,7.7404466,7.9304466,7.5804467,7.1204467,6.360447
3.4404469,3.3104467,3.5504467,3.4404469,2.9804468,3.7304468,4.3904467,4.7404466,5.090447,5.440447,5.690447,5.800447,6.3504467,7.090447,7.6004467,7.1604466,4.9104466,5.4104466,3.8804467,-0.09955322,1.1804467,1.8404468,2.1104467,2.2604468,2.0804467,2.1404467,2.150447,0.9004468,-0.90955323,1.0004468,2.5804467,3.5204468,4.230447,5.070447,6.8904467,-2.2295532,-2.1295533,-2.4995532,-2.1095533,-1.4595532,-0.7995532,0.8204468,2.1404467,2.8104467,3.4304469,3.7304468,4.3704467,4.670447,4.610447,4.1204467,4.590447,5.860447,6.6804466,7.420447,7.710447,7.920447,7.4304466,4.5804467,3.6104467
4.0804467,3.9204469,3.8404467,4.210447,3.8504467,4.2004466,5.1604466,5.8504467,5.520447,4.230447,4.4704466,4.8504467,5.3704467,5.9304466,6.7404466,7.8704467,7.300447,5.4504466,2.4504468,-1.3595532,-0.7395532,0.13044678,0.9904468,1.5604467,2.0204468,2.2504468,2.0704467,1.6004468,-1.0895532,-0.30955324,1.9404467,3.2804468,3.900447,4.360447,4.940447,-1.1195532,-2.6295533,-1.7195532,-1.3595532,-0.28955323,-0.71955323,-0.27955323,1.3204467,2.6104467,3.2204468,3.3404467,3.3204467,3.5804467,4.5804467,5.0104465,5.6204467,6.2604465,6.7904468,7.320447,7.570447,5.880447,4.750447,4.6604466,3.6304467
4.2604465,4.2404466,4.3304467,4.270447,4.2404466,4.520447,5.3304467,6.3504467,6.710447,5.7904468,4.2404466,4.4304466,4.670447,4.980447,5.840447,6.570447,7.420447,6.1804466,5.4504466,1.7104468,0.40044677,0.37044677,0.46044677,0.7404468,1.2004467,1.6904467,1.7404468,1.4104468,-2.7295532,-0.9395532,1.1104468,2.9404469,3.6404467,3.5504467,3.5004468,-2.7495532,-2.9795532,-3.2995532,-2.4795532,-1.7495532,-0.31955323,-0.31955323,0.5604468,1.1404468,1.9404467,2.5504467,3.1904469,3.0704467,3.8204467,5.1004467,5.840447,5.9904466,6.2904468,6.920447,6.780447,4.7204466,4.1404467,4.3304467,2.0804467
4.2204466,5.0804467,5.050447,5.320447,5.630447,6.020447,6.380447,6.780447,6.400447,6.3704467,4.9504466,3.910447,4.500447,4.9104466,5.0804467,5.800447,6.670447,7.020447,5.7004466,4.730447,2.2004468,0.24044678,-0.03955322,-0.13955322,-0.009553223,1.0504467,2.3604467,2.3604467,-3.349553,-1.1495532,0.5604468,2.3404467,3.5604467,2.1004467,2.900447,-2.8595533,-2.4995532,-1.5195532,-1.1095532,-1.0195532,-0.9795532,-0.4595532,-0.029553223,0.61044675,1.3804468,1.8204467,2.8504467,3.5704467,4.3304467,4.8704467,5.340447,5.610447,5.860447,6.0404468,6.0604467,3.6204467,4.960447,4.270447,4.0804467
5.360447,6.1804466,6.8104467,7.0104465,6.9904466,7.000447,7.110447,6.940447,6.800447,6.320447,5.8104467,5.480447,5.2004466,4.3904467,3.5304468,4.340447,5.3304467,6.2604465,6.5604467,5.3504467,3.3804467,4.150447,1.4504467,-0.09955322,0.040446777,0.09044678,1.6904467,1.8304467,-0.9195532,-1.6695533,-0.37955323,0.9604468,3.2404468,0.72044677,1.3004467,-3.0795531,-2.0095532,-1.6795533,-1.1795533,-1.0895532,-0.30955324,1.0504467,2.1404467,2.4904468,3.4704468,3.9604468,3.8404467,4.0804467,4.610447,4.9504466,5.7404466,5.440447,5.400447,5.4704466,5.2004466,2.4604468,3.5304468,3.4604468,2.8904467
5.2604465,5.9904466,6.610447,6.780447,6.9304466,6.960447,7.150447,7.2904468,7.1404467,7.0404468,6.440447,5.840447,4.980447,4.960447,5.3304467,5.9304466,5.8704467,5.6404467,5.8504467,5.9704466,6.3704467,5.530447,2.4804468,1.7204468,-0.8495532,-0.52955323,-0.21955322,1.0204468,-0.3995532,-3.6295533,-2.2495532,-0.30955324,2.2704468,1.2004467,-2.6195533,-3.7895532,-3.0695531,-1.9995532,-1.6695533,-1.0595533,0.010446778,0.6204468,0.79044676,1.8304467,3.0504467,4.2904468,5.1204467,5.230447,5.770447,6.050447,5.960447,5.690447,5.1804466,4.9304466,4.320447,3.1104467,2.5204468,2.160447,2.3704467
4.980447,6.000447,6.520447,6.590447,6.710447,6.9904466,7.090447,7.110447,6.920447,6.8704467,7.2204466,6.630447,6.4504466,5.7204466,5.3904467,6.0404468,6.2904468,6.730447,6.7004466,5.770447,5.900447,5.7404466,5.3104467,4.1204467,1.2404468,-0.9295532,-1.1295532,-0.7295532,1.1004468,-1.4795532,-4.249553,-2.1195533,0.7104468,1.8204467,-5.389553,-4.7395535,-3.6495533,-2.7995532,-2.9195533,-1.3095533,-0.76955324,-0.41955322,0.8204468,1.9604468,3.3204467,3.6704469,4.4504466,5.2204466,6.0104465,6.130447,6.170447,6.1404467,5.270447,4.4304466,3.5504467,1.8304467,1.8404468,2.5504467,1.5504467
4.940447,5.5404468,6.070447,6.230447,6.3904467,6.730447,6.940447,7.280447,6.9704466,6.7404466,6.4904466,6.960447,7.150447,7.2904468,7.650447,7.460447,7.090447,5.9504466,5.3904467,5.0404468,5.5604467,5.6404467,5.320447,4.0804467,3.8604467,2.3104467,-2.599553,-1.9195533,-1.4095532,-0.029553223,-2.0095532,-4.1295533,-2.1195533,0.5004468,0.5104468,-3.8695533,-5.289553,-4.6095533,-3.4395533,-1.9995532,-1.7595532,-1.1095532,0.41044676,1.1904467,2.5704467,4.020447,5.070447,5.7604465,6.1404467,6.2404466,6.4304466,6.460447,6.1204467,4.400447,3.2004468,1.5304468,1.0104468,0.86044675,2.0404468
4.250447,4.690447,5.2604465,5.670447,5.730447,6.3304467,6.420447,7.4104466,7.520447,7.2404466,7.6204467,8.060447,8.130446,8.190447,8.720447,7.770447,6.900447,5.050447,5.050447,6.780447,7.170447,7.5804467,7.9304466,6.650447,3.910447,3.4804468,-1.7195532,-3.6095533,-3.0595531,-1.8795532,-1.1995533,-1.5195532,-4.8595533,-2.9795532,-1.2995533,-1.1795533,-3.2895532,-6.0295534,-4.159553,-3.1495533,-2.1595533,-1.0095532,-0.31955323,1.2804468,2.910447,4.3304467,5.9304466,6.570447,6.690447,6.590447,6.150447,6.9704466,6.6004467,5.7904468,4.1004467,0.55044675,-2.7895532,-1.2795532,-3.1095533
3.5304468,4.2404466,4.820447,5.340447,5.650447,5.8104467,6.1404467,6.250447,6.8104467,6.8504467,6.4904466,6.7904468,7.610447,7.770447,8.610447,6.420447,4.1404467,5.000447,6.2904468,6.9504466,7.340447,7.230447,7.530447,7.730447,7.1404467,3.8004467,2.0804467,-4.559553,-4.499553,-3.8295531,-1.5695533,-1.1995533,-5.039553,-5.329553,-3.5595531,-2.1595533,-3.2995532,-6.0895534,-4.7795534,-3.9195533,-3.0595531,-2.4295533,-1.1995533,0.6504468,2.9704468,4.6404467,6.170447,6.8504467,7.230447,6.940447,6.6804466,7.3104467,6.8504467,7.250447,6.3504467,0.3504468,-4.769553,-2.5695531,-4.429553
4.2604465,4.6204467,5.0404468,5.3104467,5.4504466,5.650447,6.000447,6.150447,6.2404466,6.1404467,5.980447,5.8904467,6.530447,7.500447,8.150447,5.6604466,3.6304467,5.3304467,6.210447,6.960447,7.280447,7.110447,6.7004466,7.0404468,7.5604467,7.7904468,5.5104465,-0.5995532,-4.929553,-4.809553,-2.8695533,-2.1595533,-2.4495533,-5.019553,-4.719553,-3.339553,-5.1295533,-5.9895535,-5.579553,-4.889553,-4.139553,-3.0195532,-1.6895533,0.33044678,2.6704469,4.8104467,6.230447,6.8704467,8.270447,8.360447,6.960447,7.9704466,7.3704467,7.550447,6.630447,-0.16955322,-2.839553,-0.9395532,-1.8995532
4.340447,4.670447,4.900447,5.230447,5.570447,5.860447,5.920447,5.940447,5.980447,5.980447,6.0104465,6.1404467,5.6004467,6.4704466,7.020447,6.8104467,2.5004468,3.9704468,5.5404468,6.4904466,6.210447,6.3104467,7.6804466,7.800447,7.360447,8.070447,8.490447,5.940447,-2.8195531,-5.499553,-4.1895533,-3.7495532,-2.5495532,-2.839553,-6.179553,-4.999553,-5.889553,-7.119553,-6.8195534,-5.2095532,-4.599553,-3.7195532,-2.089553,-0.18955322,2.1904469,3.8904467,5.780447,6.400447,7.360447,8.650447,8.430447,8.180447,7.6204467,7.940447,6.030447,-2.2895532,-4.0695534,-3.1695533,-3.2295532
4.6204467,4.9104466,5.1404467,5.460447,5.690447,5.5804467,5.150447,4.9104466,4.8304467,4.3904467,4.130447,4.5804467,5.4704466,4.980447,5.630447,6.1404467,2.2704468,1.8604468,3.6804469,5.070447,5.570447,6.820447,7.6404467,8.030447,8.560447,8.480447,9.160447,8.520447,5.280447,-5.429553,-5.4395533,-3.9395533,-3.9895532,-3.0495532,-5.369553,-5.349553,-4.369553,-7.449553,-8.469553,-6.6295533,-5.0695534,-3.8795533,-1.9395533,0.22044678,1.6604468,2.7604468,4.6004467,5.6604466,6.170447,7.360447,8.900447,8.860447,8.760447,8.0504465,8.3004465,1.4304467,-6.479553,-2.2295532,-2.2695532
4.210447,4.8904467,5.5404468,6.030447,6.300447,6.5104465,6.710447,6.9704466,6.940447,6.320447,4.730447,3.0504467,2.5604467,3.0304468,3.4404469,3.4904468,4.420447,-0.8795532,0.7404468,2.8004467,4.3304467,5.230447,6.0604467,7.0104465,8.120447,8.470447,8.680447,8.810447,8.780447,5.0804467,-5.5895534,-4.9395533,-4.6895533,-4.7795534,-4.599553,-4.699553,-5.5495534,-6.8795533,-8.549553,-7.0895534,-5.719553,-3.9295533,-1.5895532,1.0504467,2.6704469,-0.029553223,2.0304468,4.520447,4.650447,6.400447,7.420447,8.640447,9.100447,8.020447,6.6204467,1.8404468,-2.6695533,-0.9995532,-2.5295532
4.050447,4.8304467,5.280447,5.5804467,5.880447,6.110447,6.4904466,7.0404468,6.880447,6.690447,6.9704466,6.7904468,5.2904468,2.2504468,0.91044676,1.0304468,1.2804468,0.5104468,-2.3195531,-0.3695532,2.0004468,3.4904468,4.840447,6.0804467,6.7604465,7.650447,8.920446,8.590446,8.830447,9.120447,-1.8795532,-5.1495533,-4.5295534,-5.9395533,-5.5895534,-5.2995534,-5.6495533,-5.329553,-8.839553,-7.7395535,-6.139553,-4.0495534,-1.4395533,-0.14955322,1.8604468,-1.1495532,-0.15955323,2.7804468,2.8104467,4.6204467,6.1204467,7.320447,8.090446,8.080447,6.7404466,4.440447,-2.6095533,-4.7595534,-2.589553
3.660447,4.1404467,4.730447,4.940447,5.070447,5.170447,6.170447,6.520447,6.190447,5.940447,5.730447,5.8704467,5.7604465,5.7404466,5.110447,2.3904467,-0.6795532,-1.1295532,-2.6395533,-3.0395532,-1.1195532,0.79044676,2.4904468,4.3104467,5.5604467,6.380447,6.5404468,8.620447,9.610447,8.130446,7.050447,4.270447,-1.8595532,-1.6595532,-4.3995533,-6.059553,-6.159553,-5.539553,-9.119554,-8.149553,-6.5895534,-4.659553,-3.1595533,-1.5695533,0.23044677,-0.95955324,-1.5895532,0.6504468,1.7304468,3.1404467,5.130447,6.1804466,6.9104466,7.270447,6.8504467,-1.1095532,-1.6995533,-4.4395533,-5.3995533
3.7104468,3.9704468,3.9904468,4.030447,3.8504467,4.0804467,5.7404466,6.000447,5.590447,5.570447,5.6004467,5.5404468,5.6404467,5.2004466,5.210447,5.2204466,3.0204468,-0.90955323,-2.9795532,-4.1495533,-4.4395533,-2.6695533,-0.89955324,1.4804468,3.7804468,5.380447,5.9904466,7.460447,8.900447,7.7204466,3.9804468,5.3504467,5.7604465,3.0904467,-2.3295531,-3.2795532,-6.8595533,-7.2595534,-8.769553,-8.499554,-7.3195534,-5.619553,-4.269553,-2.8595533,-0.64955324,0.2604468,-3.3095531,-1.1195532,0.59044677,1.0604467,3.6204467,5.3104467,5.8704467,4.9704466,4.770447,-0.63955325,-1.2695532,-3.7895532,-4.999553
3.5304468,3.4804468,3.6404467,3.7604468,3.6904469,3.650447,4.480447,5.230447,4.8504467,5.000447,5.190447,5.250447,5.150447,5.020447,4.800447,4.6404467,4.3904467,4.3904467,0.91044676,-3.7295532,-4.4395533,-5.8795533,-4.039553,-2.1295533,0.5104468,3.1104467,4.4504466,5.500447,7.3704467,7.020447,3.2004468,4.570447,7.590447,7.6004467,4.6404467,-1.3695532,-6.539553,-8.4495535,-8.549553,-8.819553,-7.8795533,-6.679553,-5.229553,-3.9995532,-2.6895533,-0.30955324,-2.1895533,-3.2295532,-2.5595531,-0.6795532,1.5304468,4.130447,5.6004467,3.6104467,0.6504468,-2.9395533,-2.5395532,-2.849553,-5.039553
3.0504467,3.0804467,3.3404467,3.8204467,4.630447,5.300447,5.130447,4.610447,4.250447,4.130447,4.530447,4.780447,4.590447,4.320447,4.3304467,4.030447,3.7304468,3.2204468,3.2404468,2.2204468,-3.1395533,-4.7995534,-6.7795534,-4.639553,-2.6295533,-0.5595532,2.0504467,3.3904467,4.480447,5.9704466,3.3604467,4.6004467,6.3504467,8.200447,8.710446,7.0604467,-3.839553,-7.5495534,-9.339553,-8.909554,-8.309553,-7.389553,-6.1495533,-5.0295534,-3.5495532,-2.4195533,-2.2295532,-4.4595532,-3.0395532,-2.1695533,-0.63955325,2.6704469,5.030447,2.2004468,-2.0795531,-4.2595534,-3.6295533,-4.1895533,-5.639553
