raw-data-f/2018100906f3.json
{"header": { "discipline":0, "disciplineName":"Meteorological products", "gribEdition":2, "gribLength":75392, "center":7, "centerName":"US National Weather Service - NCEP(WMC)", "subcenter":0, "refTime":"2018-10-09T06:00:00.000Z", "significanceOfRT":1, "significanceOfRTName":"Start of forecast", "productStatus":0, "productStatusName":"Operational products", "productType":1, "productTypeName":"Forecast products", "productDefinitionTemplate":0, "productDefinitionTemplateName":"Analysis/forecast at horizontal level/layer at a point in time", "parameterCategory":2, "parameterCategoryName":"Momentum", "parameterNumber":2, "parameterNumberName":"U-component_of_wind", "parameterUnit":"m.s-1", "genProcessType":2, "genProcessTypeName":"Forecast", "forecastTime":3, "surface1Type":103, "surface1TypeName":"Specified height level above ground", "surface1Value":10.0, "surface2Type":255, "surface2TypeName":"Missing", "surface2Value":0.0, "gridDefinitionTemplate":0, "gridDefinitionTemplateName":"Latitude_Longitude", "numberPoints":65160, "shape":6, "shapeName":"Earth spherical with radius of 6,371,229.0 m", "gridUnits":"degrees", "resolution":48, "winds":"true", "scanMode":0, "nx":360, "ny":181, "basicAngle":0, "lo1":0.0, "la1":90.0, "lo2":359.0, "la2":-90.0, "dx":1.0, "dy":1.0 }, "data":
[rows 50 to 74 of 181, columns 114 to 170 of 360]
4.090544,3.3505445,3.1505444,1.6705444,2.2305443,0.34054443,2.1205444,1.4205444,0.24054444,0.39054444,-0.64945555,-1.6994556,-2.0994556,-0.069455564,1.5305444,2.8105445,4.4305444,3.5205445,0.26054442,-0.71945554,-1.6094556,-2.3894556,-2.4794555,-2.7094555,-2.6294556,-2.6894555,-1.4894556,-0.39945558,-1.7494556,1.2605444,2.1505444,1.7905444,0.55054444,0.37054443,0.32054442,0.13054444,-0.89945555,-4.5394554,-4.139456,-3.2694557,-3.3694556,-3.2994556,-4.1894555,-4.2694554,-4.3194556,-4.4294558,-4.2494555,-3.3294556,-2.8394556,-3.0294557,-2.7394555,-2.6094556,-2.0794556,-1.6394556,-0.8694556,-0.5394556,0.79054445
2.6305444,1.8105445,0.5205444,2.7605445,5.3105445,4.6405444,4.9405446,3.6405444,2.2505445,1.8805444,1.5705445,-4.4594555,-2.0894556,-1.2794555,0.66054446,1.0205444,1.8105445,1.4305444,-0.39945558,-2.1094556,-3.6394556,-4.5894556,-5.2594557,-5.7494555,-4.7494555,-3.6494555,-0.68945557,0.28054443,0.54054445,-0.059455566,-0.5494556,-1.2794555,-1.7794555,-1.8794556,-1.3894556,-1.2794555,-1.9494556,-3.8694556,-5.5194554,-4.6994557,-4.1494555,-2.7694557,-3.0894556,-4.8694553,-4.7194557,-5.4194555,-5.3094554,-4.6794558,-4.3094554,-3.8694556,-4.1894555,-3.5594556,-3.6894555,-3.4294555,-2.7294555,-2.2694557,-1.0294555
0.91054446,0.32054442,1.3105445,1.8205445,4.0305443,7.2905445,7.4605446,4.1305447,5.7905445,6.6305447,-2.9594555,-3.8694556,-2.3794556,-1.0894556,0.010544433,-5.0094557,-0.95945555,-1.9094555,-3.0394557,-4.3594556,-5.4494557,-6.3594556,-6.8094554,-6.2894554,-5.0994554,-2.3694556,0.72054446,-2.9794555,-2.5894556,-2.4294555,-2.9994555,-2.9594555,-2.5794556,-2.5694556,-2.7194555,-3.5994556,-3.7394555,-5.7794557,-6.4994555,-5.8594556,-4.8694553,-5.1094556,-5.8194556,-6.1294556,-6.1794558,-6.1694555,-5.9794555,-5.4494557,-5.4194555,-5.3994555,-5.0794554,-5.1194553,-4.9694557,-4.5494556,-4.0294557,-3.4594555,-2.7794557
-0.77945554,-1.8694556,1.7605444,0.27054444,1.7305444,2.9305444,3.7605445,3.0405445,3.6905444,5.4405446,-2.5594556,-2.7994556,1.0805445,1.0605445,-1.1394556,-0.099455565,-2.4894555,-3.8394556,-4.9794555,-6.409456,-6.2694554,-5.4694557,-5.7794557,-2.5694556,-1.0194556,-0.38945556,-0.76945555,-2.0494556,-5.5894556,-4.909456,-4.8694553,-4.3594556,-3.8594556,-3.2794557,-3.0394557,-2.5894556,-2.9594555,-5.8194556,-8.2094555,-8.599456,-8.099456,-6.9594555,-7.9994555,-8.2094555,-9.2094555,-8.319455,-7.1694555,-5.9694557,-5.3094554,-5.1494555,-5.4894557,-5.6994557,-5.7894554,-5.5294557,-5.0294557,-4.1694555,-3.8594556
-2.8994555,-2.2794557,-0.28945556,0.18054444,0.46054444,0.67054445,2.9205444,6.5505443,4.0405445,6.1005445,2.5905445,3.9005444,2.1005445,1.2605444,-0.35945556,-1.2794555,-3.3394556,-4.9794555,-5.3394556,-4.8994555,-5.7494555,-5.0294557,-0.9794556,0.42054445,0.30054444,-1.0894556,-3.5594556,-5.639456,-6.6494555,-7.5594554,-7.7794557,-6.8394556,-5.7494555,-4.5094557,-3.4494555,-2.4194555,-1.2394556,-1.4194555,-0.5994556,-3.9394555,-5.1494555,-4.0594554,-3.4394555,-7.409456,-9.769456,-9.929456,-9.129456,-7.1994557,-5.9294558,-7.1694555,-7.9594555,-7.6794558,-6.8594556,-5.7394557,-4.8694553,-5.7594557,-5.6894555
-5.5994554,-1.8694556,-1.1494555,0.07054444,-0.41945556,-0.29945555,2.5205445,2.7605445,4.6505446,6.3805447,4.0705442,3.5505445,-2.0694556,-1.0694556,-0.25945556,-4.6094556,-4.2494555,-6.1094556,-4.1194553,-0.8494556,-0.51945555,-0.68945557,-0.099455565,0.49054444,0.10054443,0.21054444,-2.4294555,-0.96945554,-0.33945557,-1.3494556,-5.0594554,-7.1194553,-7.4694557,-7.3394556,-5.639456,-3.9694555,-2.5694556,-0.64945555,-1.6194556,-1.8294556,-3.5194557,-2.9594555,-1.7194556,-0.71945554,-1.6294556,-7.4394555,-9.939456,-8.509456,-7.9194555,-7.7094555,-8.879456,-9.9594555,-9.509456,-8.059456,-7.6094556,-7.8494554,-7.6094556
-0.96945554,-1.1794555,-0.19945556,1.8605444,2.9405444,3.5805445,1.0605445,-0.81945556,5.8105445,4.590544,3.5005445,3.5105445,1.4105444,-3.8994555,-3.4794555,-4.0094557,-4.7394557,-1.6494555,-0.18945557,-0.57945555,-0.7294556,0.6405444,-0.26945555,-2.0894556,-2.4794555,-2.7894557,-2.4994555,-0.62945557,-1.0094556,5.444336E-4,0.30054444,-3.0694556,-7.889456,-8.569455,-9.809456,-7.2194557,-4.0894556,-2.5094557,-1.9794556,-1.4394555,-0.95945555,-1.0194556,-0.68945557,-0.5394556,-1.0194556,-1.4594556,-1.0594555,-4.0894556,-7.5894556,-8.019456,-8.149456,-8.509456,-8.569455,-7.4294558,-6.8194556,-8.579455,-9.399456
2.5005445,0.5005444,0.74054444,2.3105445,3.5105445,3.7805445,-0.10945556,2.9705443,2.7305443,3.2605445,3.1205444,3.2805445,0.17054443,-1.3994555,-3.1194556,-3.0094557,1.5005444,0.17054443,-0.48945558,-1.6094556,-4.639456,-3.9894555,-5.5194554,-5.3694553,-5.2594557,-4.4194555,-3.6994555,-4.4694557,-3.2094555,-1.4694556,-0.7494556,0.8805444,3.3805444,2.7105443,-0.96945554,-3.3894556,-5.0194554,-4.4394555,-2.8394556,-1.8494556,-1.2594556,-0.5594556,-0.13945557,-0.27945557,-0.8094556,-0.81945556,-0.8094556,-1.3294556,-1.1094556,-0.29945555,-0.9294556,-5.0394554,-7.9394555,-7.4994555,-6.7594557,-6.6094556,-7.389456
0.32054442,-0.10945556,1.4305444,1.7505444,1.6705444,2.3205445,2.1505444,2.7405443,0.54054445,1.2805444,1.4005444,1.6105444,-0.93945557,-1.4994556,-0.7494556,0.40054443,1.8505445,-1.1694555,-3.9194555,-4.0194554,-5.3394556,-4.3294554,-3.1994555,-3.9694555,-4.5394554,-4.3194556,-3.9194555,-2.9194555,-1.6194556,0.99054444,3.4005444,5.2405443,4.090544,2.8505445,-0.58945554,-1.9894556,-4.5894556,-4.1494555,-3.4294555,-2.4894555,-1.6494555,-1.0594555,-0.51945555,-0.41945556,-0.48945558,-0.7894556,-0.71945554,-0.90945554,-1.0894556,-0.9194556,-0.6694556,-0.94945556,-0.7394556,-1.0294555,-1.6794555,-3.2394555,-5.1094556
0.6305444,1.4705445,1.0905445,1.9805444,1.3305445,2.3505445,2.2805445,2.3405445,-1.4494556,0.98054445,0.8805444,0.93054444,-1.1594555,0.87054443,0.67054445,-0.9294556,-1.1594555,-4.7694554,-1.6294556,-3.7194555,-4.0394554,-3.6394556,-2.9694555,-3.0194557,-2.4094555,-1.6494555,-0.76945555,2.4505444,2.5805445,2.6105444,3.0805445,3.7705445,3.3805444,2.5405445,0.79054445,-0.099455565,-0.20945556,-1.9494556,-4.8794556,-3.4094555,-2.6894555,-1.8494556,-1.1194556,-0.6194556,-0.35945556,-0.17945556,-0.27945557,-0.32945555,-0.039455567,-0.57945555,-0.58945554,-0.21945557,-0.12945557,-0.019455567,0.17054443,0.42054445,0.46054444
0.7505444,1.1905445,3.3205445,1.1305444,0.40054443,0.5005444,0.39054444,-0.27945557,-0.7294556,0.22054443,0.09054443,0.16054444,1.1305444,0.80054444,0.97054446,-1.6494555,-1.2394556,-0.62945557,-2.5494556,-4.0994554,-4.0194554,-3.5794556,-3.0494556,-2.2394555,-0.6694556,-0.87945557,-0.14945556,2.0905445,0.30054444,2.4905443,2.9505444,2.6305444,1.4305444,0.7105444,-0.15945557,-1.3994555,-1.2294556,-2.0194557,-0.8694556,-1.9294555,-3.7594557,-4.1994557,-2.9694555,-1.7394556,-0.93945557,-0.50945556,-0.25945556,0.060544435,-0.36945558,-1.1094556,-2.1394556,-2.6194556,-2.4194555,-2.0594556,-1.6694555,-1.0994556,-0.64945555
-0.62945557,0.18054444,1.5505444,3.1405444,1.6805444,1.0005444,0.36054444,-1.1994556,-3.8494556,-1.0194556,0.31054443,0.28054443,0.5705444,1.2605444,1.1705444,-0.08945557,-0.34945557,-2.1294556,-2.6094556,-4.1994557,-4.7894554,-4.3994555,-3.5794556,-2.4794555,-0.21945557,2.0305445,2.1905444,0.98054445,2.9105444,2.3105445,1.6305444,0.6905444,0.18054444,-0.17945556,-0.62945557,-1.5394555,-2.5594556,-2.6794555,-2.9994555,-2.7494555,-2.0794556,-0.5594556,0.20054443,0.87054443,1.2505444,1.3805444,1.6305444,1.8705444,2.4005444,2.8505445,3.6905444,4.5805445,4.5805445,4.3005443,4.2005444,4.7105446,3.9505444
0.67054445,1.3605444,0.21054444,0.29054442,1.6305444,-0.099455565,-0.30945557,-4.0594554,-3.5294557,-1.6294556,-0.5394556,-0.16945557,0.31054443,0.92054445,0.9005444,1.0305444,-0.70945555,-0.81945556,-3.5594556,-5.5594554,-5.2894554,-4.5494556,-2.3994555,-0.19945556,1.7105445,0.22054443,-0.7494556,1.6905445,1.8505445,1.2705444,-0.45945558,-0.52945554,-0.69945556,-1.8394556,-3.4494555,-2.6394556,-3.7794557,-3.0194557,-3.2394555,-3.7894557,-3.6394556,-3.1994555,-2.8194556,-2.6394556,-2.2594557,-1.6894555,-0.89945555,0.09054443,0.73054445,1.3405445,1.9005444,2.2305443,2.2405443,2.2005444,1.8605444,2.3705444,2.5005445
0.5705444,-0.87945557,-0.43945557,1.5705445,0.5005444,0.6305444,-1.0794556,-4.659456,-3.6594555,-2.3794556,-1.1394556,-0.6794556,-0.35945556,0.040544435,0.16054444,0.42054445,-0.6194556,-1.2394556,-3.4094555,-2.1694555,-3.1294556,-2.7994556,-3.7494555,-3.6494555,-1.9394555,-1.5994556,-0.9294556,-0.099455565,-0.43945557,-1.2094556,-1.8194556,-1.4594556,-2.6694555,-1.9494556,-2.1094556,-3.1594555,-3.8394556,-5.3194556,-5.659456,-5.8194556,-5.7394557,-5.3394556,-4.8194556,-4.409456,-4.0094557,-3.1894555,-2.3894556,-1.7094556,-1.1294556,-0.57945555,-0.17945556,0.040544435,0.050544433,0.010544433,0.060544435,0.34054443,0.7105444
-0.5994556,-0.04945557,0.81054443,1.2105445,-0.44945556,-1.6194556,-5.2094555,-5.5194554,-3.9994555,-3.3894556,-2.7194555,-1.9694556,-1.6994556,-1.3194556,-1.7994555,-1.4794556,-1.9694556,-2.5794556,-1.7994555,-0.71945554,-2.3194556,-3.8094556,-2.2594557,-2.7194555,-1.7594556,-2.7994556,-2.5994556,-2.2094555,-2.8494556,-3.0794556,-2.6294556,-2.7094555,-4.2694554,-3.7294555,-4.409456,-5.7394557,-5.7194557,-5.7094555,-6.5194554,-6.9694557,-6.8094554,-6.1694555,-5.7294555,-5.2394557,-4.8194556,-4.4394555,-4.0794554,-3.7594557,-3.5394557,-3.2494555,-2.8894556,-2.6294556,-2.5494556,-2.3994555,-2.0794556,-1.7694556,-1.5694556
-0.52945554,0.34054443,0.59054446,1.0205444,-0.7994556,-6.389456,-5.0794554,-5.9694557,-3.5294557,-4.2394557,-3.5094557,-3.3994555,-3.2494555,-3.0394557,-3.0794556,-3.2894557,-3.8594556,-2.8794556,-1.3394556,-1.1994556,-0.7294556,-0.25945556,-0.94945556,-2.1494555,-2.4994555,-2.5094557,-3.0994556,-2.8994555,-4.3094554,-3.9394555,-3.9494555,-3.0294557,-3.6394556,-5.4894557,-5.7094555,-5.9694557,-5.5994554,-4.5094557,-4.659456,-6.159456,-7.3994555,-7.1694555,-6.4194555,-5.6894555,-5.8494554,-5.8594556,-5.6794558,-5.4894557,-5.3994555,-5.3194556,-5.0394554,-4.7494555,-4.4994555,-4.4494557,-4.389456,-4.2794557,-4.2594557
0.32054442,-1.1894555,1.5205444,-0.7994556,-5.0494556,-4.6494555,-2.2894557,1.4905444,-1.5194556,-3.9094555,-4.1694555,-4.1294556,-3.8594556,-3.8394556,-4.0894556,-4.3194556,-3.2294555,-2.1194556,-1.7794555,-0.47945556,-0.17945556,-0.04945557,0.74054444,-1.9894556,-1.9794556,-2.6294556,-2.4594555,-4.2494555,-4.3794556,-5.2894554,-4.8794556,-4.5094557,-3.9694555,-6.5194554,-5.6794558,-5.3194556,-4.7194557,-4.2394557,-3.7294555,-3.7394555,-4.0594554,-7.5694556,-6.5994554,-6.4894557,-6.9194555,-6.909456,-6.889456,-6.7394557,-6.6994557,-6.6694555,-6.4694557,-6.2494555,-6.0794554,-6.0394554,-6.2094555,-6.3294554,-6.2394557
0.040544435,-0.70945555,-3.0094557,-5.909456,-4.3594556,-3.1394556,1.9105444,-0.58945554,-3.1894555,-4.1294556,-4.1994557,-4.1494555,-4.0494556,-4.7894554,-4.4594555,-3.7294555,-3.5994556,-2.8594556,-1.8294556,-0.6194556,0.050544433,0.27054444,0.49054444,0.53054446,-1.3294556,-2.6694555,-3.6394556,-4.4194555,-4.9694557,-5.659456,-5.9694557,-5.4394555,-5.2594557,-4.409456,-6.1794558,-5.2794557,-4.6994557,-5.3794556,-4.8994555,-4.3094554,-4.0194554,-7.0894556,-6.5494556,-6.8494554,-7.2494555,-7.3494554,-7.4194555,-7.5194554,-7.5894556,-7.5994554,-7.4294558,-7.2794557,-7.2294555,-7.3194556,-7.4394555,-7.5694556,-7.6194553
-4.9694557,-5.909456,-6.389456,-5.4894557,-4.5994554,-2.1994555,2.3605444,-4.5694556,-4.7094555,-4.3094554,-4.3194556,-4.1794558,-4.4594555,-4.5094557,-4.5994554,-5.2294555,-5.5594554,-4.5894556,-3.2894557,-1.7494556,-0.77945554,-0.43945557,-0.41945556,-0.81945556,-2.8294556,-2.9594555,-3.5294557,-4.4594555,-4.4694557,-6.8594556,-6.2994556,-6.0794554,-6.0794554,-5.9894557,-5.8094554,-5.5194554,-5.9394555,-6.1294556,-6.0194554,-6.0294557,-5.9994555,-6.8594556,-6.4294558,-6.5394554,-6.8994555,-6.8294554,-7.3194556,-7.9594555,-8.189456,-8.289455,-8.099456,-7.8594556,-7.8594556,-7.8694553,-8.139456,-8.389456,-8.509456
-6.3194556,-6.6894555,-6.639456,-5.7794557,-3.8894556,-2.6494555,-5.1294556,-4.4594555,-4.5694556,-4.8994555,-4.3394556,-3.9694555,-4.1994557,-3.9994555,-5.0494556,-5.7594557,-6.2294555,-5.4594555,-3.7594557,-2.1994555,-2.0994556,-1.2894555,-1.0094556,-1.2194556,-3.3794556,-4.5294557,-4.0294557,-4.6094556,-4.4494557,-6.8094554,-6.8994555,-6.7894554,-6.7794557,-6.8494554,-6.0694556,-6.7394557,-6.7094555,-6.889456,-6.6494555,-6.2194557,-7.2294555,-7.3994555,-6.6194553,-6.5094557,-6.7694554,-7.2294555,-7.659456,-8.139456,-8.349456,-8.4594555,-8.339456,-8.139456,-8.009456,-7.7994556,-7.4794555,-7.7494555,-8.469456
-6.2494555,-6.1894555,-5.5394554,-4.9794555,-4.139456,-3.6694555,-4.6694555,-5.0694556,-4.6694555,-4.8394556,-4.0494556,-3.5194557,-3.3294556,-3.8094556,-3.4594555,-2.2994556,-1.8494556,-2.3194556,-3.3294556,-2.2594557,-1.8494556,-1.9794556,-1.8094555,-0.43945557,-0.94945556,-5.0794554,-4.5794554,-4.8194556,-5.0094557,-6.4994555,-6.8994555,-7.2194557,-7.2494555,-7.5294557,-7.1794558,-6.6694555,-6.4594555,-7.0494556,-7.1194553,-7.1894555,-6.9894557,-7.2694554,-7.7494555,-7.4894557,-8.069455,-8.099456,-8.539455,-8.579455,-8.999455,-9.159455,-8.749455,-8.339456,-7.7394557,-7.0094557,-6.1694555,-7.7994556,-9.119455
-5.6194553,-5.1294556,-4.7894554,-4.7594557,-4.409456,-4.659456,-5.909456,-5.9194555,-4.3694553,-3.8894556,-2.6794555,-2.4294555,-2.4094555,-2.0494556,-1.6994556,1.4305444,-0.21945557,-0.8594556,-2.4894555,-1.9894556,-1.5794556,-2.2494555,-2.5694556,-2.5894556,-3.3394556,-5.4494557,-5.4494557,-6.0594554,-6.3094554,-7.0594554,-7.1694555,-7.8694553,-7.9594555,-7.9594555,-7.7094555,-7.4894557,-7.3294554,-7.5994554,-7.6294556,-7.7994556,-7.8994555,-8.099456,-8.129456,-7.4294558,-7.3294554,-6.8694553,-6.5094557,-6.3994555,-6.9194555,-6.6194553,-7.0094557,-7.6794558,-8.149456,-7.7794557,-6.5594554,-4.9294558,-5.3594556
-5.4594555,-4.8794556,-4.2594557,-4.4594555,-4.3094554,-4.7594557,-2.5694556,-1.1094556,-1.0494555,-2.9294555,-2.1994555,-0.9194556,-0.50945556,-0.25945556,-0.35945556,1.8705444,0.8305444,0.29054442,-2.2094555,-1.6994556,-0.8594556,-2.6694555,-2.9394555,-2.9394555,-3.8094556,-4.4294558,-5.7394557,-6.0194554,-7.1694555,-6.639456,-6.6794558,-7.7994556,-8.369455,-8.359455,-8.259456,-7.9694557,-7.6794558,-7.9794555,-7.7494555,-7.7794557,-8.259456,-8.009456,-7.3994555,-7.3094554,-7.3294554,-7.1894555,-6.8194556,-6.9594555,-7.1894555,-7.409456,-7.5494556,-7.4794555,-7.4994555,-7.2194557,-6.4494557,-5.6094556,-5.5294557
-5.5194554,-4.6694555,-3.9494555,-4.3094554,-3.5694556,-1.1394556,1.4205444,-0.28945556,-0.7994556,-1.4494556,-1.7894555,-0.8094556,0.5105444,1.4105444,2.7105443,2.2205443,0.6905444,1.0305444,-1.4494556,-1.8694556,-0.7394556,-2.7594557,-2.1794555,-3.3594556,-4.2894554,-5.0494556,-4.9594555,-5.8194556,-6.5194554,-7.3094554,-6.6294556,-6.7994556,-7.6294556,-7.9494557,-7.9794555,-8.059456,-8.169456,-7.6694555,-7.5194554,-7.5594554,-7.4594555,-7.4594555,-7.5394554,-7.389456,-7.2794557,-7.6894555,-7.659456,-7.6194553,-8.049456,-7.6294556,-7.4594555,-7.2194557,-7.1794558,-7.0294557,-6.2494555,-5.9694557,-6.639456
-4.2094555,-4.3294554,-3.7694557,-2.5894556,-0.45945558,1.0305444,2.3605444,-0.22945556,-3.1394556,-2.2594557,-1.3394556,-0.8694556,0.16054444,0.99054444,2.2705445,1.6905445,1.1405444,0.7505444,-0.9194556,-1.7394556,-1.3594556,-2.0794556,-1.2394556,-3.6994555,-4.0594554,-4.389456,-4.6694555,-5.7494555,-6.2994556,-6.4794555,-6.8994555,-6.9994555,-7.5794554,-7.5594554,-7.3294554,-7.7494555,-7.9894557,-8.029455,-7.9294558,-7.8794556,-7.5894556,-7.4194555,-7.3194556,-7.3594556,-7.5094557,-7.639456,-8.109455,-7.9494557,-7.889456,-7.9894557,-7.5694556,-7.5194554,-7.4994555,-7.0894556,-6.2294555,-4.5894556,-4.5994554
