raw-data-f/2018100818f3.json
{"header": { "discipline":0, "disciplineName":"Meteorological products", "gribEdition":2, "gribLength":75126, "center":7, "centerName":"US National Weather Service - NCEP(WMC)", "subcenter":0, "refTime":"2018-10-10T06:00:00.000Z", "significanceOfRT":1, "significanceOfRTName":"Start of forecast", "productStatus":0, "productStatusName":"Operational products", "productType":1, "productTypeName":"Forecast products", "productDefinitionTemplate":0, "productDefinitionTemplateName":"Analysis/forecast at horizontal level/layer at a point in time", "parameterCategory":2, "parameterCategoryName":"Momentum", "parameterNumber":2, "parameterNumberName":"U-component_of_wind", "parameterUnit":"m.s-1", "genProcessType":2, "genProcessTypeName":"Forecast", "forecastTime":3, "surface1Type":103, "surface1TypeName":"Specified height level above ground", "surface1Value":10.0, "surface2Type":255, "surface2TypeName":"Missing", "surface2Value":0.0, "gridDefinitionTemplate":0, "gridDefinitionTemplateName":"Latitude_Longitude", "numberPoints":65160, "shape":6, "shapeName":"Earth spherical with radius of 6,371,229.0 m", "gridUnits":"degrees", "resolution":48, "winds":"true", "scanMode":0, "nx":360, "ny":181, "basicAngle":0, "lo1":0.0, "la1":90.0, "lo2":359.0, "la2":-90.0, "dx":1.0, "dy":1.0 }, "data":
[rows 130 to 155 of 181, columns 0 to 58 of 360]
9.14188,8.42188,9.11188,8.76188,6.4618797,4.88188,12.87188,4.72188,3.8218799,3.69188,4.06188,4.40188,6.12188,6.82188,7.5418797,6.82188,6.09188,5.08188,4.37188,3.3418798,0.6818799,-0.34812012,-2.5981202,-2.24812,-2.8381202,-2.6281202,-2.4281201,-2.21812,-0.8381201,4.42188,2.94188,2.6118798,1.3318799,1.2018799,2.5618799,2.93188,2.54188,1.7818799,2.47188,3.80188,5.83188,5.11188,2.77188,4.09188,6.12188,6.24188,7.40188,5.85188,5.2718797,5.87188,7.17188,9.69188,10.00188,9.77188,8.59188,8.71188,9.08188,8.781879,8.04188
7.07188,5.15188,3.50188,4.7518797,4.2918797,3.1118798,0.88187987,2.79188,3.26188,3.45188,4.42188,4.85188,6.72188,7.49188,8.031879,8.09188,7.06188,4.10188,4.1918797,4.32188,3.95188,3.49188,1.0718799,0.8018799,1.2918799,0.011879883,-0.4281201,-0.6881201,-0.61812013,-0.22812012,3.8118799,3.0918798,2.70188,2.95188,3.02188,3.97188,4.05188,3.5918798,4.51188,4.59188,4.4818797,4.39188,3.5618799,5.89188,8.38188,8.25188,5.85188,5.9418797,7.0418797,7.74188,9.13188,9.00188,10.84188,11.4518795,11.51188,10.50188,8.09188,9.73188,10.62188
5.34188,5.32188,4.5018797,3.30188,2.03188,2.8218799,2.50188,1.6718799,1.4718798,2.6118798,3.4218798,4.86188,5.26188,5.7118797,7.47188,8.47188,6.1918797,3.28188,5.01188,5.65188,5.41188,4.9818797,5.05188,5.36188,5.9618797,4.18188,2.8718798,2.43188,2.20188,1.0818799,0.6718799,2.6518798,3.99188,3.6518798,4.55188,4.90188,4.78188,4.74188,5.26188,5.07188,5.2718797,5.7918797,6.07188,7.0018797,7.74188,7.60188,6.97188,7.03188,7.60188,7.7318797,7.7918797,10.14188,11.26188,13.10188,12.55188,8.96188,7.7118797,10.491879,12.05188
5.32188,5.39188,4.78188,4.42188,3.8618798,3.02188,2.94188,2.8118799,3.05188,3.4018798,4.47188,4.90188,5.1918797,6.17188,6.90188,8.04188,8.32188,7.67188,5.62188,4.7718797,5.12188,6.16188,7.38188,7.4618797,7.7118797,7.84188,5.26188,4.07188,4.35188,4.0018797,1.7918799,1.4018799,0.6218799,4.51188,5.31188,5.06188,5.13188,5.90188,5.58188,5.37188,5.70188,6.76188,7.2718797,7.08188,7.32188,8.4518795,8.22188,8.59188,8.85188,8.98188,9.21188,9.241879,9.55188,10.31188,10.72188,11.02188,11.47188,12.01188,14.66188
6.13188,5.87188,5.4818797,5.26188,4.35188,3.3418798,3.23188,3.30188,3.69188,4.14188,5.43188,6.5418797,7.14188,8.7018795,8.73188,8.08188,8.02188,8.27188,7.2518797,6.17188,6.31188,6.65188,8.82188,8.64188,8.41188,8.48188,7.92188,5.9818797,4.68188,4.34188,3.8418798,2.54188,1.6418799,2.3418798,2.93188,5.1918797,5.83188,7.0018797,6.9618797,6.88188,6.93188,7.12188,7.40188,8.05188,8.37188,8.9518795,9.30188,9.66188,10.12188,10.59188,10.88188,10.89188,11.01188,11.44188,11.91188,13.36188,13.80188,12.57188,13.26188
6.2718797,7.08188,6.7718797,6.2718797,6.0018797,5.78188,4.03188,4.0018797,4.22188,6.0218797,6.78188,7.22188,8.02188,9.18188,9.47188,9.741879,9.18188,8.07188,7.18188,5.91188,5.87188,7.42188,9.15188,8.991879,7.11188,6.12188,6.58188,6.62188,5.90188,5.37188,5.6918797,5.22188,4.7118797,3.97188,3.6318798,3.95188,4.58188,5.89188,6.95188,7.5018797,7.7918797,7.85188,8.73188,9.51188,10.30188,11.15188,11.39188,11.35188,11.50188,11.4518795,11.741879,11.86188,11.9518795,12.42188,12.66188,13.23188,13.76188,13.69188,14.00188
4.38188,4.95188,5.59188,6.38188,7.83188,7.89188,6.2318797,5.39188,5.61188,7.38188,7.72188,6.4818797,4.95188,6.59188,8.69188,6.11188,4.63188,4.08188,5.28188,5.16188,5.06188,6.4618797,8.42188,8.991879,6.89188,6.2318797,6.99188,7.33188,7.84188,7.36188,6.7918797,6.59188,6.33188,5.68188,5.51188,5.33188,5.33188,5.31188,5.47188,6.09188,7.14188,7.97188,8.27188,8.65188,9.37188,10.22188,10.741879,11.40188,11.52188,12.15188,13.04188,13.41188,13.66188,14.04188,14.18188,14.47188,15.19188,15.58188,15.56188
0.9618799,2.0818799,3.47188,4.86188,6.11188,7.72188,8.81188,9.17188,8.31188,7.37188,7.18188,6.93188,6.53188,5.09188,4.92188,5.12188,4.72188,5.4618797,6.31188,6.66188,7.32188,7.72188,7.65188,8.781879,8.34188,7.83188,8.71188,9.64188,7.43188,8.30188,8.18188,7.06188,6.65188,6.7918797,7.10188,7.38188,6.0218797,5.6918797,6.32188,5.7518797,6.10188,6.5418797,7.1918797,8.25188,8.82188,9.43188,9.991879,10.73188,11.15188,11.56188,12.52188,13.50188,13.86188,14.27188,14.281879,14.80188,15.35188,15.93188,15.81188
0.111879885,0.6618799,1.8418798,2.47188,2.95188,3.97188,3.99188,3.9018798,4.90188,6.97188,8.21188,7.47188,6.5218797,6.87188,6.89188,6.99188,7.12188,7.9418797,9.19188,9.92188,9.89188,9.21188,9.25188,9.88188,10.031879,9.83188,10.14188,9.01188,8.26188,8.39188,9.4518795,8.50188,8.17188,8.40188,8.47188,8.19188,6.34188,5.9618797,5.90188,6.14188,6.1918797,6.07188,6.11188,6.40188,6.87188,7.64188,8.85188,9.52188,10.18188,10.84188,11.38188,11.531879,13.15188,14.17188,13.92188,15.67188,16.46188,17.32188,18.05188
2.95188,2.8718798,2.54188,2.05188,2.5918798,3.26188,4.72188,5.72188,6.14188,4.74188,4.59188,4.2918797,3.74188,3.3318799,4.0018797,5.86188,7.49188,8.76188,9.04188,9.17188,9.35188,10.13188,10.84188,10.85188,10.96188,11.13188,10.85188,10.27188,10.01188,10.89188,10.91188,9.64188,9.281879,9.44188,9.16188,7.9818797,7.14188,7.76188,7.40188,6.85188,6.42188,6.49188,6.33188,6.43188,6.43188,6.66188,6.80188,7.24188,7.88188,8.79188,9.781879,10.86188,12.05188,12.42188,14.09188,15.05188,15.85188,16.62188,17.25188
4.9618797,4.80188,4.67188,4.67188,4.5218797,3.99188,3.3618798,2.6618798,2.1618798,2.6018798,3.1018798,3.4018798,4.56188,5.49188,6.89188,8.93188,10.18188,10.94188,10.57188,9.62188,9.58188,10.97188,10.38188,10.87188,11.34188,11.32188,11.22188,12.19188,12.79188,12.23188,11.19188,10.17188,9.21188,8.94188,9.10188,9.40188,9.08188,9.14188,8.65188,8.07188,7.66188,7.0018797,6.65188,6.53188,7.06188,7.16188,7.4818797,7.92188,8.86188,9.41188,10.23188,10.94188,11.98188,13.2018795,13.83188,15.08188,15.89188,16.50188,16.95188
6.14188,6.14188,6.11188,5.9818797,5.84188,5.70188,5.5218797,5.18188,4.72188,4.89188,5.09188,5.24188,5.63188,5.85188,6.22188,6.9818797,8.241879,9.241879,10.08188,11.22188,12.23188,12.69188,12.51188,12.16188,12.09188,12.51188,12.93188,13.2018795,12.97188,12.33188,11.66188,10.76188,10.26188,10.22188,10.23188,10.18188,10.68188,10.86188,10.29188,9.79188,9.281879,9.2018795,8.77188,8.10188,8.031879,8.65188,9.2018795,9.52188,10.01188,10.80188,11.531879,12.2018795,13.33188,14.41188,15.05188,15.73188,16.87188,17.24188,18.04188
6.5018797,6.60188,6.45188,6.30188,6.2118797,5.89188,5.90188,5.7118797,5.72188,5.65188,5.55188,5.95188,6.2118797,6.59188,7.39188,7.88188,8.54188,9.2018795,10.14188,11.23188,11.33188,11.84188,12.83188,13.741879,13.88188,13.84188,13.76188,13.69188,13.76188,13.71188,13.27188,12.52188,12.08188,11.25188,11.14188,11.36188,11.61188,11.50188,11.50188,11.26188,10.73188,10.4518795,9.82188,9.281879,9.7018795,10.41188,9.62188,10.2018795,11.10188,11.63188,12.00188,12.56188,13.27188,14.9518795,16.10188,16.77188,18.04188,18.97188,19.78188
6.6918797,6.70188,6.6918797,6.39188,6.39188,5.5418797,5.45188,4.9418797,4.7118797,4.97188,5.07188,5.16188,5.32188,5.0218797,5.68188,6.57188,6.83188,7.32188,8.10188,9.18188,10.27188,11.2018795,11.741879,12.05188,12.781879,13.54188,13.81188,14.01188,14.09188,14.26188,14.37188,14.12188,13.741879,13.35188,12.81188,12.98188,12.86188,12.48188,11.73188,11.7018795,11.27188,10.81188,10.44188,10.4518795,10.32188,9.91188,9.79188,10.00188,10.241879,11.06188,12.281879,13.58188,14.58188,15.36188,15.741879,17.74188,18.64188,19.59188,20.33188
6.17188,6.56188,6.4818797,5.80188,6.06188,4.41188,3.52188,3.6118798,3.8418798,3.43188,3.25188,3.68188,3.74188,4.32188,4.74188,4.81188,6.24188,7.10188,7.39188,7.83188,8.67188,9.66188,10.32188,11.2018795,12.34188,13.21188,14.14188,14.46188,14.531879,14.69188,14.69188,14.75188,14.66188,14.55188,14.32188,14.04188,13.87188,13.52188,12.87188,11.91188,11.281879,10.66188,9.98188,9.44188,9.32188,9.23188,9.08188,8.89188,10.01188,11.36188,12.60188,12.89188,13.22188,13.741879,14.22188,14.89188,15.84188,16.53188,16.45188
5.39188,4.0218797,4.16188,5.13188,4.06188,3.22188,4.0418797,3.45188,3.5918798,3.27188,3.1218798,3.80188,4.2718797,4.56188,4.93188,5.40188,5.47188,5.82188,5.9418797,6.18188,6.64188,7.35188,8.65188,9.991879,11.82188,13.00188,14.00188,14.11188,14.83188,15.241879,15.12188,14.98188,14.85188,14.81188,14.90188,14.80188,14.38188,13.94188,13.11188,12.09188,10.50188,9.69188,9.26188,9.12188,9.10188,9.01188,8.64188,9.31188,10.55188,11.09188,10.72188,10.7018795,10.61188,10.33188,10.77188,10.79188,10.4518795,10.23188,10.05188
3.4118798,4.40188,4.9618797,4.2518797,3.50188,3.8318799,3.5818799,3.5718799,3.54188,3.8118799,4.0218797,4.35188,4.5018797,4.7118797,4.97188,5.2718797,5.51188,5.78188,6.03188,6.12188,6.41188,6.7918797,7.2718797,8.08188,9.741879,12.38188,14.25188,15.7018795,16.12188,14.97188,15.04188,15.00188,14.62188,14.52188,14.48188,14.62188,14.48188,14.12188,13.58188,12.35188,10.741879,9.46188,9.16188,9.17188,8.9518795,8.73188,8.60188,9.54188,9.08188,8.94188,8.96188,8.76188,8.35188,8.58188,8.47188,8.531879,8.35188,7.99188,7.2318797
4.58188,4.4618797,4.2718797,4.05188,3.8918798,3.6718798,3.43188,3.4018798,3.54188,3.71188,3.95188,4.15188,4.37188,4.61188,4.76188,5.01188,5.2518797,5.39188,5.74188,6.07188,6.2518797,6.4618797,6.9418797,7.34188,8.34188,10.02188,11.4518795,13.14188,15.16188,16.25188,15.05188,14.08188,13.741879,13.83188,13.7018795,13.60188,13.741879,13.72188,13.36188,12.491879,10.79188,8.81188,8.36188,8.55188,8.41188,7.5018797,7.68188,7.58188,7.59188,7.5218797,7.1918797,7.11188,7.55188,7.9618797,7.87188,8.02188,8.4518795,7.68188,6.93188
4.90188,4.22188,3.93188,3.26188,3.1618798,3.01188,2.8918798,2.9218798,3.05188,3.27188,3.46188,3.6718798,3.8818798,4.0218797,4.26188,4.4418797,4.5218797,4.7518797,4.97188,5.2318797,5.45188,5.61188,5.59188,5.47188,6.16188,6.18188,6.4818797,6.4418797,6.9418797,9.36188,12.19188,11.83188,12.31188,12.27188,11.7018795,11.10188,11.48188,12.29188,11.39188,10.42188,9.33188,7.74188,7.67188,7.4618797,6.32188,5.56188,5.59188,5.68188,5.43188,5.4818797,6.06188,6.4818797,7.56188,8.31188,8.66188,7.91188,7.05188,6.87188,6.28188
3.50188,3.49188,3.0618799,2.6318798,2.47188,2.3718798,2.3518798,2.3618798,2.54188,2.73188,2.98188,3.1318798,3.30188,3.4218798,3.5718799,3.6218798,3.70188,3.77188,3.8418798,3.8618798,3.93188,3.94188,3.70188,3.46188,2.98188,2.50188,2.46188,1.9118799,1.7618799,1.4918799,1.6018798,2.93188,7.4418797,9.73188,9.14188,8.87188,8.13188,7.74188,7.83188,7.5218797,6.62188,6.10188,5.05188,4.05188,3.21188,3.6018798,4.33188,4.4818797,4.56188,5.18188,5.76188,6.42188,7.07188,7.4618797,7.5018797,7.45188,6.2318797,5.0418797,4.18188
2.69188,2.6318798,2.19188,1.9418799,1.9118799,2.0918798,2.20188,2.19188,2.24188,2.3618798,2.45188,2.55188,2.70188,2.78188,2.8918798,2.8118799,2.77188,2.73188,2.6718798,2.47188,2.26188,2.03188,1.7218798,1.4118799,0.8018799,0.21187988,-0.15812011,-0.5181201,-0.9481201,-1.4981201,-2.23812,-2.53812,-2.6881201,-2.8881202,-1.3681201,3.5618799,6.95188,7.12188,6.14188,5.60188,5.15188,3.8418798,1.6818799,-0.41812012,-0.3281201,0.8418799,1.9818798,2.54188,3.44188,4.39188,5.38188,6.17188,7.12188,7.5418797,7.2918797,5.47188,4.0418797,3.5618799,2.29188
1.7818799,1.4918799,1.3018799,1.5918798,1.8818799,2.1718798,2.0818799,2.1218798,2.1218798,2.1518798,2.1618798,2.1518798,2.1418798,2.1018798,2.03188,1.8718799,1.7218798,1.6218799,1.4718798,1.2418799,1.0318799,0.70187986,0.3218799,-0.038120117,-0.44812012,-0.9581201,-1.5381202,-2.03812,-2.3281202,-2.6181202,-3.0981202,-3.6381202,-4.21812,-4.77812,-5.48812,-5.8081203,-6.9781203,-8.15812,-8.82812,-8.51812,-7.8081203,-6.37812,-4.7281203,-2.79812,-1.9581201,-1.1281201,0.6018799,2.01188,2.74188,3.5618799,4.24188,4.72188,4.99188,3.6318798,0.17187989,-1.4581201,-1.6981201,-2.4381201,-3.04812
0.51187986,0.051879883,0.6618799,1.2518799,1.6118798,1.9818798,2.05188,1.9518799,1.9218799,1.9218799,1.9118799,1.8918799,1.7718799,1.6018798,1.4018799,1.1818799,1.0218799,0.8418799,0.6618799,0.5018799,0.37187988,0.13187988,-0.14812012,-0.49812013,-0.8481201,-1.1681201,-1.5381202,-1.9881201,-2.55812,-3.1281202,-3.47812,-3.74812,-4.10812,-4.5581203,-5.0181203,-5.4981203,-6.07812,-6.43812,-6.64812,-6.52812,-6.0381203,-5.3081203,-4.35812,-3.06812,-2.01812,-1.2581201,-0.30812013,0.5518799,0.89187986,0.4218799,0.18187988,-0.008120117,-0.8281201,-1.6081201,-1.9581201,-2.3481202,-2.71812,-3.4281201,-4.42812
-1.1681201,-0.40812013,0.31187987,0.9818799,1.5818799,1.8318799,1.8718799,1.9118799,1.8818799,1.9118799,1.8918799,1.8218799,1.6618799,1.5618799,1.4018799,1.1618799,0.88187987,0.6618799,0.46187988,0.30187988,0.18187988,0.10187988,-0.018120117,-0.2681201,-0.44812012,-0.7181201,-1.0681201,-1.4081202,-1.7181201,-2.0981202,-2.54812,-3.00812,-3.4381201,-3.77812,-4.0381203,-4.25812,-4.4981203,-4.77812,-4.86812,-4.82812,-4.7481203,-4.48812,-4.06812,-3.6681201,-3.44812,-3.31812,-3.29812,-3.47812,-3.44812,-3.20812,-3.0981202,-2.99812,-3.0881202,-3.3681202,-3.72812,-4.13812,-4.69812,-5.25812,-5.7681203
0.14187989,0.89187986,1.4518799,1.9018799,2.1318798,2.24188,2.28188,2.3418798,2.4018798,2.43188,2.45188,2.45188,2.3618798,2.1018798,1.7918799,1.5018799,1.2218798,0.9318799,0.76187986,0.64187986,0.5018799,0.47187987,0.40187988,0.30187988,0.15187988,-0.058120117,-0.28812012,-0.5281201,-0.8881201,-1.2081201,-1.4581201,-1.7181201,-2.04812,-2.4281201,-2.81812,-3.0881202,-3.1781201,-3.1881201,-3.3581202,-3.70812,-3.94812,-4.13812,-4.35812,-4.5381203,-4.66812,-4.81812,-4.89812,-4.84812,-4.75812,-4.7881203,-5.00812,-5.4581203,-6.0381203,-6.46812,-6.81812,-7.15812,-7.36812,-7.59812,-7.67812
2.27188,2.5718799,2.68188,2.68188,2.69188,2.79188,2.99188,3.18188,3.3118799,3.3218799,3.25188,3.18188,3.04188,2.8218799,2.54188,2.24188,1.9318799,1.6318799,1.4018799,1.2618799,1.1318799,1.0318799,0.9918799,0.8518799,0.7418799,0.6518799,0.5018799,0.21187988,-0.16812012,-0.5381201,-0.8281201,-1.0381202,-1.2181201,-1.3581201,-1.5181202,-1.8081201,-2.1381202,-2.47812,-2.81812,-3.1581202,-3.6381202,-4.15812,-4.5181203,-4.85812,-5.11812,-5.2481203,-5.39812,-5.7881203,-6.5581203,-7.62812,-8.69812,-9.66812,-10.468121,-10.7981205,-10.59812,-9.97812,-9.27812,-8.81812,-8.60812
