raw-data-f/2018100712f3.json
{"header": { "discipline":0, "disciplineName":"Meteorological products", "gribEdition":2, "gribLength":75343, "center":7, "centerName":"US National Weather Service - NCEP(WMC)", "subcenter":0, "refTime":"2018-10-07T12:00:00.000Z", "significanceOfRT":1, "significanceOfRTName":"Start of forecast", "productStatus":0, "productStatusName":"Operational products", "productType":1, "productTypeName":"Forecast products", "productDefinitionTemplate":0, "productDefinitionTemplateName":"Analysis/forecast at horizontal level/layer at a point in time", "parameterCategory":2, "parameterCategoryName":"Momentum", "parameterNumber":2, "parameterNumberName":"U-component_of_wind", "parameterUnit":"m.s-1", "genProcessType":2, "genProcessTypeName":"Forecast", "forecastTime":3, "surface1Type":103, "surface1TypeName":"Specified height level above ground", "surface1Value":10.0, "surface2Type":255, "surface2TypeName":"Missing", "surface2Value":0.0, "gridDefinitionTemplate":0, "gridDefinitionTemplateName":"Latitude_Longitude", "numberPoints":65160, "shape":6, "shapeName":"Earth spherical with radius of 6,371,229.0 m", "gridUnits":"degrees", "resolution":48, "winds":"true", "scanMode":0, "nx":360, "ny":181, "basicAngle":0, "lo1":0.0, "la1":90.0, "lo2":359.0, "la2":-90.0, "dx":1.0, "dy":1.0 }, "data":
[rows 78 to 103 of 181, columns 232 to 289 of 360]
13.233212,13.243213,10.553213,7.923213,5.1832128,4.713213,3.763213,2.8832128,2.463213,2.693213,3.183213,2.013213,2.433213,2.523213,3.303213,4.5332127,6.043213,6.983213,6.543213,6.843213,6.5332127,4.213213,4.063213,2.8232129,3.1032128,4.343213,5.443213,6.323213,6.883213,7.4732127,7.2232127,6.333213,6.523213,7.693213,8.163213,7.663213,-0.24678712,-0.2767871,1.4532129,2.263213,2.193213,2.1232128,0.2232129,3.053213,1.1332129,1.0532129,-1.3767871,-2.3967872,-2.8667872,-1.9967871,-0.3467871,0.6532129,-2.4367871,-1.4767871,0.5632129,0.9632129,0.20321289,-4.5267873
10.723213,10.733212,9.863213,7.153213,5.7032127,4.913213,4.193213,2.9032128,1.9532129,2.723213,2.3432128,2.673213,3.0832129,2.8432128,3.6132128,4.803213,6.173213,7.553213,7.043213,8.203213,7.863213,6.623213,5.983213,6.483213,5.523213,6.4932127,7.663213,8.043213,7.4332128,7.7232127,7.633213,8.343213,7.713213,8.923213,8.353213,8.013213,5.913213,1.5432129,1.7032129,2.043213,1.8932129,3.003213,-1.766787,-0.4367871,-0.07678711,1.7732129,-0.6367871,-2.1667871,-1.016787,-1.5667871,-0.6067871,1.4132129,1.4332129,1.7632129,1.483213,-0.8267871,-0.04678711,1.5032129
9.393213,9.823213,8.283213,7.173213,5.633213,3.753213,3.713213,2.0932128,2.423213,1.8232129,1.613213,2.253213,1.983213,3.023213,3.743213,4.7432127,5.483213,7.003213,7.4332128,8.103213,7.673213,7.2232127,6.213213,6.553213,7.113213,7.213213,7.4332128,7.313213,6.923213,7.023213,6.793213,6.803213,6.983213,7.733213,6.443213,5.293213,3.043213,2.1232128,2.013213,1.8332129,2.233213,2.973213,1.1232129,0.18321289,0.07321289,0.14321288,1.2732129,-0.41678712,-0.7267871,-1.6767871,0.3532129,-0.3967871,0.4232129,1.113213,-1.6567872,-0.05678711,0.023212891,1.2832129
8.343213,8.503213,7.903213,5.9932127,4.113213,2.8132129,2.713213,1.7832129,1.863213,1.483213,1.4532129,0.9032129,1.1032128,1.7532129,2.8532128,4.5332127,5.873213,6.713213,6.293213,8.283213,7.813213,6.583213,7.103213,6.773213,6.133213,6.443213,6.313213,6.093213,6.503213,6.623213,5.623213,5.983213,5.833213,5.4932127,4.873213,3.513213,2.533213,2.423213,1.9332129,1.9532129,2.0932128,2.3332129,1.6932129,1.5632129,1.8732129,1.0832129,-0.38678712,0.4432129,-1.2967871,0.7432129,0.6132129,1.1732129,-0.23678711,0.14321288,-0.07678711,-1.0367872,0.9332129,1.1232129
7.593213,7.443213,6.413213,4.053213,1.7032129,1.8432128,2.183213,1.7232128,0.7032129,1.4032129,1.6232129,0.07321289,0.75321287,0.7432129,2.483213,4.403213,5.303213,6.233213,6.543213,6.7632127,6.363213,5.483213,5.023213,5.0132127,4.923213,5.093213,5.593213,5.6832128,5.383213,5.123213,5.373213,5.003213,4.363213,4.2632127,4.133213,2.6532128,2.1032128,1.863213,1.6232129,1.613213,1.9232129,2.0632129,1.9732128,2.3432128,2.493213,3.513213,3.943213,2.1432128,2.033213,0.0032128906,0.4432129,-0.2767871,-0.3067871,0.4432129,-1.2767872,-1.6467872,-0.6867871,-1.266787
6.593213,5.9332128,3.5832129,0.7132129,1.3532128,1.3732129,1.3132129,1.4132129,0.6232129,1.2032129,1.5432129,0.15321289,0.1332129,0.6532129,1.8332129,3.433213,4.363213,4.483213,5.4532127,5.893213,4.5132127,3.6532128,4.0332127,4.073213,3.963213,4.523213,5.003213,4.4932127,4.5332127,4.613213,4.633213,3.493213,3.493213,3.303213,3.263213,2.1532128,1.6832129,1.3032129,1.4032129,1.0532129,1.6232129,2.023213,2.1032128,1.4732128,2.743213,2.733213,3.503213,3.423213,3.503213,3.033213,0.75321287,0.3132129,-0.6267871,-1.1967871,0.3132129,1.5432129,-1.6667871,-0.3767871
5.593213,3.173213,0.6032129,-0.116787106,0.7032129,1.1032128,0.4232129,0.8332129,0.7732129,0.43321288,0.63321286,0.10321289,-0.1667871,0.6832129,1.233213,2.4032128,3.203213,3.1432128,3.8932128,4.123213,3.1432128,2.8732128,3.003213,3.783213,3.3432128,3.473213,4.273213,3.743213,3.453213,3.783213,3.443213,2.6132128,2.773213,3.4032128,2.1132128,1.8032129,1.2832129,0.8932129,0.94321287,0.8732129,0.9532129,1.0132129,1.8832129,1.9032129,1.7532129,2.3632128,2.6232128,3.1632128,2.8832128,2.423213,2.253213,0.30321288,-1.7567871,-1.1067871,1.2532129,-0.3367871,-1.5467871,-0.01678711
3.6432128,0.9832129,-0.3467871,-0.3467871,0.6432129,0.30321288,0.1332129,0.14321288,-0.06678711,-0.1967871,0.08321289,-0.61678714,-0.5067871,0.4232129,0.6432129,1.6332129,2.3132129,2.013213,2.013213,2.423213,2.293213,2.5732129,2.933213,2.703213,2.503213,2.5632129,2.933213,3.003213,2.793213,2.453213,2.263213,2.463213,2.983213,2.193213,1.4032129,1.0232129,0.6232129,0.7132129,-0.24678712,0.39321288,-0.06678711,0.6032129,1.0632129,1.0132129,1.6432129,1.9132129,2.3932128,2.3832128,2.223213,2.3732128,3.213213,0.18321289,-1.1067871,-1.9767871,-1.3767871,-1.0567871,-0.4067871,-0.08678711
1.233213,-0.07678711,-0.6067871,-0.09678711,-0.8367871,-0.8467871,-0.7067871,-0.55678713,-0.8467871,-0.9367871,-1.136787,-0.8567871,-0.7967871,-0.02678711,0.3732129,0.7132129,0.94321287,1.1532129,1.4032129,1.4232129,1.4532129,1.9232129,1.5332129,1.8232129,2.203213,1.7732129,1.7432129,1.9532129,2.283213,1.9932129,1.4732128,1.8032129,1.7032129,0.5832129,0.7332129,0.5532129,-0.7367871,-0.4967871,-0.3467871,-0.6567871,-0.4867871,-0.3067871,0.14321288,0.8432129,1.3332129,1.6032128,2.1232128,2.0832129,1.9332129,3.463213,3.233213,1.3732129,0.4532129,-0.6267871,-2.806787,0.5132129,0.5332129,0.8132129
-0.6067871,-1.3367871,-1.3667871,-1.5767871,-2.1367872,-1.8467871,-1.6767871,-1.4767871,-1.6267871,-1.5967871,-1.886787,-1.6167871,-1.266787,-1.1167871,-0.6867871,-0.10678711,0.2832129,0.27321288,0.69321287,0.75321287,0.8132129,0.9232129,1.0032129,1.4132129,1.3932129,1.1332129,0.9032129,1.0632129,1.6432129,1.3732129,0.46321288,0.46321288,0.5232129,0.04321289,-0.09678711,-0.6067871,-1.3767871,-0.7567871,-1.2767872,-1.5967871,-1.3767871,-1.2167871,-0.9567871,-0.02678711,0.7132129,1.8332129,2.463213,1.8032129,2.9032128,3.053213,1.9932129,1.3532128,-1.3367871,0.2832129,-0.9567871,0.94321287,0.8932129,0.46321288
-2.016787,-2.8667872,-2.8367872,-2.8367872,-3.036787,-2.706787,-2.6667871,-2.486787,-2.296787,-2.1167872,-2.286787,-2.306787,-2.1467872,-2.256787,-1.5067871,-1.1267871,-0.8567871,-0.5767871,0.063212894,-0.02678711,0.10321289,0.20321289,0.2232129,0.21321289,0.2932129,0.23321289,0.063212894,-0.06678711,0.2932129,0.20321289,-0.1667871,-0.4567871,-0.6367871,-0.8867871,-1.0567871,-1.1667871,-1.7267871,-1.3967872,-2.046787,-2.076787,-2.1867871,-2.016787,-1.5567871,-1.0867871,0.11321289,1.2232128,1.8732129,2.503213,3.0932128,2.493213,0.5432129,2.1032128,-1.7167871,-1.0667871,0.63321286,0.2832129,0.4032129,0.3232129
-2.8767872,-3.726787,-3.9167871,-3.976787,-3.986787,-3.6267872,-3.696787,-3.246787,-2.776787,-2.6767871,-2.696787,-2.786787,-2.9267871,-2.8567872,-2.4367871,-2.1267872,-1.9967871,-1.3967872,-1.1867871,-1.266787,-0.8967871,-0.6967871,-0.6367871,-0.8867871,-0.5867871,-0.6567871,-0.7067871,-0.9567871,-0.9867871,-0.9067871,-1.3767871,-1.4767871,-1.4367871,-1.6267871,-1.9967871,-1.3567871,-2.3767872,-2.306787,-2.446787,-2.766787,-2.736787,-2.456787,-2.206787,-1.3367871,0.11321289,0.8632129,1.7532129,2.773213,2.9032128,0.5632129,0.8632129,-2.026787,-0.07678711,0.18321289,0.5232129,0.8432129,0.2532129,0.69321287
-3.766787,-4.726787,-4.996787,-4.866787,-4.786787,-4.4867873,-4.286787,-3.776787,-3.4367871,-3.226787,-3.326787,-3.4167871,-3.466787,-3.276787,-3.1667871,-2.6667871,-2.4067872,-2.276787,-2.3967872,-2.306787,-1.9467871,-1.7167871,-1.516787,-1.8567871,-1.5967871,-1.516787,-1.4767871,-1.6467872,-1.7467871,-1.8367871,-2.3967872,-2.516787,-2.526787,-2.326787,-1.9767871,-1.766787,1.2432129,-2.976787,-2.8367872,-3.256787,-3.026787,-2.6367872,-2.296787,-1.6267871,0.7932129,1.733213,3.0632129,2.8532128,1.7732129,1.5832129,-2.6167872,-0.67678714,0.1932129,0.2432129,0.7432129,0.3732129,-0.036787108,0.7032129
-4.536787,-5.186787,-5.336787,-5.396787,-5.606787,-5.336787,-4.706787,-4.086787,-3.966787,-3.806787,-3.9067872,-3.8767872,-3.9067872,-3.6867871,-3.3967872,-3.1267872,-3.1567872,-3.026787,-3.066787,-3.1367872,-2.9167871,-2.496787,-2.226787,-2.066787,-2.226787,-2.1567872,-1.8967872,-2.026787,-2.316787,-2.546787,-2.6667871,-2.976787,-2.986787,-3.306787,-2.806787,-2.716787,-3.6267872,-3.3767872,-3.1767871,-3.3667872,-3.256787,-2.8367872,-2.3867872,-2.036787,0.8632129,2.013213,2.8532128,2.8732128,0.8632129,1.3732129,-1.9467871,-0.6067871,0.7632129,0.03321289,-0.2267871,-0.4267871,0.2632129,0.6632129
-5.136787,-5.426787,-5.766787,-5.806787,-5.906787,-5.4667873,-5.186787,-4.5667872,-4.606787,-4.426787,-4.406787,-4.2567873,-4.2767873,-3.9267871,-3.6467872,-3.826787,-3.506787,-3.546787,-3.6767871,-3.756787,-3.946787,-3.806787,-3.466787,-2.9067872,-2.566787,-2.4367871,-3.016787,-3.1267872,-3.1367872,-3.286787,-3.6067872,-3.8367872,-3.8767872,-3.816787,-3.3867872,-3.6467872,-3.3667872,-3.726787,-3.826787,-3.256787,-3.496787,-2.4167871,-2.466787,-0.9567871,0.12321289,1.3132129,2.673213,3.3832128,0.49321288,2.743213,-1.9567871,0.7032129,0.7732129,-0.8867871,-0.35678712,-0.4967871,-0.4667871,0.5632129
-5.696787,-5.826787,-6.0667872,-6.076787,-6.136787,-5.9667873,-5.5467873,-5.386787,-5.336787,-5.166787,-5.0467873,-4.976787,-4.7167873,-4.326787,-4.346787,-3.756787,-3.9067872,-4.146787,-4.286787,-4.606787,-4.666787,-4.606787,-4.436787,-4.346787,-3.1367872,-2.8467872,-2.9367871,-3.6767871,-3.4367871,-3.826787,-4.176787,-4.326787,-4.396787,-4.3167872,-3.6667871,-4.246787,-3.566787,-3.706787,-3.746787,-3.8767872,-3.226787,-3.016787,-2.6067872,-1.7767872,-1.0467871,-0.15678711,1.6332129,5.163213,3.673213,-4.286787,-0.38678712,0.7932129,0.27321288,-0.4667871,-0.6967871,-0.7267871,-0.3267871,0.5532129
-6.306787,-6.346787,-6.616787,-6.806787,-6.706787,-6.606787,-6.376787,-6.166787,-5.9867873,-5.906787,-5.7767873,-5.516787,-5.266787,-4.726787,-4.416787,-4.456787,-4.626787,-4.7367873,-4.646787,-4.956787,-5.196787,-5.106787,-4.7967873,-4.496787,-4.086787,-3.8767872,-4.076787,-4.4667873,-4.426787,-4.2567873,-4.436787,-4.246787,-4.666787,-4.366787,-4.126787,-4.2167873,-3.8567872,-3.776787,-4.036787,-3.756787,-3.6267872,-3.4367871,-2.556787,-1.6267871,-1.2267871,-1.4767871,0.33321288,4.163213,0.9032129,-2.1867871,-0.7667871,-0.06678711,0.17321289,0.04321289,-0.4367871,-0.5767871,0.063212894,0.46321288
-6.5267873,-6.456787,-6.746787,-6.876787,-6.916787,-7.0667872,-7.0267873,-6.886787,-6.706787,-6.7167873,-6.346787,-5.676787,-5.386787,-5.266787,-4.856787,-5.0667872,-5.476787,-5.666787,-5.5267873,-5.5267873,-5.7167873,-5.806787,-5.706787,-5.4867873,-5.676787,-5.286787,-5.746787,-4.976787,-5.2567873,-5.266787,-5.036787,-4.7767873,-4.7367873,-4.626787,-4.436787,-4.456787,-4.2567873,-3.986787,-3.756787,-4.2967873,-3.826787,-3.256787,-2.526787,-1.2367871,-1.0767871,-1.6767871,-1.4667871,-0.28678712,1.613213,-0.4567871,0.9332129,0.6432129,0.2832129,-0.4367871,0.11321289,-0.31678712,-0.13678712,0.21321289
-6.516787,-6.826787,-7.226787,-6.836787,-7.206787,-7.536787,-7.626787,-7.496787,-7.186787,-6.4867873,-6.196787,-6.0067873,-5.976787,-5.836787,-5.676787,-5.886787,-6.246787,-6.2367873,-6.366787,-6.416787,-6.436787,-6.406787,-6.076787,-5.876787,-6.186787,-6.156787,-5.996787,-6.056787,-6.036787,-5.586787,-5.496787,-5.2767873,-4.906787,-4.936787,-4.686787,-4.406787,-4.426787,-4.596787,-3.956787,-3.6367872,-3.576787,-2.9367871,-2.3767872,-1.0667871,-1.1467872,-1.7767872,-1.7767872,-1.266787,2.053213,-3.996787,-0.25678712,0.023212891,0.3432129,-0.2267871,-0.21678711,0.023212891,0.4232129,0.2632129
-6.836787,-7.176787,-7.386787,-7.086787,-7.406787,-7.516787,-7.5267873,-7.306787,-6.386787,-6.596787,-6.936787,-6.926787,-6.786787,-6.726787,-6.5067873,-6.5467873,-6.916787,-6.696787,-6.866787,-6.896787,-6.766787,-6.666787,-6.356787,-6.2167873,-6.206787,-6.386787,-6.0467873,-5.936787,-5.666787,-6.146787,-6.206787,-6.0267873,-5.596787,-5.076787,-4.936787,-4.7167873,-4.5067873,-4.2767873,-4.426787,-3.706787,-3.3367872,-2.756787,-2.476787,-1.0367872,-1.4767871,-1.4867871,-1.5867871,-1.1467872,-1.1467872,2.1632128,-1.6567872,-0.9067871,0.46321288,-0.08678711,0.4532129,0.23321289,0.4832129,0.4232129
-7.0067873,-7.656787,-7.4867873,-7.656787,-7.406787,-7.416787,-7.156787,-6.826787,-6.836787,-6.916787,-7.2567873,-7.016787,-7.2167873,-7.336787,-7.346787,-7.4667873,-7.5667872,-7.476787,-7.426787,-7.2167873,-7.326787,-6.9667873,-6.866787,-6.936787,-6.886787,-7.036787,-6.906787,-6.866787,-6.616787,-6.7167873,-6.786787,-6.5067873,-6.016787,-5.846787,-5.196787,-4.7967873,-4.606787,-4.416787,-4.386787,-3.4267871,-3.4067872,-2.9167871,-2.496787,-1.7467871,-1.2467871,-1.6967871,-1.6667871,-0.8367871,-1.4267871,1.8132129,-2.256787,-1.0767871,1.1432129,-0.1967871,1.0332129,0.7832129,0.7032129,0.8532129
-7.576787,-7.5067873,-7.496787,-7.556787,-7.686787,-7.806787,-7.356787,-7.136787,-7.0467873,-7.2967873,-7.346787,-7.436787,-7.7567873,-7.846787,-7.856787,-8.106787,-8.286787,-8.126787,-7.866787,-7.656787,-7.616787,-7.606787,-7.576787,-7.576787,-7.4667873,-7.436787,-7.2767873,-7.116787,-7.206787,-7.166787,-6.626787,-6.536787,-6.336787,-6.326787,-5.5467873,-5.2167873,-4.926787,-4.806787,-3.956787,-3.506787,-3.516787,-3.306787,-2.726787,-2.3867872,-1.7967871,-2.1467872,-1.8167871,-0.86678714,-2.1067872,-1.516787,3.1132128,-1.1967871,1.1632129,0.15321289,0.9032129,0.8332129,1.1232129,1.1432129
-7.626787,-7.386787,-7.206787,-8.006787,-8.066787,-7.766787,-7.766787,-7.676787,-7.556787,-7.646787,-7.626787,-7.586787,-8.086787,-8.076787,-8.326787,-8.336787,-8.506787,-8.236787,-8.3067875,-8.096787,-8.026787,-8.196787,-8.176787,-8.136787,-7.976787,-7.826787,-7.636787,-7.576787,-7.386787,-7.356787,-7.0067873,-6.806787,-6.386787,-6.576787,-5.7567873,-5.496787,-5.116787,-4.656787,-4.116787,-3.5867872,-3.496787,-3.486787,-3.266787,-2.776787,-2.3367872,-2.246787,-2.1367872,-1.6067871,-1.8267871,-0.80678713,2.933213,-0.8267871,-0.18678711,-0.5767871,0.0032128906,1.0232129,1.4032129,1.3332129
-7.2167873,-7.226787,-7.896787,-8.436787,-8.236787,-8.236787,-7.926787,-7.7167873,-8.076787,-7.636787,-7.856787,-8.026787,-8.266788,-8.336787,-8.686787,-8.5567875,-8.606787,-8.526787,-8.376787,-8.5567875,-8.336787,-8.396787,-8.426787,-8.506787,-8.476788,-8.356787,-8.216787,-7.886787,-7.686787,-7.326787,-7.126787,-6.896787,-6.836787,-6.2967873,-6.116787,-5.406787,-5.166787,-4.786787,-4.0667872,-3.8767872,-3.446787,-3.6467872,-3.726787,-3.226787,-2.9267871,-2.446787,-2.3367872,-1.9967871,-1.5767871,-1.0067871,0.5932129,2.423213,-2.266787,-0.5867871,-0.4967871,1.1432129,1.6832129,1.6632129
-6.4667873,-7.9667873,-7.9667873,-7.896787,-8.676787,-8.376787,-8.196787,-8.016788,-8.016788,-7.636787,-7.956787,-8.396787,-8.316787,-8.646787,-8.576787,-8.526787,-8.536787,-8.566787,-8.536787,-8.466787,-8.436787,-8.466787,-8.626787,-8.726788,-8.686787,-8.686787,-8.486787,-8.256787,-7.9667873,-7.656787,-7.336787,-7.056787,-6.696787,-6.326787,-5.976787,-5.746787,-5.2567873,-4.976787,-4.2367873,-4.076787,-3.6067872,-3.716787,-3.766787,-3.446787,-3.026787,-2.296787,-2.1567872,-1.7267871,-1.0967871,-0.6467871,0.5332129,2.283213,1.4332129,-2.796787,-0.13678712,-0.2267871,0.63321286,1.7132128
-6.356787,-8.376787,-8.116787,-8.066787,-8.676787,-8.276787,-7.766787,-7.876787,-7.826787,-7.556787,-7.846787,-8.406787,-8.266788,-8.596787,-8.726788,-8.446787,-8.416787,-8.346787,-8.436787,-8.586787,-8.646787,-8.686787,-8.736787,-8.796787,-8.756787,-8.916787,-8.636787,-8.396787,-8.176787,-7.866787,-7.576787,-7.426787,-6.866787,-6.636787,-6.416787,-6.206787,-5.7967873,-5.496787,-4.856787,-4.586787,-4.126787,-3.9267871,-3.756787,-3.536787,-3.206787,-2.536787,-2.1367872,-1.5967871,-1.386787,-1.1767871,-0.4367871,-0.28678712,2.8832128,0.14321288,-1.516787,-0.5167871,0.8432129,-0.1467871
