raw-data-f/2018100918.json
{"header": { "discipline":0, "disciplineName":"Meteorological products", "gribEdition":2, "gribLength":75039, "center":7, "centerName":"US National Weather Service - NCEP(WMC)", "subcenter":0, "refTime":"2018-10-09T18:00:00.000Z", "significanceOfRT":1, "significanceOfRTName":"Start of forecast", "productStatus":0, "productStatusName":"Operational products", "productType":1, "productTypeName":"Forecast products", "productDefinitionTemplate":0, "productDefinitionTemplateName":"Analysis/forecast at horizontal level/layer at a point in time", "parameterCategory":2, "parameterCategoryName":"Momentum", "parameterNumber":3, "parameterNumberName":"V-component_of_wind", "parameterUnit":"m.s-1", "genProcessType":2, "genProcessTypeName":"Forecast", "forecastTime":0, "surface1Type":103, "surface1TypeName":"Specified height level above ground", "surface1Value":10.0, "surface2Type":255, "surface2TypeName":"Missing", "surface2Value":0.0, "gridDefinitionTemplate":0, "gridDefinitionTemplateName":"Latitude_Longitude", "numberPoints":65160, "shape":6, "shapeName":"Earth spherical with radius of 6,371,229.0 m", "gridUnits":"degrees", "resolution":48, "winds":"true", "scanMode":0, "nx":360, "ny":181, "basicAngle":0, "lo1":0.0, "la1":90.0, "lo2":359.0, "la2":-90.0, "dx":1.0, "dy":1.0 }, "data":
[rows 0 to 25 of 181, columns 60 to 119 of 360]
1.0341918,1.1041919,1.184192,1.2541919,1.3241919,1.3941919,1.4641919,1.5341918,1.6041919,1.674192,1.7441919,1.804192,1.8741919,1.9441919,2.0041919,2.0741918,2.134192,2.204192,2.2641919,2.3341918,2.394192,2.454192,2.5141919,2.5741918,2.634192,2.694192,2.7541919,2.8041918,2.864192,2.914192,2.974192,3.0241919,3.0741918,3.124192,3.174192,3.224192,3.2741919,3.3241918,3.374192,3.414192,3.464192,3.5041919,3.5441918,3.5841918,3.624192,3.664192,3.704192,3.744192,3.7741919,3.8141918,3.8441918,3.874192,3.904192,3.934192,3.964192,3.994192,4.014192,4.044192,4.064192,4.094192
3.0341918,3.0641918,3.1041918,3.134192,3.174192,3.204192,3.244192,3.2741919,3.3041918,3.3441918,3.374192,3.404192,3.434192,3.474192,3.5041919,3.5341918,3.5641918,3.5941918,3.634192,3.664192,3.694192,3.734192,3.7641919,3.8041918,3.8341918,3.874192,3.904192,3.944192,3.984192,4.014192,4.054192,4.094192,4.134192,4.174192,4.214192,4.254192,4.294192,4.334192,4.384192,4.424192,4.4741917,4.524192,4.574192,4.6241918,4.674192,4.7241917,4.784192,4.834192,4.8941917,4.9541917,5.004192,5.074192,5.1241918,5.1841917,5.254192,5.304192,5.3741918,5.4341917,5.504192,5.554192
5.514192,5.494192,5.4741917,5.4541917,5.4341917,5.4141917,5.3941917,5.3741918,5.344192,5.324192,5.294192,5.274192,5.254192,5.2241917,5.214192,5.1841917,5.174192,5.154192,5.1441917,5.134192,5.1241918,5.114192,5.104192,5.104192,5.114192,5.1241918,5.134192,5.1441917,5.1641917,5.1841917,5.2041917,5.2241917,5.254192,5.274192,5.304192,5.334192,5.364192,5.3941917,5.424192,5.4541917,5.494192,5.534192,5.574192,5.614192,5.6641917,5.7041917,5.764192,5.804192,5.864192,5.924192,5.9741917,6.044192,6.104192,6.1641917,6.2241917,6.294192,6.354192,6.4141917,6.484192,6.544192
4.9341917,4.8741918,4.804192,4.744192,4.6841917,4.6241918,4.574192,4.534192,4.494192,4.4541917,4.424192,4.384192,4.364192,4.334192,4.314192,4.294192,4.264192,4.244192,4.214192,4.194192,4.1641917,4.154192,4.134192,4.1241918,4.114192,4.114192,4.114192,4.114192,4.114192,4.1241918,4.134192,4.1441917,4.1641917,4.1841917,4.2241917,4.254192,4.284192,4.324192,4.3741918,4.4141917,4.4741917,4.534192,4.584192,4.6441917,4.714192,4.794192,4.8741918,4.964192,5.044192,5.1441917,5.254192,5.364192,5.4741917,5.604192,5.734192,5.864192,6.004192,6.154192,6.294192,6.4541917
3.994192,3.894192,3.8141918,3.734192,3.654192,3.5741918,3.5041919,3.444192,3.384192,3.3241918,3.2541919,3.184192,3.114192,3.0441918,3.0041919,2.954192,2.904192,2.8541918,2.8341918,2.8141918,2.7941918,2.7741919,2.7741919,2.7741919,2.7941918,2.8141918,2.8341918,2.8541918,2.874192,2.884192,2.904192,2.894192,2.894192,2.904192,2.914192,2.934192,2.964192,3.0041919,3.0441918,3.1041918,3.164192,3.2641919,3.374192,3.494192,3.654192,3.8341918,4.024192,4.214192,4.4141917,4.634192,4.854192,5.094192,5.364192,5.634192,5.9141917,6.174192,6.384192,6.564192,6.6841917,6.764192
3.184192,3.144192,3.114192,3.0641918,3.0141919,2.964192,2.924192,2.884192,2.8341918,2.7941918,2.7541919,2.724192,2.664192,2.5741918,2.454192,2.3441918,2.234192,2.124192,2.0141919,1.924192,1.8641919,1.8241919,1.804192,1.7841918,1.7641919,1.7541919,1.7341919,1.7141919,1.7041919,1.7041919,1.7141919,1.7341919,1.7541919,1.7941918,1.8441919,1.934192,2.0641918,2.244192,2.454192,2.704192,2.954192,3.204192,3.434192,3.644192,3.8441918,4.004192,4.2041917,4.4141917,4.594192,4.754192,4.924192,5.014192,5.074192,5.104192,5.1241918,5.154192,5.214192,5.344192,5.574192,5.844192
1.8141919,1.7641919,1.7141919,1.6541919,1.5941919,1.554192,1.5341918,1.5341918,1.5641919,1.6041919,1.6541919,1.6941919,1.7441919,1.7741919,1.7941918,1.7941918,1.7341919,1.6341919,1.4741919,1.2541919,1.0341918,0.82419187,0.6841919,0.6041919,0.5941919,0.6141919,0.6641919,0.7041919,0.7441919,0.76419187,0.7741919,0.7941919,0.82419187,0.9041919,1.0341918,1.184192,1.3441919,1.5141919,1.6941919,1.8741919,2.1041918,2.424192,2.744192,3.134192,3.5041919,3.7941918,4.064192,4.234192,4.384192,4.484192,4.574192,4.654192,4.764192,4.9341917,5.134192,5.354192,5.514192,5.6241918,5.634192,5.6241918
3.8041918,3.704192,3.624192,3.5341918,3.434192,3.3041918,3.144192,2.964192,2.7541919,2.5241919,2.2841918,2.0241919,1.6041919,1.3941919,1.2241919,1.0841919,0.9741919,0.9441919,0.82419187,0.6741919,0.5241919,0.37419188,0.2641919,0.1641919,0.084191896,0.014191895,-0.025808105,-0.055808105,-0.055808105,-0.015808105,0.06419189,0.2041919,0.37419188,0.57419187,0.8041919,1.0341918,1.2741919,1.5441918,1.8141919,2.1041918,2.404192,2.664192,2.874192,3.0241919,3.154192,3.2941918,3.414192,3.5341918,3.694192,3.874192,4.034192,4.154192,4.2241917,4.274192,4.274192,4.2041917,4.1241918,4.024192,3.944192,3.894192
3.234192,3.444192,3.7941918,4.1641917,4.4141917,4.4541917,4.274192,3.874192,3.3541918,2.8141918,2.2941918,1.8641919,1.5241919,1.2941918,1.1341919,1.0341918,0.9641919,0.9241919,0.9041919,0.8741919,0.82419187,0.7541919,0.6741919,0.6041919,0.5341919,0.4841919,0.43419188,0.3941919,0.3441919,0.3141919,0.2941919,0.2941919,0.3041919,0.3441919,0.3941919,0.46419188,0.5441919,0.6541919,0.7741919,0.9141919,1.1141919,1.3241919,1.5941919,1.9541919,2.114192,2.234192,2.204192,2.3241918,2.5041919,2.724192,2.924192,3.0641918,3.0941918,3.0441918,2.944192,2.8441918,2.7641919,2.724192,2.694192,2.664192
3.374192,3.0841918,3.8341918,4.174192,4.304192,3.974192,4.464192,4.344192,4.114192,3.894192,3.674192,3.444192,3.164192,2.864192,2.5841918,2.3441918,2.134192,1.9441919,1.7341919,1.4841919,1.2141919,0.9341919,0.6841919,0.4741919,0.3141919,0.2141919,0.17419189,0.1841919,0.19419189,0.2041919,0.2341919,0.4141919,0.7141919,0.9141919,0.6841919,0.1641919,-0.4758081,-1.1258081,-1.1158081,-0.6858081,-0.035808105,0.6541919,1.304192,1.9141918,2.484192,2.964192,3.204192,3.204192,2.914192,2.464192,1.9441919,1.4641919,1.0241919,0.8741919,0.8641919,0.9141919,0.9741919,0.9741919,0.9941919,0.8041919
2.3341918,2.3441918,2.5641918,2.924192,3.234192,3.424192,3.434192,3.2741919,3.0241919,2.7641919,2.5641918,2.494192,2.5041919,2.5541918,2.5341918,2.434192,2.224192,1.934192,1.554192,1.1541919,0.7741919,0.46419188,0.2741919,0.2041919,0.17419189,0.124191895,0.0741919,0.014191895,-0.1258081,-0.4458081,-0.8658081,-0.9558081,-0.25580812,1.1141919,2.624192,3.484192,4.334192,5.114192,5.1241918,3.624192,2.5241919,2.124192,2.394192,2.684192,2.5841918,2.0841918,1.4641919,1.0041919,0.8141919,0.8341919,0.8341919,0.6641919,0.3341919,-0.055808105,-0.3658081,-0.5858081,-0.73580813,-0.8758081,-1.0558081,-1.4058081
4.554192,4.634192,4.594192,4.444192,4.274192,4.074192,3.864192,3.664192,3.484192,3.3241918,3.184192,3.0241919,2.8541918,2.624192,2.3241918,2.0041919,1.6641918,1.3641919,1.1341919,0.9741919,0.8941919,0.9141919,0.9541919,1.0041919,1.0741919,1.1441919,1.174192,1.1441919,1.1441919,1.2641919,1.6041919,2.244192,3.0241919,3.444192,3.154192,2.704192,2.484192,2.444192,2.5841918,3.484192,4.904192,5.544192,4.594192,4.444192,3.0041919,2.224192,1.2141919,0.5341919,-0.1258081,-0.8958081,-1.695808,-2.305808,-2.525808,-2.335808,-2.005808,-1.8458081,-1.9758081,-2.4058082,-3.1858082,-4.415808
6.514192,6.3941917,6.274192,6.1641917,6.044192,5.9141917,5.7241917,5.564192,5.1241918,5.084192,4.754192,4.294192,3.684192,3.0441918,2.404192,1.804192,1.2641919,0.7841919,0.4141919,0.1841919,0.014191895,-0.1458081,-0.2258081,-0.085808106,0.2041919,0.5641919,0.9441919,1.3441919,1.684192,1.8341919,1.7641919,1.7741919,1.9541919,2.394192,2.8541918,3.154192,3.224192,3.0741918,2.8541918,2.5441918,1.9641919,1.4541919,1.1541919,1.1441919,1.2841918,1.3441919,1.2241919,0.8441919,0.22419189,-0.4158081,-0.8858081,-1.1158081,-1.2358081,-1.5058081,-2.005808,-2.585808,-3.335808,-4.3758082,-5.745808,-6.895808
7.494192,6.924192,7.044192,7.774192,8.614192,9.244192,9.194192,8.194192,6.824192,6.924192,6.944192,6.154192,5.1441917,4.284192,3.5341918,2.8141918,2.0941918,1.4541919,0.9141919,0.51419187,0.19419189,-0.0058081057,-0.015808105,0.084191896,0.1641919,0.2641919,0.4141919,0.57419187,0.8541919,1.3641919,2.0941918,2.724192,3.0041919,3.164192,3.224192,3.244192,3.0541918,2.7541919,2.364192,2.0541918,2.0841918,2.494192,2.5141919,2.364192,2.0341918,1.6941919,0.9741919,0.044191893,-0.3858081,-0.5958081,-1.0258081,-1.815808,-2.7258081,-3.4158082,-3.9858081,-4.635808,-5.5858083,-6.665808,-6.885808,-5.205808
11.744192,10.904192,10.064192,8.544192,6.674192,4.764192,3.984192,5.054192,6.334192,7.1641917,6.9741917,6.044192,5.254192,4.654192,3.954192,3.194192,2.464192,1.9741919,1.5341918,1.1341919,0.7841919,0.4741919,0.2941919,0.124191895,-0.2058081,-0.4058081,-0.37580812,-0.5158081,-0.9058081,-0.2358081,2.5541918,6.324192,8.774192,8.614192,6.4541917,4.3941917,4.274192,3.884192,2.7541919,2.0941918,2.0641918,2.384192,2.644192,2.5141919,1.9841919,1.7841918,1.3241919,0.2441919,-1.3058081,-2.285808,-2.815808,-2.9658082,-3.525808,-4.805808,-6.515808,-7.955808,-8.385808,-8.105808,-5.905808,-2.765808
5.8741918,6.3941917,7.754192,8.684192,8.544192,7.824192,7.294192,6.864192,6.764192,6.494192,6.054192,5.584192,5.004192,4.424192,3.934192,3.2941918,2.614192,2.0041919,1.434192,0.9041919,0.5841919,0.49419188,0.17419189,-0.1458081,0.024191894,0.5541919,1.4441919,2.7841918,3.884192,4.834192,5.544192,6.004192,5.584192,4.3741918,3.614192,3.394192,3.0841918,2.704192,2.404192,2.3441918,2.164192,1.7741919,1.3941919,0.6741919,-0.2658081,-0.4658081,-0.19580811,-0.5658081,-1.7058082,-2.615808,-2.4558082,-1.7858081,-2.4358082,-5.845808,-9.655808,-9.375808,-7.145808,-3.9958081,-0.4558081,1.7941918
10.754192,10.614192,9.624192,9.054192,8.734192,8.274192,7.714192,7.3741918,6.994192,6.284192,5.534192,4.774192,4.6241918,4.424192,4.4341917,4.074192,3.684192,3.234192,2.7841918,2.234192,1.9841919,1.7941918,1.6241919,1.8341919,2.394192,3.474192,4.734192,5.1641917,5.024192,5.524192,5.114192,4.1641917,3.864192,3.7741919,3.1041918,2.184192,1.1141919,1.2141919,1.9941919,2.3141918,2.0741918,1.924192,1.6341919,1.304192,0.7041919,-0.0058081057,-0.6358081,-1.6258081,-2.315808,-4.205808,-5.485808,-6.2958083,-5.8758082,-4.205808,-2.2058082,-0.21580811,1.0341918,1.684192,2.0141919,2.624192
11.184192,10.434192,9.844192,9.304192,8.734192,8.124192,7.634192,7.424192,7.134192,6.494192,5.364192,6.1641917,6.614192,6.194192,4.854192,3.744192,3.5641918,3.694192,3.684192,3.424192,3.654192,3.184192,3.204192,3.184192,3.434192,4.1241918,4.554192,4.464192,4.284192,4.1441917,3.954192,3.7741919,3.424192,3.0641918,2.5941918,2.224192,2.0741918,1.7641919,1.4541919,1.2641919,1.184192,1.184192,1.1241919,0.8341919,0.0741919,-0.73580813,-1.5558081,-1.6458081,-1.9758081,-2.085808,-2.105808,-2.125808,-1.8558081,-1.7058082,-1.5258081,-0.5858081,0.2441919,0.7941919,1.7341919,2.8341918
10.494192,10.504192,10.264192,9.704192,8.984192,8.324192,7.604192,6.884192,6.804192,5.104192,5.194192,5.3741918,4.6241918,5.104192,4.574192,3.864192,4.634192,3.944192,3.674192,3.424192,3.694192,4.174192,3.734192,2.984192,3.2741919,3.444192,3.3141918,3.144192,3.194192,3.3141918,3.424192,3.424192,3.214192,2.864192,2.464192,2.204192,1.8941919,1.4741919,1.2041919,1.0741919,0.7941919,0.4841919,0.4241919,0.2841919,-0.3558081,-1.4858081,-2.815808,-3.515808,-3.8958082,-4.0458083,-4.1058083,-4.245808,-4.235808,-3.4158082,-2.385808,-1.4058081,-0.6358081,0.0041918945,0.8041919,2.0641918
10.794192,11.044192,10.174191,9.444192,8.934192,8.484192,8.174191,6.574192,5.134192,4.9741917,4.714192,4.384192,4.3741918,4.824192,2.704192,2.184192,2.7641919,3.3441918,4.354192,3.5741918,3.474192,3.364192,3.5541918,4.524192,3.204192,3.244192,3.614192,3.914192,4.1241918,4.274192,4.064192,3.5641918,2.994192,2.184192,1.2141919,0.6841919,0.5341919,0.3641919,0.044191893,-0.10580811,-0.13580811,-0.6658081,-2.025808,-3.125808,-3.815808,-4.035808,-4.005808,-4.765808,-5.415808,-5.675808,-5.715808,-5.555808,-4.705808,-3.535808,-1.9358081,-0.8958081,-0.1458081,0.5541919,1.3341919,2.164192
8.244192,10.214191,9.974192,9.534192,8.954192,8.434192,7.864192,7.084192,4.114192,3.984192,4.1841917,4.744192,3.5541918,4.034192,2.6041918,2.894192,3.3441918,3.0241919,2.714192,2.404192,2.0541918,1.934192,2.0641918,1.8241919,1.8241919,2.0541918,2.0841918,2.164192,3.224192,3.2741919,3.244192,4.034192,3.2841918,1.7541919,0.8441919,0.6841919,-0.055808105,-1.5358081,-2.9758081,-4.055808,-3.585808,-3.125808,-3.1458082,-2.605808,-3.6558082,-5.3758082,-6.1258082,-6.035808,-6.465808,-5.8358083,-2.575808,-1.4858081,-1.325808,-0.8558081,-0.5558081,-0.11580811,0.5241919,1.3541919,1.7941918,1.924192
10.734192,8.474192,7.154192,7.064192,6.134192,6.4141917,7.3941917,6.654192,5.054192,2.7541919,3.0741918,3.0241919,2.664192,2.0541918,0.43419188,0.8341919,2.2541919,2.174192,1.2241919,1.2541919,1.2941918,1.6041919,1.8741919,1.6641918,1.5241919,1.2641919,2.0741918,3.0041919,1.9141918,1.7441919,1.1641918,0.8441919,1.1941919,1.5041919,2.3041918,1.8341919,1.1041919,0.7241919,0.5941919,0.22419189,-0.8058081,-1.3558081,-2.035808,-3.875808,-5.475808,-6.3358083,-6.3158083,-5.945808,-3.4058082,-0.4458081,0.3341919,0.3941919,0.6241919,0.8141919,0.9641919,0.7441919,0.4841919,0.5341919,0.5941919,0.5641919
7.1841917,7.134192,6.614192,6.324192,6.094192,6.714192,3.8441918,1.8141919,3.0541918,3.664192,3.384192,4.024192,2.7941918,1.2341919,-0.6658081,-0.8958081,0.37419188,0.46419188,-0.0958081,0.7741919,0.6941919,0.2841919,-0.025808105,0.024191894,0.2741919,-0.025808105,-0.25580812,-0.2058081,0.3541919,0.8541919,0.17419189,-0.1258081,1.0441918,0.9941919,0.43419188,0.14419189,-0.0958081,0.2441919,0.6841919,0.6941919,0.82419187,-0.3358081,-2.005808,-2.6758082,-4.205808,-6.135808,-6.245808,-4.175808,-0.6658081,1.4941919,1.9541919,1.7741919,1.8141919,1.4741919,0.46419188,-0.3958081,-0.5058081,0.084191896,-0.4158081,0.51419187
7.004192,6.544192,5.634192,5.274192,4.1841917,1.434192,-0.5458081,0.4141919,2.0541918,2.654192,2.634192,1.1441919,-1.2558081,-0.13580811,1.6641918,1.3341919,0.2741919,-0.4258081,-0.9358081,-1.4658082,-1.7958081,-1.7758081,-1.7458081,-1.7958081,-2.015808,-1.8958081,-1.2258081,-0.4758081,-0.7458081,-0.8458081,-0.1858081,0.024191894,0.22419189,0.3041919,0.5341919,0.6141919,0.8841919,0.9341919,0.4141919,0.22419189,0.034191895,-0.5758081,-1.7158082,-2.775808,-3.2358081,-2.505808,-1.4958081,-0.0658081,1.4041919,1.2541919,0.3641919,0.4741919,0.37419188,0.40419188,-0.73580813,-1.4158081,-1.8758081,-2.7458081,-1.9358081,0.5441919
6.044192,3.5841918,3.0641918,1.8941919,2.214192,1.674192,0.6141919,0.5341919,1.3941919,1.934192,1.3441919,0.094191894,0.3441919,0.044191893,-1.6558081,-2.085808,-2.545808,-3.125808,-3.325808,-3.3958082,-3.565808,-3.385808,-3.2358081,-3.305808,-2.845808,-2.2458081,-2.6558082,-2.635808,-1.8958081,-1.2258081,-1.1158081,-0.4658081,-0.16580811,-0.3058081,0.3941919,0.5841919,1.1141919,1.1641918,0.8741919,0.8741919,0.7541919,0.8341919,1.4141918,0.76419187,0.1341919,-0.2758081,-0.10580811,0.06419189,0.3841919,0.124191895,-0.045808107,-0.015808105,-0.4358081,-0.5858081,-1.7058082,-2.285808,-2.9158082,-3.4258082,-1.9858081,-0.3058081
1.7041919,1.2941918,1.924192,4.344192,3.164192,2.0941918,0.6441919,0.0041918945,0.034191895,-0.1458081,-1.195808,-2.275808,-2.9358082,-3.4458082,-3.9358082,-4.5258083,-5.225808,-5.7958083,-5.885808,-5.995808,-5.945808,-5.675808,-5.405808,-5.175808,-4.5858083,-4.3358083,-4.265808,-3.7458081,-1.575808,-0.3058081,-0.5058081,0.3841919,0.7441919,0.1541919,0.49419188,0.4741919,0.6841919,1.1541919,1.684192,1.0941919,0.9541919,1.184192,1.2941918,1.4641919,0.4441919,0.57419187,0.4141919,0.014191895,0.19419189,-0.3858081,-0.6258081,-0.7558081,-0.9558081,-1.6858081,-2.095808,-1.815808,-2.1758082,-1.8358082,-0.7258081,0.014191895
