raw-data-f/2018100618.json
{"header": { "discipline":0, "disciplineName":"Meteorological products", "gribEdition":2, "gribLength":74553, "center":7, "centerName":"US National Weather Service - NCEP(WMC)", "subcenter":0, "refTime":"2018-10-06T18:00:00.000Z", "significanceOfRT":1, "significanceOfRTName":"Start of forecast", "productStatus":0, "productStatusName":"Operational products", "productType":1, "productTypeName":"Forecast products", "productDefinitionTemplate":0, "productDefinitionTemplateName":"Analysis/forecast at horizontal level/layer at a point in time", "parameterCategory":2, "parameterCategoryName":"Momentum", "parameterNumber":3, "parameterNumberName":"V-component_of_wind", "parameterUnit":"m.s-1", "genProcessType":2, "genProcessTypeName":"Forecast", "forecastTime":0, "surface1Type":103, "surface1TypeName":"Specified height level above ground", "surface1Value":10.0, "surface2Type":255, "surface2TypeName":"Missing", "surface2Value":0.0, "gridDefinitionTemplate":0, "gridDefinitionTemplateName":"Latitude_Longitude", "numberPoints":65160, "shape":6, "shapeName":"Earth spherical with radius of 6,371,229.0 m", "gridUnits":"degrees", "resolution":48, "winds":"true", "scanMode":0, "nx":360, "ny":181, "basicAngle":0, "lo1":0.0, "la1":90.0, "lo2":359.0, "la2":-90.0, "dx":1.0, "dy":1.0 }, "data":
[rows 26 to 51 of 181, columns 180 to 239 of 360]
-3.8303978,-3.890398,-3.750398,-4.1903977,-4.800398,-4.610398,-4.750398,-5.330398,-2.3203979,-0.36039793,1.2496021,2.019602,2.6896021,2.9396021,2.9296021,3.549602,4.129602,4.339602,4.689602,2.229602,-0.050397947,-1.790398,-1.4903979,-1.6103979,-1.1303979,-0.70039797,0.15960205,0.08960205,-1.7603979,-2.650398,-0.77039796,0.97960204,1.899602,-0.11039795,-0.52039796,-0.08039795,-0.5003979,-1.0103979,-0.98039794,-1.2803979,-1.1203979,-0.64039797,-1.720398,-2.960398,-3.230398,-3.3403978,-2.3003979,-1.8703979,-1.6203979,-1.3803979,-1.540398,-0.820398,-0.77039796,-0.42039794,-0.36039793,1.2296021,0.65960205,0.47960204,1.199602,1.2196021
-5.290398,-5.380398,-5.780398,-5.750398,-5.550398,-5.260398,-3.480398,-2.170398,-1.2603979,0.7496021,2.469602,3.589602,5.009602,6.489602,6.919602,4.609602,3.049602,5.379602,3.4496021,-0.21039794,-1.5103979,-2.020398,-0.53039795,0.85960203,-0.23039795,-1.080398,-1.790398,-0.09039795,1.559602,0.83960205,-0.27039796,0.28960204,0.48960206,-0.43039796,-0.010397949,0.44960204,1.0996021,0.82960206,-0.78039795,-0.06039795,0.04960205,-0.050397947,-0.8703979,-1.580398,-1.5103979,-0.820398,-1.0303979,-0.38039795,-0.04039795,-0.20039795,-0.9303979,-1.540398,-1.060398,-1.450398,-0.820398,-0.20039795,-0.050397947,-0.690398,-0.02039795,1.159602
-6.1703978,-6.450398,-6.270398,-5.640398,-4.820398,-4.200398,-2.850398,-0.36039793,2.359602,3.369602,5.0796022,6.229602,7.069602,7.169602,5.659602,3.019602,1.6096021,-0.42039794,-0.09039795,0.119602054,2.269602,1.149602,0.54960203,-0.8103979,-1.3903979,-0.09039795,1.3596021,-0.02039795,-0.9303979,-0.8103979,0.019602051,0.20960206,-0.11039795,-1.210398,-0.10039795,1.689602,1.1296021,1.2496021,0.79960203,-0.61039793,-0.22039795,0.35960206,-0.21039794,-0.91039795,-1.1203979,0.09960205,0.809602,-0.570398,-0.33039796,-0.24039795,0.16960205,0.21960205,1.7496021,0.739602,-0.71039796,-0.71039796,-0.64039797,-1.440398,-1.0103979,0.94960207
-3.610398,-3.3003979,-3.380398,-3.740398,-2.8303978,-0.690398,2.019602,3.269602,4.469602,6.109602,7.499602,8.469602,8.689602,8.629602,7.749602,4.299602,3.549602,2.059602,1.399602,1.159602,0.58960205,3.509602,0.48960206,0.25960204,0.6896021,0.8196021,0.90960205,0.9396021,-1.6203979,-2.180398,1.309602,1.339602,-2.0903978,-2.910398,-0.55039793,0.24960205,1.089602,0.78960204,1.3596021,0.619602,0.38960207,0.45960206,0.14960206,0.76960206,0.83960205,0.64960206,0.89960206,1.689602,1.4696021,1.0196021,1.919602,1.589602,1.779602,0.89960206,1.2696021,0.44960204,-0.23039795,-1.430398,-0.74039793,-0.23039795
-0.84039795,-0.95039797,-2.920398,-2.270398,-0.26039794,1.589602,3.899602,5.969602,7.109602,7.119602,6.749602,6.2896023,6.699602,5.639602,4.589602,5.889602,5.519602,5.659602,1.4696021,1.1196021,1.829602,-0.760398,0.09960205,5.469602,5.049602,1.2596021,1.049602,-0.940398,-3.670398,1.829602,2.309602,-2.670398,-3.710398,-1.2803979,1.169602,0.72960204,-0.5003979,-1.470398,-1.350398,-0.12039795,-0.31039795,1.049602,2.279602,2.859602,2.269602,3.259602,1.8796021,1.5196021,2.019602,1.9996021,1.159602,0.84960204,0.619602,0.58960205,1.4696021,1.429602,-1.090398,-1.050398,0.28960204,0.22960205
0.70960206,1.059602,1.589602,2.4396021,3.049602,3.489602,3.139602,3.649602,4.109602,4.939602,5.659602,6.119602,5.749602,4.609602,5.339602,4.899602,4.009602,4.199602,3.329602,1.579602,0.18960205,-1.3703979,2.339602,1.4896021,1.679602,2.069602,-0.02039795,3.4196022,0.50960207,-4.100398,-2.0703979,2.119602,3.139602,3.069602,2.749602,3.009602,2.229602,1.169602,0.33960205,0.24960205,-1.1203979,1.399602,1.329602,0.49960205,0.84960204,2.139602,2.089602,1.4896021,1.2196021,2.6596022,2.599602,2.539602,2.039602,2.509602,1.189602,-0.53039795,-0.90039796,0.31960204,0.38960207,-0.38039795
2.579602,2.719602,2.549602,2.579602,2.249602,1.6396021,0.26960206,3.1996021,6.709602,7.8096023,7.799602,7.8296022,8.2996025,8.659602,8.179602,6.179602,5.259602,4.5796022,3.869602,4.669602,5.139602,5.509602,5.2896023,4.919602,3.739602,-1.320398,-4.380398,0.30960205,1.6296021,1.649602,1.309602,1.789602,2.579602,2.849602,2.299602,1.8796021,2.4296021,2.709602,2.1596022,1.079602,0.78960204,0.89960206,-0.46039796,0.59960204,1.559602,2.489602,2.089602,2.899602,1.3696021,1.959602,1.459602,1.8796021,1.919602,2.279602,1.789602,1.8596021,0.65960205,-0.26039794,-0.41039795,-0.99039793
3.779602,3.9196022,3.6996021,3.539602,4.429602,6.229602,8.129602,8.609602,8.229602,7.609602,6.5796022,6.359602,5.349602,4.849602,7.269602,7.3296022,5.619602,5.169602,4.749602,6.349602,2.739602,3.369602,3.649602,3.509602,7.729602,7.629602,0.83960205,-1.970398,1.7596021,1.7596021,1.3796021,1.709602,2.309602,2.4496021,2.129602,2.229602,2.609602,2.799602,2.789602,2.849602,2.839602,2.389602,2.229602,1.8696021,4.369602,1.289602,2.239602,0.78960204,2.469602,2.9196022,2.4496021,1.9996021,2.1696022,1.779602,1.319602,1.6196021,1.459602,1.1196021,-0.24039795,-1.350398
5.439602,4.609602,4.219602,4.5796022,5.319602,7.259602,8.059602,8.069602,8.019602,7.419602,6.939602,6.909602,6.469602,7.199602,7.719602,7.919602,7.0796022,6.749602,4.639602,4.389602,3.869602,-3.9794922E-4,2.469602,2.499602,5.359602,5.589602,3.9496021,2.4196022,1.3596021,0.739602,0.8196021,0.96960205,1.429602,1.909602,1.9696021,1.9796021,2.029602,2.269602,2.609602,2.739602,2.6696022,2.6796021,2.839602,3.369602,2.9196022,2.219602,1.179602,1.1396021,0.57960206,1.339602,0.82960206,1.689602,1.5196021,0.78960204,1.0996021,0.9396021,0.66960204,1.189602,-0.24039795,-0.70039797
5.509602,5.549602,5.249602,5.719602,5.779602,7.459602,7.319602,7.069602,6.739602,6.319602,5.699602,4.889602,6.589602,5.949602,7.199602,6.659602,4.7896023,4.719602,2.279602,3.4096022,2.329602,2.209602,1.049602,0.52960205,4.229602,3.069602,1.7396021,0.58960205,0.28960204,0.30960205,0.6896021,1.0196021,1.659602,2.529602,3.009602,3.289602,3.549602,3.729602,3.759602,3.329602,3.049602,3.299602,3.729602,4.0596023,4.0596023,2.9096022,0.27960205,0.17960206,-0.67039794,0.97960204,1.929602,1.779602,1.799602,0.40960205,0.54960203,0.57960206,0.77960205,2.129602,1.8796021,1.6396021
5.479602,6.3296022,6.759602,6.729602,6.5796022,6.3096023,6.009602,5.889602,6.349602,6.149602,5.019602,4.5796022,6.899602,4.3096023,5.249602,6.119602,6.299602,5.239602,3.9096022,3.129602,1.329602,-0.18039794,-3.5603979,2.4396021,1.159602,0.119602054,-0.64039797,-0.32039794,0.869602,2.559602,3.149602,3.069602,2.9496021,2.969602,3.329602,4.0396023,4.619602,4.929602,4.979602,4.8296022,4.3096023,4.399602,5.179602,5.369602,4.259602,3.219602,1.1196021,1.319602,2.229602,7.619602,1.339602,1.8896021,1.679602,1.2596021,0.91960204,1.069602,1.199602,1.439602,1.3896021,1.2196021
5.899602,6.0796022,6.729602,6.349602,5.219602,6.209602,4.5596023,5.029602,5.639602,5.249602,3.9396021,4.009602,4.229602,7.0796022,6.729602,6.139602,6.619602,5.299602,3.749602,1.9896021,-0.74039793,-4.730398,-2.770398,0.53960204,0.35960206,-0.28039795,0.26960206,3.609602,6.569602,7.919602,7.739602,7.069602,6.589602,6.3096023,6.159602,5.669602,4.769602,4.349602,5.529602,6.249602,5.8096023,5.339602,4.859602,4.109602,4.399602,5.919602,4.979602,4.089602,1.3896021,5.019602,4.669602,1.5196021,2.119602,1.6096021,1.9696021,0.95960206,-0.33039796,0.35960206,2.089602,1.2496021
4.3096023,5.439602,4.469602,4.169602,4.519602,4.5596023,2.089602,2.9296021,5.209602,4.439602,4.489602,4.439602,5.859602,7.8096023,7.159602,6.619602,6.669602,5.589602,3.619602,1.1196021,-2.630398,-6.830398,0.8796021,2.239602,3.249602,4.129602,6.439602,7.679602,9.079602,9.009602,8.879602,8.909602,8.719602,8.539602,8.659602,8.979602,8.859602,8.149602,7.469602,6.569602,5.959602,5.269602,4.339602,3.739602,3.399602,2.9096022,5.179602,5.569602,3.1596022,3.309602,4.0796022,3.119602,0.97960204,-0.010397949,0.19960205,0.16960205,0.36960205,0.15960205,0.9996021,0.43960205
4.349602,5.209602,5.5396023,6.709602,6.259602,4.919602,3.849602,5.669602,5.769602,5.019602,4.899602,4.8296022,5.639602,6.909602,6.569602,6.5596023,6.209602,5.149602,2.579602,-0.34039795,-2.710398,-2.720398,1.589602,4.849602,4.659602,5.549602,7.519602,9.229602,10.329602,10.659602,10.509602,10.339602,10.019602,9.499602,9.039602,8.079602,7.359602,7.229602,6.839602,6.569602,6.239602,6.339602,6.339602,5.119602,3.9296021,2.819602,4.0796022,5.239602,3.229602,3.109602,2.859602,0.51960206,0.33960205,0.32960206,0.20960206,-0.17039795,-0.690398,-0.83039796,-0.32039794,-0.32039794
5.519602,4.8096023,4.749602,4.989602,4.969602,4.769602,4.649602,6.099602,5.3296022,4.619602,4.919602,5.089602,5.549602,6.369602,6.409602,6.089602,4.959602,3.109602,0.9396021,0.25960204,0.24960205,1.5096021,3.229602,4.669602,5.499602,6.549602,9.489602,10.329602,10.439602,10.599602,10.199602,9.829602,9.769602,9.359602,8.409602,8.139602,7.959602,7.439602,6.7896023,6.679602,6.439602,5.849602,5.229602,5.0796022,4.919602,4.379602,5.229602,4.759602,3.1696022,2.339602,1.159602,-1.920398,-4.680398,-2.230398,-1.440398,-1.670398,0.70960206,-0.74039793,-0.940398,-0.66039795
3.969602,3.769602,4.639602,5.219602,4.459602,4.229602,6.009602,6.0596023,4.979602,4.639602,4.919602,4.649602,5.459602,6.219602,6.219602,6.129602,4.5796022,2.139602,0.06960205,0.36960205,0.76960206,1.549602,3.039602,4.869602,5.459602,8.979602,10.219602,11.059602,11.929602,11.259602,10.559602,9.959602,9.489602,9.089602,8.859602,8.289602,7.899602,7.179602,6.189602,6.119602,5.609602,4.889602,4.409602,3.799602,4.0596023,4.0796022,4.679602,3.359602,1.6296021,0.64960206,-0.79039794,-3.3403978,-6.290398,-8.510398,-0.89039797,-0.79039794,-1.7303979,-0.45039794,-0.41039795,-1.7603979
3.299602,3.639602,5.399602,6.519602,5.859602,6.639602,7.819602,6.029602,4.949602,4.519602,4.409602,4.159602,5.119602,6.299602,6.669602,6.0596023,4.709602,1.9896021,-0.08039795,-0.5003979,0.51960206,2.969602,4.8096023,3.599602,7.689602,10.589602,11.319602,11.879602,11.339602,11.0496025,10.459602,9.979602,9.569602,9.239602,8.669602,8.169602,7.2896023,6.639602,5.919602,5.439602,5.189602,4.009602,2.879602,2.519602,3.239602,3.529602,3.579602,2.269602,0.039602052,-0.96039796,-2.160398,-4.090398,-6.780398,-8.990398,-6.6903977,-3.110398,-0.630398,-2.030398,-0.22039795,-0.880398
4.509602,5.639602,7.019602,6.919602,6.499602,6.319602,6.429602,5.469602,4.499602,3.719602,3.639602,3.469602,5.139602,6.609602,6.689602,5.8096023,4.569602,1.7596021,-0.38039795,-0.08039795,3.059602,4.869602,-0.74039793,7.449602,11.779602,11.919602,11.769602,11.199602,11.459602,11.119602,10.889602,10.769602,10.559602,9.939602,9.429602,8.339602,7.299602,6.0596023,5.259602,5.019602,3.859602,2.6696022,2.049602,2.529602,2.709602,2.999602,2.6996021,0.85960203,-1.460398,-2.3103979,-3.390398,-5.220398,-7.410398,-9.330398,-9.300398,-5.630398,1.559602,-0.760398,-1.700398,-0.83039796
6.729602,6.359602,6.049602,6.009602,5.819602,5.259602,5.429602,4.8296022,3.749602,3.209602,2.879602,3.069602,4.609602,6.469602,6.709602,5.239602,3.979602,0.79960203,-0.12039795,-0.02039795,2.619602,-5.6903977,8.669602,12.179602,12.659602,12.329602,11.839602,12.309602,11.599602,11.199602,11.159602,10.839602,10.389602,9.459602,8.849602,7.969602,6.799602,5.619602,4.709602,3.739602,2.6896021,1.309602,0.47960204,1.029602,2.279602,2.4096022,1.5196021,-0.91039795,-2.890398,-3.750398,-4.660398,-6.450398,-8.310398,-9.760398,-10.010398,-6.500398,-1.2703979,-2.970398,-0.02039795,-0.6803979
4.859602,5.769602,5.909602,5.269602,4.859602,4.199602,4.189602,3.779602,2.859602,2.339602,2.269602,2.1596022,3.1596022,5.139602,6.229602,4.519602,2.539602,0.739602,-2.160398,0.13960205,-9.500398,11.079602,13.269602,13.569602,12.679602,11.999602,11.809602,11.289602,11.199602,10.629602,10.059602,10.189602,9.859602,9.219602,8.179602,6.979602,5.909602,4.759602,3.6796021,2.469602,1.029602,0.35960206,-0.84039795,-0.41039795,1.809602,1.579602,0.019602051,-2.680398,-3.980398,-4.910398,-5.740398,-7.320398,-8.890398,-9.540398,-9.630398,-7.480398,-3.280398,-2.420398,-0.630398,-2.030398
4.649602,5.409602,5.339602,5.099602,4.379602,3.589602,3.1796021,2.6596022,2.1696022,1.7596021,1.169602,1.449602,2.879602,4.129602,4.679602,3.239602,1.309602,-2.180398,-2.180398,-11.030398,12.879602,14.889602,14.449602,13.439602,13.2996025,11.929602,11.509602,11.559602,10.599602,10.499602,10.499602,10.249602,9.699602,8.729602,7.429602,5.979602,4.909602,3.719602,2.4396021,1.309602,0.15960205,-1.060398,-1.580398,-0.8103979,0.809602,0.15960205,-1.9903979,-3.960398,-4.6903977,-5.600398,-6.6903977,-8.270398,-9.090398,-9.370398,-9.150398,-7.160398,-2.510398,-1.680398,-1.160398,-3.970398
3.589602,4.139602,5.139602,4.969602,3.989602,2.9296021,1.9996021,1.549602,1.209602,1.059602,0.76960206,0.84960204,2.219602,2.479602,2.969602,0.59960204,-0.79039794,-5.070398,-12.000398,14.369602,14.989602,13.749602,13.939602,13.539602,12.389602,11.559602,11.139602,10.529602,10.429602,10.019602,10.009602,9.909602,8.869602,7.919602,6.749602,5.429602,4.089602,2.539602,1.149602,-0.08039795,-1.2503979,-1.850398,-2.480398,-1.070398,-0.61039793,-1.4903979,-3.600398,-4.850398,-5.640398,-6.390398,-7.620398,-8.770398,-9.490398,-9.4503975,-8.750398,-6.760398,-1.170398,-1.170398,-2.750398,-5.020398
2.6696022,2.9096022,3.879602,3.819602,2.999602,1.939602,1.0196021,0.48960206,0.52960205,0.45960206,-3.9794922E-4,-0.40039796,1.429602,2.089602,0.50960207,-2.380398,-6.750398,-9.470398,7.459602,13.769602,13.999602,13.839602,13.109602,12.439602,11.639602,11.029602,10.2996025,10.009602,9.839602,9.369602,9.219602,9.079602,8.489602,7.819602,6.509602,4.979602,3.349602,1.679602,0.36960205,-1.060398,-2.350398,-3.3303978,-3.150398,-1.8803979,-2.140398,-3.130398,-5.000398,-5.850398,-6.400398,-7.510398,-8.390398,-9.850398,-9.730398,-9.980398,-9.730398,-11.560398,-1.590398,-2.220398,-2.3203979,-4.790398
1.529602,1.689602,2.019602,2.489602,1.839602,1.1096021,0.57960206,0.29960206,0.02960205,-0.53039795,-0.940398,-0.6803979,0.42960206,0.44960204,-2.690398,-5.570398,-7.590398,-12.860398,12.999602,13.5496025,13.439602,13.619602,12.209602,12.519602,11.849602,11.019602,10.499602,10.029602,9.469602,8.919602,8.339602,8.329602,8.139602,7.639602,6.389602,4.719602,3.1696022,1.2496021,-0.28039795,-1.800398,-3.0803978,-3.870398,-3.920398,-2.8203979,-3.930398,-4.630398,-6.020398,-6.500398,-6.910398,-7.860398,-9.110398,-10.460398,-11.540398,-12.360398,-11.540398,-10.650398,-2.110398,-2.850398,-3.0903978,-3.360398
0.6296021,0.30960205,0.6296021,0.46960205,0.36960205,0.21960205,0.23960204,0.08960205,-0.13039795,-0.7503979,-1.2303979,-1.2303979,-0.46039796,-1.560398,-5.650398,-8.370398,-10.110398,1.939602,10.309602,12.829602,13.749602,13.769602,13.139602,12.739602,11.789602,11.489602,11.139602,10.249602,9.639602,8.869602,8.529602,8.599602,8.629602,7.609602,6.179602,4.379602,2.719602,0.679602,-0.96039796,-2.360398,-3.430398,-4.900398,-4.580398,-4.890398,-5.470398,-5.980398,-6.810398,-7.020398,-7.570398,-8.010398,-9.250398,-10.510398,-11.670398,-12.340398,-11.920398,-8.630398,-3.040398,-2.640398,-4.990398,-2.900398
-0.20039795,-0.26039794,-0.70039797,-0.5003979,0.50960207,0.739602,-0.32039794,-0.24039795,-0.72039795,-1.340398,-1.5003979,-0.78039795,-1.290398,-3.990398,-7.9403977,-10.300398,-15.220398,12.209602,15.089602,15.409602,15.589602,14.829602,13.639602,13.139602,12.029602,11.649602,11.269602,10.729602,9.769602,8.729602,8.479602,7.959602,7.819602,7.3296022,5.7896023,4.209602,2.039602,0.37960204,-1.7303979,-2.860398,-4.620398,-5.450398,-5.040398,-6.160398,-6.840398,-7.100398,-7.390398,-7.4603977,-8.170398,-8.560398,-9.210398,-10.230398,-10.670398,-10.230398,-9.430398,-7.540398,-8.120398,-2.490398,-5.7103977,-1.5003979
