raw-data-f/2018100806.json
{"header": { "discipline":0, "disciplineName":"Meteorological products", "gribEdition":2, "gribLength":74748, "center":7, "centerName":"US National Weather Service - NCEP(WMC)", "subcenter":0, "refTime":"2018-10-10T06:00:00.000Z", "significanceOfRT":1, "significanceOfRTName":"Start of forecast", "productStatus":0, "productStatusName":"Operational products", "productType":1, "productTypeName":"Forecast products", "productDefinitionTemplate":0, "productDefinitionTemplateName":"Analysis/forecast at horizontal level/layer at a point in time", "parameterCategory":2, "parameterCategoryName":"Momentum", "parameterNumber":3, "parameterNumberName":"V-component_of_wind", "parameterUnit":"m.s-1", "genProcessType":2, "genProcessTypeName":"Forecast", "forecastTime":0, "surface1Type":103, "surface1TypeName":"Specified height level above ground", "surface1Value":10.0, "surface2Type":255, "surface2TypeName":"Missing", "surface2Value":0.0, "gridDefinitionTemplate":0, "gridDefinitionTemplateName":"Latitude_Longitude", "numberPoints":65160, "shape":6, "shapeName":"Earth spherical with radius of 6,371,229.0 m", "gridUnits":"degrees", "resolution":48, "winds":"true", "scanMode":0, "nx":360, "ny":181, "basicAngle":0, "lo1":0.0, "la1":90.0, "lo2":359.0, "la2":-90.0, "dx":1.0, "dy":1.0 }, "data":
[rows 78 to 103 of 181, columns 236 to 294 of 360]
7.4862547,8.006255,6.686255,6.266255,5.166255,3.986255,2.026255,0.9862549,-0.32374513,-0.9237451,-2.3937452,-2.4137452,-2.723745,-1.6337451,-1.9937451,-3.083745,-1.2937452,0.3762549,1.2962549,2.436255,1.9962549,1.2262549,1.9062549,4.616255,5.2162547,6.306255,7.146255,7.4862547,6.866255,6.2162547,5.876255,6.4862547,7.306255,6.376255,6.286255,5.646255,4.156255,1.5462549,-0.7237451,0.4962549,0.68625486,1.7762549,-0.63374513,-2.293745,-2.803745,-1.2337451,-1.0837451,-1.5337452,-0.30374512,0.24625488,-2.6637452,-2.3737452,-1.2637451,-1.1037451,0.86625487,1.1262549,0.13625488,-1.0637451,-1.7437451
6.826255,6.586255,6.0262547,5.2362547,4.796255,3.8762548,1.7862549,0.14625488,-0.5237451,-1.2537451,-2.6037452,-2.813745,-1.8737451,0.3462549,-1.4437451,-0.8937451,0.7662549,1.1162549,0.55625486,2.1562548,2.5862548,3.0862548,4.356255,6.5062547,7.086255,7.726255,6.536255,5.106255,5.886255,6.4262547,6.326255,7.806255,6.786255,6.536255,5.796255,5.1762547,3.186255,1.5862548,-0.10374512,0.45625487,-0.24374512,0.44625488,-1.5537452,-2.463745,-3.023745,-1.2237451,-0.3537451,-1.2237451,-0.7837451,2.916255,0.7162549,0.4362549,-1.0637451,0.6562549,1.4662548,0.5862549,0.18625489,-0.5237451,-2.3437452
6.4262547,6.206255,5.576255,5.666255,5.316255,3.8362548,2.536255,0.20625488,-0.88374513,-1.7837452,-2.1237452,-3.083745,-2.0937452,1.2362549,1.0062549,0.7862549,1.4262549,2.2962549,3.416255,3.8362548,4.2762547,4.786255,6.106255,7.016255,7.296255,7.416255,7.296255,7.596255,7.416255,6.636255,6.226255,7.116255,6.806255,5.9262547,5.556255,4.576255,3.676255,1.6562549,-0.113745116,-2.323745,0.16625488,0.55625486,-1.9237452,-2.1737452,-2.783745,0.07625488,0.81625485,3.1162548,2.6262548,1.1762549,-0.9637451,-0.2837451,-2.263745,0.12625489,-0.9937451,-1.8237451,-1.4837451,-1.1937451,-1.1437451
7.0062547,6.396255,6.456255,5.896255,5.416255,4.246255,3.3162549,1.4362549,0.7862549,-0.82374513,-1.8837451,-1.2337451,0.99625486,1.1262549,1.7462549,2.276255,2.416255,2.966255,3.526255,4.846255,4.9662547,5.906255,6.476255,7.0062547,7.686255,7.366255,7.7162547,7.536255,6.386255,5.876255,6.9262547,6.766255,5.606255,6.2162547,5.4462547,4.606255,2.186255,1.3462548,0.18625489,-1.3237451,-3.1037452,-1.3337451,0.5862549,0.8962549,0.6662549,-0.69374514,1.2762549,3.8862548,3.1462548,-0.9537451,-0.30374512,0.016254883,0.92625487,0.56625485,-0.7437451,-1.4437451,-0.81374514,-1.7237451,-1.7237451
6.476255,6.9462547,6.646255,5.976255,6.0062547,5.076255,4.606255,4.536255,2.0862548,2.0462549,0.7762549,1.0062549,2.206255,2.486255,2.526255,4.036255,3.6062548,3.8262548,4.906255,5.766255,6.126255,7.5262547,8.306255,8.146255,7.9462547,7.2762547,7.316255,6.766255,6.4862547,7.476255,7.2162547,6.076255,7.2162547,6.576255,5.836255,4.086255,3.666255,3.3762548,2.266255,0.81625485,-0.3537451,-1.8737451,-1.7537451,1.3462548,-0.81374514,-0.23374511,1.0562549,2.266255,1.2462549,-0.23374511,-0.49374512,0.6062549,-0.69374514,-1.2037451,-0.94374514,-0.6537451,-0.6437451,-0.5337451,-2.1137452
7.126255,7.046255,6.556255,6.056255,5.726255,5.706255,5.306255,5.206255,4.516255,2.706255,2.8962548,3.8962548,4.116255,4.286255,4.646255,4.656255,5.416255,6.056255,6.546255,7.4262547,8.386255,8.756255,8.306255,8.346255,7.726255,7.626255,7.606255,7.246255,7.366255,6.596255,6.396255,6.766255,7.346255,6.586255,5.636255,5.056255,4.586255,3.916255,2.506255,1.5062549,1.2062548,0.8862549,-0.013745117,-1.3237451,1.1862549,1.7862549,2.5462549,1.0262549,0.4362549,0.6662549,0.016254883,0.28625488,0.31625488,-0.9037451,-0.5137451,-1.0837451,-0.6437451,0.7562549,1.5662549
7.266255,6.886255,7.066255,5.546255,5.2162547,4.7162547,4.726255,5.2762547,4.9262547,5.346255,5.2162547,4.876255,5.106255,5.6962547,5.996255,6.856255,7.666255,7.936255,8.236255,8.966255,8.886255,8.446255,8.476254,7.9862547,7.956255,8.296255,7.906255,7.436255,7.366255,7.0262547,6.286255,6.4862547,6.576255,5.9862547,5.0262547,4.626255,4.146255,3.956255,3.786255,3.5562549,4.206255,4.0262547,4.086255,3.0862548,2.8162549,3.496255,3.3462548,0.7762549,0.35625488,-0.14374512,0.9162549,0.5462549,-0.3737451,-0.81374514,-0.17374511,0.7062549,1.2962549,0.81625485,0.9862549
5.396255,5.4262547,5.5062547,4.746255,4.816255,4.296255,4.326255,5.206255,5.916255,6.4662547,6.816255,6.9662547,7.286255,7.726255,7.9462547,8.346255,8.396255,8.356255,8.786255,9.116255,8.976254,8.546255,8.266254,7.856255,7.656255,8.006255,7.816255,7.2762547,7.326255,6.996255,5.586255,5.2562547,4.9862547,4.806255,4.536255,4.2362547,4.186255,4.416255,4.516255,5.156255,5.316255,5.0062547,4.796255,4.2562547,3.716255,3.5962548,2.536255,0.3462549,-0.3737451,-0.93374515,-0.68374515,-1.7137451,-2.1937451,-0.93374515,-0.083745115,0.7262549,0.8362549,-0.7937451,-0.14374512
4.786255,5.066255,5.516255,4.826255,4.936255,4.4862547,4.5262547,4.876255,5.576255,6.5262547,7.186255,7.296255,7.496255,7.616255,7.9662547,8.206255,8.366255,8.626255,8.496255,8.476254,8.456255,8.116255,7.826255,7.546255,7.806255,7.636255,7.316255,6.686255,6.306255,5.9462547,5.7762547,5.2162547,4.416255,4.4262547,4.536255,4.2162547,4.436255,4.476255,4.2162547,4.546255,4.316255,3.506255,3.6162548,3.676255,3.0962548,1.4662548,-1.1537452,-0.18374512,0.3062549,-0.2837451,-0.7337451,-0.63374513,0.056254882,-0.4437451,-0.113745116,-0.48374513,-0.9937451,-1.6137451,-1.5037451
3.776255,3.706255,4.626255,4.456255,4.956255,4.9262547,4.586255,5.2162547,5.996255,6.846255,7.1762547,7.2362547,7.816255,7.496255,7.896255,8.136255,8.136255,7.546255,7.1962547,6.7562547,6.336255,6.336255,7.2362547,7.076255,6.816255,6.126255,6.016255,5.5062547,4.576255,4.356255,4.246255,4.376255,3.9062548,4.586255,4.546255,4.626255,4.806255,4.406255,3.8662548,3.4062548,3.236255,5.036255,4.856255,4.396255,3.696255,3.486255,4.546255,0.5362549,-0.5937451,-0.3837451,0.18625489,0.07625488,-1.0337452,-0.3837451,-0.5237451,-0.5837451,-0.5937451,-0.93374515,-0.7937451
3.776255,3.6462548,3.766255,3.726255,4.646255,4.7162547,4.406255,3.936255,4.996255,6.416255,6.896255,6.906255,7.106255,7.566255,7.726255,7.406255,7.126255,7.616255,7.346255,6.106255,6.376255,6.036255,6.5062547,5.916255,5.816255,5.556255,5.206255,5.0262547,4.9262547,5.036255,4.806255,3.966255,3.0762548,4.0062547,4.596255,4.936255,4.826255,4.416255,4.0262547,4.496255,4.536255,5.2562547,4.146255,3.256255,3.3862548,3.3062549,0.6562549,0.74625486,-0.48374513,-0.8337451,-1.3137451,-0.5537451,-0.18374512,-0.5937451,-0.27374512,-1.0137451,-1.2837452,-1.2537451,-0.06374512
2.5962548,2.8162549,3.246255,3.6262548,3.8262548,3.8562548,4.116255,4.136255,4.686255,5.136255,5.586255,6.296255,6.7762547,6.866255,6.706255,6.4262547,5.686255,5.666255,5.406255,5.656255,5.726255,5.296255,5.386255,5.546255,5.076255,5.1762547,5.296255,4.806255,4.7362547,4.816255,4.9662547,5.0062547,3.8062549,4.206255,4.1962547,4.586255,4.366255,4.126255,4.066255,4.0062547,4.326255,4.096255,3.516255,3.466255,3.8662548,-0.6737451,-0.19374512,-0.9037451,-0.9937451,-0.69374514,-1.1637452,-0.033745117,-1.0737451,-0.8437451,-0.5537451,-0.4437451,0.13625488,-0.6137451,0.066254884
2.186255,2.5962548,2.526255,2.766255,3.226255,3.456255,3.676255,3.776255,3.936255,4.556255,4.9462547,5.366255,5.626255,5.9262547,6.136255,5.866255,5.7162547,5.5262547,5.4662547,5.226255,4.9262547,4.766255,4.656255,4.376255,4.436255,4.586255,4.7362547,4.576255,4.366255,4.326255,4.816255,5.316255,6.4262547,4.2362547,4.356255,4.766255,3.8362548,3.5862548,3.6462548,4.106255,5.076255,5.2562547,4.546255,3.986255,0.3762549,0.38625488,0.056254882,-0.6637451,-0.18374512,-0.6137451,-1.0037451,-1.0937451,-1.1637452,-0.7237451,-0.57374513,-0.8637451,-0.9637451,-0.5837451,-0.88374513
2.176255,1.8662549,1.8862549,2.1162548,2.466255,2.956255,3.176255,3.426255,3.926255,4.4262547,4.826255,5.326255,5.386255,5.386255,5.4262547,5.1962547,5.556255,5.4462547,5.246255,4.7562547,4.586255,4.666255,4.316255,3.966255,3.8662548,4.106255,4.306255,4.4262547,4.476255,4.226255,4.296255,4.566255,4.886255,3.0562549,4.726255,4.4462547,4.246255,4.1962547,4.066255,4.416255,4.876255,5.2162547,5.016255,4.706255,-0.8437451,-0.81374514,-0.46374512,-0.5837451,-0.6437451,-0.45374513,-0.57374513,-0.81374514,-0.68374515,-1.0437452,-1.1937451,-0.7137451,-0.4037451,-1.0837451,-0.87374514
1.7762549,1.6262549,1.8562549,2.4062548,2.726255,2.986255,3.226255,3.5562549,4.066255,4.7562547,5.136255,5.326255,5.496255,5.4262547,5.2562547,4.906255,4.7762547,5.076255,4.956255,4.896255,4.6762547,4.5262547,4.576255,4.536255,4.266255,4.1762547,4.376255,4.626255,4.726255,4.546255,4.306255,4.306255,4.596255,4.586255,4.706255,4.826255,4.786255,4.646255,4.546255,4.706255,5.066255,4.7562547,4.9662547,2.936255,1.9562548,0.25625488,-0.15374511,-0.3137451,-0.5137451,-0.69374514,-0.7737451,-0.68374515,-0.81374514,-0.2837451,-0.3437451,-0.14374512,0.19625488,0.42625487,0.046254884
2.196255,2.1062548,2.176255,2.486255,3.0862548,3.666255,3.676255,4.0062547,4.436255,4.326255,4.476255,4.846255,5.096255,5.146255,5.016255,4.866255,4.606255,4.226255,4.536255,4.546255,4.516255,4.626255,4.856255,4.656255,4.496255,4.5262547,4.606255,4.866255,4.936255,4.7162547,4.396255,4.376255,4.436255,4.6962547,4.9862547,5.2762547,5.356255,5.156255,5.086255,5.186255,5.476255,5.2362547,5.2562547,3.8562548,-0.20374511,0.3962549,-0.49374512,-0.5237451,-0.8637451,-0.5837451,-0.16374512,-0.12374511,-0.24374512,-0.16374512,0.45625487,0.26625487,0.17625488,0.15625489,-0.043745115
2.1562548,2.1462548,2.266255,2.5762548,2.916255,3.3362548,3.706255,3.776255,4.2162547,4.4662547,4.5262547,4.396255,4.566255,4.556255,4.4462547,4.2162547,4.106255,4.0262547,3.996255,4.2762547,4.606255,4.766255,4.6962547,4.806255,4.796255,4.586255,4.996255,5.046255,4.9462547,4.896255,4.7162547,4.436255,4.336255,4.536255,4.956255,5.386255,5.686255,5.726255,5.646255,5.7162547,5.626255,6.2762547,7.346255,2.196255,0.5962549,0.3662549,0.3662549,-0.7037451,-0.7137451,-0.75374514,-0.56374514,-0.6737451,-0.07374512,-0.3537451,-0.07374512,-0.5537451,-0.09374512,0.096254885,0.24625488
2.0762548,2.166255,2.276255,2.3462548,2.696255,2.6162548,2.986255,3.0862548,3.8962548,4.046255,3.786255,3.916255,4.0262547,4.0262547,3.8462548,3.676255,3.5762548,3.8162549,4.016255,4.246255,4.4462547,4.626255,4.6762547,4.686255,4.746255,4.7762547,5.186255,5.306255,5.416255,5.046255,4.866255,4.5062547,4.266255,4.356255,4.856255,5.376255,5.7362547,6.116255,6.306255,6.266255,5.916255,5.376255,5.6962547,2.776255,-0.4137451,-0.4737451,1.0862548,0.26625487,-0.45374513,-0.19374512,-0.19374512,-0.21374512,-0.30374512,-0.69374514,-0.9537451,-0.7137451,-0.63374513,-0.14374512,-0.33374512
1.8762549,1.8162549,1.9162549,2.216255,2.5562549,2.686255,2.686255,2.686255,2.8362548,3.206255,3.3562548,3.446255,3.476255,3.686255,3.736255,3.8862548,3.8262548,3.766255,3.8462548,4.096255,4.2562547,4.586255,4.686255,4.856255,4.936255,5.036255,5.406255,5.4262547,5.146255,5.066255,4.7362547,4.726255,4.4462547,4.436255,4.666255,5.146255,5.536255,5.7762547,5.936255,6.066255,6.096255,5.826255,5.296255,4.606255,3.3262548,0.5262549,0.6462549,0.10625488,0.21625489,-0.7637451,-0.053745117,0.20625488,-0.14374512,0.12625489,-0.3537451,-0.9637451,0.38625488,0.8862549,0.10625488
1.7462549,1.7662549,1.8762549,1.9362549,2.246255,2.5662549,2.516255,2.986255,2.756255,3.166255,3.496255,3.466255,3.176255,3.3762548,3.7962549,3.976255,3.966255,4.036255,3.966255,3.976255,4.096255,4.2562547,4.456255,4.4862547,4.7562547,5.186255,5.436255,5.1962547,4.936255,4.7562547,4.576255,4.4462547,4.516255,4.626255,4.796255,5.206255,5.296255,5.606255,5.7762547,5.9462547,6.166255,6.0262547,5.646255,4.366255,3.5962548,0.56625485,-1.3237451,-0.7837451,-0.13374512,-0.5237451,-0.81374514,-0.6037451,-0.49374512,-0.5837451,-0.8037451,-0.013745117,-0.9537451,-1.8137451,0.42625487
1.7562549,1.7962549,1.7562549,1.6362549,1.6462549,1.6762549,1.9962549,2.3862548,2.5862548,2.726255,2.786255,3.1462548,3.436255,3.6462548,3.756255,3.6562548,3.7962549,4.166255,4.2162547,4.286255,4.416255,4.386255,4.406255,4.456255,4.366255,4.406255,4.816255,4.7562547,4.416255,4.5262547,4.266255,4.246255,4.586255,5.046255,5.306255,5.456255,5.666255,5.586255,5.6762547,5.896255,5.896255,5.816255,5.516255,4.9462547,3.1462548,1.4962549,0.31625488,0.14625488,0.20625488,-0.4037451,-0.9737451,-1.1337451,-0.7637451,-0.8037451,-0.5537451,-0.07374512,-1.1137451,-0.81374514,-0.2837451
1.2362549,1.1462549,1.2562549,1.0262549,0.9562549,1.0962548,1.2862549,1.6162549,2.026255,2.3862548,2.6262548,2.8562548,3.176255,3.426255,3.686255,4.096255,4.386255,4.416255,4.5262547,4.866255,4.976255,4.876255,4.656255,4.596255,4.436255,4.646255,4.586255,4.566255,4.566255,4.296255,4.126255,4.2562547,4.596255,5.146255,5.826255,6.046255,6.076255,5.866255,5.616255,5.546255,5.5062547,5.146255,4.956255,4.706255,4.286255,2.976255,-1.7337451,-1.3737451,0.16625488,0.07625488,-0.32374513,-0.9937451,-0.57374513,-0.82374513,-0.7437451,-0.68374515,-0.15374511,-0.21374512,-0.2537451
0.67625487,1.3362548,1.4962549,1.7562549,1.8262548,1.5962548,1.4662548,1.6362549,2.196255,2.506255,2.776255,2.966255,3.216255,3.456255,3.8262548,4.086255,4.226255,4.5262547,4.786255,4.936255,5.146255,5.166255,5.206255,5.096255,5.226255,5.076255,5.046255,5.126255,4.546255,4.546255,4.2362547,4.166255,4.806255,5.156255,6.076255,6.536255,6.6762547,6.4862547,5.866255,5.586255,5.2362547,4.856255,4.896255,4.766255,4.856255,4.226255,0.11625488,0.8362549,0.86625487,0.11625488,-0.07374512,0.25625488,-0.6137451,-0.5437451,-0.45374513,-0.7337451,-1.0337452,-0.62374514,-0.7137451
1.2362549,1.1462549,1.0762548,1.0462549,1.0962548,1.2962549,1.4862549,1.7862549,2.226255,2.5662549,2.756255,2.8462548,3.256255,3.476255,3.916255,4.2162547,4.406255,4.7162547,4.806255,5.046255,5.396255,5.4262547,5.4262547,5.416255,5.366255,5.346255,5.346255,5.356255,5.396255,5.1762547,4.826255,5.096255,4.656255,5.416255,5.816255,6.5062547,6.656255,6.2562547,5.816255,5.536255,5.206255,4.7762547,4.7362547,4.9862547,4.7562547,4.7362547,4.2762547,-0.083745115,-0.9237451,1.5162549,0.5962549,0.006254883,-0.113745116,-0.4137451,-0.42374513,-1.0137451,-0.9637451,-1.1037451,-1.0537452
1.3962549,0.8562549,0.9062549,1.0862548,1.4162549,1.7162548,2.1062548,2.3462548,2.196255,2.726255,2.8662548,3.1262548,3.266255,3.486255,3.776255,4.356255,4.896255,5.136255,5.226255,5.126255,5.076255,5.086255,5.286255,5.406255,5.366255,5.376255,5.4662547,5.306255,5.4862547,5.726255,5.726255,5.376255,5.366255,4.9862547,5.376255,5.816255,6.146255,5.746255,5.4462547,5.1962547,4.846255,4.826255,4.6762547,4.686255,4.786255,4.316255,3.246255,2.036255,-0.3537451,0.38625488,0.7862549,1.1762549,0.35625488,-0.22374512,-0.42374513,-0.3537451,-1.1437451,-1.2637451,-1.3137451
0.67625487,1.1062549,1.2862549,1.7662549,2.256255,2.446255,2.476255,2.266255,2.506255,2.8862548,3.1162548,3.1162548,3.476255,3.9062548,4.166255,4.4662547,4.816255,5.096255,5.286255,5.356255,5.346255,5.296255,5.136255,5.036255,5.206255,5.206255,5.316255,5.4262547,5.666255,5.456255,5.5062547,5.766255,5.626255,5.436255,5.406255,5.1762547,5.4662547,5.326255,5.1962547,5.116255,4.866255,4.596255,4.4462547,4.746255,5.086255,4.2162547,3.6462548,2.6362548,-0.4037451,-0.033745117,0.066254884,0.4062549,1.3462548,1.2962549,0.9062549,0.35625488,-0.6437451,-2.243745,-3.283745
