raw-data-f/2018100706f3.json
{"header": { "discipline":0, "disciplineName":"Meteorological products", "gribEdition":2, "gribLength":75226, "center":7, "centerName":"US National Weather Service - NCEP(WMC)", "subcenter":0, "refTime":"2018-10-07T06:00:00.000Z", "significanceOfRT":1, "significanceOfRTName":"Start of forecast", "productStatus":0, "productStatusName":"Operational products", "productType":1, "productTypeName":"Forecast products", "productDefinitionTemplate":0, "productDefinitionTemplateName":"Analysis/forecast at horizontal level/layer at a point in time", "parameterCategory":2, "parameterCategoryName":"Momentum", "parameterNumber":2, "parameterNumberName":"U-component_of_wind", "parameterUnit":"m.s-1", "genProcessType":2, "genProcessTypeName":"Forecast", "forecastTime":3, "surface1Type":103, "surface1TypeName":"Specified height level above ground", "surface1Value":10.0, "surface2Type":255, "surface2TypeName":"Missing", "surface2Value":0.0, "gridDefinitionTemplate":0, "gridDefinitionTemplateName":"Latitude_Longitude", "numberPoints":65160, "shape":6, "shapeName":"Earth spherical with radius of 6,371,229.0 m", "gridUnits":"degrees", "resolution":48, "winds":"true", "scanMode":0, "nx":360, "ny":181, "basicAngle":0, "lo1":0.0, "la1":90.0, "lo2":359.0, "la2":-90.0, "dx":1.0, "dy":1.0 }, "data":
[rows 0 to 24 of 181, columns 171 to 227 of 360]
0.5143823,0.7043823,0.90438235,1.0943823,1.2843823,1.4743823,1.6643823,1.8543823,2.0443823,2.2343824,2.4243822,2.6143823,2.7943823,2.9843824,3.1743822,3.3543823,3.5343823,3.7143824,3.9043822,4.0843825,4.254382,4.4343824,4.6143823,4.7843823,4.9543824,5.1343822,5.3043823,5.464382,5.6343822,5.8043823,5.964382,6.1243825,6.2843823,6.444382,6.5943823,6.754382,6.904382,7.0543823,7.194382,7.3443823,7.484382,7.6243825,7.7643824,7.904382,8.034382,8.164382,8.294382,8.424382,8.544382,8.664382,8.784382,8.894382,9.014382,9.124382,9.224382,9.334382,9.434382
1.3643823,1.5343823,1.7143823,1.8943824,2.0843823,2.2543824,2.4243822,2.5943823,2.7643824,2.9443824,3.1043823,3.2743824,3.4343824,3.6143823,3.7743824,3.9343824,4.0843825,4.2443824,4.404382,4.5643826,4.714382,4.8643823,5.024382,5.1643825,5.3043823,5.4543824,5.5943823,5.7443824,5.8843822,6.0143824,6.154382,6.294382,6.4343824,6.5643826,6.694382,6.8243823,6.9543824,7.0743823,7.2043824,7.3243823,7.444382,7.5643826,7.674382,7.794382,7.904382,8.014382,8.124382,8.224382,8.334382,8.444383,8.534382,8.634382,8.734383,8.824383,8.924382,9.004382,9.094382
1.8543823,1.9843823,2.1043823,2.2343824,2.3643823,2.4843824,2.6143823,2.7343824,2.8643823,3.0043824,3.1343822,3.2843823,3.4243822,3.5643823,3.7043824,3.8643823,4.024382,4.1843824,4.3443823,4.5143824,4.674382,4.8243823,4.9943824,5.1443825,5.3043823,5.464382,5.6143823,5.7643824,5.904382,6.044382,6.174382,6.294382,6.404382,6.5143824,6.6343822,6.734382,6.8243823,6.9143825,6.9943824,7.0843825,7.154382,7.2243824,7.2843823,7.3343825,7.3843822,7.4343824,7.484382,7.524382,7.5843825,7.6343822,7.6843824,7.734382,7.7843823,7.8343825,7.8843822,7.9343824,7.9743824
2.5743823,2.7443824,2.8943822,3.0543823,3.2043824,3.3543823,3.5043824,3.6443822,3.7843823,3.9143822,4.044382,4.1643825,4.2643824,4.3743825,4.464382,4.544382,4.6343822,4.714382,4.774382,4.8543825,4.9343824,4.9943824,5.0643826,5.1343822,5.2243824,5.3143826,5.4143825,5.524382,5.6343822,5.754382,5.8743825,5.9943824,6.1043825,6.214382,6.2843823,6.3643823,6.424382,6.4943824,6.544382,6.6043825,6.654382,6.7043824,6.754382,6.8143826,6.8543825,6.904382,6.964382,7.0143824,7.0843825,7.1643825,7.234382,7.294382,7.3543825,7.4143825,7.4543824,7.4943824,7.5343823
3.1143823,3.1243823,3.1243823,3.1543822,3.2043824,3.2643824,3.3343823,3.4243822,3.5143824,3.6143823,3.7143824,3.8343823,3.9643824,4.0643826,4.1643825,4.254382,4.3343825,4.3943825,4.4543824,4.5143824,4.5843825,4.6643825,4.7443824,4.8543825,4.964382,5.0843825,5.214382,5.3243823,5.404382,5.464382,5.4943824,5.5143824,5.524382,5.5543823,5.5643826,5.5943823,5.6443825,5.694382,5.7643824,5.8443823,5.944382,6.0543823,6.174382,6.294382,6.3943825,6.4943824,6.5743823,6.6443825,6.694382,6.7443824,6.774382,6.8043823,6.8443823,6.8543825,6.8643823,6.8743825,6.8843822
2.8443823,2.8943822,2.9543824,2.9943824,3.0243824,3.0643823,3.1043823,3.1543822,3.2143824,3.2943823,3.3843822,3.4843824,3.5943823,3.7143824,3.8343823,3.9643824,4.0843825,4.1843824,4.214382,4.234382,4.2443824,4.254382,4.274382,4.3343825,4.4543824,4.6343822,4.794382,4.9743824,5.1643825,5.274382,5.3343825,5.3343825,5.2243824,5.0743823,4.9343824,4.8343825,4.8543825,4.8843822,4.9143825,4.964382,5.004382,5.024382,5.0343823,5.0343823,5.024382,5.004382,4.9743824,4.924382,4.8843822,4.8643823,4.8543825,4.8643823,4.8443823,4.8443823,4.8743825,4.904382,4.9343824
2.6943824,2.7043824,2.7243824,2.7543824,2.7943823,2.8443823,2.9243822,3.0043824,3.0943823,3.1743822,3.2743824,3.3543823,3.4443824,3.5343823,3.6043823,3.6543822,3.6643822,3.7043824,3.7243824,3.7543824,3.7343824,3.6643822,3.5743823,3.5443823,3.4943824,3.4743824,3.4243822,3.3643823,3.3443823,3.3043823,3.3343823,3.3643823,3.3643823,3.4743824,3.5743823,3.6543822,3.6743822,3.7043824,3.7243824,3.7443824,3.7343824,3.6943824,3.6643822,3.6143823,3.5643823,3.4943824,3.4043822,3.2943823,3.2143824,3.1543822,3.1243823,3.0843823,3.0643823,3.0443823,3.0543823,3.0443823,3.0943823
3.1143823,2.6743822,2.3643823,2.2143824,2.2043824,2.2743824,2.3543823,2.3943822,2.4043822,2.3743823,2.2843823,2.2443824,2.2043824,2.0543823,1.9643823,1.9543823,1.9443823,1.9843823,2.0543823,2.1343822,2.2143824,2.3043823,2.3543823,2.3843822,2.3643823,2.3243823,2.2743824,2.2243824,2.1443822,2.0743823,1.9843823,1.9243823,1.8743824,1.8443823,1.8243823,1.8143823,1.8143823,1.8243823,1.8643823,1.9443823,2.0443823,2.1743822,2.2743824,2.3543823,2.3943822,2.4043822,2.4043822,2.4243822,2.4543824,2.5043824,2.6143823,2.6543822,2.5943823,2.5143824,2.4643824,2.4343824,2.4743824
2.3843822,2.0743823,1.7643824,1.5643823,1.5543823,1.6243824,1.7243823,1.7043823,1.5843823,1.4143823,1.2643824,1.2043823,1.2443824,1.3243823,1.3643823,1.2943823,1.1043823,0.84438235,0.5843823,0.37438232,0.27438232,0.26438233,0.34438232,0.49438232,0.6843823,0.8843823,1.0943823,1.2943823,1.4643823,1.6143823,1.7243823,1.7743824,1.7843823,1.7743824,1.7743824,1.7843823,1.8143823,1.8643823,1.9243823,1.9943824,2.0943823,2.2043824,2.3243823,2.4343824,2.5343823,2.6543822,2.7543824,2.8543823,2.9143822,2.9143822,2.8043823,2.6043823,2.3543823,2.1543822,2.0543823,2.0543823,2.0743823
1.4143823,1.4243823,1.4643823,1.4943824,1.4643823,1.3443823,1.0843823,0.71438235,0.26438233,-0.13561767,-0.39561766,-0.53561765,-0.58561766,-0.6056177,-0.5656177,-0.47561768,-0.35561767,-0.23561768,-0.16561767,-0.15561767,-0.20561768,-0.26561767,-0.31561768,-0.32561767,-0.28561768,-0.19561768,-0.07561768,0.09438232,0.30438232,0.5743823,0.8843823,1.1943823,1.4743823,1.6843823,1.8343823,1.9243823,1.9743823,2.0143824,2.0843823,2.1343822,2.1943824,2.2543824,2.3043823,2.3543823,2.4243822,2.5443823,2.6943824,2.8243823,2.9543824,3.0343823,3.0843823,3.1143823,3.1043823,3.0543823,2.9543824,2.8143823,2.6643822
1.1743823,0.66438234,0.124382325,-0.21561767,-0.36561766,-0.4356177,-0.6056177,-0.8056177,-0.95561767,-1.0956177,-1.1656177,-1.2056177,-1.2056177,-1.2556176,-1.3356177,-1.3456177,-1.1656177,-0.7556177,-0.2756177,0.09438232,0.23438233,0.24438232,0.26438233,0.39438233,0.5843823,0.7643823,0.90438235,1.0043824,1.1043823,1.2143823,1.3543823,1.5143824,1.6843823,1.8643823,2.0243824,2.2143824,2.3943822,2.6243823,2.8443823,3.0043824,3.1243823,3.2443824,3.3443823,3.4143822,3.4643824,3.5043824,3.5743823,3.6143823,3.6443822,3.6643822,3.6743822,3.6943824,3.7043824,3.7343824,3.7643824,3.8743823,3.9243822
-0.5556177,-0.40561768,-0.3056177,-0.39561766,-0.65561765,-0.96561766,-1.1856177,-1.3056177,-1.3256177,-1.3256177,-1.3356177,-1.4056177,-1.3956177,-1.3356177,-1.2156177,-1.1456177,-1.1856177,-1.2456176,-1.1756177,-0.90561765,-0.51561767,-0.10561767,0.22438233,0.49438232,0.7543823,1.0143824,1.2743824,1.5343823,1.7643824,1.9443823,2.1243823,2.2943823,2.4143822,2.5543823,2.7443824,2.9543824,3.1243823,3.2443824,3.3543823,3.4843824,3.6043823,3.7143824,3.8243823,3.9543824,4.1143823,4.2443824,4.3943825,4.4943824,4.6343822,4.734382,4.8343825,4.9143825,4.944382,4.9543824,4.944382,4.8943825,4.8443823
-0.095617674,-0.16561767,-0.37561768,-0.65561765,-0.89561766,-1.0256177,-1.0456177,-1.0756177,-1.1856177,-1.2756177,-1.3156177,-1.3856177,-1.5156177,-1.6756177,-1.6956177,-1.3356177,-0.8556177,-0.28561768,0.124382325,0.33438233,0.4743823,0.6143823,0.8043823,1.1343824,1.5243824,1.9843823,2.3243823,2.6643822,2.8943822,2.9943824,3.1743822,3.4443824,3.7343824,3.8843822,3.6043823,2.8743823,2.1543822,2.1343822,2.3743823,2.5543823,2.6243823,2.7243824,2.9143822,3.1543822,3.3943822,3.6343822,3.8743823,4.0943823,4.3243823,4.5343823,4.734382,4.924382,5.1243825,5.3143826,5.4943824,5.6443825,5.734382
0.024382325,-0.17561768,-0.3056177,-0.38561767,-0.34561768,-0.23561768,-0.35561767,-0.89561766,-1.4556177,-1.7356176,-1.8156177,-1.7356176,-1.4756176,-1.2756177,-1.3756176,-1.5056176,-1.2556176,-0.8556177,-0.71561766,-0.72561765,-0.6756177,-0.59561765,-0.5656177,-0.47561768,-0.19561768,0.07438233,-0.08561768,-0.6656177,-1.0156177,-0.89561766,-0.6056177,-0.3056177,0.024382325,0.3143823,0.52438235,0.6943823,1.0443823,1.3543823,1.5243824,1.3443823,1.1843823,1.2343823,1.4343823,1.6943823,1.9943824,2.3343823,2.6743822,3.0243824,3.3543823,3.6743822,3.9743824,4.2443824,4.5143824,4.7443824,5.0143824,5.3143826,5.6343822
0.3143823,0.22438233,0.084382325,-0.19561768,-0.42561767,-0.4956177,-0.48561767,-0.5456177,-0.78561765,-1.1756177,-1.4756176,-1.8056177,-2.3156176,-2.8156176,-2.6656177,-2.0056176,-1.7656177,-2.0456176,-2.2956176,-2.3156176,-2.2656176,-2.2656176,-2.2756176,-2.3556178,-2.4456177,-2.3756177,-2.2956176,-2.3756177,-2.4856176,-2.5056176,-2.4856176,-2.4656177,-2.4356177,-2.3956177,-2.3456178,-2.2156177,-2.0056176,-1.7456176,-1.4456177,-1.0956177,-0.71561766,-0.32561767,-0.07561768,-0.11561768,-0.19561768,0.084382325,0.5643823,1.0843823,1.5843823,2.0743823,2.5643823,3.0543823,3.5443823,4.004382,4.4143825,4.754382,5.0343823
0.27438232,0.11438233,0.124382325,0.124382325,-0.07561768,-0.44561768,-0.7556177,-0.96561766,-1.2556176,-1.7856177,-2.3956177,-2.9256177,-3.1056178,-2.9656177,-2.8656178,-3.0456176,-3.1856177,-3.3756177,-3.4756176,-3.6456177,-3.6756177,-3.9456177,-4.265618,-4.305618,-4.3956175,-4.785618,-5.1356177,-5.1556177,-5.075618,-5.095618,-5.225618,-5.4656177,-5.6256175,-5.6156178,-5.535618,-5.4356174,-5.245618,-4.9256177,-4.535618,-4.095618,-3.6756177,-3.3156176,-2.9956176,-2.6856177,-2.3956177,-1.8656176,-1.5756177,-1.2656177,-0.9156177,-0.45561767,0.14438233,0.79438233,1.4443823,2.0943823,2.7343824,3.3743823,3.9643824
-0.18561767,-0.31561768,-0.59561765,-0.89561766,-1.1356177,-1.2656177,-1.0256177,-0.6356177,-0.9856177,-2.1656177,-3.2456176,-3.5856178,-3.5656176,-3.5256176,-3.6556177,-3.7956176,-3.9956176,-4.265618,-4.575618,-4.8856177,-5.1056175,-5.305618,-5.6356177,-5.9056177,-6.1256175,-6.5056176,-6.9856176,-7.2956176,-7.6056175,-7.8856177,-7.4456177,-5.5456176,-6.8856177,-7.9356174,-8.045618,-8.115618,-8.065618,-7.825618,-7.4356174,-7.015618,-6.6156178,-6.2356176,-5.8356175,-5.455618,-5.1356177,-4.805618,-4.3356175,-3.7556176,-3.1556177,-2.5156176,-1.7256176,-1.3456177,-0.9456177,-0.23561768,0.78438234,1.7143823,2.4743824
0.09438232,0.30438232,0.2543823,-0.3056177,-1.0256177,-1.5656177,-1.5456177,-1.0056176,-1.0756177,-2.3656178,-3.9856176,-4.345618,-3.8856177,-3.5856178,-3.7156177,-3.8656178,-4.055618,-4.2956176,-4.6256175,-5.1356177,-5.6056175,-5.725618,-5.995618,-6.4856176,-6.9656177,-7.2956176,-7.6956177,-8.115618,-8.425617,-8.725617,-9.105618,-9.545618,-9.925617,-10.025618,-9.475617,-9.455618,-9.995618,-10.335618,-10.295618,-10.075618,-9.785618,-9.275618,-9.005618,-8.535618,-8.075618,-7.6056175,-7.075618,-6.4356174,-5.6856174,-4.845618,-3.9756176,-3.0956178,-2.2556176,-1.5156177,-1.0056176,-0.23561768,0.49438232
-0.38561767,0.3143823,0.3143823,-0.4356177,-1.2856177,-1.8256177,-1.5656177,-1.3856177,-1.7756177,-2.1156178,-2.9456177,-3.6356177,-3.8556178,-3.7956176,-3.5256176,-3.3556178,-3.0356176,-3.3456178,-3.8256178,-4.1156178,-4.3956175,-4.705618,-5.1656175,-5.3756175,-5.5256176,-5.825618,-6.1756177,-6.4456177,-6.6456175,-6.845618,-7.095618,-7.4056177,-7.7156177,-8.025618,-8.405618,-8.995618,-9.3956175,-9.765617,-10.265617,-10.715618,-11.025618,-10.985618,-10.575618,-10.825618,-10.545618,-10.265617,-10.185617,-9.805617,-8.855618,-7.805618,-6.1156178,-4.705618,-3.8456178,-3.0856178,-2.3656178,-1.6656177,-0.97561765
-1.3756176,-1.2256176,-1.5156177,-1.8856177,-1.9456177,-1.7256176,-1.8456177,-1.9656177,-0.95561767,-0.48561767,-0.32561767,-0.45561767,-2.2256176,-3.0956178,-2.6656177,-3.0856178,-3.3356178,-3.2056177,-3.3256178,-3.1556177,-2.8356178,-2.5856178,-2.6156178,-2.3856177,-1.9656177,-1.9656177,-2.0856178,-2.2156177,-2.3556178,-2.5556176,-2.9256177,-3.4556177,-2.5356176,-2.5756178,-3.0256176,-3.3956177,-3.4056177,-3.9956176,-5.2756176,-6.575618,-7.1356177,-7.225618,-7.325618,-7.805618,-9.115618,-10.515617,-10.845617,-11.125618,-11.685617,-10.025618,-7.3956175,-6.725618,-5.055618,-3.9156177,-3.0756178,-2.4656177,-1.7056177
-2.8856177,-1.0756177,-1.1356177,-1.6756177,-1.1456177,-0.5756177,0.124382325,0.19438232,0.084382325,0.22438233,-0.42561767,-0.8756177,0.2543823,0.90438235,-1.2256176,-3.2656176,-4.0456176,-4.285618,-3.3856177,-1.5056176,0.2843823,1.1643823,1.7743824,2.3443823,3.3343823,4.4143825,3.6043823,0.5543823,0.8743823,1.2043823,1.1943823,1.3943824,1.6043823,1.5743823,0.96438235,0.36438233,-0.13561767,-0.32561767,-0.19561768,0.18438232,-0.78561765,-0.76561767,-0.41561767,0.23438233,0.33438233,-1.5156177,-3.7256176,-5.535618,-8.255618,-10.585618,-8.595617,-5.475618,-4.7956176,-3.9656177,-2.1256177,-1.7656177,-1.7156177
-0.23561768,-1.3356177,-1.1856177,-0.40561768,-0.25561768,-0.4656177,0.13438232,0.40438232,0.78438234,2.0643823,3.2743824,2.8243823,0.5143823,-0.9956177,-0.7956177,-0.9856177,-1.2056177,-1.5356177,-1.7756177,-1.8256177,-1.8356177,-1.6856177,-1.0056176,0.30438232,1.4143823,0.124382325,-0.7556177,-0.24561767,-0.18561767,0.5743823,1.6543823,1.8543823,1.3643823,1.1343824,1.1843823,1.0143824,0.48438233,0.45438233,0.41438234,-1.5156177,-1.8756176,-2.7256176,-2.7756176,-2.2256176,-1.8056177,-0.42561767,1.7543824,0.30438232,1.8843824,2.1943824,3.9343824,0.024382325,-2.2556176,-4.7556176,-2.8456178,-2.3956177,-2.8856177
3.1843824,2.2943823,1.2743824,0.09438232,-0.5656177,-0.6956177,-1.2356176,-1.1056176,-0.31561768,-0.6756177,-0.40561768,0.9943823,2.2643824,0.71438235,-1.2856177,-1.6556177,-2.2656176,-2.7356176,-3.0956178,-3.6456177,-4.035618,-4.8156176,-6.015618,-6.9356174,-4.495618,-2.6756177,-1.4556177,-1.8156177,-1.7156177,-0.6056177,-0.06561767,-0.24561767,-0.035617676,-1.9056177,-1.5456177,-1.0356177,-0.20561768,-0.33561766,-1.7056177,-1.3256177,-1.8556176,-1.2456176,-1.2956177,-1.3456177,-2.0156176,-1.6956177,-1.8356177,-1.9956176,-1.2356176,-1.1256176,0.14438233,-0.42561767,-0.9156177,-0.28561768,0.2543823,-3.3056176,-4.535618
-0.26561767,-0.47561768,0.6943823,0.6343823,-0.9456177,-0.7456177,-0.58561766,-1.4456177,-1.9356177,-3.3056176,-2.1656177,-1.8356177,-0.095617674,0.10438232,-0.7356177,-2.8356178,-2.4356177,-1.9856176,-2.2756176,-3.7956176,-4.4456177,-5.1456175,-6.595618,-8.1456175,-9.935617,-11.055617,-9.435617,-8.285618,-4.7356176,-5.1656175,-5.515618,-4.3556175,-2.9856176,-2.9356177,-1.7956177,-0.95561767,-0.9256177,-0.52561766,-1.4356177,-2.7656176,-2.2156177,-2.3656178,-3.1656177,-3.6056178,-4.705618,-4.765618,-4.285618,-3.7056177,-2.8056176,-5.3356175,-3.4256177,-1.6956177,-3.7056177,-4.4156175,-0.7956177,-3.7856176,-4.325618
-0.32561767,-0.34561768,0.0043823244,-0.95561767,-1.4656177,-1.1756177,-2.1056178,-1.7456176,-1.7356176,-2.6456177,-5.9156175,-4.1856174,-2.6156178,-2.4656177,-2.4856176,-2.0756178,-2.5656176,-1.9056177,-0.59561765,-0.21561767,-1.7456176,-2.8356178,-3.0356176,-2.3756177,-2.2856176,-2.6356177,-2.6956177,-4.285618,-5.4456177,-4.3956175,-3.9256177,-2.5856178,-3.8556178,-3.7756176,-2.1656177,-3.6556177,-3.6856177,-4.4256177,-5.3656178,-3.1556177,-4.535618,-5.3156176,-3.4056177,-1.7556176,-1.5556177,-2.9056177,-3.8856177,-2.6056178,-3.6956177,-4.4256177,-4.9256177,-4.8556175,-3.2056177,-4.955618,-4.6856174,-5.015618,-6.8156176
