raw-data-f/2018100618.json
{"header": { "discipline":0, "disciplineName":"Meteorological products", "gribEdition":2, "gribLength":74822, "center":7, "centerName":"US National Weather Service - NCEP(WMC)", "subcenter":0, "refTime":"2018-10-06T18:00:00.000Z", "significanceOfRT":1, "significanceOfRTName":"Start of forecast", "productStatus":0, "productStatusName":"Operational products", "productType":1, "productTypeName":"Forecast products", "productDefinitionTemplate":0, "productDefinitionTemplateName":"Analysis/forecast at horizontal level/layer at a point in time", "parameterCategory":2, "parameterCategoryName":"Momentum", "parameterNumber":2, "parameterNumberName":"U-component_of_wind", "parameterUnit":"m.s-1", "genProcessType":2, "genProcessTypeName":"Forecast", "forecastTime":0, "surface1Type":103, "surface1TypeName":"Specified height level above ground", "surface1Value":10.0, "surface2Type":255, "surface2TypeName":"Missing", "surface2Value":0.0, "gridDefinitionTemplate":0, "gridDefinitionTemplateName":"Latitude_Longitude", "numberPoints":65160, "shape":6, "shapeName":"Earth spherical with radius of 6,371,229.0 m", "gridUnits":"degrees", "resolution":48, "winds":"true", "scanMode":0, "nx":360, "ny":181, "basicAngle":0, "lo1":0.0, "la1":90.0, "lo2":359.0, "la2":-90.0, "dx":1.0, "dy":1.0 }, "data":
[rows 100 to 124 of 181, columns 232 to 289 of 360]
-6.809575,-6.479575,-6.899575,-7.329575,-7.439575,-8.389575,-8.379575,-8.549575,-8.499576,-8.609575,-8.319575,-8.199575,-8.259575,-8.019575,-7.909575,-8.039576,-7.959575,-7.829575,-7.899575,-7.849575,-7.8195753,-8.159575,-8.319575,-7.959575,-7.7995753,-7.5695753,-7.249575,-7.229575,-6.869575,-6.5895753,-6.3595753,-6.019575,-5.8595753,-5.579575,-5.429575,-4.899575,-4.959575,-3.6395752,-3.4495752,-2.9495752,-2.6595752,-2.6095753,-2.6595752,-2.039575,-1.9795752,-1.6495752,-1.2195752,-0.8695752,-0.4695752,-0.6295752,3.1504247,-3.1695752,-1.9895751,-0.5495752,0.2004248,-0.8095752,0.2204248,1.0304248
-5.809575,-6.389575,-6.539575,-6.639575,-7.419575,-7.749575,-7.7395754,-7.5695753,-8.079576,-8.009575,-8.109575,-7.959575,-8.239575,-8.309575,-8.419575,-8.419575,-8.059575,-8.059575,-7.909575,-8.059575,-8.339575,-8.609575,-8.529575,-8.169575,-7.979575,-7.869575,-7.639575,-7.409575,-7.189575,-6.9495754,-6.829575,-6.2995753,-6.209575,-5.919575,-5.409575,-5.209575,-4.9895754,-4.0295753,-3.6395752,-2.9195752,-2.7395751,-2.6195753,-2.789575,-2.4195752,-2.3695753,-1.8295752,-1.3695751,-0.8395752,-0.5795752,0.1904248,1.4804248,4.040425,-4.349575,-0.4295752,-0.9395752,0.2304248,-0.2295752,0.2904248
-6.179575,-5.869575,-6.099575,-6.6295753,-6.979575,-7.139575,-7.5495753,-7.249575,-7.7395754,-7.929575,-7.7395754,-8.139575,-8.539576,-8.3695755,-8.739575,-8.6195755,-8.249576,-8.059575,-7.8595753,-8.309575,-8.789576,-8.789576,-8.559575,-8.229575,-8.059575,-8.079576,-7.919575,-7.659575,-7.419575,-7.1095753,-6.869575,-6.6995754,-6.559575,-6.079575,-5.4895754,-5.289575,-5.0295753,-4.809575,-4.0295753,-3.3395753,-2.9895751,-2.8895752,-2.6495752,-2.6995752,-2.5695753,-2.1195753,-1.5095752,-1.1795752,0.050424803,-0.2595752,1.2804248,2.960425,1.8304248,-4.6295753,0.010424805,-0.1095752,-0.2695752,-0.019575195
-6.7395754,-5.639575,-6.659575,-7.579575,-7.809575,-7.229575,-7.1995754,-7.7395754,-7.579575,-7.649575,-7.8195753,-8.429575,-8.359575,-8.499576,-8.529575,-8.359575,-8.1195755,-8.069575,-8.029575,-8.349575,-8.789576,-8.789576,-8.569575,-8.319575,-8.259575,-8.339575,-7.9895754,-7.6995754,-7.519575,-7.5095754,-7.269575,-7.039575,-6.729575,-6.289575,-5.689575,-5.209575,-5.079575,-4.939575,-4.249575,-3.7595751,-3.279575,-3.049575,-2.7595751,-2.3895752,-2.4095752,-1.9095752,-1.6595752,-0.9795752,-0.2695752,0.1304248,0.9204248,1.0804248,3.7604249,-3.049575,-2.6895752,-0.5395752,-0.009575196,-0.6095752
-6.8395753,-6.919575,-6.349575,-7.959575,-7.619575,-7.479575,-7.959575,-8.389575,-8.689575,-8.169575,-8.339575,-7.8595753,-8.099575,-8.129575,-8.079576,-8.039576,-7.639575,-8.079576,-8.439575,-8.499576,-8.769575,-8.899575,-8.629575,-8.459576,-8.419575,-8.249576,-8.159575,-7.8795753,-7.8195753,-7.7595754,-7.6995754,-7.519575,-7.209575,-6.729575,-5.999575,-5.4495754,-5.0495753,-4.389575,-4.479575,-4.2195754,-3.6495752,-3.1595752,-3.049575,-3.1795752,-2.6595752,-2.2095752,-2.029575,-1.2095752,-0.3495752,0.21042481,0.53042483,1.2304248,5.100425,3.0404248,-3.4195752,1.7004248,0.5204248,0.9104248
-6.4895754,-6.6295753,-7.909575,-8.259575,-8.489575,-8.349575,-7.3195753,-7.649575,-7.7595754,-7.329575,-7.789575,-7.2595754,-7.5295753,-7.7595754,-8.199575,-7.909575,-7.6995754,-8.359575,-8.629575,-8.6195755,-8.699575,-8.799575,-8.709576,-8.609575,-8.439575,-8.319575,-8.089575,-7.9895754,-7.979575,-7.929575,-7.729575,-7.5095754,-7.349575,-6.959575,-6.5495753,-5.7995753,-5.2395754,-4.639575,-4.419575,-4.649575,-4.2995753,-3.6595752,-3.6495752,-4.229575,-3.529575,-3.6695752,-2.3795753,-1.4895751,-0.9895752,-0.9595752,-0.2495752,-0.3495752,-1.9695752,2.5304248,5.8904247,3.5004249,3.5504248,4.3004246
-5.3395753,-6.389575,-6.809575,-7.959575,-7.999575,-8.039576,-8.089575,-8.259575,-7.179575,-7.019575,-6.899575,-7.169575,-7.4495754,-7.679575,-8.109575,-8.029575,-8.159575,-8.419575,-8.3695755,-8.439575,-8.469575,-8.609575,-8.559575,-8.599575,-8.309575,-8.129575,-7.909575,-7.829575,-7.689575,-7.599575,-7.639575,-7.539575,-7.2595754,-6.939575,-6.399575,-5.8595753,-5.539575,-5.149575,-4.889575,-4.709575,-4.4495754,-3.9795752,-4.139575,-4.6995754,-4.1995754,-3.4695752,-1.9295752,-1.8895752,-1.3795753,-1.7495751,-1.2395751,-1.8195752,-2.2495751,-4.139575,-1.0895752,0.78042483,1.9804248,2.8504248
-4.849575,-4.999575,-6.2995753,-6.849575,-7.479575,-7.3395753,-7.189575,-6.6995754,-6.3795753,-6.809575,-6.789575,-6.999575,-7.679575,-8.019575,-8.309575,-8.289576,-8.249576,-8.299575,-8.299575,-8.199575,-8.209576,-8.489575,-8.319575,-8.279575,-8.039576,-7.8395753,-7.6995754,-7.539575,-7.2595754,-7.2795753,-7.349575,-7.249575,-7.0095754,-6.5695753,-6.159575,-5.979575,-5.689575,-5.6095753,-5.3795753,-5.3795753,-4.8195753,-4.729575,-4.459575,-4.369575,-4.1995754,-3.3595753,-2.1495752,-2.019575,-1.1995752,-1.9995751,-1.4495752,-2.1595752,-3.9795752,-4.0295753,-3.1395752,-2.809575,0.030424805,2.3004248
-4.519575,-4.749575,-5.1295753,-6.3395753,-6.579575,-6.979575,-6.689575,-6.249575,-6.329575,-7.249575,-7.0495753,-7.2195754,-7.8395753,-8.319575,-8.419575,-8.459576,-8.229575,-8.249576,-7.919575,-7.8195753,-7.709575,-7.919575,-8.159575,-8.099575,-7.7595754,-7.539575,-7.3195753,-6.999575,-6.849575,-6.809575,-6.7795753,-6.829575,-6.7395754,-6.369575,-5.979575,-5.539575,-5.659575,-5.869575,-5.909575,-5.5495753,-5.579575,-5.459575,-5.159575,-4.459575,-4.2595754,-3.799575,-2.2395751,-2.1295753,-0.6495752,-1.5795752,-1.5995752,-2.779575,-5.829575,-3.7495751,-3.6795752,-2.6595752,0.1704248,1.3804249
-3.5995753,-4.499575,-5.1995754,-5.329575,-5.929575,-6.179575,-6.7395754,-6.4495754,-7.349575,-7.439575,-6.6995754,-7.119575,-8.349575,-8.269575,-8.229575,-8.309575,-8.139575,-7.9695754,-7.959575,-7.6095753,-7.0295753,-7.0895753,-8.049575,-7.8595753,-7.419575,-7.249575,-6.809575,-6.4495754,-6.459575,-6.439575,-6.499575,-6.4895754,-6.4695754,-6.229575,-5.829575,-5.419575,-5.3795753,-5.6095753,-5.7795753,-5.829575,-5.6995754,-5.659575,-5.6295753,-5.099575,-4.919575,-3.6895752,-2.279575,-2.6395752,0.090424806,-1.3895752,-0.5995752,-3.8695753,-5.849575,-3.9795752,-3.4295752,-3.1495752,0.3204248,1.6504248
-3.1295753,-4.0695753,-4.189575,-4.899575,-5.7395754,-6.789575,-6.749575,-6.649575,-6.709575,-6.8195753,-7.2595754,-7.7595754,-7.9695754,-7.889575,-8.219575,-8.159575,-7.8595753,-7.889575,-7.769575,-7.619575,-7.249575,-6.769575,-7.329575,-7.289575,-7.1095753,-6.6995754,-6.389575,-5.9695754,-5.829575,-5.9895754,-5.999575,-6.0495753,-5.919575,-5.599575,-5.229575,-5.179575,-5.269575,-5.1095753,-5.639575,-5.769575,-5.669575,-5.5295753,-5.3195753,-5.499575,-5.479575,-4.389575,-3.299575,-1.8495752,-1.2095752,-1.7795752,-1.9695752,-3.0995753,-5.389575,-3.3795753,-3.9495752,-2.4295752,0.6704248,2.440425
-2.9395752,-3.4795752,-4.459575,-5.169575,-6.0295753,-6.439575,-6.559575,-6.829575,-7.369575,-7.169575,-7.159575,-7.4495754,-7.909575,-7.889575,-8.289576,-8.109575,-7.439575,-7.289575,-7.539575,-7.249575,-7.1095753,-6.309575,-6.409575,-6.269575,-6.419575,-6.169575,-5.8195753,-5.709575,-5.499575,-5.329575,-5.409575,-5.5695753,-5.229575,-5.0095754,-4.849575,-4.979575,-4.9695754,-4.8395753,-5.079575,-5.3395753,-5.419575,-5.479575,-5.3195753,-5.659575,-5.6295753,-5.249575,-4.189575,-2.8495753,-3.039575,-3.3895752,-1.8195752,-1.7595752,-4.9695754,-2.3395753,-3.1595752,-2.4595752,1.7304248,3.0304248
-3.1395752,-3.7295752,-4.7395754,-5.679575,-6.409575,-6.919575,-7.249575,-7.6295753,-7.909575,-7.7795753,-7.869575,-7.8195753,-8.149575,-7.889575,-7.659575,-7.639575,-7.0495753,-6.559575,-6.669575,-7.0095754,-6.409575,-6.039575,-5.639575,-5.7395754,-5.2395754,-5.429575,-5.269575,-5.119575,-5.2795753,-4.909575,-4.8195753,-4.979575,-4.789575,-4.769575,-4.4695754,-4.479575,-4.459575,-4.6995754,-4.6095753,-4.7795753,-5.0495753,-5.0095754,-5.3795753,-5.479575,-5.3595753,-5.3195753,-4.809575,-4.3195753,-3.8795753,-3.9595752,-3.1995752,-3.0795753,-3.0795753,-2.9695752,-1.4195752,-0.4495752,2.0904248,3.950425
-2.9895751,-4.0495753,-4.409575,-5.169575,-6.3595753,-6.899575,-7.3395753,-7.289575,-7.229575,-7.349575,-7.3795753,-7.399575,-7.709575,-7.8395753,-7.679575,-7.189575,-6.669575,-6.419575,-5.999575,-5.7995753,-6.079575,-5.5495753,-5.289575,-4.709575,-4.689575,-4.5495753,-4.479575,-4.369575,-4.5295753,-4.4895754,-4.149575,-4.349575,-4.309575,-4.209575,-4.1095753,-4.149575,-3.9895751,-3.9295752,-3.9295752,-4.2195754,-4.349575,-4.7195754,-4.9495754,-4.999575,-4.8795753,-4.7195754,-4.659575,-4.499575,-4.189575,-4.289575,-4.1995754,-3.549575,-2.779575,-2.4595752,-0.9795752,1.2404248,1.6704248,2.5004249
-3.3395753,-3.8595753,-4.269575,-5.5095754,-6.159575,-6.519575,-7.1095753,-7.179575,-7.329575,-7.369575,-7.599575,-7.8395753,-7.8395753,-7.659575,-7.119575,-6.929575,-6.659575,-6.189575,-5.619575,-5.169575,-4.889575,-5.249575,-4.579575,-4.149575,-3.519575,-3.7195752,-4.2995753,-3.5995753,-3.4995751,-3.519575,-3.4795752,-3.269575,-3.4995751,-3.4995751,-3.4595752,-3.4495752,-3.3295753,-3.4595752,-3.3795753,-3.4395752,-3.5895753,-3.9495752,-4.349575,-4.559575,-4.679575,-4.579575,-4.2595754,-3.8995752,-3.6795752,-3.4895751,-3.8295753,-3.6395752,-3.1095753,-1.8495752,-0.0695752,0.7704248,1.1604248,1.5804248
0.040424805,-6.749575,-5.5095754,-5.6095753,-6.399575,-6.0095754,-4.959575,-5.829575,-6.7795753,-6.9895754,-6.8195753,-6.649575,-6.459575,-6.369575,-6.1095753,-5.659575,-5.349575,-5.059575,-5.1295753,-4.9695754,-4.459575,-4.1295753,-3.769575,-3.4195752,-2.9295752,-2.2195752,-2.3395753,-2.4695752,-1.9195752,-1.9995751,-2.2095752,-2.0895753,-1.9895751,-2.279575,-2.4395752,-2.309575,-2.3795753,-2.6995752,-2.8595753,-3.049575,-3.2095752,-3.7395751,-3.8795753,-4.1095753,-4.3595753,-4.149575,-3.7495751,-3.6695752,-3.5995753,-3.4795752,-3.1295753,-2.9795752,-2.5695753,-1.4595752,-0.1695752,1.0404248,1.7804248,1.8104248
-12.659575,-12.289576,-10.649575,-9.499576,-9.589575,-7.829575,-8.599575,-10.289576,-10.249576,-11.389575,-11.069575,-10.759575,-10.599575,-10.509575,-10.229575,-10.3695755,-9.519575,-7.5695753,-5.289575,-3.5695753,-3.519575,-2.769575,-2.019575,-1.3295752,-1.2595752,-0.9795752,-0.079575196,1.0504248,1.4604248,0.9604248,0.2504248,-0.1095752,-0.52957517,-0.3795752,-0.35957518,-0.5695752,-0.9595752,-1.1195751,-1.7295752,-2.1795752,-2.5695753,-2.8295753,-3.2195752,-3.539575,-3.3895752,-3.269575,-3.2595751,-3.3395753,-3.3295753,-3.0995753,-2.6795752,-1.9795752,-1.0795752,-0.7595752,0.010424805,1.4804248,2.3904247,2.460425
-9.6195755,-11.239575,-10.919575,-10.559575,-9.499576,-8.8695755,-10.539576,-11.239575,-11.409575,-11.319575,-11.139575,-10.779575,-10.379575,-10.279575,-9.299575,-8.579576,-8.129575,-6.729575,-6.939575,-7.0095754,-6.979575,-5.649575,-2.9195752,0.4904248,2.3904247,2.8004248,2.5804248,2.440425,2.4904249,2.8004248,3.5704248,2.6604247,2.7504249,1.4104248,1.5204248,1.7404248,1.1904248,0.6404248,0.1304248,-0.5595752,-1.2795752,-1.6195751,-2.4795752,-2.6495752,-2.7295752,-2.779575,-2.539575,-2.4495752,-2.6095753,-2.779575,-2.269575,-1.5995752,-0.32957518,0.78042483,1.2704248,1.7804248,2.970425,3.9204247
-9.949575,-11.479575,-10.969575,-9.999576,-9.689575,-8.609575,-8.749576,-10.089575,-10.699575,-10.769575,-10.979575,-10.779575,-10.259575,-9.919575,-9.109575,-8.339575,-7.689575,-6.7995753,-6.0695753,-6.169575,-6.079575,-5.889575,-5.5895753,-5.829575,-5.5295753,-4.329575,-2.769575,0.7004248,4.270425,5.060425,4.360425,4.860425,5.0504246,4.500425,3.8204248,3.190425,3.3104248,3.0104249,2.0704248,1.4404248,0.5504248,-0.23957519,-0.9195752,-1.5395752,-2.1795752,-2.3995752,-2.299575,-1.8495752,-1.4795752,-1.3295752,-1.2895752,-1.1795752,-0.6195752,0.42042482,1.7904248,2.470425,2.8904247,2.7904248
-12.509575,-12.389575,-10.829576,-9.409575,-8.569575,-7.3395753,-7.3595753,-8.189575,-8.919575,-9.849575,-10.769575,-10.379575,-9.739575,-9.209576,-8.699575,-7.999575,-7.169575,-6.479575,-5.8395753,-5.3395753,-5.2595754,-5.2795753,-4.769575,-4.4695754,-3.8595753,-3.1095753,-2.4995751,-1.6695752,-1.1195751,-0.3395752,3.8204248,6.400425,5.900425,6.4104247,5.730425,5.170425,4.1404247,4.3704247,4.560425,3.8104248,2.8704247,1.6604248,0.9204248,0.010424805,-0.7695752,-1.3895752,-1.6595752,-1.3895752,-0.9895752,-0.5995752,-0.1295752,-0.1395752,-0.20957519,0.020424806,0.9004248,2.4204247,2.1104248,4.3704247
-11.289576,-11.939575,-11.469575,-10.229575,-8.929575,-7.939575,-7.599575,-7.209575,-8.359575,-9.469575,-10.499576,-10.149575,-9.3695755,-8.819575,-8.109575,-7.7595754,-7.439575,-6.869575,-6.2195754,-5.6095753,-5.249575,-4.669575,-4.2195754,-3.6295753,-2.8395753,-2.0695753,-1.2695752,-0.9895752,-0.6495752,0.1104248,0.9504248,1.6604248,4.630425,7.590425,7.230425,7.130425,6.080425,5.130425,5.3004246,5.710425,5.1804247,4.580425,3.5704248,2.2904248,0.9104248,-0.1095752,-0.4095752,-0.3795752,-0.3095752,-0.089575194,0.0704248,0.36042482,0.2904248,0.4004248,0.8204248,2.2404249,3.480425,3.940425
-11.759575,-11.849575,-10.769575,-9.719575,-8.349575,-8.029575,-7.809575,-8.539576,-9.859575,-10.719575,-10.679575,-9.909575,-8.749576,-8.159575,-7.539575,-7.059575,-6.809575,-6.289575,-5.5895753,-4.9695754,-4.209575,-3.4695752,-2.8195753,-2.4395752,-1.8695751,-1.1795752,-0.5695752,-0.32957518,0.18042481,0.6304248,1.3404248,2.4204247,3.690425,4.6404247,8.480425,8.530425,7.4704247,6.4104247,5.4904246,6.1604247,6.170425,5.710425,4.7404246,4.520425,3.4304247,2.3104248,1.0704248,0.5204248,0.4004248,0.3204248,0.5404248,0.4704248,0.5704248,0.72042483,0.9204248,2.1504247,2.2804248,2.8904247
-10.879575,-10.519575,-10.219575,-10.079576,-9.729575,-10.469575,-11.109575,-10.929575,-10.229575,-9.849575,-9.429575,-8.649575,-7.6295753,-7.149575,-6.8395753,-6.349575,-5.829575,-5.229575,-4.419575,-3.7295752,-2.6195753,-2.1395752,-1.5795752,-1.3595752,-0.9795752,-0.32957518,-0.009575196,0.2704248,1.0504248,1.6904248,2.3704247,3.480425,4.770425,6.000425,7.210425,8.990425,9.290424,7.750425,6.520425,5.830425,6.170425,6.1604247,5.480425,4.820425,4.630425,3.7404249,3.0104249,2.3704247,1.4104248,0.9104248,0.9104248,1.1504248,0.8504248,0.9604248,1.3004248,2.1604247,2.1004248,3.3704247
-10.269575,-9.839575,-9.249576,-8.689575,-8.709576,-8.879575,-9.259575,-8.949575,-8.649575,-8.429575,-7.519575,-6.939575,-7.539575,-7.6095753,-6.7595754,-5.689575,-4.899575,-4.3395753,-3.6495752,-2.799575,-1.6895752,-1.5695752,-0.8795752,-0.8595752,-0.3695752,0.2004248,0.5904248,1.0804248,1.8504248,2.460425,3.3204248,4.610425,5.710425,6.4104247,7.540425,8.750424,10.070425,9.840425,7.770425,6.6204247,5.710425,5.7204247,5.670425,5.4904246,5.170425,4.670425,4.2804246,3.710425,3.0804248,1.8704247,1.5304248,1.4304248,1.5804248,1.4304248,1.6004248,2.6104248,4.2004247,3.0104249
-9.469575,-8.789576,-8.249576,-8.009575,-7.899575,-7.5895753,-7.399575,-7.2595754,-7.4495754,-7.0695753,-6.2395754,-6.269575,-6.079575,-5.659575,-5.429575,-4.599575,-3.8995752,-3.2595751,-2.6195753,-1.8395752,-1.1595752,-0.8395752,-0.1995752,-0.049575195,0.050424803,0.3504248,0.6604248,1.4304248,2.4004247,3.1104248,4.0104246,4.6604247,5.5104246,6.460425,7.4504247,8.680425,10.190425,11.350425,9.760425,7.4504247,6.320425,5.820425,5.770425,5.400425,5.230425,5.2404246,5.210425,4.570425,3.960425,3.5204248,2.4304247,2.200425,2.1104248,2.0204248,2.0804248,2.970425,4.5304246,2.0704248
