raw-data-f/2018100806.json
{"header": { "discipline":0, "disciplineName":"Meteorological products", "gribEdition":2, "gribLength":74680, "center":7, "centerName":"US National Weather Service - NCEP(WMC)", "subcenter":0, "refTime":"2018-10-10T06:00:00.000Z", "significanceOfRT":1, "significanceOfRTName":"Start of forecast", "productStatus":0, "productStatusName":"Operational products", "productType":1, "productTypeName":"Forecast products", "productDefinitionTemplate":0, "productDefinitionTemplateName":"Analysis/forecast at horizontal level/layer at a point in time", "parameterCategory":2, "parameterCategoryName":"Momentum", "parameterNumber":2, "parameterNumberName":"U-component_of_wind", "parameterUnit":"m.s-1", "genProcessType":2, "genProcessTypeName":"Forecast", "forecastTime":0, "surface1Type":103, "surface1TypeName":"Specified height level above ground", "surface1Value":10.0, "surface2Type":255, "surface2TypeName":"Missing", "surface2Value":0.0, "gridDefinitionTemplate":0, "gridDefinitionTemplateName":"Latitude_Longitude", "numberPoints":65160, "shape":6, "shapeName":"Earth spherical with radius of 6,371,229.0 m", "gridUnits":"degrees", "resolution":48, "winds":"true", "scanMode":0, "nx":360, "ny":181, "basicAngle":0, "lo1":0.0, "la1":90.0, "lo2":359.0, "la2":-90.0, "dx":1.0, "dy":1.0 }, "data":
[rows 104 to 129 of 181, columns 0 to 59 of 360]
-5.302229,-5.412229,-5.452229,-5.052229,-4.512229,-3.752229,-2.972229,-2.582229,-1.772229,-0.132229,0.18777099,0.747771,0.537771,0.167771,0.227771,-0.94222903,-0.682229,-1.582229,-2.702229,-1.6622291,-1.782229,-2.122229,-2.672229,-4.152229,-3.552229,-4.212229,-3.942229,-4.342229,-4.532229,-4.122229,-3.172229,-2.392229,-3.382229,-2.912229,-3.442229,-2.002229,-2.202229,-3.362229,-2.172229,-0.802229,-1.592229,-1.482229,-3.162229,-4.802229,-7.682229,-8.182229,-7.892229,-5.852229,0.80777097,-1.592229,-1.272229,-5.002229,-6.102229,-6.892229,-7.942229,-8.602229,-9.702229,-10.542229,-10.072229,-9.252229
-5.242229,-5.292229,-5.952229,-5.762229,-4.932229,-4.222229,-3.972229,-3.422229,-1.682229,-1.192229,-0.082229,0.197771,1.437771,0.967771,-0.222229,0.087771,-0.312229,-3.262229,-3.112229,-1.882229,-2.242229,-2.152229,-2.862229,-3.602229,-4.152229,-3.792229,-3.502229,-4.372229,-4.802229,-3.192229,-1.842229,-3.962229,-3.402229,-1.862229,-1.622229,-0.63222903,-1.202229,-0.612229,-0.192229,0.377771,0.017770996,-0.552229,-2.742229,-4.792229,-7.942229,-9.402229,-9.832229,-7.032229,-4.362229,-4.292229,0.017770996,-4.522229,-6.162229,-6.742229,-7.952229,-8.772229,-10.262229,-10.032229,-10.032229,-9.322229
-5.012229,-5.562229,-5.702229,-5.842229,-5.362229,-4.682229,-5.252229,-4.122229,-1.782229,-1.572229,-0.752229,0.727771,0.857771,0.18777099,0.947771,1.317771,-0.142229,-3.452229,-2.272229,-2.462229,-2.862229,-2.532229,-2.732229,-2.862229,-3.412229,-4.352229,-4.122229,-3.802229,-4.822229,-3.302229,-4.692229,-5.152229,-4.972229,-3.592229,-2.832229,-0.442229,-1.1622291,-0.752229,0.247771,0.707771,0.347771,-1.6622291,-2.212229,-1.512229,-5.662229,-5.992229,-4.642229,-4.542229,-5.042229,-5.292229,-3.372229,-5.222229,-6.652229,-7.082229,-7.842229,-8.982229,-9.732229,-9.842229,-9.572229,-9.462229
-5.452229,-4.882229,-5.242229,-5.272229,-5.702229,-4.922229,-5.172229,-4.892229,-2.922229,-0.732229,-1.172229,-1.682229,0.107770994,0.017770996,-1.742229,-2.412229,1.537771,-3.872229,-3.052229,-2.862229,-2.832229,-2.542229,-2.722229,-2.402229,-2.952229,-3.052229,-4.162229,-5.012229,-2.082229,-1.752229,-2.912229,-3.712229,-2.472229,-2.392229,-2.182229,-1.132229,-1.242229,-0.142229,0.497771,-0.15222901,-2.692229,-3.392229,-2.242229,-4.852229,-4.002229,-4.922229,-5.282229,-7.762229,-7.002229,-1.842229,-4.002229,-5.822229,-7.042229,-7.302229,-8.262229,-9.512229,-9.652229,-9.582229,-9.392229,-9.522229
-5.992229,-5.692229,-4.762229,-4.962229,-5.242229,-4.882229,-4.822229,-4.752229,-3.902229,-1.132229,-1.212229,-2.092229,-0.10222901,-1.132229,-2.142229,-2.532229,-3.452229,-3.462229,-4.312229,-3.962229,-3.482229,-3.032229,-2.532229,-2.672229,-3.452229,-3.682229,-3.082229,-2.392229,-3.832229,-3.242229,-2.842229,-2.702229,-1.432229,-1.512229,-0.952229,-0.382229,0.357771,-0.322229,-1.582229,-2.492229,-4.762229,-3.932229,-3.122229,-3.352229,-2.842229,-3.562229,-3.292229,-6.832229,-5.422229,-0.962229,-5.602229,-7.032229,-8.262229,-8.502229,-9.622229,-9.932229,-9.592229,-9.282229,-9.172229,-9.102229
-6.162229,-5.932229,-5.772229,-4.842229,-4.492229,-4.502229,-4.412229,-4.432229,-4.152229,-3.052229,-1.192229,-2.202229,-2.172229,0.277771,-1.542229,-3.362229,-5.482229,-6.902229,-6.372229,-5.412229,-5.872229,-4.152229,-3.572229,-3.582229,-3.942229,-4.752229,-4.232229,-4.492229,-4.522229,-3.702229,-2.962229,-3.252229,-0.662229,-1.012229,-0.422229,0.837771,0.297771,-1.152229,-2.462229,-4.192229,-5.892229,-4.072229,-5.032229,-3.292229,-2.572229,-3.372229,-3.512229,-6.742229,-2.202229,-0.30222902,-7.192229,-8.772229,-10.262229,-10.452229,-10.542229,-9.822229,-9.392229,-8.972229,-8.622229,-8.282229
-6.382229,-6.332229,-5.842229,-5.242229,-4.472229,-3.892229,-3.812229,-4.022229,-3.912229,-3.882229,-2.692229,-0.912229,-1.332229,-1.932229,-2.492229,-1.512229,-2.942229,-4.922229,-3.372229,-4.952229,-5.652229,-5.612229,-4.462229,-4.872229,-5.042229,-5.502229,-5.372229,-4.882229,-4.172229,-3.612229,-2.582229,-2.732229,-0.042229004,-1.202229,0.657771,0.607771,-0.15222901,-1.952229,-3.132229,-4.482229,-4.142229,-4.612229,-4.812229,-3.872229,-3.162229,-2.202229,-2.592229,-4.282229,-0.69222903,0.267771,-5.862229,-8.212229,-9.762229,-10.412229,-11.352229,-10.632229,-9.102229,-7.172229,-8.732229,-8.892229
-5.942229,-6.382229,-6.182229,-5.542229,-4.412229,-3.872229,-3.182229,-3.332229,-3.652229,-3.642229,-3.412229,-2.262229,-0.772229,-1.902229,0.61777097,-0.822229,-6.052229,-3.292229,-3.852229,-4.202229,-4.472229,-3.772229,-4.692229,-4.832229,-4.642229,-6.812229,-5.532229,-5.382229,-4.702229,-3.742229,-2.722229,-1.992229,-3.272229,-1.262229,-0.032229003,0.647771,-0.94222903,-2.282229,-3.412229,-3.772229,-2.812229,-4.272229,-8.782229,-5.602229,-3.822229,-5.702229,-6.442229,-5.572229,-0.772229,-5.402229,-8.912229,-9.922229,-10.222229,-10.022229,-7.852229,-2.242229,-7.832229,-9.512229,-9.312229,-9.252229
-5.072229,-5.552229,-6.032229,-5.852229,-4.702229,-3.612229,-3.152229,-2.982229,-3.092229,-3.022229,-2.882229,-3.072229,-2.332229,-0.652229,-0.832229,-1.142229,-2.622229,-3.452229,-2.332229,-2.432229,-2.022229,-2.532229,-2.972229,-4.072229,-3.252229,-4.562229,-6.482229,-4.622229,-4.682229,-6.732229,-6.272229,-2.982229,-2.342229,-1.1622291,-0.382229,-0.20222901,-2.582229,-3.122229,-2.792229,-2.412229,-1.832229,-3.712229,-6.402229,-8.512229,-5.022229,-4.772229,-5.172229,-3.372229,-0.712229,-8.532229,-9.662229,-10.832229,-10.402229,-10.282229,-10.462229,-10.492229,-10.222229,-10.382229,-10.322229,-10.222229
-4.032229,-4.812229,-5.572229,-5.442229,-4.952229,-3.832229,-3.182229,-2.842229,-3.002229,-2.892229,-2.902229,-3.062229,-2.942229,-2.582229,-0.422229,1.207771,-2.082229,-1.642229,0.707771,0.227771,-1.642229,-1.782229,-1.352229,-1.942229,-2.422229,-2.962229,-3.712229,-3.582229,-3.632229,-2.912229,-1.812229,-1.102229,-1.112229,-1.102229,-0.522229,-1.492229,-3.672229,-3.282229,-2.212229,-0.902229,-3.502229,-4.972229,-5.352229,-0.462229,-4.202229,-6.292229,-8.262229,-3.902229,-7.282229,-9.672229,-10.832229,-10.802229,-10.292229,-10.132229,-9.882229,-10.192229,-10.682229,-10.822229,-10.762229,-10.322229
-2.692229,-3.672229,-4.132229,-4.852229,-4.802229,-4.232229,-3.182229,-2.972229,-3.162229,-3.292229,-3.052229,-3.352229,-3.052229,-2.672229,-2.112229,-0.082229,-2.252229,-0.652229,0.327771,3.207771,-0.762229,-0.192229,0.23777099,-0.042229004,-1.672229,-2.362229,-2.342229,-2.652229,-1.382229,-0.522229,-1.232229,-0.672229,-0.472229,-0.532229,-1.202229,-2.472229,-5.342229,-4.522229,-3.492229,-4.432229,-6.072229,-7.232229,-7.362229,-5.982229,-4.822229,-3.542229,-5.782229,-3.442229,-10.512229,-10.982229,-11.272229,-10.732229,-10.182229,-9.622229,-9.792229,-10.552229,-10.882229,-10.522229,-9.942229,-9.292229
-3.552229,-4.502229,-3.612229,-3.322229,-3.502229,-4.422229,-3.372229,-2.762229,-2.812229,-3.342229,-3.732229,-3.692229,-3.692229,-2.872229,-1.812229,0.507771,-2.042229,-0.542229,-1.332229,3.117771,0.827771,0.067770995,0.777771,2.047771,-1.172229,-2.802229,-1.152229,1.197771,1.507771,-1.732229,-0.382229,-0.722229,0.267771,0.147771,-2.052229,-5.002229,-5.992229,-6.042229,-6.032229,-6.172229,-7.332229,-7.322229,-8.052229,-8.562229,-6.832229,-5.182229,-4.332229,-5.242229,-12.022229,-12.272229,-11.092229,-10.512229,-9.722229,-9.192229,-9.832229,-10.652229,-10.452229,-9.692229,-9.072229,-8.612229
-3.902229,-3.652229,-3.522229,-3.292229,-2.872229,-2.492229,-3.532229,-3.112229,-2.642229,-3.272229,-3.982229,-4.142229,-4.202229,-3.802229,-2.322229,-0.852229,-1.582229,-0.722229,0.767771,1.327771,3.147771,0.267771,0.777771,-0.082229,-2.912229,-0.992229,0.47777098,3.767771,1.957771,2.517771,2.847771,0.067770995,-0.062229004,2.007771,-2.572229,-5.422229,-6.832229,-7.512229,-8.202229,-9.202229,-9.132229,-9.432229,-10.472229,-11.432229,-12.492229,-13.612229,-12.212229,-13.052229,-12.722229,-11.772229,-10.582229,-9.992229,-9.312229,-9.882229,-10.242229,-10.432229,-9.812229,-9.122229,-8.392229,-8.062229
-3.202229,-3.242229,-3.122229,-2.982229,-2.352229,-1.562229,-2.162229,-2.682229,-2.932229,-3.332229,-4.202229,-4.502229,-4.172229,-4.372229,-4.072229,-1.892229,-0.972229,0.217771,1.517771,0.197771,1.887771,0.55777097,-0.772229,-1.242229,0.707771,0.297771,3.107771,3.587771,5.377771,3.307771,3.957771,-0.562229,0.12777099,-0.012229004,-4.052229,-5.892229,-6.722229,-8.242229,-9.462229,-10.622229,-10.772229,-10.932229,-11.362229,-11.352229,-11.232229,-11.742229,-12.812229,-12.542229,-11.872229,-11.042229,-10.142229,-9.352229,-9.392229,-9.672229,-9.962229,-10.022229,-9.362229,-8.782229,-8.082229,-7.452229
-1.652229,-1.902229,-2.242229,-2.322229,-2.422229,-1.9122291,-1.542229,-2.702229,-2.262229,-2.842229,-3.852229,-4.532229,-4.412229,-4.252229,-4.542229,-4.882229,-3.312229,1.327771,1.187771,3.427771,3.047771,2.457771,-0.472229,0.647771,6.357771,-1.152229,0.817771,1.397771,1.467771,3.517771,1.0877709,-0.482229,-0.532229,-1.432229,-4.882229,-6.142229,-7.092229,-8.522229,-9.022229,-10.332229,-10.692229,-10.322229,-10.682229,-11.012229,-11.222229,-10.692229,-11.532229,-11.382229,-11.212229,-10.192229,-9.402229,-8.752229,-8.972229,-9.652229,-9.802229,-9.202229,-8.812229,-8.062229,-7.552229,-7.212229
0.55777097,0.057770997,-0.682229,-1.4122291,-1.682229,-2.072229,-2.322229,-3.522229,-3.612229,-2.412229,-2.442229,-3.362229,-4.152229,-3.892229,-3.842229,-3.882229,-3.362229,-0.602229,2.387771,1.607771,1.197771,1.757771,0.15777099,4.387771,6.797771,-0.502229,1.097771,0.12777099,0.787771,2.387771,0.197771,0.397771,-3.992229,-4.892229,-5.702229,-6.762229,-6.872229,-8.292229,-8.142229,-9.462229,-9.202229,-8.432229,-8.882229,-10.282229,-10.262229,-9.642229,-10.412229,-10.682229,-9.962229,-9.392229,-9.252229,-9.112229,-9.212229,-9.272229,-8.872229,-8.302229,-7.932229,-7.452229,-7.062229,-6.832229
3.337771,2.327771,1.417771,0.167771,-0.792229,-1.392229,-1.922229,-2.732229,-3.042229,-3.002229,-2.602229,-2.192229,-2.422229,-3.342229,-3.342229,-3.132229,-2.392229,-3.002229,0.607771,-0.352229,2.447771,2.347771,2.997771,6.137771,4.707771,2.987771,2.707771,0.107770994,1.8377709,2.817771,0.697771,-4.272229,-6.222229,-6.522229,-6.142229,-6.742229,-6.602229,-7.552229,-7.622229,-8.632229,-8.352229,-7.402229,-7.712229,-8.362229,-8.622229,-9.222229,-9.852229,-9.602229,-8.802229,-8.482229,-7.932229,-7.872229,-7.932229,-8.222229,-8.032229,-7.252229,-6.962229,-6.902229,-6.372229,-6.242229
5.937771,4.917771,3.827771,2.637771,1.127771,-0.022229005,-0.682229,-1.302229,-2.082229,-2.312229,-2.322229,-2.382229,-2.092229,-2.032229,-2.622229,-2.692229,-2.302229,-1.922229,-0.69222903,2.217771,4.027771,0.817771,2.017771,4.417771,4.787771,3.487771,-1.172229,0.517771,2.347771,1.847771,-1.032229,-7.232229,-6.772229,-6.912229,-5.962229,-6.512229,-6.402229,-6.832229,-6.982229,-7.682229,-7.912229,-7.592229,-7.872229,-7.352229,-7.072229,-7.592229,-8.062229,-7.912229,-7.862229,-7.722229,-7.572229,-7.592229,-7.312229,-7.142229,-6.912229,-6.522229,-6.192229,-5.942229,-5.382229,-4.892229
7.957771,7.237771,6.127771,4.837771,3.607771,2.247771,1.127771,0.367771,-0.312229,-1.032229,-1.732229,-2.102229,-2.962229,-2.572229,-1.462229,-1.782229,-1.712229,-0.902229,-0.082229,2.337771,2.557771,1.637771,2.077771,1.937771,3.317771,2.437771,0.297771,1.577771,1.387771,-0.182229,-8.182229,-7.192229,-6.352229,-6.822229,-5.932229,-6.142229,-6.262229,-6.432229,-6.812229,-6.112229,-6.352229,-6.762229,-6.612229,-6.052229,-5.822229,-6.502229,-5.672229,-5.972229,-6.682229,-6.522229,-6.482229,-6.592229,-6.562229,-6.342229,-5.962229,-5.422229,-4.662229,-3.962229,-3.152229,-2.412229
8.827771,9.227771,8.027771,6.917771,5.617771,4.467771,3.417771,2.587771,1.447771,0.44777098,0.18777099,-1.022229,-2.332229,-3.412229,-3.252229,-2.162229,-1.562229,-1.132229,-0.822229,0.667771,0.607771,1.867771,1.107771,-0.162229,-0.242229,0.317771,-0.442229,-0.662229,1.177771,-3.432229,-6.622229,-6.252229,-5.532229,-6.262229,-5.552229,-5.962229,-5.752229,-5.502229,-5.842229,-5.772229,-5.162229,-4.702229,-4.742229,-4.582229,-4.582229,-4.802229,-4.352229,-4.792229,-4.952229,-5.132229,-5.532229,-5.642229,-5.492229,-4.952229,-4.322229,-3.752229,-2.722229,-1.4122291,-0.69222903,-0.132229
9.237771,9.357771,9.997771,7.967771,7.087771,6.177771,5.387771,4.627771,3.667771,2.287771,1.677771,1.0877709,-0.712229,-2.362229,-2.982229,-2.422229,-2.052229,-1.052229,-1.442229,-1.092229,0.197771,1.747771,2.977771,2.157771,2.697771,2.657771,4.067771,5.797771,2.147771,-4.162229,-5.142229,-4.832229,-4.512229,-5.192229,-4.882229,-4.762229,-4.772229,-4.752229,-4.512229,-4.472229,-4.592229,-3.482229,-2.892229,-2.912229,-3.542229,-3.492229,-3.082229,-2.972229,-3.122229,-4.062229,-4.182229,-4.072229,-3.472229,-2.532229,-1.212229,0.667771,1.937771,2.137771,1.637771,1.257771
10.877771,10.387771,9.897771,8.647771,8.557771,7.217771,6.577771,6.147771,5.117771,3.957771,3.257771,2.617771,1.697771,-0.092229,-1.232229,-1.422229,-0.88222903,-0.372229,0.177771,0.677771,2.137771,3.937771,4.857771,5.637771,6.017771,6.337771,5.907771,2.697771,-2.192229,-3.672229,-3.352229,-3.412229,-3.392229,-3.742229,-4.042229,-4.072229,-4.092229,-3.872229,-2.822229,-2.532229,-2.222229,-1.862229,-1.902229,-1.1622291,-1.472229,-1.782229,-1.242229,-1.092229,-1.492229,-1.902229,-1.902229,-1.392229,-0.262229,1.537771,2.327771,2.447771,1.257771,1.207771,1.897771,3.037771
12.337771,10.727771,10.247771,9.317771,8.117771,7.067771,6.547771,6.307771,5.027771,4.687771,4.537771,3.827771,3.567771,2.907771,1.437771,0.697771,0.727771,0.677771,1.217771,1.907771,2.077771,2.117771,2.667771,2.487771,3.467771,4.967771,3.857771,-1.552229,-3.862229,-2.742229,-1.712229,-2.132229,-1.952229,-2.672229,-2.992229,-2.962229,-2.942229,-2.732229,-1.462229,-0.482229,-0.262229,-0.172229,0.12777099,-0.252229,-0.162229,0.517771,0.757771,0.537771,0.707771,0.407771,0.877771,1.717771,2.937771,3.477771,3.537771,3.517771,3.277771,3.287771,3.677771,4.237771
11.887771,12.917771,12.177771,9.337771,6.877771,5.367771,5.017771,6.477771,5.367771,5.407771,5.107771,4.797771,4.957771,2.327771,1.947771,3.367771,3.157771,2.257771,2.007771,1.497771,1.677771,2.177771,1.707771,1.057771,1.617771,2.267771,0.747771,-1.122229,-3.122229,-2.032229,-0.812229,-1.182229,-0.622229,-1.432229,-1.132229,-1.762229,-2.112229,-0.712229,-0.222229,1.017771,1.8377709,2.357771,2.557771,1.687771,1.747771,2.647771,2.727771,2.697771,2.237771,2.727771,3.437771,4.077771,4.477771,4.537771,4.677771,4.627771,4.507771,4.497771,5.027771,5.447771
10.437771,10.417771,13.387771,10.087771,6.727771,4.817771,4.017771,4.347771,3.247771,3.497771,4.747771,4.987771,3.737771,3.617771,5.297771,5.737771,4.967771,4.047771,3.037771,0.827771,0.227771,1.047771,1.517771,-1.992229,-1.252229,-0.742229,0.377771,0.137771,-0.362229,-0.182229,-0.482229,0.257771,1.307771,-0.012229004,0.217771,-0.392229,-0.372229,1.177771,1.697771,3.327771,3.717771,3.937771,3.467771,3.607771,4.047771,4.227771,4.057771,4.507771,4.767771,4.997771,5.527771,5.807771,5.677771,5.597771,5.637771,5.757771,5.537771,5.357771,5.467771,5.927771
10.977771,9.997771,7.317771,12.307771,8.557771,5.087771,4.347771,3.857771,3.717771,3.417771,3.857771,3.987771,4.517771,6.317771,6.737771,6.117771,5.197771,4.757771,3.897771,1.707771,0.937771,-0.572229,-1.082229,-4.542229,-3.122229,-1.022229,-0.88222903,1.5877709,0.827771,1.767771,0.427771,1.387771,1.947771,0.957771,0.44777098,2.027771,2.147771,2.467771,3.097771,3.627771,4.257771,4.277771,2.797771,3.987771,5.377771,5.447771,5.817771,6.067771,5.747771,6.097771,7.327771,7.387771,7.247771,6.897771,6.367771,6.487771,6.367771,6.337771,6.067771,4.977771
