raw-data-f/2018100712f3.json
{"header": { "discipline":0, "disciplineName":"Meteorological products", "gribEdition":2, "gribLength":75343, "center":7, "centerName":"US National Weather Service - NCEP(WMC)", "subcenter":0, "refTime":"2018-10-07T12:00:00.000Z", "significanceOfRT":1, "significanceOfRTName":"Start of forecast", "productStatus":0, "productStatusName":"Operational products", "productType":1, "productTypeName":"Forecast products", "productDefinitionTemplate":0, "productDefinitionTemplateName":"Analysis/forecast at horizontal level/layer at a point in time", "parameterCategory":2, "parameterCategoryName":"Momentum", "parameterNumber":2, "parameterNumberName":"U-component_of_wind", "parameterUnit":"m.s-1", "genProcessType":2, "genProcessTypeName":"Forecast", "forecastTime":3, "surface1Type":103, "surface1TypeName":"Specified height level above ground", "surface1Value":10.0, "surface2Type":255, "surface2TypeName":"Missing", "surface2Value":0.0, "gridDefinitionTemplate":0, "gridDefinitionTemplateName":"Latitude_Longitude", "numberPoints":65160, "shape":6, "shapeName":"Earth spherical with radius of 6,371,229.0 m", "gridUnits":"degrees", "resolution":48, "winds":"true", "scanMode":0, "nx":360, "ny":181, "basicAngle":0, "lo1":0.0, "la1":90.0, "lo2":359.0, "la2":-90.0, "dx":1.0, "dy":1.0 }, "data":
[rows 26 to 51 of 181, columns 116 to 173 of 360]
2.1132128,1.7232128,2.1432128,1.983213,2.263213,2.463213,3.1132128,2.193213,1.7832129,2.3232129,2.543213,3.1232128,3.433213,0.8432129,-0.3367871,-0.6567871,-0.7567871,-0.5067871,-0.18678711,0.4032129,-0.9167871,-1.1767871,-1.1967871,-0.7967871,0.4232129,0.5132129,0.2532129,1.0232129,-0.036787108,0.04321289,-1.0267872,0.14321288,1.3032129,1.1932129,0.50321287,0.3132129,1.4732128,1.6832129,1.2532129,1.4232129,1.5132129,1.3432128,0.8932129,1.4032129,1.4132129,1.0332129,2.013213,1.6032128,1.8032129,1.6232129,1.8132129,2.0932128,1.6732129,0.46321288,0.6632129,0.69321287,0.2232129,-0.3267871
2.4132128,2.473213,1.8732129,2.533213,2.773213,2.953213,4.613213,3.263213,2.953213,3.733213,2.693213,2.8432128,3.233213,3.693213,3.1132128,1.863213,1.613213,1.5032129,0.5432129,-0.7167871,-0.5367871,-1.6667871,-1.3167871,-1.8167871,1.2232128,0.88321286,-0.6267871,0.82321286,0.6832129,-0.4067871,0.9832129,-0.06678711,-0.4967871,0.3532129,1.4132129,-0.31678712,1.0532129,0.7132129,1.0032129,0.8932129,1.7732129,1.0032129,1.6632129,1.983213,0.75321287,1.8232129,0.8132129,0.20321289,-0.04678711,1.233213,1.7932129,0.7732129,-0.5467871,-1.1667871,-0.8867871,0.6832129,1.6432129,1.7132128
3.283213,2.3332129,1.7532129,2.013213,1.9232129,1.863213,2.043213,1.9232129,1.8932129,1.7932129,1.863213,1.7732129,2.1232128,2.4032128,2.433213,1.8932129,1.9132129,1.5332129,0.9532129,0.7032129,0.3732129,0.07321289,-0.2267871,-1.0467871,0.01321289,-0.7167871,0.6132129,-0.35678712,-0.4267871,0.75321287,-0.28678712,1.5532129,1.2532129,-1.5967871,-0.6367871,0.6232129,0.5632129,0.3532129,1.4932129,1.4432129,1.9032129,2.473213,1.2632129,1.3832129,-0.5867871,-1.2467871,1.6832129,2.3632128,-0.7367871,0.6132129,0.63321286,-0.5867871,-1.3267871,0.07321289,-0.7667871,-1.8567871,1.7432129,2.5632129
1.9032129,2.0832129,1.733213,1.4032129,1.5932128,1.0732129,1.2932129,1.2432129,1.4432129,1.2432129,1.0732129,1.2432129,1.2432129,1.4132129,1.4032129,1.2632129,1.0132129,0.9332129,0.9932129,1.0832129,-0.21678711,-0.3767871,-0.5667871,0.5532129,0.49321288,-0.7367871,-0.41678712,-0.7367871,-0.8567871,-0.6467871,-1.1967871,-0.6367871,-0.7167871,-0.05678711,-1.3367871,-0.8367871,-2.006787,0.7232129,0.3732129,1.8332129,3.253213,1.5632129,-0.116787106,-3.706787,-1.9067872,0.9032129,-1.2367871,-2.546787,-0.8967871,-2.0967872,0.2532129,0.2832129,1.2132128,0.5832129,0.23321289,0.6732129,1.9932129,0.88321286
1.1732129,1.3932129,1.113213,0.8532129,1.1632129,0.9532129,0.82321286,0.94321287,0.6732129,0.6632129,0.30321288,0.3432129,0.5832129,0.6732129,0.6732129,0.4832129,0.6032129,0.4432129,0.57321286,0.9332129,1.0432129,0.9732129,0.6532129,0.5432129,0.18321289,-0.036787108,-0.41678712,-0.8467871,-1.1067871,0.11321289,0.5632129,0.6432129,0.23321289,0.12321289,-0.92678714,-0.9767871,-1.0467871,0.3532129,1.483213,1.9032129,-1.1967871,-2.1467872,-2.576787,-1.7767872,-3.546787,-5.076787,-0.2267871,1.5832129,2.1132128,0.33321288,-1.1567872,1.5232129,-0.4867871,-1.3667871,0.8332129,0.5532129,-5.446787,-5.676787
1.2632129,0.9732129,1.0932128,0.9832129,0.9332129,1.0232129,0.5932129,-0.12678711,0.5232129,0.053212892,-0.31678712,-0.1467871,-0.1667871,-0.17678711,0.4132129,0.6032129,0.3732129,-0.2767871,-0.2967871,0.30321288,0.7132129,0.3232129,0.5632129,0.2432129,0.36321288,0.23321289,0.9732129,-1.2167871,-3.296787,-3.276787,-3.4167871,-2.196787,-1.7567871,-2.1767871,-3.6367872,-3.326787,0.18321289,-0.12678711,-0.8267871,0.6432129,-1.0667871,-2.496787,-2.076787,-2.5967872,-1.1767871,0.2232129,2.193213,1.8532128,0.5932129,1.9132129,0.21321289,-1.6567872,-3.3567872,-5.2767873,-6.606787,-7.446787,-6.806787,-5.866787
-1.5867871,-0.9467871,1.4132129,0.8732129,1.6432129,1.5832129,0.5532129,0.17321289,-1.0867871,-2.1267872,-5.146787,-1.5967871,-0.4967871,-0.7067871,0.5332129,-0.05678711,0.0032128906,0.3832129,-0.4867871,-0.05678711,-0.3767871,-0.8367871,-0.24678712,0.36321288,0.8132129,-0.2967871,-1.6867871,-0.116787106,-2.6567872,-2.826787,-0.6367871,-0.23678711,-1.2567871,-0.5267871,-0.55678713,-0.9667871,-2.5967872,-2.5867872,-2.256787,-2.736787,-2.8867872,-2.1867871,-1.3067871,0.17321289,0.7432129,2.223213,-0.12678711,-0.28678712,-0.4867871,-0.6367871,-2.446787,-5.896787,-7.0667872,-7.586787,-6.346787,-5.7367873,-5.036787,-3.956787
-0.41678712,-1.1867871,1.2532129,-0.8867871,1.733213,0.5332129,-1.3967872,-4.376787,0.8432129,-1.2867872,-1.0067871,-1.1867871,-0.7567871,-1.386787,0.2532129,0.1932129,-0.9467871,0.03321289,-0.9467871,-0.7167871,-0.3667871,-0.5767871,0.6532129,0.3132129,-0.7767871,-1.0267872,-0.5067871,-0.8467871,-0.6567871,-0.7567871,-0.4067871,-0.1667871,-0.7167871,-0.4667871,0.30321288,-0.10678711,-0.4967871,-1.7967871,-2.6067872,-2.8667872,-2.776787,-0.28678712,0.15321289,0.8732129,3.283213,0.6532129,0.88321286,1.613213,-3.226787,-5.096787,-5.166787,-4.2567873,-3.326787,-3.1167872,-3.6667871,-4.516787,-5.0267873,-5.8167872
1.0932128,1.1932129,-0.3067871,-0.5767871,-0.5267871,-2.316787,-0.04678711,0.1932129,-2.066787,1.0432129,0.2632129,-0.8267871,-0.2267871,-1.3267871,-1.3467871,1.0332129,-0.9867871,-1.516787,-0.8367871,-0.86678714,-1.0567871,-0.8467871,-4.196787,-4.206787,-3.076787,-2.256787,-1.7367871,-1.7067871,-1.4067872,-1.1467872,-1.1967871,-1.5467871,-1.3467871,-0.8367871,-1.0967871,-2.0967872,-2.326787,-2.1167872,-2.446787,-2.556787,-1.3267871,-1.3667871,0.2432129,2.463213,-0.23678711,1.2832129,3.673213,0.46321288,-2.306787,-2.6867871,-2.466787,-2.9167871,-3.3667872,-4.196787,-5.406787,-5.876787,-5.936787,-4.0267873
-0.3767871,0.5532129,-0.5367871,-0.7667871,-2.276787,-2.1167872,-1.4367871,0.7832129,1.363213,1.2932129,0.46321288,0.36321288,0.11321289,-0.5667871,0.5832129,0.053212892,-1.6967871,-1.4067872,-0.4967871,-2.4167871,-5.456787,-4.096787,-3.066787,-4.946787,-4.516787,-3.806787,-2.976787,-2.1667871,-1.886787,-2.1367872,-1.7567871,-1.4367871,-1.4967871,-1.4367871,-1.4867871,-2.516787,-2.226787,-2.006787,-2.316787,-3.056787,-1.6267871,-1.0467871,2.1132128,0.1632129,0.6632129,2.0732129,2.3832128,-0.036787108,-2.066787,-3.996787,-3.3367872,-3.966787,-3.556787,-0.4667871,1.7032129,0.9732129,0.11321289,-1.5767871
-0.8767871,-1.5867871,-2.4067872,-2.516787,-1.1867871,0.12321289,0.04321289,0.5132129,0.023212891,0.18321289,-0.17678711,-0.31678712,0.023212891,0.5832129,-0.5167871,-2.716787,-1.0667871,-2.956787,-0.6667871,-2.016787,-0.8567871,-1.6767871,-3.446787,-2.446787,-2.076787,-5.266787,-3.8467872,-1.9967871,-2.196787,-2.076787,-1.9167871,-1.6267871,-1.4367871,-1.3167871,-1.2867872,-2.1367872,-1.8667871,-1.3267871,-1.7467871,-1.4667871,-0.15678711,-1.8167871,0.5432129,2.013213,5.0332127,0.8032129,-0.3067871,-0.4067871,-0.6367871,-2.9167871,-5.286787,-6.116787,-3.5967872,-2.4067872,-2.466787,-2.716787,-3.196787,-3.6867871
-0.9567871,-1.4467871,-1.5367872,-0.86678714,0.07321289,-0.25678712,-0.4667871,-0.4667871,0.3732129,0.14321288,-0.61678714,-1.2167871,-1.7867872,-0.9667871,-0.9067871,-1.0967871,-0.7367871,0.9932129,-1.136787,-0.8167871,0.3432129,-1.2467871,-1.2067871,-1.9567871,-2.326787,-4.666787,-3.996787,-2.6167872,-2.786787,-2.236787,-1.5067871,-1.2767872,-1.5467871,-0.8767871,-0.99678713,-0.99678713,-0.8467871,-0.31678712,0.03321289,0.8432129,1.0132129,-0.1667871,1.4432129,3.8932128,0.82321286,0.8932129,0.5632129,1.4632128,2.023213,2.753213,3.193213,-1.3667871,-7.2967873,-5.176787,-4.646787,-4.586787,-4.186787,-2.6767871
-1.266787,-1.0667871,-0.3367871,-0.1667871,-0.5767871,-0.5267871,-0.5167871,-0.7867871,-0.4067871,0.08321289,-0.07678711,-0.3767871,0.0032128906,-2.046787,-2.1667871,-1.3467871,0.063212894,0.3532129,-0.6567871,-0.6567871,1.1532129,0.4732129,-1.2167871,-1.8467871,-4.2967873,-1.8767871,-4.2567873,-4.186787,-4.5067873,-2.986787,-1.5667871,-1.0667871,-0.86678714,-0.7267871,-0.4367871,-0.6267871,-0.12678711,0.3232129,0.9832129,1.6432129,1.113213,0.5932129,2.483213,2.053213,1.1332129,2.8832128,4.383213,4.343213,4.873213,4.7832127,5.323213,5.2032127,1.363213,-6.186787,-5.2967873,-5.556787,-5.436787,-4.326787
1.3432128,0.6832129,0.7832129,0.5432129,0.15321289,-0.5767871,-0.8967871,-0.1467871,-0.3467871,-1.1967871,-2.056787,-0.8267871,-1.3267871,-1.516787,-1.3567871,-0.9167871,0.09321289,0.2832129,-0.6067871,-0.5667871,0.11321289,2.703213,-1.1767871,-0.3767871,-0.9667871,-0.2667871,-3.1467872,-1.386787,-3.296787,-3.6667871,-2.1567872,-1.4867871,-1.4967871,-0.7967871,-0.6967871,-0.6567871,-0.4867871,0.07321289,0.9332129,1.8932129,2.463213,2.463213,2.4032128,3.1632128,3.6332128,4.323213,5.253213,6.123213,5.773213,6.2632127,6.643213,6.6832128,6.823213,8.083213,6.413213,4.9332128,4.0332127,2.443213
2.683213,2.1432128,1.8532128,1.4932129,1.2732129,0.5632129,0.9232129,0.6032129,-0.5467871,-1.8667871,-2.286787,-1.0267872,-2.6267872,-2.566787,-1.3267871,-0.7867871,0.36321288,0.5232129,0.88321286,-0.6067871,-0.8567871,-1.6067871,-1.4167871,-1.2367871,-0.7367871,-0.4967871,-3.3767872,-1.4567871,-1.0867871,-3.746787,-3.446787,-2.516787,-2.6767871,-2.1067872,-1.4067872,-1.3967872,-1.5467871,-0.38678712,0.5432129,1.4532129,3.3432128,4.273213,1.4132129,1.5932128,1.3132129,1.9232129,3.5632129,4.333213,4.853213,5.793213,6.553213,7.4332128,7.893213,8.483212,9.4432125,9.853213,9.363213,8.063213
3.283213,3.533213,2.6132128,1.1632129,1.2032129,1.3032129,1.5532129,1.113213,-0.1967871,-1.5667871,-2.526787,-1.6467872,-0.8567871,-0.3667871,0.063212894,-0.8167871,0.1932129,0.6732129,1.3132129,1.7032129,1.5932128,-0.13678712,0.15321289,-0.8367871,-2.3567872,-2.8567872,-2.276787,-2.756787,-4.7767873,-3.706787,-4.106787,-3.826787,-3.6267872,-3.576787,-3.1567872,-2.556787,-2.236787,-1.5867871,-0.6467871,1.4332129,2.763213,3.233213,3.3132129,1.7432129,1.3332129,1.733213,1.9232129,3.293213,4.593213,6.1832128,7.1832128,7.833213,8.753213,9.283213,9.743213,9.803213,9.583213,8.923213
4.423213,4.963213,4.293213,4.093213,2.743213,1.9432129,1.7632129,3.023213,1.9632128,1.4632128,1.6532129,-1.1267871,-0.4267871,-0.7567871,0.7232129,1.0432129,1.8232129,1.8932129,2.423213,1.5532129,0.3132129,0.49321288,-0.2767871,-1.1167871,-4.2967873,-7.596787,-7.176787,-5.306787,-4.7767873,-4.876787,-4.956787,-4.996787,-4.926787,-4.686787,-3.776787,-3.506787,-3.8367872,-2.826787,-1.7367871,-0.8567871,0.1332129,0.8932129,3.1132128,2.5932128,1.233213,1.1532129,1.5932128,2.233213,3.693213,5.053213,6.413213,7.5132127,8.393213,8.963213,9.613213,10.123213,10.363213,9.863213
3.503213,4.133213,5.193213,4.5332127,5.7232127,3.003213,2.513213,3.3532128,3.033213,2.9132128,2.6132128,2.713213,0.3732129,0.69321287,0.9132129,2.203213,3.193213,1.6932129,1.1832129,0.15321289,0.21321289,0.8332129,-0.09678711,-1.7767872,-7.056787,-7.226787,-4.876787,-2.276787,-4.856787,-5.336787,-5.686787,-6.2367873,-6.2567873,-6.016787,-6.016787,-5.156787,-5.106787,-4.406787,-3.466787,-2.726787,-1.9267871,-0.55678713,1.1832129,2.6332128,2.503213,1.7232128,1.6632129,1.8732129,2.4032128,3.3732128,4.553213,5.913213,7.133213,8.013213,8.783213,9.083213,9.583213,9.623213
2.783213,3.6632128,4.483213,5.213213,5.253213,5.603213,4.773213,4.833213,4.0132127,3.513213,2.713213,2.503213,2.513213,1.8432128,1.4532129,0.49321288,1.5132129,1.7632129,1.233213,0.3832129,0.8732129,-0.18678711,1.2132128,-2.196787,-6.856787,-9.226788,-6.636787,-8.156787,-7.536787,-7.266787,-6.9667873,-7.156787,-7.636787,-7.356787,-3.8367872,-6.616787,-6.456787,-5.926787,-5.116787,-4.126787,-3.256787,-2.246787,-0.92678714,0.75321287,2.283213,2.933213,2.943213,3.003213,3.0832129,3.253213,3.533213,4.423213,5.7432127,7.153213,8.463213,9.4432125,9.593213,9.393213
3.3332129,3.283213,3.8632128,4.813213,3.5932128,3.673213,4.063213,3.943213,3.243213,2.963213,2.233213,2.233213,0.4732129,1.4432129,0.3432129,1.3332129,2.223213,-0.12678711,0.2632129,0.8532129,0.20321289,-1.5967871,-1.4667871,-2.256787,-6.416787,-8.876787,-3.9267871,-9.196787,-8.896787,-8.936787,-8.3067875,-5.626787,-3.496787,-8.246787,-8.766788,-8.536787,-8.456787,-7.9667873,-6.926787,-6.266787,-5.7567873,-4.726787,-3.3767872,-2.016787,-0.44678712,1.1632129,2.5932128,3.743213,4.643213,4.793213,4.5132127,4.633213,5.483213,6.343213,6.613213,7.7232127,9.163213,9.553213
3.043213,3.953213,3.8532128,2.473213,3.0732129,3.533213,3.3832128,2.943213,2.533213,2.243213,2.463213,-0.2267871,0.08321289,1.1632129,1.4232129,2.3132129,1.7932129,-0.07678711,0.30321288,1.0932128,-0.7967871,-2.1167872,-1.5267872,-1.1867871,-2.1667871,-3.3467872,-0.8967871,-1.3467871,-1.1167871,-2.1367872,-4.856787,-9.096787,-9.356787,-9.976788,-10.586787,-11.156787,-11.206787,-10.686787,-9.956787,-9.096787,-8.636787,-7.786787,-6.4867873,-4.4667873,-2.1767871,-0.20678711,1.1432129,2.3232129,4.043213,5.053213,5.093213,5.543213,5.323213,6.303213,6.9732127,6.313213,7.2632127,8.503213
3.513213,4.053213,3.923213,3.513213,4.693213,3.1632128,2.723213,2.773213,2.1632128,3.033213,2.1632128,0.21321289,0.7932129,1.233213,0.5632129,1.5332129,0.27321288,-0.01678711,1.8732129,3.1132128,2.513213,1.0632129,0.10321289,0.4132129,1.2032129,1.6632129,-0.3667871,-1.4267871,-1.2767872,-4.146787,-6.3167872,-7.126787,-10.436787,-10.096787,-12.456787,-12.936787,-14.486787,-14.236787,-14.116787,-12.016788,-12.226788,-11.376787,-9.786787,-7.576787,-5.4667873,-3.0867872,-0.3967871,2.243213,3.5632129,4.523213,5.843213,5.4932127,5.543213,5.7232127,6.293213,6.253213,6.7032127,7.073213
4.133213,2.8932128,2.513213,3.043213,2.213213,1.1532129,2.0832129,1.5632129,1.7632129,0.9132129,0.7332129,0.8132129,1.6932129,0.39321288,1.9932129,4.643213,5.863213,6.4532127,4.873213,4.633213,4.0332127,2.803213,3.6432128,3.433213,3.003213,5.903213,3.953213,-2.746787,-3.816787,-3.796787,-4.4867873,-6.7167873,-8.916787,-9.866787,-12.826787,-15.086787,-16.076788,-15.426787,-17.276787,-14.976788,-15.766788,-14.766788,-13.066787,-11.666787,-10.496787,-7.826787,-4.366787,-0.4267871,2.733213,5.213213,5.7832127,6.323213,6.313213,6.713213,6.403213,6.273213,6.173213,7.383213
0.9932129,0.9732129,-0.5067871,1.5132129,1.4632128,2.5632129,2.693213,1.5132129,0.9932129,1.3932129,0.20321289,0.07321289,1.8532128,2.5832129,-1.5467871,-3.3567872,0.6232129,4.2032127,4.603213,3.443213,3.6132128,2.473213,3.5932128,4.863213,6.363213,6.093213,7.353213,2.793213,0.6132129,0.8932129,2.4032128,0.4032129,-0.116787106,1.5732129,4.923213,7.853213,8.483212,8.853213,4.0332127,0.63321286,-4.5067873,-10.816787,-16.316788,-16.346786,-14.366787,-13.956787,-10.5567875,-7.356787,-2.9367871,1.8232129,4.7432127,6.2632127,7.023213,6.7032127,6.653213,7.403213,7.373213,7.6832128
2.1132128,0.3532129,1.2532129,-0.17678711,6.613213,8.853213,3.4132128,2.013213,2.243213,0.2232129,-0.09678711,2.3132129,5.143213,-0.23678711,3.9132128,7.443213,3.9132128,1.9432129,3.1632128,2.543213,3.303213,4.293213,3.6332128,5.2232127,4.373213,2.683213,3.1332128,7.923213,6.643213,5.5132127,7.713213,10.223213,12.743213,14.933213,15.203213,14.4432125,12.023212,12.353213,12.483212,12.623213,13.673213,13.313213,11.6932125,13.343213,4.903213,-8.336787,-10.536787,-10.156787,-6.946787,-2.3867872,1.6232129,4.4332128,6.103213,7.083213,7.383213,7.0332127,7.813213,7.813213
3.263213,0.75321287,3.3932128,4.7832127,6.443213,6.4732127,4.9732127,6.923213,6.923213,2.5932128,0.8032129,1.4132129,9.1932125,12.673213,10.983212,6.273213,4.803213,1.1832129,2.283213,1.8232129,2.3132129,3.263213,3.973213,5.0332127,2.763213,1.6332129,4.4332128,2.5632129,7.2432127,7.803213,8.703213,11.453213,13.633213,14.873213,15.293213,15.233212,15.523212,14.533213,13.063213,13.913213,14.763213,14.753213,14.223213,14.493213,15.833213,13.883213,5.253213,-0.5367871,-1.9867871,-3.6767871,-0.9667871,2.263213,4.633213,5.963213,6.9732127,7.573213,7.603213,7.563213
