raw-data-f/2018100906.json
{"header": { "discipline":0, "disciplineName":"Meteorological products", "gribEdition":2, "gribLength":74793, "center":7, "centerName":"US National Weather Service - NCEP(WMC)", "subcenter":0, "refTime":"2018-10-09T06:00:00.000Z", "significanceOfRT":1, "significanceOfRTName":"Start of forecast", "productStatus":0, "productStatusName":"Operational products", "productType":1, "productTypeName":"Forecast products", "productDefinitionTemplate":0, "productDefinitionTemplateName":"Analysis/forecast at horizontal level/layer at a point in time", "parameterCategory":2, "parameterCategoryName":"Momentum", "parameterNumber":3, "parameterNumberName":"V-component_of_wind", "parameterUnit":"m.s-1", "genProcessType":2, "genProcessTypeName":"Forecast", "forecastTime":0, "surface1Type":103, "surface1TypeName":"Specified height level above ground", "surface1Value":10.0, "surface2Type":255, "surface2TypeName":"Missing", "surface2Value":0.0, "gridDefinitionTemplate":0, "gridDefinitionTemplateName":"Latitude_Longitude", "numberPoints":65160, "shape":6, "shapeName":"Earth spherical with radius of 6,371,229.0 m", "gridUnits":"degrees", "resolution":48, "winds":"true", "scanMode":0, "nx":360, "ny":181, "basicAngle":0, "lo1":0.0, "la1":90.0, "lo2":359.0, "la2":-90.0, "dx":1.0, "dy":1.0 }, "data":
[rows 130 to 155 of 181, columns 116 to 173 of 360]
-1.4916894,-2.1216896,-2.7916894,-3.8516893,-3.8516893,-3.0216894,-2.2416894,-1.2516894,0.25831056,2.0483105,2.8183105,2.6083105,2.8683105,3.9883106,3.3983107,4.2183104,4.8583107,5.2583103,5.5883107,6.2283106,6.8083105,7.8783107,9.108311,10.538311,11.728311,12.66831,13.198311,13.50831,6.5983105,12.99831,9.448311,4.7883105,2.6783106,10.25831,3.2783105,0.94831055,2.0183105,3.2883105,1.3183105,-5.1716895,-7.2916894,-9.12169,-9.16169,-8.24169,-8.40169,-9.921689,-9.481689,-8.851689,-8.16169,-6.9316893,-5.5916896,-4.4616895,-2.7016895,-1.5716895,0.90831053,3.2783105,4.9083104,2.5083106
-3.0816894,-3.4816895,-3.3516893,-3.1116896,-3.3416893,-2.9716895,-2.2716894,-1.1416894,0.75831056,1.4283105,0.74831057,1.6383106,2.7483106,2.3883104,2.5383105,3.2983105,3.8383105,4.278311,4.8083105,5.4883103,6.3383107,7.4583106,8.738311,9.83831,10.978311,12.078311,12.938311,13.99831,15.88831,5.3583107,8.8083105,6.4983106,3.7983105,15.618311,14.62831,10.318311,2.3183105,3.1483107,2.0583105,-0.92168945,-4.8616896,-9.351689,-9.83169,-9.261689,-9.08169,-9.78169,-9.341689,-8.921689,-8.16169,-6.8116894,-6.1416893,-4.721689,-2.6216896,-0.55168945,1.0583105,3.4283106,4.8183107,-0.5816895
-3.7716894,-4.1116896,-4.1616893,-3.9216895,-3.7516894,-3.3716896,-2.3316894,-0.9516895,0.07831055,-0.85168946,-1.6216894,-0.5216895,0.65831053,1.1083106,2.0683105,2.6483107,3.0583105,3.5183105,4.2083106,4.9483104,6.0683107,7.0083103,7.8883104,9.078311,10.268311,11.358311,12.3083105,13.078311,13.71831,13.91831,5.6183105,6.7183104,7.5683107,15.688311,14.00831,13.3083105,13.37831,4.278311,0.81831056,-0.0016894531,-3.6716895,-7.5716896,-10.1916895,-10.65169,-10.461689,-9.921689,-9.271689,-8.65169,-7.8516893,-7.6616893,-6.5316896,-5.1816893,-3.5216894,-0.98168945,1.3183105,2.4583106,0.47831056,-0.7116895
-4.5416894,-4.4216895,-4.1016893,-3.6816895,-3.0416894,-2.4316895,-2.0116894,-1.5216894,-1.3316895,-2.3016894,-4.2616897,-2.6416895,-1.0716895,0.21831055,0.77831054,1.5983106,2.7683105,3.4483106,3.9283106,4.6683106,5.6683106,6.5983105,7.7383103,8.898311,9.92831,10.84831,11.738311,12.448311,12.84831,12.96831,5.3883104,3.7683105,10.54831,14.018311,13.518311,13.408311,12.488311,12.12831,10.018311,2.6983106,-0.35168946,-3.6416895,-7.5316896,-9.631689,-10.70169,-10.811689,-10.36169,-8.681689,-8.11169,-7.9216895,-7.1116896,-5.8016896,-4.0016894,-1.9016894,1.4483105,-1.0816895,-1.6116894,-2.8116894
-5.5216894,-4.8416896,-4.1816893,-3.7316895,-3.3916895,-2.8616896,-2.5616894,-2.5916893,-2.7916894,-5.3316894,-5.971689,-4.6016893,-2.9416895,-1.4516895,-0.43168944,0.71831053,1.8983105,2.9883106,3.8483105,4.6483107,5.4683104,6.3283105,7.4383106,8.59831,9.50831,10.358311,11.318311,12.198311,12.568311,12.49831,12.42831,12.768311,13.58831,13.74831,13.25831,12.738311,12.608311,11.578311,9.818311,9.478311,4.3883104,-0.85168946,-4.8216896,-8.95169,-11.511689,-10.75169,-10.70169,-10.25169,-9.33169,-8.65169,-8.11169,-7.0816894,-3.9616895,-1.7116895,-3.6316895,-0.25168946,-4.7716894,-5.2116895
-6.5316896,-6.0016894,-5.2316895,-4.4416895,-3.7816894,-3.5316894,-3.4716895,-3.6216896,-4.6816893,-7.9816895,-7.6016893,-6.2016892,-4.2816896,-2.9116895,-1.9516895,-0.68168944,0.89831054,2.3583105,3.5483105,4.5883107,5.3083105,5.9983106,7.1383104,8.328311,9.278311,10.288311,11.398311,12.408311,12.868311,12.768311,13.118311,13.478311,14.068311,14.398311,13.788311,12.618311,11.62831,11.84831,11.858311,9.738311,7.0883107,6.8283105,-3.1316895,-9.53169,-11.58169,-11.54169,-11.311689,-11.631689,-10.561689,-10.12169,-10.511689,-9.301689,-3.9616895,-2.8516893,-2.1516895,-2.4116895,-5.4116893,-7.3416896
-7.1216893,-6.5916896,-6.1016893,-5.5916896,-5.0716896,-4.8516893,-4.5616894,-4.3316894,-6.2416897,-9.37169,-8.641689,-7.3116894,-5.3816895,-4.1316895,-3.2816894,-2.2216895,-0.54168946,1.3983105,2.9583106,4.0783105,4.9583106,5.6883106,6.8283105,8.028311,9.16831,10.328311,11.578311,12.5583105,13.00831,13.158311,13.38831,13.528311,13.988311,14.67831,14.46831,13.108311,11.67831,11.268311,11.95831,12.46831,10.648311,7.7583103,5.778311,2.4783106,-9.721689,-12.641689,-11.461689,-11.66169,-12.45169,-12.271689,-14.051689,-3.3616896,-2.3616896,-2.3316894,0.7883105,-6.4516892,-5.7916894,-7.2816896
-6.8116894,-7.3116894,-7.2916894,-6.8216896,-6.2116895,-5.8216896,-5.1816893,-5.2316895,-8.681689,-9.86169,-9.07169,-7.8916893,-6.2816896,-5.4116893,-4.3816895,-3.3816895,-2.1116896,0.07831055,2.0783105,3.2983105,4.2483106,5.2083106,6.3883104,7.6283107,8.87831,10.068311,11.34831,12.318311,12.948311,13.20831,13.478311,13.828311,13.91831,14.488311,14.658311,13.71831,12.42831,11.08831,10.87831,11.288311,11.91831,11.068311,6.5483108,2.9983106,-1.0216894,-2.0816894,-3.0416894,-6.2316895,-9.931689,-12.551689,-13.221689,-13.00169,-4.2316895,-4.6016893,-4.4616895,-7.471689,-6.3916893,-6.1816893
-6.721689,-6.0516896,-6.0616894,-6.7716894,-7.1216893,-6.8716893,-6.3916893,-7.2816896,-9.87169,-9.66169,-8.801689,-7.9616895,-7.1416893,-6.4216895,-5.4916897,-4.5616894,-3.4316895,-1.6516894,0.46831053,2.0283105,3.0983105,4.2683105,5.6183105,6.9683104,8.358311,9.63831,10.88831,11.91831,12.75831,13.38831,13.95831,14.13831,14.028311,14.20831,14.25831,14.0583105,13.3083105,12.268311,11.12831,10.438311,10.238311,9.688311,10.068311,7.3483105,1.3483106,-1.1116894,-3.5316894,-5.1616893,-4.8516893,-5.0216894,-5.9616895,-7.3116894,-8.381689,-8.37169,-7.3216896,-6.4016895,-7.0916896,-7.2316895
-7.3116894,-5.8616896,-5.9116893,-7.6116896,-8.351689,-8.04169,-8.16169,-8.86169,-9.86169,-9.851689,-9.061689,-8.631689,-7.7316895,-7.0516896,-6.3216896,-5.4816895,-4.4916897,-3.0116894,-1.2316895,0.27831054,1.5783105,2.7483106,4.2583103,5.8383107,7.4583106,8.96831,10.238311,11.328311,12.238311,12.948311,13.42831,13.5583105,13.688311,13.79831,14.028311,13.978311,13.648311,13.278311,12.3083105,11.33831,9.96831,9.368311,9.158311,9.21831,8.84831,2.6683106,-2.3816895,-3.4316895,-2.7716894,-4.5516896,-6.5916896,-6.721689,-6.3016896,-6.2816896,-6.7116895,-7.3816895,-7.8516893,-7.221689
-8.07169,-7.6316895,-6.6716895,-7.1416893,-8.551689,-9.53169,-9.74169,-9.961689,-10.211689,-10.051689,-9.33169,-9.261689,-8.471689,-7.5716896,-6.8416896,-5.8416896,-4.9516892,-3.9016895,-2.6116896,-1.2016895,0.038310546,1.3483106,2.9383106,4.6683106,6.4083104,7.9583106,9.278311,10.41831,11.448311,12.328311,12.91831,13.018311,13.16831,13.50831,13.42831,13.20831,13.578311,12.978311,12.528311,11.948311,10.898311,9.938311,9.42831,9.21831,8.188311,7.8483105,6.4283104,-0.28168947,-3.3916895,-4.4116893,-3.8916895,-3.0116894,-4.3616896,-6.5016894,-7.1016893,-7.3816895,-7.5516896,-7.3416896
-6.8816895,-8.25169,-8.311689,-8.1916895,-8.431689,-9.4416895,-10.33169,-10.881689,-10.86169,-10.061689,-9.04169,-9.07169,-8.881689,-7.971689,-7.3516893,-6.7516894,-6.0616894,-4.8716893,-3.7816894,-2.5016894,-1.1416894,0.24831055,1.6083106,2.4383106,4.2083106,5.9083104,7.4083104,9.018311,10.778311,11.978311,12.358311,12.59831,12.858311,13.198311,12.988311,12.898311,12.49831,12.09831,12.288311,11.948311,11.238311,10.368311,9.67831,9.21831,8.988311,8.528311,6.528311,4.9983106,2.3783104,-3.1216896,-4.5516896,-4.6516895,-4.721689,-4.3516893,-3.8516893,-4.2016892,-5.4016895,-6.0516896
-4.1716895,-5.8216896,-7.2716894,-8.981689,-9.301689,-10.061689,-11.231689,-11.921689,-12.29169,-11.851689,-10.561689,-9.6916895,-9.40169,-8.881689,-8.051689,-7.2116895,-6.4416895,-5.4016895,-4.3416896,-3.4516895,-2.2516894,-0.8216894,0.62831056,2.0383105,3.4983106,4.8083105,6.4383106,8.398311,10.3083105,11.67831,12.49831,12.978311,13.158311,12.88831,12.608311,12.5583105,12.33831,12.188311,12.17831,11.738311,10.88831,9.868311,8.948311,8.42831,8.688311,8.74831,8.3083105,6.1783104,2.6083105,-0.12168945,-2.7916894,-5.721689,-6.4116893,-6.3616896,-5.9916897,-5.5116897,-5.3316894,-5.2316895
-0.99168944,-2.0616894,-4.221689,-6.1016893,-8.101689,-9.99169,-10.50169,-11.811689,-13.061689,-12.9416895,-11.82169,-10.641689,-9.82169,-9.33169,-8.33169,-7.4216895,-6.7116895,-6.1516895,-5.0816894,-4.2316895,-3.4416895,-2.2316895,-0.79168946,0.74831057,2.3383105,3.6883106,4.1383104,6.3183107,8.828311,10.568311,11.75831,12.62831,12.96831,12.948311,12.648311,12.278311,12.12831,12.448311,12.148311,12.188311,11.288311,9.658311,7.9983106,6.8583107,7.2083106,7.3883104,8.38831,9.8083105,5.5883107,-1.4516895,-4.5316896,-4.1816893,-4.5416894,-6.3616896,-7.3616896,-7.721689,-7.3216896,-6.471689
-0.7616894,-0.8816894,-1.2616894,-2.4316895,-4.8116894,-7.0416894,-9.301689,-11.481689,-12.75169,-13.07169,-13.171689,-12.521689,-11.78169,-10.811689,-9.721689,-8.90169,-8.171689,-7.2516894,-6.3016896,-5.4016895,-4.4816895,-3.4216895,-2.3016894,-1.0416894,0.57831055,1.9583106,3.0183105,4.9983106,7.0983105,8.868311,10.768311,11.95831,12.58831,12.618311,12.188311,11.99831,12.21831,12.70831,12.87831,12.70831,11.828311,9.50831,7.4383106,5.8383107,4.2283106,5.5583105,7.6183105,9.91831,10.898311,10.59831,8.938311,7.1383104,5.9483104,3.5883105,-1.7716894,-7.0016894,-8.221689,-7.4516892
-2.1316895,-1.9216895,-1.7216895,-1.6916895,-2.0416894,-3.0316894,-5.8916893,-8.54169,-10.99169,-13.131689,-13.20169,-11.981689,-13.1916895,-12.551689,-11.75169,-10.95169,-9.801689,-8.36169,-7.3016896,-6.4416895,-5.5616894,-4.5616894,-3.3816895,-2.0016894,-0.61168945,0.80831057,3.0083106,5.3583107,7.0383105,8.858311,10.12831,10.518311,11.09831,11.33831,11.228311,11.20831,11.818311,13.25831,14.42831,14.63831,12.608311,8.38831,6.2483106,-1.2316895,2.0283105,3.8083105,5.778311,7.3783107,8.238311,8.078311,7.9983106,8.58831,8.818311,8.37831,7.6983104,7.9383106,9.25831,7.2183104
-3.7516894,-3.7416894,-3.5316894,-3.1716895,-2.7816894,-2.6916895,-2.9716895,-4.4116893,-7.3616896,-10.07169,-12.591689,-14.12169,-13.61169,-13.49169,-13.12169,-12.391689,-11.431689,-9.771689,-8.431689,-7.5816894,-6.8816895,-5.971689,-4.8016896,-3.1816895,-1.5116894,0.24831055,2.4583106,4.5183105,6.1483107,7.7883105,9.24831,9.79831,9.87831,10.45831,9.92831,9.938311,10.198311,11.3083105,13.188311,14.328311,12.59831,7.9083104,3.8383105,-1.5316894,-0.14168945,2.2483106,4.2383103,5.6683106,6.7183104,7.4483104,7.6883106,7.4783106,7.0983105,6.5483108,5.8383107,5.2583103,5.0983105,5.0583105
-4.9416895,-5.1816893,-5.2816896,-5.1516895,-4.6516895,-3.9216895,-3.5316894,-3.6616895,-3.9716895,-6.4016895,-9.481689,-11.50169,-13.381689,-14.29169,-14.37169,-13.971689,-13.091689,-11.771689,-10.07169,-8.90169,-7.7916894,-7.3916893,-6.2016892,-4.5716896,-2.7316895,-0.7016895,1.3283105,3.0883105,4.8083105,6.6983104,8.158311,8.96831,9.59831,9.648311,9.408311,8.92831,8.8083105,9.46831,10.25831,11.688311,11.59831,6.7083106,1.2483106,-2.6416895,0.16831055,1.0183105,2.4483106,3.7983105,4.9983106,6.1783104,6.7683105,6.6283107,6.2183104,6.2083106,6.3483105,6.2483106,5.8483105,5.3183107
-6.1416893,-6.3916893,-6.471689,-6.4816895,-6.2016892,-5.7116895,-4.9916897,-4.4216895,-4.4916897,-4.6416893,-5.5016894,-8.15169,-10.50169,-12.29169,-13.561689,-14.32169,-14.36169,-13.45169,-12.101689,-10.66169,-9.511689,-8.62169,-7.4316893,-5.8416896,-3.9216895,-1.5816895,0.35831055,1.9883106,3.6583107,5.4883103,6.9483104,8.018311,9.028311,9.228311,8.92831,8.398311,7.5483108,6.3383107,6.1783104,7.0883107,7.4383106,8.868311,8.04831,1.3683106,2.8483105,3.3283105,3.5283105,3.8383105,4.2383103,4.9183106,5.3183107,5.4083104,5.6783104,6.1983104,6.4983106,6.4183106,6.0183105,5.3883104
-7.3716893,-7.7716894,-7.9116893,-7.8516893,-7.5616894,-7.2816896,-6.9016895,-5.9916897,-5.1116896,-4.9116893,-5.2816896,-5.6116896,-7.8116894,-10.271689,-12.45169,-14.061689,-14.881689,-14.54169,-13.95169,-13.011689,-11.61169,-9.04169,-8.481689,-6.6516895,-4.4116893,-2.2016895,-0.38168946,1.1183106,2.6983106,4.2283106,5.7183104,7.0783105,8.028311,8.618311,8.79831,8.38831,7.4783106,6.028311,3.7283106,2.4183106,2.8183105,2.5983105,1.9683106,2.2183106,3.0083106,3.5183105,4.1583104,4.8683105,5.6483107,6.2283106,6.3783107,6.3383107,6.3083105,6.2083106,5.9983106,5.6383104,5.3783107,5.4783106
-9.051689,-9.41169,-8.95169,-9.62169,-8.731689,-8.981689,-8.53169,-7.8716893,-6.9916897,-6.0016894,-5.5116897,-5.6516895,-6.3616896,-8.29169,-11.091689,-13.28169,-14.311689,-14.551689,-14.521689,-13.761689,-12.891689,-11.33169,-9.37169,-7.0716896,-4.721689,-2.7516894,-1.1716895,0.26831055,1.7083106,3.0983105,4.4783106,5.6683106,6.6583104,7.4783106,7.9783106,8.038311,7.778311,7.0783105,5.1783104,1.3683106,-0.26168945,-0.54168946,-0.5816895,1.0083106,2.1383104,3.2083106,4.1483107,5.3283105,6.2083106,6.5083103,6.3783107,6.1983104,6.0083103,5.7983108,5.5183105,5.1383104,4.6283107,4.2083106
-10.20169,-10.54169,-10.971689,-11.051689,-10.601689,-10.11169,-9.28169,-8.341689,-7.6016893,-6.6616893,-6.1416893,-6.0716896,-6.4516892,-7.7916894,-10.16169,-12.32169,-13.801689,-14.9416895,-15.00169,-14.431689,-13.481689,-11.75169,-9.311689,-6.6616893,-4.3916893,-2.7316895,-1.5716895,-0.39168945,0.89831054,2.2383106,3.4283106,4.1783104,5.0183105,5.8683105,6.7683105,6.9183106,6.7183104,6.1383104,5.0883107,3.5983105,0.88831055,-1.6216894,-2.4616895,-1.0016894,0.28831056,1.6483105,3.4783106,4.7083106,5.1783104,5.4383106,5.5783105,5.6083107,5.5083103,5.1883106,4.8583107,4.4383106,4.2083106,4.1283107
-11.11169,-11.641689,-12.061689,-12.49169,-12.29169,-11.481689,-10.41169,-9.721689,-9.091689,-8.431689,-7.4916897,-6.8516893,-6.5516896,-7.3516893,-10.11169,-12.82169,-14.511689,-15.74169,-15.58169,-12.58169,-11.00169,-9.08169,-6.7516894,-4.6816893,-3.0816894,-1.9916894,-1.1216894,-0.37168944,0.31831056,1.0383105,1.6183106,2.0383105,2.7183106,3.2683105,3.7883105,4.0183105,3.9983106,3.7283106,3.6583107,3.7283106,3.3983107,2.3283105,-0.16168946,-2.3116894,-1.3716894,0.24831055,0.84831053,1.3283105,2.0983105,3.0683105,4.5483108,5.3383107,5.4083104,5.528311,5.4883103,4.8283105,4.3083105,3.5383105
-10.461689,-11.391689,-11.551689,-11.57169,-11.41169,-10.83169,-10.131689,-9.641689,-9.11169,-8.11169,-7.5516896,-7.4316893,-7.4816895,-8.771689,-10.761689,-13.08169,-13.341689,-13.091689,-12.511689,-10.851689,-8.711689,-6.5816894,-4.8316894,-3.2416894,-1.9616895,-0.90168947,-0.40168944,0.058310546,0.71831053,1.3383106,1.5283105,1.6283106,1.4283105,1.5283105,1.6283106,2.1683106,2.4183106,2.5583105,1.9483105,1.0483105,0.6783106,-1.2416894,-3.5416894,-2.2016895,-1.7716894,-1.1616894,-0.38168946,0.28831056,1.1183106,1.5583105,2.1183105,2.7083106,3.0683105,3.3383105,3.4583106,3.5383105,2.8683105,2.8983107
-6.0616894,-7.7516894,-8.79169,-9.211689,-8.981689,-8.57169,-8.211689,-7.7816896,-7.1616893,-7.0216894,-7.0516896,-7.6816893,-9.261689,-10.711689,-11.1916895,-11.011689,-10.261689,-9.00169,-7.5116897,-6.0716896,-4.8516893,-3.5816894,-2.2616894,-1.0816895,-0.18168946,0.56831056,1.2783105,1.7483106,1.8483106,1.7383106,1.3783106,1.0583105,0.7383106,0.5383105,0.37831056,0.31831056,0.37831056,0.74831057,1.6183106,1.6483105,-0.13168946,-1.8516895,-2.1216896,-2.0616894,-1.9816895,-1.8116895,-1.4216895,-0.87168944,-0.42168945,-0.051689453,0.34831056,0.74831057,1.1683105,1.3583106,1.6183106,0.71831053,-0.90168947,-0.5816895
-0.26168945,-2.8116894,-3.8416893,-4.1316895,-3.7816894,-2.8316894,-2.0516894,-1.6916895,-1.7116895,-2.5516894,-3.5716894,-3.9416895,-3.9016895,-3.6016893,-3.2116895,-2.8316894,-2.7716894,-2.9516895,-3.2616894,-3.3416893,-2.8116894,-1.8816894,-0.90168947,0.15831055,1.1183106,1.8483106,2.3283105,2.4583106,2.1983106,1.7483106,1.3283105,0.84831053,0.35831055,-0.13168946,-0.46168944,-0.72168946,-0.84168947,-0.7716895,-0.69168943,-1.1216894,-1.7216895,-2.1416895,-2.3716896,-2.4716895,-2.4616895,-2.2216895,-1.8516895,-1.4816895,-1.0716895,-0.7116895,-0.29168946,0.068310544,0.32831055,0.33831054,-0.44168946,-1.3316895,-1.6916895,-1.8316895
