raw-data-f/2018100818f3.json
{"header": { "discipline":0, "disciplineName":"Meteorological products", "gribEdition":2, "gribLength":75239, "center":7, "centerName":"US National Weather Service - NCEP(WMC)", "subcenter":0, "refTime":"2018-10-10T06:00:00.000Z", "significanceOfRT":1, "significanceOfRTName":"Start of forecast", "productStatus":0, "productStatusName":"Operational products", "productType":1, "productTypeName":"Forecast products", "productDefinitionTemplate":0, "productDefinitionTemplateName":"Analysis/forecast at horizontal level/layer at a point in time", "parameterCategory":2, "parameterCategoryName":"Momentum", "parameterNumber":3, "parameterNumberName":"V-component_of_wind", "parameterUnit":"m.s-1", "genProcessType":2, "genProcessTypeName":"Forecast", "forecastTime":3, "surface1Type":103, "surface1TypeName":"Specified height level above ground", "surface1Value":10.0, "surface2Type":255, "surface2TypeName":"Missing", "surface2Value":0.0, "gridDefinitionTemplate":0, "gridDefinitionTemplateName":"Latitude_Longitude", "numberPoints":65160, "shape":6, "shapeName":"Earth spherical with radius of 6,371,229.0 m", "gridUnits":"degrees", "resolution":48, "winds":"true", "scanMode":0, "nx":360, "ny":181, "basicAngle":0, "lo1":0.0, "la1":90.0, "lo2":359.0, "la2":-90.0, "dx":1.0, "dy":1.0 }, "data":
[rows 78 to 103 of 181, columns 60 to 119 of 360]
14.533086,13.463086,12.323086,10.213086,7.803086,6.393086,5.1330857,3.093086,1.5530859,-0.51691407,-1.6969141,-1.976914,-3.316914,-3.9669142,-3.666914,-3.376914,-0.15691406,-3.066914,-1.466914,-3.7569141,1.003086,3.5130858,3.5130858,4.263086,4.983086,4.753086,5.013086,5.453086,7.6130857,7.803086,8.973086,9.253086,7.583086,5.213086,7.143086,6.353086,4.933086,3.103086,2.323086,-0.66691405,2.863086,1.263086,2.593086,0.5030859,-0.52691406,-1.396914,-2.446914,0.32308593,-1.1969141,-1.9169141,-6.586914,-6.6169143,-5.016914,-3.896914,-3.376914,-2.7769141,-2.606914,-2.546914,-2.856914,-1.3069141
11.223086,11.373086,10.173086,8.843086,6.973086,5.493086,4.573086,3.0130858,0.84308594,-0.27691406,-1.6669141,-2.4869142,-3.056914,-3.926914,-4.086914,-3.5069141,-1.5369141,1.903086,-3.296914,0.70308596,1.9130859,2.873086,3.0130858,2.413086,2.2630858,2.893086,3.453086,4.833086,5.803086,7.553086,7.843086,7.543086,6.723086,5.483086,6.533086,5.303086,4.483086,3.2430859,1.1730859,0.17308594,0.73308593,0.52308595,0.88308597,2.0030859,-0.016914062,-3.086914,-2.406914,0.48308593,0.89308596,-7.936914,-7.056914,-6.5969143,-4.8869143,-3.586914,-3.166914,-1.856914,-1.626914,-1.9569141,-2.366914,-2.2769141
9.463086,9.493086,8.303086,7.763086,6.183086,4.823086,4.173086,2.673086,0.90308595,-0.78691405,-1.7069141,-2.326914,-2.796914,-3.316914,-3.9669142,-4.106914,-3.4869142,0.12308594,0.11308594,1.033086,4.083086,0.19308594,0.59308594,1.773086,1.9230859,2.163086,4.003086,5.663086,5.923086,7.713086,8.093086,7.6530857,6.523086,6.453086,5.833086,4.8830857,4.283086,3.123086,1.1830859,0.57308596,0.6830859,0.36308593,0.29308593,0.63308597,1.4230859,1.873086,0.023085937,-0.76691407,-3.7369142,-6.026914,-6.516914,-6.1369143,-5.1169143,-3.856914,-2.866914,-2.5069141,-1.716914,-1.866914,-3.616914,0.13308594
7.783086,7.4030857,6.873086,6.873086,5.333086,4.393086,3.113086,2.343086,0.70308596,-0.76691407,-2.386914,-2.4769142,-2.826914,-3.176914,-3.7469141,-3.796914,-3.2269142,-0.83691406,2.363086,4.243086,1.513086,-1.0569141,0.30308592,1.253086,1.9330859,3.293086,4.823086,5.823086,6.853086,7.493086,8.133086,7.9030857,7.163086,6.693086,5.623086,6.503086,5.173086,4.013086,1.4230859,-0.6269141,1.743086,0.79308593,-0.44691408,-0.65691406,-0.77691406,-0.21691406,-1.366914,-3.7169142,-5.056914,-6.066914,-5.586914,-5.226914,-3.9769142,-2.076914,-2.696914,-1.976914,-1.626914,-1.386914,0.03308594,-2.156914
6.693086,6.1130857,6.393086,5.833086,4.693086,3.393086,2.2630858,1.3230859,0.103085935,-1.396914,-2.096914,-2.556914,-2.816914,-3.436914,-3.316914,-3.5269141,-3.076914,-2.9669142,3.113086,1.9630859,3.053086,-1.0869141,2.883086,4.253086,4.053086,4.293086,5.893086,5.763086,6.013086,7.743086,8.213086,7.1530857,6.233086,5.933086,6.343086,7.6330857,5.703086,3.663086,1.3030859,1.2030859,0.33308592,1.393086,-0.44691408,-1.016914,0.29308593,-1.9369141,-3.086914,-4.746914,-5.6369143,-5.8669143,-5.716914,-5.026914,-3.9869142,-3.346914,-3.136914,-2.586914,-1.966914,-0.97691405,-0.7569141,-1.146914
5.803086,6.103086,5.833086,4.713086,3.563086,2.573086,1.773086,0.97308594,-0.24691406,-1.6669141,-2.4669142,-2.956914,-3.166914,-3.046914,-2.896914,-3.2569141,-1.966914,-1.876914,-0.86691403,0.27308595,1.3030859,-0.98691404,3.7530859,4.6330857,4.533086,4.873086,5.6330857,5.163086,6.543086,7.803086,8.083086,8.073086,7.293086,6.3630857,5.343086,5.833086,4.223086,1.5630859,-1.5569141,-0.21691406,-0.33691406,-2.906914,0.12308594,-2.046914,-2.2169142,-2.646914,-3.9869142,-5.176914,-5.516914,-4.896914,-4.946914,-4.3469143,-4.036914,-3.866914,-3.7269142,-4.316914,-5.066914,-0.96691406,-0.45691407,-1.3069141
5.463086,5.023086,4.313086,3.453086,2.553086,1.9230859,1.363086,0.21308593,-0.29691407,-1.626914,-2.406914,-2.4769142,-2.656914,-2.586914,-2.556914,-2.286914,-2.046914,-1.6769141,-1.5669141,-0.8269141,-0.78691405,3.623086,5.003086,4.663086,4.923086,4.773086,4.693086,5.703086,6.993086,7.893086,8.3930855,8.413086,7.513086,6.483086,4.923086,3.833086,0.103085935,-0.30691406,-3.2269142,-1.4469141,2.293086,-1.136914,-1.716914,-2.626914,-2.656914,-1.9369141,-2.346914,-1.7969141,-2.7469141,-2.586914,-2.806914,-3.626914,-3.866914,-4.196914,-4.456914,-4.976914,-3.296914,-0.24691406,-1.7069141,-0.8869141
4.353086,3.653086,2.9830859,2.353086,1.743086,0.7530859,-0.13691406,-0.8069141,-1.396914,-1.7769141,-2.2569141,-2.816914,-3.146914,-3.2669141,-3.456914,-3.166914,-2.656914,-1.966914,-0.61691403,0.063085936,0.32308593,2.393086,4.283086,4.853086,5.163086,5.193086,5.853086,6.723086,7.393086,8.703086,9.793086,8.743086,7.963086,6.353086,4.223086,-0.12691407,0.24308594,-1.6969141,-4.336914,-3.546914,-0.5669141,0.42308593,-0.90691406,-1.8069141,-4.246914,-2.5269141,-1.256914,-0.9369141,-1.5869141,-2.306914,-3.0169141,-3.206914,-3.386914,-3.866914,-4.496914,-3.826914,-0.13691406,0.34308594,-0.13691406,0.66308594
3.603086,3.103086,2.613086,2.0130858,1.3330859,0.90308595,-0.65691406,-1.5469141,-2.176914,-1.9569141,-2.4769142,-2.866914,-2.916914,-3.136914,-3.296914,-3.066914,-2.456914,-1.8169141,-0.37691405,0.9230859,1.983086,2.653086,3.2530859,3.833086,5.323086,6.663086,6.893086,6.593086,7.093086,8.113086,7.843086,7.573086,6.163086,4.623086,2.923086,0.053085938,-5.236914,0.103085935,-1.856914,-4.3469143,-2.366914,-0.26691407,-0.40691406,-1.0469141,-5.406914,-3.2269142,-1.9069141,-1.4369141,-0.73691404,-2.146914,-2.4669142,-2.7369142,-2.906914,-3.0069141,-1.3169141,-0.91691405,0.25308594,0.89308596,1.4130859,-1.346914
3.613086,3.2630858,2.603086,1.5830859,0.5530859,-0.49691406,-0.61691403,-1.506914,-1.7069141,-2.416914,-2.596914,-2.876914,-3.176914,-3.296914,-3.426914,-3.2269142,-2.806914,-1.736914,-0.8069141,-0.09691406,1.4130859,2.143086,2.593086,3.5130858,5.693086,6.9030857,6.563086,6.963086,6.953086,6.813086,5.583086,5.203086,5.503086,4.623086,2.713086,-0.46691406,-4.626914,-7.8469143,1.003086,-1.366914,-2.846914,-1.136914,0.89308596,-0.37691405,-4.406914,-3.106914,-0.8269141,-0.6269141,-1.0669141,-1.5369141,-1.876914,-1.7069141,-3.836914,-1.766914,-1.516914,-0.35691407,-0.18691406,-0.15691406,-1.386914,-2.196914
3.133086,2.2230859,1.7130859,1.023086,-0.25691405,-0.97691405,-1.5269141,-1.5369141,-2.0169141,-2.366914,-2.9869142,-3.306914,-3.586914,-3.586914,-3.606914,-3.146914,-2.706914,-1.716914,-0.71691406,-0.13691406,1.9730859,2.793086,2.623086,3.413086,5.973086,6.553086,6.293086,5.793086,6.943086,5.913086,5.503086,4.563086,5.033086,4.6530857,3.433086,1.3030859,-3.2369142,-1.9169141,-0.45691407,0.36308593,-0.22691406,-0.32691407,-2.186914,-0.52691406,-1.746914,-1.7969141,-0.79691404,-1.146914,-1.5269141,-1.616914,-3.306914,-2.5269141,-0.92691404,-1.116914,0.103085935,0.023085937,-0.9969141,-1.516914,-2.586914,-2.546914
1.4430859,1.2930859,1.0530859,0.8730859,0.59308594,-0.35691407,-1.376914,-2.386914,-2.796914,-2.906914,-2.546914,-2.866914,-3.616914,-3.7669141,-3.7169142,-3.786914,-3.0269141,-1.9069141,-0.18691406,0.84308594,0.31308594,0.45308593,2.0030859,4.643086,5.533086,5.183086,5.6530857,6.323086,5.373086,5.453086,6.733086,5.663086,3.883086,3.073086,1.903086,-0.65691406,0.51308596,1.2130859,-1.106914,0.64308596,-1.116914,-1.1969141,-0.97691405,-2.436914,0.36308593,-0.6369141,-1.2869141,-1.746914,-1.4569141,-0.66691405,-0.54691404,0.09308594,-0.41691408,-0.26691407,0.063085936,-0.24691406,0.25308594,0.57308596,0.073085934,-1.6769141
1.7930859,2.203086,1.773086,0.54308593,0.39308593,0.03308594,-1.136914,-2.156914,-2.9669142,-3.046914,-3.546914,-3.876914,-4.086914,-3.9669142,-3.7769141,-3.666914,-3.626914,-2.896914,-2.4669142,-1.376914,-0.53691405,-0.7569141,0.43308595,3.813086,4.073086,5.433086,6.483086,6.313086,6.523086,7.303086,10.163086,6.693086,3.953086,-0.6369141,-0.38691407,-0.18691406,2.393086,2.303086,2.4730859,1.373086,0.34308594,-1.756914,-1.726914,-0.6269141,-0.026914062,-0.5669141,-0.8069141,-1.6569141,-1.366914,-1.4369141,0.19308594,-0.33691406,-0.76691407,-0.076914065,0.59308594,0.33308592,0.63308597,0.42308593,-1.366914,-1.4569141
2.703086,2.4730859,1.9730859,1.2930859,0.46308595,-0.21691406,-1.0769141,-1.866914,-2.376914,-2.7669141,-3.296914,-3.696914,-4.256914,-4.3869143,-4.106914,-4.0969143,-3.4869142,-3.2269142,-3.306914,-2.916914,-1.396914,0.82308596,2.963086,3.303086,4.343086,5.163086,6.063086,6.823086,6.3830857,7.023086,5.963086,4.733086,-1.346914,-1.2969141,-1.146914,2.2530859,2.123086,0.37308595,1.1830859,-0.7569141,0.16308594,-0.9369141,-0.23691407,-0.33691406,0.84308594,1.0930859,1.603086,1.893086,1.643086,1.6830859,0.43308595,0.54308593,-0.66691405,-0.24691406,-0.39691406,-0.58691406,0.043085936,0.25308594,-0.78691405,-1.756914
2.7230859,3.0030859,2.303086,0.98308593,-0.076914065,-1.116914,-1.016914,-1.116914,-2.4669142,-3.116914,-3.536914,-3.886914,-4.156914,-4.856914,-5.1369143,-4.356914,-3.806914,-3.666914,-3.096914,-2.4869142,-1.4369141,1.4230859,2.713086,3.853086,4.323086,4.423086,4.353086,4.9030857,4.6130857,5.423086,5.6130857,6.373086,3.363086,0.7530859,2.113086,0.053085938,1.263086,2.4930859,3.7330859,2.7330859,1.733086,0.72308594,-0.92691404,-0.11691406,-0.49691406,-2.336914,-0.52691406,2.383086,3.4930859,3.613086,3.343086,0.52308595,0.84308594,1.5630859,-0.25691405,-0.31691405,-0.03691406,1.8230859,0.70308596,-1.5569141
4.523086,4.143086,4.663086,4.433086,3.403086,2.063086,1.3130859,0.53308594,-0.77691406,-2.146914,-4.186914,-4.166914,-4.1169143,-4.316914,-4.236914,-4.356914,-3.886914,-3.0069141,-3.186914,-2.5269141,-0.8169141,1.643086,2.873086,3.7230859,4.163086,4.6130857,4.853086,4.703086,3.9930859,1.993086,2.0230858,5.693086,-0.8269141,0.27308595,1.3430859,2.553086,3.603086,4.453086,4.803086,3.593086,4.843086,3.813086,0.9930859,0.103085935,-0.11691406,0.72308594,3.433086,4.783086,2.0130858,4.253086,4.193086,2.5230858,1.0430859,2.343086,2.593086,1.753086,1.113086,3.2430859,0.88308597,-0.09691406
5.763086,6.173086,6.313086,5.673086,4.213086,2.903086,2.563086,0.64308596,-0.8769141,-3.2469141,-4.1169143,-3.9869142,-4.1169143,-4.076914,-4.316914,-4.1369143,-3.696914,-2.886914,-2.2169142,-0.97691405,0.59308594,1.403086,2.2530859,2.9930859,3.643086,4.1130857,4.213086,3.823086,3.423086,1.5730859,0.28308594,1.0730859,1.623086,1.2230859,2.5130858,2.873086,4.743086,5.543086,5.813086,5.283086,5.433086,6.453086,6.783086,0.32308593,0.9430859,1.3130859,1.9130859,3.093086,3.4930859,3.553086,4.103086,4.323086,4.483086,5.6330857,7.063086,2.653086,3.9730859,3.343086,5.1330857,4.783086
6.463086,6.453086,5.963086,5.923086,5.803086,4.443086,3.7630858,2.663086,0.5630859,-0.86691403,-4.076914,-5.606914,-4.666914,-4.056914,-4.156914,-4.206914,-4.156914,-4.056914,-3.876914,-2.786914,-0.85691404,0.39308593,1.513086,2.203086,3.043086,3.183086,3.5030859,4.193086,4.763086,4.223086,3.383086,4.833086,5.583086,4.873086,4.303086,5.283086,5.353086,5.263086,5.893086,5.9030857,5.623086,6.013086,6.353086,8.213086,1.233086,0.19308594,0.97308594,1.0430859,1.8030859,2.9930859,3.413086,3.453086,3.333086,4.073086,4.843086,4.693086,4.1130857,4.3630857,5.543086,8.063086
7.423086,7.413086,7.593086,6.463086,5.793086,4.313086,4.573086,4.543086,2.0130858,-0.44691408,-2.5069141,-5.566914,-4.256914,-3.536914,-3.4669142,-3.9669142,-4.196914,-4.836914,-4.746914,-2.886914,-1.466914,-0.33691406,0.53308594,1.643086,1.373086,1.2930859,2.873086,3.813086,4.543086,4.553086,4.733086,5.243086,5.693086,5.6330857,5.353086,4.643086,4.693086,4.713086,5.263086,5.733086,5.523086,5.443086,5.783086,7.053086,7.6530857,6.1530857,-1.9269141,-5.176914,-3.2169142,0.08308594,-1.7869141,-0.98691404,-0.28691405,1.903086,3.803086,3.9730859,3.433086,3.103086,4.533086,4.983086
8.1430855,8.153086,7.933086,6.1130857,6.573086,6.483086,5.873086,4.303086,3.9830859,2.7430859,0.013085937,-3.106914,-4.256914,-3.146914,-2.696914,-3.816914,-4.496914,-4.3869143,-4.436914,-2.7469141,-1.8169141,-1.116914,0.14308594,0.43308595,0.65308595,1.1930859,2.2830858,3.4930859,4.333086,4.813086,4.673086,3.873086,4.3830857,4.273086,4.273086,4.253086,4.233086,4.483086,4.6130857,4.683086,4.493086,4.833086,5.243086,5.243086,5.343086,6.063086,8.793086,1.623086,-0.37691405,0.19308594,-2.286914,-2.5269141,-4.676914,-0.5069141,1.533086,2.623086,1.4730859,1.1730859,1.363086,1.2930859
8.213086,7.713086,7.743086,7.513086,7.1130857,6.413086,5.893086,5.503086,4.263086,2.953086,1.4730859,0.08308594,-1.386914,-1.516914,-1.7869141,-2.9869142,-3.436914,-3.5269141,-3.166914,-2.416914,-2.2369142,-1.366914,-0.90691406,-0.8269141,-0.26691407,0.08308594,1.143086,2.623086,3.4830859,3.9730859,4.1130857,3.463086,3.393086,3.7630858,3.7430859,2.963086,3.7330859,4.063086,4.123086,4.1530857,4.433086,4.233086,4.433086,4.553086,4.783086,5.073086,5.913086,5.923086,4.663086,4.623086,5.283086,5.963086,6.513086,0.47308594,-0.15691406,-3.316914,3.2330859,-1.996914,-1.246914,-1.016914
7.8630857,7.213086,6.9030857,6.793086,7.333086,7.103086,6.283086,5.173086,3.9930859,3.353086,2.703086,1.623086,1.4730859,0.6230859,-0.58691406,-1.126914,-1.8369141,-2.186914,-2.626914,-2.9969141,-2.456914,-1.8169141,-1.636914,-1.1569141,-0.45691407,0.08308594,0.60308594,1.493086,2.2230859,2.943086,3.7330859,2.883086,2.463086,2.4830859,3.183086,3.553086,2.4730859,3.143086,3.603086,3.543086,3.0130858,3.603086,4.233086,4.293086,4.503086,4.3830857,4.173086,3.873086,3.843086,4.063086,4.473086,5.003086,4.8630857,4.193086,4.1530857,3.4830859,4.243086,2.633086,3.9830859,2.133086
8.293086,7.6330857,7.693086,7.713086,7.6330857,7.423086,7.173086,6.163086,5.123086,4.453086,4.163086,3.7630858,3.603086,2.943086,1.6930859,-0.09691406,-1.4069141,-2.406914,-3.056914,-3.116914,-2.7469141,-2.366914,-2.0269141,-1.216914,-0.25691405,0.43308595,1.0730859,1.393086,1.9330859,2.793086,3.613086,3.7330859,2.2630858,2.2730858,2.383086,1.9730859,1.9530859,1.8430859,2.053086,2.923086,3.2530859,3.373086,3.4930859,3.7430859,3.873086,4.043086,4.213086,4.3830857,4.473086,4.523086,4.543086,4.313086,4.143086,3.663086,3.153086,3.163086,3.403086,3.543086,3.7230859,4.123086
8.833086,9.1030855,8.983086,8.793086,8.633086,8.493086,8.373086,8.203086,7.413086,6.353086,5.313086,4.853086,4.263086,4.163086,3.353086,2.2730858,0.6730859,-0.29691407,-1.626914,-2.206914,-2.806914,-3.306914,-2.886914,-2.076914,-0.90691406,0.023085937,0.63308597,1.5930859,2.063086,2.883086,3.2230859,3.443086,3.933086,1.893086,2.4830859,2.363086,1.5830859,1.103086,1.483086,2.2430859,2.9930859,3.163086,3.813086,3.803086,3.7830858,4.043086,4.313086,4.593086,4.683086,4.743086,4.773086,4.6330857,4.123086,3.7730858,3.293086,3.303086,3.563086,3.433086,3.413086,4.303086
8.073086,8.3930855,8.543086,8.293086,8.233086,8.093086,8.123086,7.8630857,8.063086,7.803086,7.193086,6.123086,5.503086,5.013086,4.853086,4.263086,3.5030859,2.413086,0.57308596,-2.336914,-4.146914,-4.666914,-4.676914,-3.386914,-2.196914,-0.5669141,0.82308596,1.4530859,2.5030859,3.123086,3.463086,3.553086,3.4830859,3.7730858,2.053086,1.4730859,1.273086,0.9230859,0.77308595,1.533086,1.783086,2.613086,3.113086,3.313086,3.583086,3.883086,4.213086,4.393086,4.723086,4.9030857,4.943086,4.963086,4.663086,4.253086,4.013086,3.563086,3.593086,3.593086,3.633086,3.5330858
7.1130857,7.303086,7.423086,7.433086,7.6330857,7.773086,7.733086,7.663086,7.293086,7.183086,7.443086,7.463086,7.013086,6.6130857,5.713086,4.563086,4.073086,3.7430859,3.303086,2.343086,0.21308593,-4.576914,-4.3469143,-3.326914,-2.286914,-1.496914,-0.0069140624,1.373086,1.743086,1.893086,3.0130858,3.813086,3.613086,3.5030859,3.863086,0.8030859,-0.92691404,-0.13691406,-0.59691405,-0.046914063,1.103086,1.5430859,2.413086,3.0030859,3.303086,3.7330859,4.003086,4.263086,4.623086,5.053086,5.333086,5.523086,5.493086,5.053086,4.563086,4.063086,3.333086,2.933086,2.873086,2.7530859
