raw-data-f/2018100800.json
{"header": { "discipline":0, "disciplineName":"Meteorological products", "gribEdition":2, "gribLength":74815, "center":7, "centerName":"US National Weather Service - NCEP(WMC)", "subcenter":0, "refTime":"2018-10-08T00:00:00.000Z", "significanceOfRT":1, "significanceOfRTName":"Start of forecast", "productStatus":0, "productStatusName":"Operational products", "productType":1, "productTypeName":"Forecast products", "productDefinitionTemplate":0, "productDefinitionTemplateName":"Analysis/forecast at horizontal level/layer at a point in time", "parameterCategory":2, "parameterCategoryName":"Momentum", "parameterNumber":2, "parameterNumberName":"U-component_of_wind", "parameterUnit":"m.s-1", "genProcessType":2, "genProcessTypeName":"Forecast", "forecastTime":0, "surface1Type":103, "surface1TypeName":"Specified height level above ground", "surface1Value":10.0, "surface2Type":255, "surface2TypeName":"Missing", "surface2Value":0.0, "gridDefinitionTemplate":0, "gridDefinitionTemplateName":"Latitude_Longitude", "numberPoints":65160, "shape":6, "shapeName":"Earth spherical with radius of 6,371,229.0 m", "gridUnits":"degrees", "resolution":48, "winds":"true", "scanMode":0, "nx":360, "ny":181, "basicAngle":0, "lo1":0.0, "la1":90.0, "lo2":359.0, "la2":-90.0, "dx":1.0, "dy":1.0 }, "data":
[rows 25 to 49 of 181, columns 57 to 113 of 360]
1.5490112,1.1390113,1.0490112,1.4590112,0.5090112,1.2990112,2.2990112,2.3090112,1.7090112,1.3590112,1.3990113,1.6690112,1.6990112,1.4190112,1.6090112,1.6090112,0.9490112,0.49901122,0.8890112,1.3990113,1.4190112,1.2890112,1.5690112,1.4890113,1.2790112,1.1590112,0.9490112,0.30901122,0.23901123,0.8190112,-0.09098877,-0.33098876,-0.97098875,-1.6809888,-1.6509888,-1.1209887,-1.9109888,-2.0009887,-1.4709888,-1.4009888,-1.1109887,0.5590112,-0.42098877,0.07901123,0.45901123,-0.45098877,0.14901122,1.4990113,0.95901126,1.6090112,1.1190113,0.8190112,1.0890112,1.3390112,1.6690112,0.64901125,0.5690112
2.5990112,3.0190113,2.6790113,3.4690113,2.2490113,2.0890112,2.5690112,1.9690112,2.1290112,1.6490113,0.89901125,0.9990112,1.0090113,1.2690113,1.2690113,0.84901124,0.52901125,0.51901126,0.76901126,1.0590112,0.91901124,1.3990113,1.8690113,1.9090112,1.5790112,0.6790112,0.12901123,-0.010988769,0.20901123,-0.20098877,-0.91098875,-1.1909888,-1.8309888,-1.2909888,-1.0809888,0.02901123,-1.0009887,-1.8009888,-1.3409888,-1.7809888,-0.9909888,-1.1209887,-0.07098877,0.22901124,0.42901123,0.47901124,0.34901124,0.13901123,0.8890112,0.85901123,0.72901124,1.1590112,1.2790112,0.9290112,1.7490113,0.70901126,0.02901123
1.4490112,2.1790113,3.2290113,2.2890112,1.6590112,1.9290112,2.1290112,2.4090111,1.8490112,1.3990113,1.2790112,1.1490113,1.2390113,1.5790112,1.2190112,0.72901124,0.64901125,-0.24098878,0.52901125,0.91901124,1.0890112,1.5190113,1.0190113,0.58901125,0.5790112,0.07901123,-0.36098877,0.25901124,0.12901123,-0.34098876,-1.1009887,-1.8009888,-1.6009887,-1.6709888,-1.2109888,-0.6209888,-0.43098876,-0.7609888,-0.97098875,-1.4509888,-1.0809888,-0.28098878,-0.44098878,-1.1709888,-0.8809888,1.0390112,0.91901124,1.3890113,2.2290113,1.9490112,2.5290112,1.3590112,1.9290112,1.7490113,0.71901125,0.44901124,0.34901124
1.6490113,1.9790112,2.2790112,1.7390113,1.3790113,1.1390113,2.1090112,1.8790113,1.9190112,1.9290112,1.8290112,1.2690113,0.79901123,0.5690112,0.13901123,-0.18098877,1.6790112,-0.90098876,-0.45098877,-0.29098877,0.23901123,0.64901125,1.1390113,1.1290113,0.78901124,0.069011234,0.97901124,1.3090112,-0.21098877,-0.78098875,-1.5609888,-1.5209888,-1.5609888,-2.1309888,-2.0309887,-2.5209887,-2.0309887,-1.6509888,-1.9109888,-0.89098877,0.36901122,-0.45098877,-0.05098877,0.069011234,0.6290112,1.3590112,1.2990112,2.169011,2.2490113,3.1990113,3.0490112,1.8390112,2.6190112,1.4590112,2.0990112,1.6390113,0.77901125
1.1490113,1.8690113,1.7990112,1.2690113,2.2190113,1.9390112,2.0190113,2.1290112,2.0890112,1.8590112,1.6790112,1.8290112,2.0290112,0.8190112,-0.24098878,-1.0109887,-1.6809888,-1.2009888,-1.0809888,-0.98098874,-0.30098876,0.27901122,0.7490112,1.0290112,0.31901124,0.43901122,1.1790112,1.2490113,-9.887696E-4,-1.2709888,-1.8209888,-2.0009887,-2.1409888,-1.3609887,-1.6009887,-2.7209888,-3.7409887,-2.8109887,-1.7309887,-1.0809888,-1.0409888,-0.27098876,-0.02098877,0.6290112,0.48901123,0.9890112,1.3090112,2.0090113,2.2290113,2.4990113,2.8090112,2.3890111,2.7690113,1.9990113,2.669011,2.3690112,2.5590112
0.18901123,0.71901125,2.5990112,1.6390113,2.4290113,1.5490112,2.1090112,2.2890112,2.6390111,2.9990113,3.3090112,2.7190113,2.7190113,2.0390112,1.0690112,-0.15098877,-0.8009888,-0.70098877,-0.5509888,-0.30098876,0.07901123,0.64901125,1.3190112,1.1590112,0.48901123,1.1790112,2.0290112,2.1790113,0.84901124,-0.8709888,-1.6009887,-1.9909887,-2.5509887,-2.7109888,-2.9009888,-0.97098875,-1.9809887,-1.1909888,-1.1709888,-1.1709888,-1.2009888,-0.47098878,-0.22098877,-0.05098877,0.059011232,0.47901124,0.6290112,1.1290113,1.4190112,1.8590112,2.0490112,1.8290112,2.7290113,2.8890111,2.4490113,1.7290112,2.6190112
-0.58098876,-0.37098876,1.2790112,1.0690112,1.4690112,1.6190113,1.8790113,2.0390112,2.6490111,2.9590113,4.4690113,3.6890113,3.7890112,4.129011,4.149011,2.5590112,0.66901124,0.28901124,0.18901123,0.6190112,0.7590112,1.3790113,1.8090112,2.0690112,1.7190112,1.9690112,2.6090112,3.0690112,2.3190112,0.35901123,-0.84098876,-1.4209888,-1.8909888,-2.0709887,-2.2909887,-2.7809887,-1.7309887,-1.7609887,-1.4709888,-2.1609888,-1.3109888,-1.0909888,-0.58098876,-0.27098876,-0.31098878,-0.46098876,-0.16098876,-0.02098877,0.71901125,1.2090112,1.1790112,1.4090112,1.1690112,1.3790113,1.5490112,1.0790112,0.42901123
-0.8009888,-0.27098876,0.00901123,1.0490112,1.1090112,1.3590112,1.6990112,1.9690112,2.5290112,3.1490111,3.4690113,3.8190112,4.5790114,4.789011,4.999011,6.249011,3.6790113,1.8190112,1.3690113,1.0390112,1.2190112,1.8190112,1.9290112,2.3690112,2.1790113,2.2990112,2.8990111,2.9590113,3.2090113,2.5790112,1.3790113,0.24901123,-0.73098874,-1.1609888,-1.7009888,-2.2209888,-2.9709888,-2.7209888,-2.9409888,-2.7509887,-2.0209887,-1.8009888,-1.3509887,-0.79098874,-0.34098876,-0.06098877,-0.5709888,-0.36098877,0.04901123,0.41901124,0.30901122,0.6190112,0.25901124,0.16901124,0.6790112,0.9490112,0.9990112
3.3690112,2.6190112,1.6290113,0.6190112,0.7390112,0.95901126,1.9790112,1.9590112,2.7490113,3.3390112,3.8290112,4.609011,5.539011,5.459011,5.749011,5.8490114,4.819011,3.9090111,2.7990112,1.7990112,1.6390113,2.2590113,2.9590113,2.6090112,2.1990113,2.2990112,3.0190113,3.3490112,3.4390113,4.5590115,3.3290112,2.0490112,0.84901124,0.14901122,-0.47098878,-1.1709888,-1.0609888,-1.7909888,-3.2309887,-3.3109887,-3.5509887,-3.0009887,-2.2109888,-1.8009888,-0.8609888,-0.42098877,-0.33098876,-0.84098876,-0.65098876,-0.54098874,-9.887696E-4,0.14901122,-2.1509888,-0.04098877,0.24901123,0.27901122,0.31901124
2.5890112,2.7290113,3.169011,3.4790113,2.5390112,2.4090111,1.8190112,2.2690113,3.0790112,3.5190113,4.8290114,5.549011,6.019011,6.149011,6.5590115,6.769011,6.4890113,5.879011,5.129011,3.7790112,2.7890112,2.2190113,2.5590112,2.669011,2.669011,2.4890113,2.7190113,3.3190112,4.0790114,3.9590113,4.1390114,3.6090112,2.6890113,0.33901122,0.10901123,0.17901123,-0.25098878,-1.6009887,-1.7909888,-2.4509888,-3.7109888,-4.7409887,-3.6009889,-2.7109888,-1.5309888,-1.6109887,-0.8109888,-0.38098878,-0.7609888,-0.15098877,0.8190112,0.32901123,-1.6009887,-1.3609887,-1.1709888,-1.6709888,-0.08098877
1.8390112,3.4790113,3.0790112,1.9490112,3.3090112,3.3790112,3.2490113,3.5290112,2.9790113,3.7490113,4.419011,5.1990113,5.689011,6.729011,6.7590113,6.8490114,6.439011,6.3890114,5.4290113,4.6590114,4.729011,3.7490113,2.4690113,2.4390113,2.8290112,3.7990112,3.6090112,4.4290113,5.109011,5.339011,1.6990112,2.3290112,2.2790112,0.03901123,-0.010988769,-0.17098877,0.02901123,0.12901123,1.0590112,0.00901123,-1.3409888,-1.4409888,-2.1809888,-2.5709887,-2.0509887,-1.2909888,-0.60098875,-0.32098877,0.15901123,0.43901122,0.59901124,0.7390112,0.25901124,-2.8109887,0.49901122,0.37901124,-0.5609888
2.4990113,3.3090112,5.0090113,4.6990113,4.5990114,4.569011,4.749011,4.8890114,5.149011,5.689011,6.339011,6.689011,7.2190113,7.3490114,7.0290112,7.149011,6.4690113,6.089011,5.3090115,5.4890113,4.5990114,3.7090113,3.2190113,3.0790112,2.8390112,2.7890112,2.9490113,3.3890111,3.3990111,4.2590113,3.4790113,-0.5709888,1.1290113,1.6090112,0.37901124,-0.8209888,-1.1109887,-1.6109887,-1.9909887,-1.0409888,2.1090112,0.58901125,-0.98098874,-1.9409888,-2.6109889,-1.4709888,-0.84098876,-0.96098876,0.03901123,0.6290112,-0.14098877,0.8690112,-0.7609888,0.6890112,-1.8409888,-0.18098877,-0.33098876
2.5390112,5.9690113,4.499011,6.5090113,5.4490113,6.089011,5.939011,5.4290113,4.7190113,5.919011,5.479011,6.569011,6.959011,6.319011,6.999011,6.9290113,6.8290114,6.0090113,5.799011,4.6390114,4.1590114,4.0590115,3.7990112,3.5590112,3.3390112,3.6490111,4.2590113,3.2190113,5.1590114,5.1190114,2.7390113,1.7690113,1.1190113,2.2190113,0.65901124,0.02901123,-0.22098877,0.09901123,-0.95098877,-0.5609888,-0.5609888,-0.48098877,0.59901124,1.9990113,1.0490112,-0.26098877,0.059011232,-0.78098875,-0.40098876,0.10901123,1.0190113,-1.0009887,-0.34098876,0.02901123,0.12901123,-1.9209888,-1.6509888
4.3490114,7.1590114,5.6190114,7.2190113,6.709011,6.669011,6.629011,6.3090115,3.9990113,5.9890113,5.999011,5.899011,6.0790114,6.069011,6.6790113,6.6790113,6.8890114,6.609011,5.289011,4.479011,3.5390112,3.6190112,2.7790112,2.5790112,2.3990111,3.4090111,4.269011,3.8990111,3.7090113,1.8390112,1.0990112,1.7090112,1.1690112,0.59901124,0.79901123,0.89901125,0.51901126,-0.14098877,-0.27098876,1.2290112,-0.35098878,-0.9909888,0.46901122,1.4490112,0.96901125,1.2690113,0.8190112,1.1590112,1.1290113,4.589011,1.6390113,0.89901125,0.25901124,0.8690112,0.47901124,-0.89098877,-1.0709888
6.4490113,7.3090115,6.1590114,6.459011,6.3690114,5.9090114,5.7190113,6.3090115,4.5090113,5.7190113,6.9490113,5.799011,6.2390113,5.8490114,5.459011,5.2790112,6.289011,4.939011,5.0290112,3.2090113,3.8790112,3.4090111,3.2590113,2.3390112,2.669011,1.6690112,1.1090112,1.6890112,0.89901125,1.1790112,0.12901123,-0.6109888,0.41901124,2.8490112,-0.05098877,-0.41098878,1.5190113,-0.12098877,0.84901124,-0.8209888,-1.4109888,-0.7409888,2.9590113,2.3190112,0.16901124,-0.78098875,0.28901124,1.2990112,1.8790113,1.3090112,1.4990113,1.4190112,0.66901124,1.2390113,1.6290113,1.3490112,-9.887696E-4
5.899011,6.359011,5.9490113,6.289011,4.959011,5.189011,4.839011,4.6790113,4.419011,4.319011,5.939011,6.539011,5.459011,4.499011,4.539011,4.149011,4.269011,4.359011,3.8390112,3.7990112,3.3090112,3.6590111,3.0090113,3.0390112,2.1890113,2.4590113,1.7090112,1.4590112,0.72901124,0.48901123,0.23901123,2.3990111,-0.010988769,2.7890112,1.5490112,-0.65098876,0.46901122,-0.8009888,-2.0009887,-1.3009888,0.6790112,2.5890112,1.4990113,2.0690112,1.4790112,1.1190113,-0.20098877,1.9390112,2.4990113,1.4990113,1.4890113,0.97901124,1.5290112,1.7490113,1.9790112,1.2790112,0.8190112
4.039011,3.8290112,6.6590114,4.539011,4.9490113,4.089011,4.4290113,3.419011,3.7290113,3.0690112,3.7390113,3.919011,3.1490111,3.0990112,3.1290112,3.1990113,3.1990113,2.9690113,2.7090113,2.0690112,2.6190112,1.0590112,1.6090112,0.91901124,0.89901125,2.3690112,0.89901125,-1.7009888,0.37901124,0.8090112,-0.9209888,0.95901126,1.5190113,1.7890112,1.5790112,1.2190112,-1.5509888,-0.90098876,-0.46098876,1.0890112,0.90901124,1.6590112,3.4090111,3.3390112,1.6390113,1.1490113,1.4490112,2.0890112,1.7290112,1.7690113,0.8690112,2.0690112,2.7190113,3.6890113,2.3990111,2.169011,1.7690113
2.6490111,3.5690112,3.9390113,4.5290112,4.399011,4.2790112,3.5190113,3.2690113,2.4890113,2.0490112,2.8390112,2.0390112,2.1290112,1.5890112,1.2590113,0.84901124,1.4290112,1.0290112,1.2390113,1.0590112,-0.17098877,-0.6309888,-1.5409888,-2.7309887,-1.6009887,2.9990113,7.1390114,9.899012,8.149012,5.799011,1.2590113,-0.46098876,-0.22098877,0.7590112,1.9390112,-0.10098877,-0.03098877,-1.8009888,0.32901123,-0.5509888,-0.38098878,1.6890112,2.5890112,2.919011,2.0290112,1.3190112,1.2090112,1.3590112,1.6290113,1.8890113,3.2890112,2.0390112,1.1190113,2.2590113,3.6990113,2.7390113,2.1890113
1.0790112,1.6390113,2.3390112,3.0990112,3.2090113,2.7990112,2.7490113,2.6190112,1.8690113,1.4090112,1.1990112,0.8090112,0.16901124,-0.21098877,-0.18098877,-0.34098876,-0.53098875,-1.3309888,-0.6809888,-0.73098874,-0.27098876,-1.6209887,-2.5509887,-1.3009888,2.0690112,1.6790112,-1.8109888,1.3990113,0.97901124,1.8190112,3.1290112,2.1890113,1.2190112,-0.36098877,-0.29098877,1.5190113,1.2590113,0.29901123,-0.9409888,1.2490113,0.19901124,0.97901124,1.8390112,-0.20098877,1.6490113,1.8190112,1.4390112,1.9590112,2.0390112,2.0290112,2.4290113,2.5590112,1.6890112,1.0790112,1.7790112,2.6290112,2.7790112
0.24901123,1.1490113,1.3190112,2.7190113,0.8790112,1.3290112,1.0790112,0.5790112,-0.08098877,-0.05098877,-0.53098875,-0.48098877,-0.29098877,-0.33098876,-0.9209888,-1.5909888,-1.2709888,-4.270989,-2.3009887,-1.3909888,0.24901123,1.6490113,3.1890113,2.3390112,2.2990112,-1.5009887,1.0290112,5.089011,9.549011,-0.40098876,-0.85098875,0.70901126,1.3290112,1.6790112,2.5190113,-0.22098877,0.07901123,0.16901124,-1.0209888,1.6490113,3.4390113,5.5590115,2.1890113,0.29901123,1.6390113,1.7990112,1.1390113,1.1090112,1.4590112,1.3990113,2.6090112,2.9990113,2.3790112,0.8890112,2.4890113,1.7890112,1.8790113
-0.7509888,0.25901124,-2.7809887,-1.8009888,-2.7609887,-1.7209888,-1.9109888,-1.8009888,-1.5309888,-2.2709887,-1.9009888,-1.6309887,-1.3609887,-1.1509888,-1.3209888,-1.6109887,-2.5009887,-2.2809887,-1.9709888,-1.3909888,-1.2309887,-0.14098877,-0.70098877,-0.04098877,-0.36098877,2.0390112,1.9290112,1.2190112,1.5290112,4.0290112,2.4690113,1.1990112,1.3390112,0.97901124,1.5290112,2.0290112,-0.34098876,0.32901123,-0.16098876,2.6890113,0.059011232,1.3990113,3.0390112,1.1890112,0.21901123,2.7290113,3.2990112,0.30901122,0.96901125,1.7490113,2.0790112,3.0490112,3.669011,3.3290112,1.9090112,2.5290112,3.1090112
-2.2409887,0.13901123,-3.1509888,-3.1309888,-2.4009888,-1.8209888,-2.6909888,-2.2209888,-2.1609888,-2.2509887,-1.4009888,-2.9709888,1.0090113,-2.5609887,-3.7109888,-3.7709887,-2.6509888,-3.6209888,-4.1509886,-1.9309888,0.6390112,0.17901123,3.2490113,1.8090112,0.25901124,-0.5509888,-0.98098874,-0.8609888,-0.77098876,1.9590112,3.169011,-0.6909888,1.8190112,1.8290112,3.8390112,2.1590111,0.91901124,4.549011,-0.98098874,-1.6109887,-0.77098876,-0.15098877,-1.9009888,-2.3409889,-2.7809887,-2.5509887,-2.9409888,3.3490112,1.5190113,2.0190113,1.5890112,2.8690112,3.1890113,4.5590115,3.9590113,3.3990111,4.399011
-3.3609889,-3.1909888,-2.5909889,-2.580989,-2.0409887,-1.8209888,-2.3409889,-2.0909889,-2.2109888,-1.4109888,-0.66098875,1.6190113,-4.790989,-7.3209887,-1.8309888,-5.0309887,-2.6609888,2.1290112,0.13901123,-1.8109888,-0.59098876,-0.6909888,-0.17098877,-1.9309888,-1.4509888,-1.4209888,-0.9909888,-0.02098877,-0.95098877,0.08901123,0.85901123,2.1490111,-0.72098875,-0.5609888,-0.110988766,-1.1809888,-2.7409887,-1.6109887,1.1690112,2.2790112,0.13901123,-2.4109888,2.5490112,1.5790112,-2.4909887,-3.1609888,-1.9009888,-0.64098877,2.1290112,0.25901124,-0.65098876,-0.8109888,1.9190112,4.0090113,5.1390114,5.729011,5.339011
-4.600989,-4.8409886,-3.830989,-2.7909887,-1.8709887,-1.7309887,-1.3409888,-1.8809887,-1.5709888,-1.2309887,-0.85098875,-1.2109888,-1.7309887,0.019011231,0.58901125,-2.1409888,0.13901123,-0.14098877,-4.080989,-2.6509888,-1.7209888,-0.17098877,-0.35098878,-0.54098874,0.00901123,-0.54098874,-1.2409887,-1.2409887,-1.8209888,-0.15098877,-1.1509888,-1.6309887,-1.4809887,0.16901124,-2.1009889,2.9690113,2.0790112,-0.71098876,-1.2909888,-0.98098874,2.919011,2.3690112,3.9290113,3.8790112,-1.5409888,-5.730989,-4.390989,-2.3809888,-2.9109888,-3.7509887,-3.6709888,-2.0409887,-0.45098877,0.9290112,1.8290112,4.5590115,4.839011
-4.6909885,-4.0309887,-3.7209888,-3.1709888,-2.330989,-1.5409888,-1.1509888,-1.4909887,-2.6509888,-1.9009888,0.91901124,-0.43098876,1.0290112,1.9090112,0.00901123,1.1190113,1.3990113,-0.98098874,-2.2109888,-2.1509888,-2.5409887,0.8090112,-0.31098878,1.1590112,-3.7209888,-3.6009889,-3.7809887,-4.8409886,-4.5709887,-3.6609888,-3.0309887,-2.9109888,-2.8709888,-2.1009889,-3.2009888,-3.6709888,-1.5909888,-1.9709888,-3.2409887,-3.0609887,-0.60098875,1.6490113,3.2590113,4.339011,5.0990114,4.4890113,4.899011,2.6290112,2.8890111,4.8090115,0.7490112,-0.05098877,-0.35098878,0.03901123,1.4490112,1.0290112,2.0290112
