raw-data-f/2018101000f3.json
{"header": { "discipline":0, "disciplineName":"Meteorological products", "gribEdition":2, "gribLength":75121, "center":7, "centerName":"US National Weather Service - NCEP(WMC)", "subcenter":0, "refTime":"2018-10-10T00:00:00.000Z", "significanceOfRT":1, "significanceOfRTName":"Start of forecast", "productStatus":0, "productStatusName":"Operational products", "productType":1, "productTypeName":"Forecast products", "productDefinitionTemplate":0, "productDefinitionTemplateName":"Analysis/forecast at horizontal level/layer at a point in time", "parameterCategory":2, "parameterCategoryName":"Momentum", "parameterNumber":3, "parameterNumberName":"V-component_of_wind", "parameterUnit":"m.s-1", "genProcessType":2, "genProcessTypeName":"Forecast", "forecastTime":3, "surface1Type":103, "surface1TypeName":"Specified height level above ground", "surface1Value":10.0, "surface2Type":255, "surface2TypeName":"Missing", "surface2Value":0.0, "gridDefinitionTemplate":0, "gridDefinitionTemplateName":"Latitude_Longitude", "numberPoints":65160, "shape":6, "shapeName":"Earth spherical with radius of 6,371,229.0 m", "gridUnits":"degrees", "resolution":48, "winds":"true", "scanMode":0, "nx":360, "ny":181, "basicAngle":0, "lo1":0.0, "la1":90.0, "lo2":359.0, "la2":-90.0, "dx":1.0, "dy":1.0 }, "data":
[rows 130 to 155 of 181, columns 58 to 115 of 360]
4.0021043,4.1521044,4.4121046,4.3821044,4.4321046,5.2221045,6.0821047,6.1621046,6.1121044,5.4721045,5.2421045,4.4921045,3.1721046,3.0421045,2.5221045,3.2821045,3.3921044,3.8621044,5.1721044,4.7521043,4.8121047,3.8921044,3.7121046,4.1521044,3.8821044,-3.1778955,-5.8778954,-3.7878954,-2.0878954,-0.6378955,0.9821045,1.4021045,3.0621045,5.0121045,5.6721044,6.9021044,8.082105,7.0221043,6.6821046,0.9421045,-7.2978954,-9.187896,-9.647896,-8.9678955,-7.9378953,-6.8678956,-5.4478955,-3.5878954,-2.6978955,-4.0178957,-4.5778956,-3.2278955,-0.5478955,2.3221045,-1.0678955,-5.1778955,-4.6278954,-4.7878957
2.8121045,2.8721044,2.8221045,3.5621045,4.3621044,5.4121046,5.9921045,5.7521043,6.0421047,5.4121046,5.2521043,4.0821047,2.4421046,0.4721045,0.7621045,1.3521045,1.2821045,2.8821044,3.4821045,4.1621046,4.4821043,4.5021043,4.1521044,3.6021044,3.5021045,4.2921047,-3.7178955,-6.2678957,-4.3778954,-3.5978956,-2.0378954,-0.2578955,0.9021045,2.6121044,4.0621047,5.2321043,7.5021043,6.4921045,7.3321047,6.4621043,-1.9778955,-8.547895,-10.087895,-9.507895,-9.117895,-8.147896,-6.6978955,-4.6678953,-3.9578955,-4.6278954,-6.4978957,-5.3178954,-3.3978956,-0.2778955,-2.0378954,-6.6178956,-6.7078953,-5.7778955
1.8321044,1.9921045,2.1721046,2.2921045,3.2821045,5.0721045,6.2821045,5.5521045,4.7321043,4.7621045,4.1221046,3.0521045,2.7121046,1.2221045,-0.39789551,-0.6978955,-0.39789551,0.9821045,2.2921045,2.9521046,3.4721045,3.5121045,3.2621045,2.8921044,2.2521045,2.7021046,3.9121046,-5.6178956,-6.4278955,-5.0978956,-3.7878954,-1.5978955,-0.5878955,-0.4178955,1.5721045,3.2721045,6.1921043,8.202105,6.7821045,7.3421044,6.7121043,1.6321045,-10.117895,-9.727896,-9.4678955,-9.067896,-8.117895,-6.3678956,-5.3878956,-4.4678955,-7.2378955,-7.3178954,-5.7178955,-3.5878954,-1.5378956,-5.6678953,-7.7478957,-7.5878954
0.29210448,1.0121045,1.6421045,2.2321045,3.4621046,5.8321047,6.1521044,5.5021043,4.2721043,4.1621046,4.1021047,3.9921045,3.8321044,2.9421046,1.2321045,-1.1578956,-1.6278955,-0.1778955,0.8521045,1.8521045,2.5921044,3.3621044,3.8121045,3.3721044,2.5021045,1.7421045,1.8321044,3.4721045,-5.5078955,-7.1678953,-6.6878953,-4.3978953,-2.8078954,-1.9978955,-1.7478955,0.3021045,2.3121045,6.0821047,7.2521043,6.6921043,5.9021044,5.3421044,6.6121044,-4.1178956,-10.347896,-9.387896,-9.147896,-7.9478955,-7.1678953,-5.7578955,-7.4178953,-8.927896,-7.6578956,-6.1578956,-4.5278955,-3.1478956,-5.8378954,-6.8178954
-2.1978955,-0.3878955,1.0521045,1.4921045,2.3221045,4.0721045,4.7521043,4.2421045,3.8621044,3.2321045,1.7821045,2.0121045,2.7221045,1.9421045,1.5221045,0.35210449,-1.9978955,-2.6278956,-0.9578955,0.10210449,1.7721045,2.9721045,3.1921046,2.8121045,2.1021044,1.5921044,1.0121045,1.0921044,2.0921044,-2.6978955,-8.657895,-7.5378957,-5.4078956,-4.3178954,-3.2978954,-2.8778956,-2.1978955,-0.2778955,3.6721046,6.2321043,3.2421045,3.7321045,4.1821046,5.1121044,7.3021045,-3.8578956,-10.887896,-9.447895,-8.397896,-6.8078957,-7.8778954,-9.317896,-8.437896,-7.8278956,-6.6378956,-5.7378955,-5.1078954,-5.3378954
-3.1878955,-2.5578954,-1.0978955,0.5021045,1.8421044,3.5621045,2.3721044,1.9521044,1.9821045,1.6521045,1.4121045,2.6621046,3.4821045,2.3321044,1.2621045,0.042104494,-2.5978956,-3.8578956,-4.0078955,-1.8278955,0.3321045,1.7321045,2.7821045,3.7621045,2.5821044,0.7521045,1.6121045,1.8521045,2.4021044,1.3821045,-3.2478955,-9.207895,-8.127895,-6.0678954,-5.5578957,-4.1678953,-4.7778955,-4.5078955,-0.5278955,2.0221045,4.3021045,2.8421044,2.7321045,3.2021046,3.9521046,5.6021047,7.9121046,-3.9678955,-9.557896,-7.8378954,-8.477896,-9.707895,-9.747895,-8.897896,-7.9278955,-6.9678955,-6.4378953,-6.1178956
-3.8878956,-3.0778954,-1.9978955,-0.8878955,-0.3078955,0.7421045,0.9021045,1.3621045,0.6521045,0.3821045,0.6721045,0.3921045,1.1821045,1.2221045,0.122104496,-0.017895509,-1.8778955,-4.7078953,-5.0578957,-3.3778956,-0.4478955,1.6621045,2.8421044,3.2221045,2.8521044,1.8921045,1.2221045,1.0421045,0.6021045,0.7221045,0.7921045,-4.3278956,-9.307896,-8.577895,-6.5478954,-6.2078953,-6.7678957,-6.1278954,-3.6478956,-2.0578954,-0.81789553,0.2521045,0.9521045,1.3621045,1.1221045,2.2921045,2.2821045,4.5621047,3.9921045,4.3521047,-2.5278955,-7.0778956,-9.677896,-9.487896,-8.397896,-7.3478956,-6.8178954,-6.7678957
-4.0878954,-3.1278956,-2.8178954,-1.9878955,-1.6178955,-1.8378955,-1.7178955,-1.9478955,-1.0178955,-0.4678955,-0.56789553,-0.06789551,0.3621045,0.4321045,0.42210448,0.1521045,-1.2678955,-3.1278956,-4.8878956,-3.8578956,-2.8578956,-0.3578955,0.7121045,1.0621045,1.0421045,0.6421045,0.16210449,1.2221045,2.4921045,2.6721046,1.7721045,-0.22789551,-8.507895,-10.7178955,-9.617895,-7.7478957,-7.1878953,-5.9678955,-5.6478953,-5.7778955,-4.9578953,-4.2278957,-3.3478956,-0.8378955,0.9921045,-1.3878955,-1.1678956,0.26210448,1.4821045,1.8821045,3.2821045,4.3021045,4.6021047,3.4521046,-4.7378955,-8.627895,-7.3778954,-6.0678954
-5.6578956,-4.5578957,-3.8178954,-3.6378956,-3.6178956,-2.4778955,-2.2578955,-3.1878955,-2.1178956,-1.7078955,-1.2178955,-1.1178955,-0.45789552,0.092104495,0.08210449,-0.45789552,-1.9978955,-4.7778955,-6.3578954,-4.4878955,-2.5578954,-0.6478955,0.5721045,0.93210447,0.5121045,-0.68789554,-1.1678956,-0.2878955,0.8221045,2.0921044,3.1321044,1.6821045,-3.2278955,-11.517896,-10.867895,-9.477896,-7.3178954,-6.8878956,-6.2278957,-6.4178953,-7.1278954,-6.0278955,-5.9678955,-3.9178956,-2.5378954,-1.9878955,-1.2678955,-2.7978954,-2.8178954,-0.8578955,-0.09789551,-0.027895508,1.5821044,3.4521046,3.2621045,3.3121045,3.3721044,1.1721045
-6.9978957,-6.6778955,-5.9378953,-4.8278956,-3.3178954,-2.9278955,-3.1978955,-3.5878954,-3.6978955,-3.0378954,-2.8578956,-0.5478955,-3.2478955,-1.7078955,-0.8578955,-1.3278955,-2.8278954,-5.6878953,-6.7278957,-5.1978955,-3.2378955,-1.5978955,-0.2878955,0.7421045,1.2521045,1.3521045,1.3421044,1.3821045,1.5521045,2.2321045,3.2521045,4.6321044,4.2521043,-6.1178956,-12.687896,-12.407895,-10.707895,-9.017896,-8.497895,-6.9178953,-8.837895,-8.277896,-7.2978954,-5.7878957,-5.3078957,-4.8478956,-4.8478956,-4.2578955,-3.4378955,-2.5178955,-2.1278956,-1.2178955,-0.087895505,0.5321045,1.4721045,1.6821045,2.3521044,3.0321045
-8.337895,-7.4878955,-6.4678955,-5.4278955,-4.2978954,-3.6978955,-3.9878955,-4.1178956,-4.6778955,-4.6278954,-5.0978956,-4.5278955,-2.5478954,-0.6978955,-1.4078956,-2.2278955,-4.6278954,-6.5778956,-6.3078957,-4.6378956,-2.5678954,-1.0278955,0.10210449,0.5821045,0.8521045,1.1021045,1.4521044,1.7821045,2.0721045,2.4321046,2.4921045,3.2021046,3.6021044,6.4121046,-7.4978957,-13.947895,-12.587895,-11.437896,-10.207895,-9.437896,-10.237896,-9.847896,-8.7178955,-7.5178957,-6.7078953,-6.3278956,-5.9278955,-5.4178953,-4.7478957,-3.8578956,-3.0378954,-2.1878955,-1.7778955,-1.5578955,-0.8578955,0.3421045,1.3921045,2.0721045
-7.4978957,-7.4878955,-7.2478957,-6.8078957,-5.8378954,-5.2378955,-5.1778955,-5.2178955,-5.5578957,-6.3378954,-6.5178957,-5.4878955,-3.6978955,-2.6078956,-3.4078956,-4.7178955,-6.2678957,-6.2878957,-5.2878957,-4.2378955,-2.7978954,-1.4078956,-0.22789551,0.6021045,1.0921044,1.3021045,1.5121045,1.8421044,2.0121045,1.9121045,2.0621045,2.1821046,2.0821044,2.5221045,3.3021045,-3.3378954,-14.737896,-13.377895,-12.977896,-11.367895,-11.367895,-11.517896,-10.417895,-9.867895,-9.677896,-7.9678955,-6.7678957,-6.3678956,-6.0378957,-5.4178953,-4.7678957,-3.8278954,-2.7878954,-1.7378955,-0.93789554,0.07210449,0.26210448,0.14210449
-7.9878955,-7.2978954,-6.8678956,-6.3178954,-6.1978955,-5.8778954,-5.8578954,-5.8678956,-6.4978957,-7.2378955,-7.3778954,-6.5978956,-5.3978953,-5.2078953,-6.2378955,-7.1678953,-6.7078953,-5.5978956,-4.8178954,-3.7778955,-2.7578955,-2.1178956,-1.4878955,-0.24789551,0.93210447,1.4621044,1.9421045,1.8621045,1.5821044,1.2021044,1.1821045,1.0021045,0.93210447,0.7721045,1.0321045,-0.047895506,0.4121045,-12.807896,-14.737896,-14.337895,-12.857896,-12.267896,-11.607896,-10.837895,-10.517896,-9.757895,-8.797895,-8.057896,-6.9378953,-6.1478953,-5.3478956,-4.4678955,-3.6578956,-2.7578955,-1.7078955,-1.0378956,-0.8078955,0.13210449
-8.047895,-7.7778955,-6.9978957,-6.3678956,-6.1078954,-5.9078956,-5.9278955,-6.2378955,-7.7778955,-8.437896,-8.707895,-7.1478953,-7.5178957,-7.6178956,-7.1078954,-5.4778957,-5.0678954,-3.6378956,-1.9478955,-0.6178955,0.7521045,1.4421045,1.9121045,1.8721045,1.7021044,2.3821044,2.8221045,2.7421045,2.2121046,1.5321045,1.0521045,0.3121045,-0.09789551,-0.3878955,-0.3778955,-0.6678955,-2.2978954,-1.0978955,-11.657895,-16.747896,-16.517895,-14.907895,-13.767896,-13.037895,-12.077895,-11.127895,-10.247895,-9.397896,-8.567896,-8.067896,-7.1078954,-6.1178956,-4.9978957,-3.9678955,-2.8778956,-1.7878956,-0.5978955,0.2321045
-6.7078953,-7.2278957,-6.8478956,-6.3778954,-6.0078955,-5.9178953,-6.1978955,-7.9378953,-9.437896,-10.437896,-9.617895,-8.347896,-7.8378954,-7.3178954,-5.7778955,-3.7978954,-1.9778955,-1.0278955,0.35210449,1.9321045,2.5621045,2.6721046,2.7321045,2.7721045,2.8821044,2.9021044,2.3621044,2.0621045,1.6721045,1.2121044,0.6521045,-0.057895508,-0.8578955,-1.5778955,-1.9378955,-2.1478956,-2.3578956,-3.0078955,-3.1678956,-10.737896,-17.087896,-17.627895,-16.547895,-15.417895,-14.657895,-13.517896,-12.277896,-11.227896,-10.477896,-9.857896,-8.647896,-7.4278955,-6.2878957,-5.1978955,-4.1478953,-2.9278955,-1.7578955,-0.7378955
-5.2278957,-5.5978956,-5.5378957,-5.4878955,-5.8578954,-6.4778957,-8.227896,-10.707895,-11.4678955,-10.607896,-9.567896,-8.887896,-7.8478956,-6.2578955,-4.1978955,-2.7678955,-1.3378955,-0.09789551,0.81210446,1.5821044,2.2321045,2.8821044,3.0521045,3.0021045,2.9721045,2.3621044,1.5821044,0.7721045,-0.047895506,-0.7778955,-1.0678955,-1.3178955,-1.6678956,-1.9978955,-2.5378954,-3.3478956,-3.6678956,-3.9878955,-4.4678955,-4.4478955,-11.497895,-17.947895,-18.307896,-17.807896,-16.807896,-15.747895,-14.317896,-13.157895,-11.897896,-11.057896,-9.727896,-8.407895,-7.2978954,-6.2878957,-4.9278955,-3.3578956,-1.9178956,-0.6578955
-3.1878955,-3.7578955,-4.5878954,-5.5978956,-6.7278957,-8.647896,-11.267896,-11.837895,-10.727896,-9.667895,-8.577895,-7.3778954,-6.1478953,-5.0078955,-3.9578955,-2.6378956,-1.2278955,0.2121045,1.6921045,2.8121045,3.5021045,3.8921044,4.3721046,4.1021047,3.6521044,2.7921045,1.9521044,1.1321045,-0.07789551,-1.5478956,-2.8478956,-3.5678954,-3.9178956,-4.3278956,-4.6178956,-4.3878956,-4.1778955,-4.2278957,-4.4078956,-5.0778956,-5.3978953,-13.947895,-18.147896,-18.537895,-18.547895,-17.387896,-15.827895,-14.647896,-13.387896,-11.997895,-10.667895,-9.277896,-8.187896,-6.6978955,-5.1278954,-3.5278955,-2.0978956,-0.9878955
-2.3878956,-3.5678954,-4.9778957,-6.7678957,-9.077895,-10.757895,-11.417895,-10.617895,-9.787895,-8.887896,-8.017896,-6.9678955,-5.9478955,-4.6078954,-3.2478955,-1.3978955,0.2721045,1.8021045,3.0421045,4.1721044,5.4721045,6.3921046,5.9821043,5.4521046,5.3421044,5.0321045,3.4321046,1.0821044,-0.56789553,-2.1178956,-3.5778954,-3.4778955,-3.9878955,-5.1378956,-6.1078954,-6.3378954,-6.1578956,-5.7278957,-5.3278956,-4.8878956,-5.3178954,-9.177896,-17.337896,-19.227896,-19.427895,-18.987896,-17.107895,-15.607896,-14.337895,-12.917895,-11.417895,-10.057896,-8.727896,-6.9178953,-5.0178957,-3.3078954,-1.8778955,-0.6378955
-1.8978955,-4.4678955,-7.1178956,-9.377895,-10.247895,-10.807896,-10.477896,-9.657895,-8.687896,-8.177896,-7.3078957,-6.3078957,-4.9178953,-3.1478956,-1.3778955,0.042104494,1.2021044,2.0121045,3.0121045,4.3921046,4.7221045,5.5121045,6.4821043,7.1721044,7.2921047,7.0521045,4.7621045,1.6121045,-0.3078955,-0.10789551,-1.1378955,-4.5878954,-4.9278955,-4.7978954,-5.9078956,-7.1178956,-7.2878957,-6.7478957,-6.0678954,-5.5778956,-5.0578957,-8.077895,-16.307896,-19.377895,-19.927895,-19.117895,-17.907896,-16.197895,-14.787895,-13.367895,-11.857896,-10.277896,-8.507895,-6.5678954,-4.5878954,-2.8478956,-1.5578955,-0.87789553
-3.3678956,-5.4678955,-7.2478957,-8.587895,-8.517896,-7.9678955,-7.9278955,-6.2278957,-5.5378957,-5.5278955,-5.4378953,-3.7278955,-1.4178956,-0.4478955,0.5421045,0.9921045,1.6121045,1.9321045,2.3421044,2.7221045,2.9721045,4.1621046,4.6721044,5.7921047,7.7921047,9.372105,10.132105,4.4821043,-1.1078955,-3.8378954,-4.1778955,-3.5178955,-4.8978953,-5.0978956,-5.5678954,-6.7478957,-7.2678957,-6.7878957,-5.8278956,-5.2978954,-4.5778956,-10.197895,-17.037895,-18.917896,-18.957895,-18.607895,-17.497896,-16.267895,-14.757895,-13.337895,-11.907895,-10.277896,-8.437896,-6.1478953,-4.0078955,-2.8278954,-2.1478956,-1.2778955
-4.1078954,-4.6578956,-4.9278955,-5.1278954,-5.3078957,-4.8978953,-4.3978953,-4.2078953,-3.4778955,-3.0078955,-2.7878954,-2.4878955,-1.9178956,-1.2978956,-0.3678955,0.5021045,1.1221045,1.6121045,2.1421044,2.6921046,3.3321044,4.0421047,5.2321043,6.1821046,7.4421043,9.352104,10.022104,11.002105,1.5821044,-2.5278955,-1.4678955,-3.8978956,-4.3678956,-4.9678955,-5.1978955,-5.4378953,-5.7978954,-5.3578954,-4.1178956,-4.4778957,-6.2778955,-12.617895,-15.407895,-16.437895,-15.637896,-14.947895,-14.847896,-14.747895,-13.227896,-12.377895,-11.497895,-10.057896,-7.6378956,-5.1678953,-3.6178956,-2.0978956,-0.5878955,0.3721045
-3.4678955,-3.6278956,-3.5478954,-3.2878954,-3.2978954,-3.2178955,-3.1478956,-3.1978955,-3.1078956,-2.8578956,-2.5078955,-1.9978955,-1.4978955,-0.9578955,-0.42789552,0.11210449,0.6621045,0.8521045,1.0321045,1.8021045,2.8921044,3.8621044,4.9621043,6.2521043,7.4621043,8.512104,9.592105,10.212105,10.912105,-0.45789552,-5.2578955,-2.3678956,-2.5278955,-4.2278957,-5.1578956,-4.9978957,-5.0078955,-4.1378956,-4.4978957,-5.3878956,-8.657895,-11.637896,-12.567896,-13.237896,-13.047895,-12.937896,-12.907895,-12.7178955,-12.127895,-10.627895,-9.497895,-7.5478954,-5.4078956,-3.5678954,-2.2578955,-1.5578955,-0.6178955,0.3821045
-3.3478956,-2.9978955,-3.0078955,-3.1678956,-3.2578955,-3.2278955,-2.9678955,-2.7878954,-2.5378954,-2.2078955,-1.8478955,-1.5478956,-1.2778955,-0.9778955,-0.5478955,-0.1578955,-0.057895508,-0.26789552,0.6021045,1.8321044,2.9021044,3.8621044,4.5721045,5.3021045,5.9921045,6.6621046,7.2121043,8.302105,8.472104,8.352104,7.4021044,4.3621044,0.2321045,-2.2278955,-3.3178954,-3.6478956,-3.0378954,-1.7878956,-1.2678955,-2.4578955,-4.0978956,-5.4678955,-6.6578956,-7.7678957,-8.257895,-8.457895,-8.437896,-8.247895,-7.9478955,-7.2178955,-6.2878957,-5.5078955,-4.3278956,-3.5678954,-2.5978956,-1.6778955,-1.3178955,-0.9278955
-2.7278955,-2.7078955,-2.6378956,-2.4478955,-2.2278955,-1.9278955,-1.5078955,-1.0478956,-0.7978955,-0.6778955,-0.7178955,-0.8078955,-0.8278955,-0.9078955,-1.0478956,-1.1078955,-1.7978956,-1.5378956,0.022104492,1.6021045,2.5521045,3.1021044,3.7121046,4.4621043,4.5621047,4.9121046,5.4521046,5.7921047,6.1021047,6.3021045,6.2021046,5.7221045,5.0321045,4.2521043,3.5821044,2.8621044,1.9721045,1.2821045,0.81210446,0.3121045,-0.3178955,-1.2078955,-2.1878955,-3.0478954,-3.7378955,-4.2678957,-4.6578956,-4.8578954,-5.1278954,-5.4278955,-5.4178953,-5.0478954,-4.2378955,-3.6278956,-3.2278955,-2.6678956,-1.8678955,-0.8878955
-1.8178955,-1.5478956,-1.0478956,-0.5178955,-0.13789551,0.2521045,0.7321045,1.0021045,1.1521045,1.3821045,1.1921045,0.6921045,-0.017895509,-0.9678955,-2.1278956,-3.2078955,-2.7278955,-1.6478955,-0.39789551,0.7721045,1.5421045,1.9221045,1.7621045,2.5321045,3.4521046,3.7121046,3.5921044,3.5621045,3.4921045,3.4821045,3.3921044,3.2721045,3.0121045,2.6021044,2.1521044,1.7121044,1.2321045,0.7421045,0.2521045,-0.2378955,-0.7378955,-1.1978955,-1.6878955,-2.1678956,-2.6278956,-3.0778954,-3.4978955,-3.7378955,-3.9278955,-4.0578957,-4.0978956,-4.0278955,-3.8878956,-3.5678954,-2.9278955,-2.0778954,-1.2278955,-0.5978955
-0.057895508,-0.26789552,0.092104495,0.4121045,0.56210446,1.0021045,1.6121045,2.1821046,2.9521046,3.7021046,4.1421046,4.8621044,5.0021043,2.0421045,0.45210448,0.3821045,-0.14789551,-0.3178955,0.11210449,0.5721045,1.0321045,1.1821045,1.0821044,1.3621045,1.6021045,2.1421044,2.4521046,2.4221046,2.3221045,2.1921046,1.9421045,1.6921045,1.4321045,1.0221045,0.5821045,0.2121045,-0.21789551,-0.7078955,-1.0278955,-1.4678955,-1.7478955,-2.0078955,-2.4478955,-2.8378954,-3.0078955,-2.9578955,-3.4278955,-3.8178954,-4.1178956,-4.1878953,-4.0078955,-3.6078956,-2.9578955,-2.1578956,-1.3878955,-0.8978955,-0.7078955,-0.7978955
