raw-data-f/2018100718f3.json
{"header": { "discipline":0, "disciplineName":"Meteorological products", "gribEdition":2, "gribLength":75437, "center":7, "centerName":"US National Weather Service - NCEP(WMC)", "subcenter":0, "refTime":"2018-10-07T18:00:00.000Z", "significanceOfRT":1, "significanceOfRTName":"Start of forecast", "productStatus":0, "productStatusName":"Operational products", "productType":1, "productTypeName":"Forecast products", "productDefinitionTemplate":0, "productDefinitionTemplateName":"Analysis/forecast at horizontal level/layer at a point in time", "parameterCategory":2, "parameterCategoryName":"Momentum", "parameterNumber":3, "parameterNumberName":"V-component_of_wind", "parameterUnit":"m.s-1", "genProcessType":2, "genProcessTypeName":"Forecast", "forecastTime":3, "surface1Type":103, "surface1TypeName":"Specified height level above ground", "surface1Value":10.0, "surface2Type":255, "surface2TypeName":"Missing", "surface2Value":0.0, "gridDefinitionTemplate":0, "gridDefinitionTemplateName":"Latitude_Longitude", "numberPoints":65160, "shape":6, "shapeName":"Earth spherical with radius of 6,371,229.0 m", "gridUnits":"degrees", "resolution":48, "winds":"true", "scanMode":0, "nx":360, "ny":181, "basicAngle":0, "lo1":0.0, "la1":90.0, "lo2":359.0, "la2":-90.0, "dx":1.0, "dy":1.0 }, "data":
[rows 52 to 77 of 181, columns 177 to 235 of 360]
-0.41782472,-0.9078247,-1.4878247,-2.2478247,-4.147825,-4.127825,-3.8878248,-2.1978247,1.0021753,5.2521753,10.992175,10.082175,9.892176,9.912175,8.712175,8.962175,7.9621754,6.1721754,3.5621753,1.6621753,0.6121753,-1.6978247,1.3221753,7.992175,10.862175,11.122175,10.3421755,10.172175,9.442175,8.362175,7.4621754,6.722175,6.852175,6.702175,5.682175,4.7121754,2.9221754,0.4521753,1.3821753,2.2421753,1.1321753,-1.0078247,-3.3278246,-3.7778246,-4.2878246,-6.1378245,-7.007825,-7.9078245,-8.087825,-8.467825,-8.897824,-8.717825,-8.487824,-9.527824,-11.327825,-12.567824,-13.767825,-15.467825,-15.717825
-0.9878247,-2.1878247,-2.5878248,-3.3778248,-3.3578248,-3.6978247,-2.8378248,-1.7278247,3.5121753,7.5221753,9.212175,8.402175,7.702175,8.0921755,7.0921755,8.962175,7.2721753,4.872175,2.5521753,0.2621753,-3.0578246,-0.037824705,10.572175,11.392176,11.272175,10.762176,10.072175,9.732175,8.532175,7.512175,6.7321754,6.6921754,6.972175,6.162175,5.0221753,3.7921753,1.1121753,0.4421753,2.5221753,1.9321753,0.63217527,0.08217529,-1.0878247,-3.0078247,-5.0178246,-5.5378246,-6.1578245,-6.067825,-7.237825,-8.087825,-8.6978245,-9.277824,-10.4478245,-10.987824,-11.477825,-12.717825,-13.887825,-13.887825,-14.6578245
-1.6478248,-2.2378247,-2.4978247,-2.7778246,-3.2178247,-2.7378247,-1.5678247,3.0321753,6.262175,7.642175,7.0921755,6.0621753,6.0221753,5.8121753,6.3021755,8.572175,6.5021753,4.412175,1.6221753,-1.6778247,-6.2278247,6.872175,12.172175,11.662175,10.312176,9.672175,9.182176,8.702175,7.7121754,6.972175,6.2321754,6.622175,6.372175,5.2521753,4.412175,3.3821752,0.4421753,1.1721753,1.9321753,1.2321754,0.14217529,-0.6278247,-1.5978247,-3.0278246,-4.4278245,-5.4478245,-6.067825,-6.837825,-7.757825,-8.607824,-9.327825,-9.927825,-10.6978245,-11.107824,-11.427825,-11.937824,-12.797825,-13.967825,-14.237824
-1.9678247,-2.1878247,-2.5178246,-1.9878247,-0.7978247,0.2121753,2.5721753,4.3221755,6.3221755,5.4021754,4.032175,4.5021753,4.4421754,3.1321752,7.662175,8.712175,6.8321753,3.4121752,0.7321753,-3.3078246,-4.317825,9.422175,13.182176,10.642176,9.582175,8.962175,8.5921755,8.242175,7.3221755,6.2721753,5.5421753,5.8621755,5.642175,4.8221755,4.032175,2.4521754,0.4021753,1.3421752,0.8521753,0.2821753,-0.5378247,-2.1978247,-3.2578247,-4.0778246,-5.147825,-6.0178246,-6.9178247,-7.6878247,-8.347825,-8.807825,-9.1978245,-9.857824,-10.457825,-11.187824,-11.747825,-11.817824,-12.187824,-13.317824,-13.307825
-1.8378247,-2.0978248,-2.1578248,-2.2078247,-1.1178247,2.0021753,3.1721754,4.852175,4.122175,2.7221754,2.4721754,3.5621753,1.4521753,-1.1178247,7.702175,4.122175,0.15217529,1.4021753,-0.7678247,-2.8678248,-3.2378247,10.622175,12.462175,10.622175,9.612175,8.752175,7.3221755,7.952175,7.352175,5.602175,5.0721755,5.682175,5.262175,4.242175,3.1421752,2.3121753,0.5921753,0.3921753,-0.08782471,-0.7378247,-1.6778247,-2.5678246,-3.9078248,-4.587825,-5.3078246,-6.087825,-6.6378245,-7.4078245,-8.267825,-8.887825,-9.117825,-9.417825,-9.817824,-10.417825,-11.167825,-11.4078245,-11.6978245,-11.577825,-11.1578245
-2.3278246,-2.6478248,-2.7378247,-1.4478247,1.1421753,2.4221754,2.8521752,3.6221752,1.6621753,0.7121753,2.8821752,0.12217529,-2.3878248,-0.4878247,1.1521753,-2.7678246,5.602175,1.8121753,-1.0478247,-0.5478247,1.8321753,9.912175,11.812176,10.032175,8.742175,8.012176,6.5421753,7.8221755,6.6521754,5.3621755,5.5521755,5.222175,4.602175,3.8221753,2.9621754,1.9121753,0.7021753,-0.25782472,-0.8978247,-1.4078248,-2.0678246,-3.1478248,-4.0378246,-5.0578246,-5.397825,-6.007825,-6.817825,-7.527825,-8.307825,-8.757825,-9.067824,-9.317824,-9.517825,-9.977825,-10.427825,-10.457825,-10.4478245,-10.717825,-10.4078245
-3.0078247,-2.8778248,-0.027824707,1.9721752,2.2921753,1.5921752,2.6821754,0.82217526,-0.6978247,0.7821753,-1.3878247,-2.8178246,-5.587825,-2.3178246,6.8421755,4.992175,5.2721753,3.9821754,2.1021752,-0.55782473,5.2921753,10.502175,11.492175,9.432176,8.452175,7.642175,6.782175,6.3321753,5.7921753,5.3221755,5.202175,4.8321753,4.2721753,2.9021752,2.4621754,1.4821754,0.69217527,-0.3678247,-1.0778247,-1.7278247,-2.2078247,-2.7778246,-4.1778245,-4.8678246,-5.757825,-6.067825,-6.587825,-7.297825,-8.047825,-8.577825,-9.057825,-9.387825,-9.687824,-9.797825,-10.187824,-10.737824,-10.737824,-10.267825,-9.507825
-1.3978248,0.4821753,1.0121753,1.1321753,0.9621753,1.2321754,0.17217529,-1.1678247,-0.80782473,-2.9878247,-3.6878247,-4.9078245,-6.1578245,1.5921752,5.2921753,5.0921755,5.032175,4.8321753,3.4421754,3.8321753,6.492175,10.162175,10.782175,8.762176,7.9021754,7.102175,6.9621754,5.972175,6.122175,5.1521754,4.8821754,4.0621753,3.8421752,2.7521753,1.3821753,1.0821753,0.2121753,-0.2778247,-1.0578247,-1.9578247,-2.4778247,-3.2278247,-3.9878247,-4.8478246,-5.4078245,-6.147825,-6.4378247,-6.9478245,-7.837825,-8.457825,-8.797825,-9.077825,-9.187824,-9.647824,-9.967825,-10.117825,-10.077825,-10.067824,-9.557825
0.08217529,0.11217529,0.12217529,0.3421753,-0.7778247,-0.8378247,-1.6678247,-1.9678247,-4.007825,-4.297825,-5.397825,-6.2078247,-4.4478245,1.4221753,3.5821753,4.3021755,4.352175,4.372175,4.3821754,4.6321754,6.972175,9.852176,8.582175,7.472175,6.952175,6.662175,6.012175,6.0421753,5.2121754,4.6921754,4.282175,4.1321754,3.2721753,2.7321754,1.6221753,0.4421753,0.1321753,-0.24782471,-0.7478247,-1.4078248,-2.0178246,-2.7478247,-3.4778247,-4.5778246,-5.237825,-5.8878245,-6.4978247,-6.877825,-7.357825,-8.117825,-8.617825,-8.867825,-8.967825,-9.237824,-9.4078245,-9.607824,-9.577825,-9.727825,-9.067824
-0.2678247,0.3421753,-0.4078247,-1.5078247,-1.9278247,-2.2878246,-2.8678248,-4.567825,-4.9478245,-6.027825,-6.1878247,-5.1378245,-1.4078248,0.6021753,2.3421752,3.4521754,5.262175,5.8321753,5.1921754,5.032175,6.872175,8.702175,7.5721755,6.7521753,6.102175,5.352175,5.622175,5.0521755,4.0721755,4.412175,3.6221752,3.4421754,3.0021753,2.3821752,1.6621753,0.5921753,-0.2778247,-0.92782474,-1.1578248,-1.7078247,-2.0178246,-2.9978247,-3.5878248,-4.2878246,-5.2278247,-5.5778246,-6.107825,-6.647825,-6.9478245,-7.277825,-7.777825,-8.247825,-8.4478245,-8.437824,-8.387825,-8.507825,-8.477825,-8.337825,-8.117825
-1.5178246,-1.3678247,-1.6178247,-2.2378247,-3.3078246,-3.7578247,-4.5978246,-4.9778247,-6.547825,-5.6778245,-2.2478247,-2.0578246,-0.8278247,0.57217526,2.0721753,4.282175,4.4221754,5.8021755,6.0721755,5.9621754,8.3021755,7.662175,7.0821753,6.202175,5.7121754,5.5521755,5.8421755,4.642175,3.3621752,3.7321754,2.9821754,2.6621752,2.9621754,2.3821752,1.5221753,1.1421753,-0.047824707,-1.0678247,-1.9778247,-2.3278246,-2.7278247,-3.1778247,-3.8578248,-4.5578246,-4.8078246,-5.3478246,-5.8278246,-6.107825,-6.507825,-6.817825,-7.0178246,-7.087825,-7.217825,-7.257825,-7.277825,-7.3078246,-7.1778245,-6.797825,-6.7478247
-2.3278246,-2.9578247,-3.5678246,-3.7278247,-4.0578246,-4.757825,-5.6978245,-6.9378247,-5.967825,-2.0278246,-2.2778246,-1.0078247,-1.0878247,-1.0278248,1.6221753,5.6121755,9.832175,7.9821754,6.3821754,6.2721753,7.182175,6.6921754,6.1321754,5.1521754,5.1121755,5.3121753,4.742175,3.8421752,2.7721753,2.8621752,2.9821754,1.5421753,1.5421753,2.1721754,1.6521753,0.5121753,0.2621753,-0.2078247,-1.3278247,-2.1978247,-2.8778248,-3.3378248,-3.8278246,-4.4978247,-4.9478245,-5.2878246,-5.107825,-5.4978247,-5.897825,-6.4078245,-6.6678247,-6.7078247,-6.797825,-6.817825,-6.797825,-6.6778245,-6.5578246,-6.6778245,-6.7678246
-3.9778247,-4.147825,-4.4078245,-5.047825,-5.877825,-6.5378246,-6.317825,-5.5178246,-2.5178246,-1.6078247,-1.4578247,-2.0078247,-2.1178248,0.6121753,1.8221753,9.0521755,8.722176,7.1521754,4.7321754,5.9021754,5.602175,5.6521754,4.9021754,4.452175,3.9221754,4.3321753,4.5421753,3.3621752,3.3721752,2.4421754,2.2021754,2.0621753,0.5821753,0.12217529,0.3921753,0.6121753,0.3121753,-0.44782472,-0.8178247,-1.4178247,-2.4278247,-3.2478247,-3.9078248,-4.237825,-4.397825,-4.6678247,-4.987825,-5.317825,-5.507825,-5.607825,-5.6178246,-5.627825,-5.8678246,-5.8878245,-6.1578245,-6.237825,-6.527825,-6.507825,-6.607825
-4.7678246,-4.9778247,-5.877825,-6.4578247,-6.4578247,-4.817825,-3.9878247,-1.8378247,-1.8478247,-2.1378248,-2.4378247,-2.6778247,-0.3078247,2.4621754,5.372175,6.8321753,4.6921754,3.7521753,0.7421753,5.5521755,5.1321754,4.9821754,4.452175,3.6221752,3.9021752,3.6921754,3.5121753,2.9121752,2.2821753,2.2621753,2.3121753,1.6121753,1.3121753,0.4221753,-0.6978247,-0.8378247,-1.0478247,-1.1678247,-1.2878247,-1.4678247,-1.9578247,-2.6078248,-3.5878248,-4.297825,-5.047825,-5.0578246,-4.9778247,-5.0378246,-5.1578245,-5.0978246,-5.1778245,-5.1578245,-5.0578246,-5.047825,-4.797825,-4.627825,-4.5378246,-4.6778245,-4.717825
-5.987825,-6.3478246,-6.837825,-4.8278246,-1.9378247,-0.05782471,-1.2978247,-2.2178247,-2.7478247,-2.9478247,-3.1978247,-2.5578246,0.2621753,3.5921752,6.4621754,6.682175,5.5221753,1.6621753,4.352175,5.8421755,4.472175,4.952175,3.8621752,3.0521753,2.9121752,4.452175,3.5421753,2.4021752,2.1721754,2.0821753,1.1521753,0.5921753,0.4221753,0.5321753,-0.24782471,-1.3078247,-1.9178247,-1.8778247,-2.0478246,-2.3178246,-2.2478247,-2.2278247,-2.7478247,-3.4678247,-4.1178246,-4.4178247,-4.737825,-4.967825,-5.0778246,-5.147825,-5.0578246,-5.047825,-4.857825,-4.817825,-4.717825,-4.6378245,-4.4378247,-4.087825,-3.6378248
-6.1878247,-5.587825,-4.6878247,-3.1278248,-1.0578247,-0.5678247,-2.3178246,-2.5378246,-3.0978248,-4.0378246,-4.2678246,-2.2978246,4.2121754,7.932175,8.252175,6.182175,4.5721755,1.9021753,7.4021754,5.0221753,4.352175,2.6321752,2.7021754,2.8521752,1.9221753,2.9221754,2.8521752,2.9121752,2.0921752,1.3921753,0.4521753,1.3121753,0.8721753,-0.4878247,-0.9178247,-0.6678247,-0.9178247,-1.8678247,-2.2678246,-2.5778246,-3.1078248,-3.5378246,-3.4978247,-3.3478248,-3.1778247,-3.2278247,-3.4878247,-4.047825,-4.3678246,-4.627825,-4.9278245,-4.987825,-5.1778245,-4.777825,-4.6778245,-4.647825,-4.627825,-4.567825,-4.1978245
-3.7878246,-3.9778247,-4.547825,-2.7178247,-1.5178246,-2.2278247,-2.5378246,-3.7378247,-3.8578248,-4.7078247,-6.0978246,-2.2178247,7.682175,10.3421755,8.182176,7.032175,3.4021752,4.7321754,5.262175,4.7121754,3.3421752,2.4521754,3.0121753,1.4121753,0.46217528,1.4621753,2.8021753,2.5721753,2.0721753,0.7121753,0.15217529,-0.017824708,-0.7178247,0.3221753,-0.5478247,-1.0578247,-1.0178246,-1.3978248,-2.4378247,-3.4878247,-3.8478248,-4.627825,-4.7078247,-4.7078247,-4.3078246,-4.297825,-3.7478247,-4.0378246,-4.487825,-4.817825,-5.0778246,-5.3678246,-5.757825,-6.1578245,-6.3278246,-6.0978246,-5.8078246,-5.2078247,-4.9978247
-4.1978245,-2.8078246,-3.5478246,-3.3178246,-2.5078247,-2.9078248,-3.4278247,-3.6378248,-4.587825,-5.4578247,-6.9578247,2.6821754,8.242175,8.822175,5.8321753,3.5221753,3.7721753,4.6521754,4.8121753,4.0821753,2.8121753,2.5121753,1.7021753,0.69217527,0.1921753,-1.1478248,-0.05782471,3.1921754,1.8521752,0.3221753,0.11217529,-0.4078247,-1.2678246,-0.9578247,-0.3978247,-1.3278247,-1.5378247,-1.7078247,-1.9578247,-2.6478248,-3.2278247,-4.0378246,-4.627825,-4.757825,-4.9978247,-4.817825,-4.9778247,-5.2078247,-5.5778246,-6.237825,-6.4378247,-6.8478246,-7.0578246,-7.147825,-6.8078246,-6.1878247,-6.4378247,-6.3678246,-5.5978246
-1.6678247,-2.8178246,-3.5678246,-4.0578246,-2.4578247,-3.2878246,-3.9178247,-4.3878245,-3.6978247,-5.2278247,-3.4478247,3.2221754,7.3421755,6.9821754,5.9821754,4.8421755,4.6521754,5.1921754,4.432175,3.7021754,2.4021752,2.2321754,1.4421753,0.4221753,1.4021753,1.7421753,-2.4978247,-1.9678247,3.9021752,1.2321754,-0.037824705,-0.9678247,-1.5378247,-1.8578247,-0.8378247,-1.0278248,-0.8978247,-1.6678247,-2.3578248,-2.4378247,-2.6978247,-2.5978248,-2.9878247,-3.6678247,-3.7378247,-4.487825,-4.837825,-5.297825,-6.257825,-6.9078245,-7.357825,-7.4778247,-7.4978247,-7.527825,-7.817825,-7.4178247,-6.6378245,-5.8078246,-4.7278247
-2.3778248,-2.7178247,-2.7078247,-2.9978247,-3.4278247,-3.4678247,-3.4178247,-3.1078248,-3.9778247,-4.8878245,-2.0178246,3.6521752,8.622175,6.2521753,4.9821754,5.1321754,4.702175,4.242175,3.4121752,2.3721752,0.82217526,1.8421752,2.0021753,0.9321753,0.2421753,3.6421752,2.1721754,0.9021753,0.17217529,1.5221753,0.57217526,-0.077824704,-1.6078247,-2.3278246,-1.8678247,-0.55782473,0.042175293,-0.1478247,-0.7578247,-1.7678246,-2.5878248,-2.5678246,-2.7778246,-3.2678246,-3.9378247,-4.217825,-4.757825,-5.967825,-6.277825,-7.1178246,-7.607825,-7.9578247,-8.397824,-9.677825,-9.227825,-9.017825,-7.4278245,-5.547825,-3.7778246
-2.3478248,-2.6378248,-2.8778248,-3.5478246,-4.107825,-2.0278246,-3.0978248,-2.5478246,-4.277825,-4.6678247,-1.6978247,6.2121754,8.022175,6.492175,4.8021755,5.0021753,4.7121754,3.7421753,2.7221754,1.8621753,-0.077824704,2.7421753,2.6521752,1.4621753,0.8021753,1.8821753,1.3921753,1.5021753,1.1521753,1.6521753,0.5421753,-0.44782472,-1.4278247,-1.7778248,-1.5778247,-0.5178247,0.33217528,0.7321753,0.8921753,-0.3978247,-1.6478248,-2.5578246,-3.3378248,-3.7278247,-4.3278246,-4.5978246,-5.1778245,-6.3078246,-7.237825,-7.4778247,-8.147824,-9.027824,-10.477825,-10.767825,-11.337825,-9.827825,-7.1678247,-4.087825,-1.8178247
-2.1278248,-2.4278247,-2.6878247,-2.5378246,-2.3978248,-2.6078248,-2.7478247,-2.8578248,-4.6978245,-3.9678247,1.6221753,7.722175,7.162175,6.1521754,4.682175,4.0421753,4.452175,3.6421752,2.3421752,1.6321753,0.3121753,1.7621753,2.2021754,1.2421753,1.0721753,1.2821753,1.3421752,1.5921752,1.0121753,0.9821753,0.08217529,-0.047824707,-0.6478247,-1.3878247,-1.3078247,-0.9378247,-0.80782473,-0.41782472,-0.47782472,-1.5278248,-2.7578247,-3.8478248,-4.027825,-4.5978246,-5.0578246,-5.3678246,-5.987825,-6.7078247,-7.4278245,-8.147824,-8.967825,-9.977825,-11.527824,-13.337825,-14.347825,-11.117825,-5.777825,-0.86782473,3.5121753
-2.7478247,-2.8878248,-3.2378247,-2.8978248,-2.5978248,-3.1578248,-3.1678247,-4.217825,-3.3378248,3.1421752,4.872175,6.452175,6.722175,5.8421755,4.5821753,4.0721755,4.2321754,3.5121753,2.3321753,0.8121753,0.5521753,0.9221753,0.9321753,0.4721753,-0.06782471,0.5221753,1.0021753,1.3021753,1.0821753,0.63217527,0.2821753,1.0721753,0.5421753,0.1821753,-0.8178247,-1.3778247,-1.2878247,-1.4178247,-1.4578247,-1.2678246,-2.4578247,-3.7078247,-4.6978245,-4.817825,-5.257825,-5.877825,-6.5978246,-7.257825,-7.9378247,-8.577825,-9.317824,-10.6578245,-12.677825,-15.977825,-18.407825,-15.457825,-2.2078247,5.8221755,8.182176
-1.8078247,-2.5078247,-2.9178247,-2.1378248,-2.3378248,-2.5478246,-3.5978248,-3.9178247,2.8521752,6.162175,5.0421753,4.992175,5.5221753,5.182175,4.282175,4.0821753,3.3221753,2.9921753,2.0521753,0.6121753,0.27217528,0.33217528,0.63217527,0.43217528,-0.8478247,1.7621753,2.0521753,1.6421753,1.1621753,0.1821753,0.3621753,0.4421753,0.8521753,0.2621753,-0.12782471,-0.7678247,-0.9378247,-1.3078247,-1.3478247,-2.0078247,-2.3778248,-3.7878246,-4.507825,-5.837825,-5.877825,-5.9978247,-6.0978246,-7.237825,-7.647825,-8.4478245,-8.817824,-10.557825,-12.847825,-16.357824,-23.847824,-31.027824,23.552176,18.142176,13.162175
-2.5378246,-3.1278248,-2.0878248,-1.6778247,-1.4378247,-1.0378247,-1.3978248,0.14217529,4.492175,4.8121753,4.7721753,5.412175,5.0221753,4.392175,3.8621752,3.0821753,2.7421753,2.2121754,1.8521752,1.0721753,0.5521753,-0.41782472,0.012175293,-0.5178247,-0.5978247,1.1421753,1.3821753,1.0021753,0.69217527,0.4121753,0.3621753,0.27217528,-0.1178247,-0.12782471,-0.8178247,-0.3978247,-1.0478247,-1.7378247,-1.7678246,-2.0278246,-3.3078246,-3.6978247,-4.817825,-5.357825,-5.9278245,-6.2078247,-6.3478246,-7.0378246,-7.277825,-8.107824,-8.207825,-9.617825,-11.1978245,-13.377825,-14.707825,-5.587825,30.372175,21.832176,15.522175
-2.6878247,-0.06782471,2.0421753,2.8821752,1.0421753,1.8821753,3.1421752,4.4621754,5.7521753,5.1921754,4.492175,4.0721755,3.8921752,3.5721753,2.8321753,2.4621754,1.9521753,1.6621753,1.2121753,0.9821753,0.8321753,-0.3378247,-0.9478247,-1.1278247,-1.4078248,2.1021752,0.9021753,1.3621753,0.8721753,0.2621753,0.2621753,-0.7178247,-0.9478247,-0.5978247,-0.31782472,-0.8978247,-1.3978248,-1.5378247,-1.9978247,-2.1478248,-2.5178246,-3.7778246,-4.3678246,-4.4978247,-3.9578247,-3.3278246,-3.2078247,-3.4378247,-4.9078245,-6.647825,-7.467825,-7.897825,-8.507825,-8.067824,-5.987825,3.8321753,14.312176,15.652175,14.172175
