raw-data-f/2018100918.json
{"header": { "discipline":0, "disciplineName":"Meteorological products", "gribEdition":2, "gribLength":74757, "center":7, "centerName":"US National Weather Service - NCEP(WMC)", "subcenter":0, "refTime":"2018-10-09T18:00:00.000Z", "significanceOfRT":1, "significanceOfRTName":"Start of forecast", "productStatus":0, "productStatusName":"Operational products", "productType":1, "productTypeName":"Forecast products", "productDefinitionTemplate":0, "productDefinitionTemplateName":"Analysis/forecast at horizontal level/layer at a point in time", "parameterCategory":2, "parameterCategoryName":"Momentum", "parameterNumber":2, "parameterNumberName":"U-component_of_wind", "parameterUnit":"m.s-1", "genProcessType":2, "genProcessTypeName":"Forecast", "forecastTime":0, "surface1Type":103, "surface1TypeName":"Specified height level above ground", "surface1Value":10.0, "surface2Type":255, "surface2TypeName":"Missing", "surface2Value":0.0, "gridDefinitionTemplate":0, "gridDefinitionTemplateName":"Latitude_Longitude", "numberPoints":65160, "shape":6, "shapeName":"Earth spherical with radius of 6,371,229.0 m", "gridUnits":"degrees", "resolution":48, "winds":"true", "scanMode":0, "nx":360, "ny":181, "basicAngle":0, "lo1":0.0, "la1":90.0, "lo2":359.0, "la2":-90.0, "dx":1.0, "dy":1.0 }, "data":
[rows 50 to 74 of 181, columns 0 to 56 of 360]
-2.4434032,-3.3334033,-3.9434032,-4.4034033,-5.1334033,-9.963404,-8.993403,-6.333403,-5.1734033,-2.1534033,-1.3134034,-3.9234033,-2.7434034,-1.3134034,-1.3434033,-0.71340334,-1.0734034,2.4165967,-1.7634033,-0.2534033,0.11659668,-1.8334033,-0.8934033,0.36659667,0.48659667,-5.0934033,-8.963404,-2.5534034,-1.2234033,-1.4734033,1.3565967,1.5865967,0.72659665,-2.4934034,-2.9134033,-2.7534034,-1.1434033,-2.4134033,-0.5434033,0.00659668,-0.32340333,-2.2234032,-1.2934033,-2.2234032,0.59659666,-0.7334033,0.24659668,0.9465967,-3.0134034,-2.5334034,-3.1734033,-3.8734033,-2.7934034,-3.6734033,-5.7834034,-5.6534033,-7.2034035
-3.6034033,-6.0734034,-5.7234035,-3.0434034,-3.5534034,-4.4234033,-7.6734033,-9.6634035,-10.223403,-5.1534033,-6.8634033,-5.1234035,-4.713403,-3.9234033,-3.3234034,-2.4034033,-2.5234034,0.71659666,-1.1434033,-0.4634033,0.6365967,-0.23340333,-1.4434034,-0.4334033,-1.7734033,-5.563403,-3.4034033,-3.3534033,-0.38340333,-1.6034033,-0.7034033,1.0565966,1.1465967,-3.4234033,-3.1434033,-1.3334033,-0.71340334,-2.3934033,-0.0034033202,0.5765967,-1.2334033,-1.3934033,-1.0534034,-1.6534033,-1.5834033,1.4365966,-2.6234033,0.04659668,0.7565967,-2.5534034,-3.5334034,-3.7734034,-6.4134035,-9.953403,-9.4134035,-6.0134034,-4.043403
-6.3634033,-5.9334035,-6.563403,-6.503403,-6.1934032,-3.7834034,-4.853403,-6.8834033,-6.4434032,-8.333404,-6.9434032,-4.1834035,-2.3334033,-0.45340332,-1.5634034,-0.5634033,-1.2634033,-2.8034034,-1.7934033,-1.0834033,1.5365967,2.0265968,-2.0734034,-0.77340335,-0.21340331,-0.49340332,-1.3834033,-0.72340333,-0.6734033,-0.23340333,-1.3934033,-1.5934033,-0.21340331,-0.8134033,-1.6234033,-0.49340332,-0.7434033,-0.19340332,-0.38340333,0.24659668,0.07659668,-1.2534033,-2.1834033,-0.45340332,-0.7534033,1.2665967,-2.3534033,-1.4734033,-0.26340333,-1.0034033,-3.1434033,-3.6434033,-2.5034034,-1.8434033,-2.5734034,-3.3334033,-0.02340332
-5.4134035,-6.7634034,-5.313403,-3.0034034,-5.3634033,-3.1534033,-4.4534035,-4.4034033,-6.5534034,-2.1334033,-2.9734032,-2.6834033,-2.4834032,-2.8734033,-1.7834033,-1.3534033,-4.1334033,-2.8634033,-0.13340332,0.7065967,0.65659666,0.97659665,0.96659666,-1.3934033,-2.3834033,1.1665967,2.7865968,2.7065966,-0.19340332,-1.3934033,-1.3834033,-0.85340333,-0.7034033,-0.49340332,0.64659667,1.5765967,0.11659668,0.53659666,2.3965967,1.6365967,2.2365966,1.7365967,-0.033403322,-2.7634034,-1.0934033,1.6165967,1.6565967,-0.48340333,-1.7134033,-0.7434033,-0.47340333,-4.333403,-3.6834033,-1.8334033,-0.36340332,-0.53340334,0.7665967
-2.3734033,0.08659668,-0.6934033,-0.18340331,-1.0734034,0.14659669,3.0365968,-0.20340332,-2.4034033,-2.1534033,-2.2734034,-4.2834034,-4.313403,-3.7134032,-3.5634034,-3.5834033,-2.2734034,-1.6534033,-2.0634034,-1.7434033,-1.6534033,-1.2134033,-3.0134034,-6.5534034,-3.2334032,1.2965966,4.166597,6.2965965,4.7165966,2.9565966,2.4765966,2.2265966,0.9265967,3.1765966,5.0865965,2.1465967,1.4665967,3.9065967,5.456597,3.3665967,4.686597,4.3665967,4.8165965,0.64659667,-1.3934033,-1.5534034,0.17659669,1.2365967,-0.32340333,-1.1834034,3.0965967,2.0065966,1.3865967,0.53659666,2.0965967,-3.2934034,-0.12340332
0.89659667,4.3065968,0.4665967,-1.5434033,-4.5134034,-4.543403,-3.6034033,-1.9834033,-1.8034034,-3.2234032,-2.4934034,-6.2434034,-6.543403,-4.8634033,-3.8634033,-3.5334034,-2.9134033,-2.4334033,-2.7634034,-2.2234032,-2.4834032,-4.333403,-6.1334033,-5.3234034,-3.0434034,-0.3134033,2.0765967,7.996597,6.9265966,7.1765966,4.8565965,3.6465967,2.3165967,1.1065967,1.4865967,3.4765966,1.3965967,3.2565966,1.4865967,1.1265967,2.0865967,1.3265967,3.2965968,2.0465968,-1.5834033,-1.1834034,-0.7934033,0.5465967,0.25659668,0.72659665,-0.18340331,1.1165967,0.29659668,1.6965966,0.8865967,-0.2834033,0.08659668
3.5665967,2.5865967,-1.2934033,-4.2234035,-5.1434035,-8.273403,-6.2434034,-7.7234035,-7.7434034,-2.2334032,-7.9734035,-9.793404,-8.943403,-7.5534034,-5.503403,-2.9534032,-1.5734034,-1.2634033,-0.49340332,-1.8434033,-2.1334033,-3.4934034,-1.6134033,0.32659668,-0.19340332,2.4865966,1.8465967,1.1165967,4.9865966,5.1065965,5.3265967,4.6365967,3.6765966,5.0465965,5.246597,2.4365966,1.2665967,-0.91340333,3.2265966,0.8565967,0.12659667,-0.8234033,0.05659668,-2.9434032,-2.8734033,-2.2534034,-0.6934033,0.17659669,-0.97340333,0.52659667,-1.4234033,0.39659667,0.17659669,-0.65340334,-1.3134034,-1.0734034,-1.7534033
-1.3734033,-3.3734033,-2.0434034,-0.6134033,-2.3334033,-4.063403,-9.093403,-8.573403,-5.853403,-1.3834033,-8.193403,-7.813403,-9.573403,-10.473403,-8.343403,-5.0334034,-2.8534033,-1.5634034,-1.8934033,-2.6234033,-2.8534033,-2.9434032,0.4665967,2.7865968,1.4865967,1.5465966,1.4865967,0.16659668,0.8865967,3.6965966,4.786597,5.0065966,4.956597,4.6165967,4.266597,2.1465967,4.246597,3.6265967,0.21659668,1.0565966,-2.4534032,-2.8634033,-3.9834032,-1.2634033,-2.2934034,-3.5034034,-3.3834033,-0.5634033,-0.15340333,-2.0534034,0.33659667,-1.2134033,-1.1034033,-0.66340333,-1.2134033,-2.1234033,0.6765967
1.5165967,1.6965966,0.5665967,1.9065967,-2.8734033,-3.0234034,-3.1634033,-2.9734032,-2.6534033,-1.8934033,-4.583403,-5.733403,-4.2034035,-5.0734034,-7.753403,-5.5934033,-4.8234034,-3.6234033,-3.1834033,-3.7334032,-3.7634034,-2.3934033,-4.1434035,-2.5334034,-0.04340332,1.7865967,1.4365966,1.3665967,0.5465967,1.2365967,3.6065967,4.7965965,4.7165966,4.1965966,3.9765966,2.2865968,2.8565967,3.9165967,3.1965966,0.9465967,0.38659668,-3.8834033,-4.2234035,-3.7234032,0.48659667,-2.5834033,-2.1334033,-2.9334033,1.4165967,0.6165967,-0.7634033,-2.0434034,-1.8434033,-4.2234035,-0.72340333,-0.48340333,-0.33340332
4.9865966,0.84659666,1.6165967,1.2665967,-3.1234033,-2.9534032,-3.2334032,-2.9134033,-4.2634034,-3.5534034,-4.1634035,-4.3034034,-5.793403,-4.7034035,-6.6934032,-6.9234033,-5.1634035,-4.4134035,-3.4634032,-2.9134033,-1.1634033,-1.7634033,-0.97340333,-5.1234035,-4.5534034,-3.0834033,-1.5434033,-1.3034034,-0.6734033,0.23659667,0.6865967,0.89659667,2.1265967,2.5365968,2.9065967,4.436597,3.5865967,2.8665967,2.1365967,3.1465967,2.1865966,-4.5334034,-3.8034034,-5.963403,-3.7734034,-2.9734032,-2.1834033,0.01659668,-0.8034033,1.9565967,-0.15340333,-1.3734033,-1.8134034,0.30659667,-3.2934034,-0.78340334,0.45659667
3.4965966,1.1165967,2.8865967,0.15659668,-3.7734034,-2.6434033,-2.8834033,-2.8934033,-3.5734034,-5.4734035,-4.483403,-5.003403,-5.983403,-5.4234033,-4.8834033,-4.9534035,-6.213403,-5.9434032,-3.8534033,-0.9534033,-0.2534033,-1.5234033,-1.0034033,-2.2234032,-2.2734034,-1.9934033,-2.3834033,-3.5434034,-4.733403,-3.0134034,-0.36340332,-0.44340333,-1.3034034,-0.16340332,0.91659665,0.7465967,2.6665967,-2.2834034,0.8765967,0.7065967,0.6765967,0.29659668,-1.3734033,-0.41340333,-0.39340332,-3.7934034,-3.2634034,-2.5034034,1.1365967,3.9565966,5.2365966,-0.84340334,-1.0934033,-1.2634033,-1.3034034,-2.7234032,-0.83340335
0.71659666,1.9365966,2.5165968,-0.9534033,-2.9334033,-2.4734032,-1.3834033,-2.6934032,-3.3634033,-3.8134034,-4.043403,-4.6334033,-6.1134033,-6.3934035,-5.6834035,-4.6634035,-5.253403,-3.4234033,-4.6534033,-2.1634033,-0.65340334,-1.5734034,-0.09340332,-0.9534033,-2.8834033,-2.7734034,-3.1934032,-2.0934033,-1.4934033,-1.9334034,-0.9434033,1.3965967,-0.84340334,2.5165968,-0.6234033,1.3265967,2.3365967,5.4865966,2.0165968,0.6065967,0.26659667,-1.6434033,-1.7734033,-0.5534033,0.27659667,0.9565967,-1.1434033,-1.2734033,-0.07340332,1.8365967,5.1365967,-1.0434033,-0.7034033,-0.41340333,-1.2034034,0.8065967,-1.1334033
0.66659665,2.2465966,-0.15340333,0.38659668,-2.6034033,-1.7034034,-1.6234033,-3.0634034,-5.1334033,-5.103403,-4.4134035,-4.3734035,-4.253403,-4.2834034,-4.8734035,-5.983403,-6.2034035,-5.4134035,-4.6734033,-2.2034032,-1.0934033,-0.84340334,-1.2634033,0.16659668,-0.9934033,-4.1934032,-4.4234033,-3.6034033,-1.7734033,-0.7934033,-1.5234033,0.65659666,1.1465967,2.7065966,2.5665967,2.2865968,1.9765967,3.9765966,3.6965966,0.7965967,-2.1334033,-1.9434034,-2.3734033,-1.4834033,0.8065967,1.0965967,-2.0434034,-1.7234033,-1.3334033,-0.9334033,1.8165966,0.8765967,0.52659667,1.3265967,1.0265967,-0.9334033,0.36659667
0.77659667,0.9365967,-0.8034033,-0.16340332,-0.7534033,-0.2534033,-1.3234034,-2.2034032,-3.0634034,-6.543403,-6.483403,-6.6134033,-5.043403,-5.0734034,-4.253403,-3.3634033,-1.1034033,-6.0934033,-6.1534033,-3.5734034,0.01659668,-1.9134033,-1.9034033,-0.21340331,1.2265967,-4.3934035,-3.7234032,-3.5734034,-1.8334033,-1.9634033,-1.5034033,0.89659667,2.6165967,-1.4534034,6.476597,6.9265966,2.6365967,0.89659667,4.186597,3.3365967,-3.8934033,-3.7734034,-1.0934033,-1.8934033,-0.6234033,0.4665967,-0.91340333,-3.5034034,-2.8334033,-2.1434033,-0.8034033,-0.38340333,-1.3934033,-0.5034033,0.58659667,0.25659668,-2.5734034
-0.6334033,0.6865967,1.4865967,1.0165967,0.7365967,-0.06340332,2.4165967,0.9465967,0.19659668,-4.9334035,-4.813403,-4.7234035,-6.213403,-3.6834033,-3.1934032,-4.1734033,-6.083403,-7.7434034,-5.4934034,-5.4934034,-3.9434032,-1.1934034,-1.2434033,-0.7034033,1.6765966,-4.6834035,-3.4134033,-3.9334033,-1.6634033,-1.8234034,-0.5634033,0.6265967,3.2365966,5.9665966,-1.3234034,5.1165967,3.5865967,1.5665966,2.5465968,2.9265966,-3.1534033,-3.9034033,-2.5934033,-2.8534033,-2.1434033,0.29659668,-0.52340335,-4.0734034,-2.8634033,-3.2134032,-2.1134033,-1.2034034,1.0765967,0.3165967,0.09659668,0.83659667,-1.1534033
-0.05340332,1.4465966,0.00659668,2.5265968,3.5865967,3.8465967,3.5165968,1.3665967,4.9065967,2.8965967,1.0165967,-3.8234034,-5.3634033,-3.9634032,-4.3934035,-5.713403,-5.2634034,-4.023403,-5.8234034,-5.1634035,-5.6534033,-3.5834033,-1.3134034,-0.59340334,-1.9434034,-1.6934034,-2.8434033,-3.7234032,-2.5834033,-1.7434033,-0.4034033,0.5765967,2.3165967,4.0065966,0.3465967,3.4465966,2.6565967,1.7765967,1.6065967,2.9365966,-3.0234034,-3.1834033,-1.9634033,-1.9534034,-2.0334034,-1.3634033,-0.5134033,0.12659667,-2.1434033,-3.0534034,-3.0234034,-1.9534034,-0.15340333,1.3965967,1.3365967,-0.2834033,-2.2534034
0.32659668,1.2365967,2.3965967,2.3565967,3.1165967,3.2365966,4.7965965,5.6065965,3.2465966,4.166597,1.5965967,2.1265967,1.3565967,-2.8134034,-2.7034032,-7.6434035,-5.733403,-3.6334033,-2.9134033,-3.8334033,-2.5234034,-4.2034035,-3.3534033,-2.8734033,-1.8134034,-0.33340332,-1.6934034,-2.9434032,-1.9534034,-1.5834033,-0.5634033,1.2165967,1.6565967,2.4865966,2.9165967,-1.4334034,3.2265966,2.4465966,3.0465968,0.48659667,-0.11340332,-3.4034033,-2.3534033,-2.9134033,-1.2534033,-0.58340335,-0.7034033,1.6865966,-2.3334033,-1.9534034,-3.8334033,-2.9934034,-2.2634034,-0.42340332,0.4665967,-0.6834033,-1.8634033
0.18659668,1.3165966,2.6465967,2.1765966,1.7465967,2.9665966,4.726597,4.8865967,4.6565967,2.8765967,2.4965966,1.6365967,2.4965966,2.4665966,1.1365967,1.5665966,1.8665967,-1.6734033,-3.6034033,-1.2534033,-2.0334034,-1.8734033,-4.1234035,-1.9834033,-1.4334034,1.4665967,-3.8034034,-3.6534033,-1.6734033,-1.3134034,-0.9234033,1.7865967,2.7465966,1.2765967,-0.83340335,-3.7434034,0.17659669,3.1065967,3.6265967,-0.6934033,2.1965966,-5.083403,-2.5334034,-3.4834032,-3.0034034,-1.6434033,-0.97340333,0.16659668,-0.45340332,0.90659666,-3.6134033,-3.4434032,-2.8134034,-1.8334033,-0.22340332,-0.2534033,0.25659668
-0.20340332,0.6765967,2.0965967,1.7165967,2.1565967,3.4465966,5.016597,4.916597,1.7765967,2.5565968,2.6965966,0.97659665,1.9365966,2.1365967,-0.41340333,1.5465966,1.1265967,1.5765967,0.8065967,-2.5634034,-1.2234033,-2.6234033,-3.0834033,-1.7534033,-2.5634034,-0.6434033,-3.3034034,-3.3834033,-1.3134034,-1.1134033,-1.2734033,2.0365968,2.3665967,1.0365967,0.97659665,-3.8634033,0.13659668,3.7365966,2.2065966,-0.18340331,1.1065967,-3.5034034,-4.603403,-2.8834033,-2.9534032,-3.2234032,-2.7634034,-1.6234033,-0.7334033,0.23659667,-2.0834033,-2.2734034,-2.3334033,-2.1334033,-0.85340333,0.06659668,0.9565967
-0.08340332,0.25659668,2.3165967,2.7465966,3.2565966,2.7165966,3.7465966,2.2265966,3.0565968,0.6865967,3.6665967,-0.033403322,2.9565966,0.77659667,-1.6134033,-0.13340332,-6.293403,0.09659668,1.2965966,0.77659667,-2.6134033,-2.8034034,-3.1234033,-2.2034032,-2.0034034,-3.5234034,-3.5934033,-2.2134032,-1.5334033,-0.5734033,-0.08340332,1.0965967,1.6665967,0.8665967,-0.013403321,-6.733403,-2.3934033,0.77659667,0.3765967,-0.8034033,0.14659669,-2.4034033,-5.9134035,-4.043403,-1.6934034,-3.0634034,-2.1834033,-1.8634033,-1.1834034,-1.8334033,-1.3334033,-1.0334033,-2.8234034,-2.3734033,-1.9234033,-1.3334033,-3.9934034
0.5465967,2.4665966,2.5265968,1.7065967,2.0465968,0.39659667,2.5765967,2.0165968,1.1865966,1.7365967,-2.2334032,2.3265967,-1.6634033,-0.9434033,-0.91340333,-2.0534034,1.5765967,-2.5234034,-4.4334035,-1.0534034,-2.8734033,-3.1734033,-3.1734033,-3.3434033,-3.0834033,-3.4234033,-3.2734034,-2.2934034,-1.1834034,-0.24340332,0.7665967,0.6765967,0.27659667,0.36659667,-2.4534032,-5.4434032,-4.0134034,0.3765967,0.6065967,-0.3134033,1.4865967,1.2965966,-3.7134032,-4.8734035,-4.3734035,-3.2734034,-2.9834032,-2.3534033,-1.7534033,-1.6634033,-1.0234033,-1.6234033,-3.2334032,-2.9134033,-2.1034033,-3.5334034,-3.9234033
0.19659668,3.4365966,1.7465967,0.41659668,0.45659667,1.4865967,1.4765967,2.0765967,0.7665967,-0.7034033,-1.9234033,1.2765967,-1.6034033,-2.5534034,-2.6234033,-1.6434033,-2.0734034,-1.9734033,-3.3234034,-3.7334032,-3.4034033,-3.2934034,-3.9034033,-4.043403,-3.2234032,-2.8834033,-2.7734034,-2.5434034,-1.3234034,0.5065967,1.6365967,0.04659668,-2.7634034,-0.6434033,1.5565966,-8.933403,-4.293403,-1.1934034,0.72659665,1.6365967,0.66659665,0.17659669,1.6265967,-3.8534033,-3.5234034,-4.1434035,-3.0734034,-2.8934033,-2.3934033,-0.9434033,-0.60340333,-2.0034034,-3.3534033,-2.6634033,-2.7634034,-4.0334034,-5.0934033
-0.19340332,0.10659668,0.12659667,0.5065967,0.48659667,-0.6234033,1.8465967,1.9365966,0.58659667,-4.233403,-0.17340332,-1.7134033,-1.9134033,-3.1734033,-2.7734034,-3.2234032,-3.5134034,-3.6734033,-3.2634034,-3.3534033,-3.1434033,-3.6234033,-4.083403,-4.463403,-3.0634034,-2.0634034,-2.6334033,-2.2434034,-1.0934033,0.7365967,2.7065966,-0.5034033,-1.9834033,-2.8134034,-0.45340332,-2.7334032,-7.3634033,-2.8634033,-2.6834033,-0.10340332,1.6565967,0.4065967,1.4065967,-1.2134033,-2.3234034,-3.6134033,-3.6034033,-3.1434033,-2.4434032,-1.8834033,-0.65340334,-1.7034034,-4.1134033,-4.003403,-3.4234033,-3.4134033,-5.853403
-0.04340332,-0.5634033,0.47659668,0.3165967,-1.5934033,0.59659666,1.0465966,-0.10340332,-1.9034033,-1.7734033,-1.7534033,-2.1234033,-2.1434033,-3.3934033,-3.2534034,-3.6434033,-3.9834032,-3.9034033,-3.4234033,-3.8634033,-3.8534033,-5.253403,-5.1334033,-4.3634033,-2.2834034,-1.7634033,-2.2934034,-2.0434034,-0.5534033,-0.17340332,1.8765967,0.59659666,0.6765967,0.36659667,-1.5234033,-2.7234032,-5.5334034,-3.1834033,-3.5034034,0.4965967,0.78659666,0.27659667,1.6065967,2.6365967,-4.1734033,-1.4234033,-3.3134034,-3.6434033,-2.4234033,-2.6334033,-2.1634033,-2.2534034,-3.4334033,-2.3434033,0.06659668,-2.5534034,-4.5334034
-0.06340332,0.13659668,-1.9134033,-0.66340333,-0.44340333,0.16659668,-2.3434033,0.3765967,-1.3334033,-2.7134032,-2.2234032,-2.4134033,-2.6234033,-3.6634033,-3.5234034,-4.1334033,-3.6934032,-3.9034033,-2.9134033,-2.6334033,-2.4734032,-3.5334034,-5.1334033,-4.043403,-2.4834032,-2.8034034,-2.8234034,-1.9434034,0.38659668,0.78659666,0.27659667,-1.5534034,0.25659668,1.4165967,-1.6234033,-3.6234033,-4.2834034,-1.8534033,-3.9834032,0.13659668,0.90659666,-0.29340333,-1.5134033,-0.9334033,-1.7534033,-2.1234033,-2.1134033,-2.6034033,-1.3434033,-0.6334033,-2.1034033,-1.4434034,-0.41340333,1.9965967,-3.2034032,-3.3534033,-3.9634032
