raw-data-f/2018100618f3.json
{"header": { "discipline":0, "disciplineName":"Meteorological products", "gribEdition":2, "gribLength":75229, "center":7, "centerName":"US National Weather Service - NCEP(WMC)", "subcenter":0, "refTime":"2018-10-06T18:00:00.000Z", "significanceOfRT":1, "significanceOfRTName":"Start of forecast", "productStatus":0, "productStatusName":"Operational products", "productType":1, "productTypeName":"Forecast products", "productDefinitionTemplate":0, "productDefinitionTemplateName":"Analysis/forecast at horizontal level/layer at a point in time", "parameterCategory":2, "parameterCategoryName":"Momentum", "parameterNumber":2, "parameterNumberName":"U-component_of_wind", "parameterUnit":"m.s-1", "genProcessType":2, "genProcessTypeName":"Forecast", "forecastTime":3, "surface1Type":103, "surface1TypeName":"Specified height level above ground", "surface1Value":10.0, "surface2Type":255, "surface2TypeName":"Missing", "surface2Value":0.0, "gridDefinitionTemplate":0, "gridDefinitionTemplateName":"Latitude_Longitude", "numberPoints":65160, "shape":6, "shapeName":"Earth spherical with radius of 6,371,229.0 m", "gridUnits":"degrees", "resolution":48, "winds":"true", "scanMode":0, "nx":360, "ny":181, "basicAngle":0, "lo1":0.0, "la1":90.0, "lo2":359.0, "la2":-90.0, "dx":1.0, "dy":1.0 }, "data":
[rows 0 to 24 of 181, columns 57 to 113 of 360]
-9.059714,-9.089714,-9.119715,-9.149714,-9.169714,-9.199715,-9.219714,-9.229714,-9.249714,-9.259714,-9.269714,-9.269714,-9.269714,-9.269714,-9.269714,-9.269714,-9.259714,-9.249714,-9.229714,-9.209714,-9.189714,-9.169714,-9.149714,-9.119715,-9.089714,-9.049714,-9.019714,-8.979714,-8.939714,-8.889714,-8.839714,-8.789715,-8.739715,-8.689714,-8.629714,-8.569715,-8.499714,-8.439714,-8.369715,-8.299714,-8.229714,-8.149714,-8.069715,-7.989714,-7.909714,-7.8197145,-7.7297144,-7.6397142,-7.5497146,-7.449714,-7.3597145,-7.259714,-7.1497145,-7.0497146,-6.9397144,-6.8397145,-6.7297144
-8.699715,-8.739715,-8.769714,-8.799714,-8.809714,-8.829715,-8.849714,-8.849714,-8.8597145,-8.8597145,-8.8597145,-8.8597145,-8.8597145,-8.849714,-8.849714,-8.839714,-8.829715,-8.829715,-8.819715,-8.809714,-8.799714,-8.779715,-8.769714,-8.749714,-8.729714,-8.709714,-8.679714,-8.649714,-8.619715,-8.579715,-8.529715,-8.489715,-8.439714,-8.389714,-8.349714,-8.299714,-8.259714,-8.209714,-8.159715,-8.099714,-8.039715,-7.9797144,-7.929714,-7.8597145,-7.7997146,-7.7297144,-7.6697145,-7.5997143,-7.5197144,-7.4397144,-7.3597145,-7.2697144,-7.179714,-7.0797143,-6.9797144,-6.8897142,-6.7797146
-7.9597144,-7.949714,-7.9597144,-7.9797144,-8.029715,-8.069715,-8.1097145,-8.149714,-8.219714,-8.289715,-8.369715,-8.449715,-8.529715,-8.6097145,-8.699715,-8.779715,-8.849714,-8.899714,-8.959714,-9.009714,-9.049714,-9.079715,-9.1097145,-9.149714,-9.199715,-9.249714,-9.299714,-9.349714,-9.389714,-9.429714,-9.459714,-9.489715,-9.509714,-9.519714,-9.519714,-9.519714,-9.509714,-9.479714,-9.449715,-9.409715,-9.369715,-9.329715,-9.259714,-9.209714,-9.129714,-9.059714,-8.979714,-8.889714,-8.789715,-8.689714,-8.579715,-8.469714,-8.339714,-8.199715,-8.059714,-7.909714,-7.759714
-6.6297145,-6.6697145,-6.7297144,-6.7897143,-6.8497143,-6.909714,-6.989714,-7.0697145,-7.179714,-7.2997146,-7.4197145,-7.5697145,-7.719714,-7.8897142,-8.059714,-8.239715,-8.429714,-8.6097145,-8.789715,-8.969714,-9.139714,-9.309714,-9.459714,-9.6097145,-9.739715,-9.8597145,-9.979714,-10.079715,-10.189714,-10.279715,-10.369715,-10.449715,-10.529715,-10.589714,-10.659715,-10.709714,-10.769714,-10.819715,-10.8597145,-10.899714,-10.919714,-10.939714,-10.949715,-10.949715,-10.929714,-10.889714,-10.849714,-10.789715,-10.709714,-10.6097145,-10.509714,-10.379714,-10.229714,-10.059714,-9.889714,-9.679714,-9.459714
-4.8497143,-4.9197145,-5.009714,-5.0997143,-5.199714,-5.2897143,-5.3897142,-5.4797144,-5.5697145,-5.6697145,-5.7797146,-5.929714,-6.0897145,-6.2797146,-6.4797144,-6.7097144,-6.9397144,-7.1697145,-7.3997145,-7.6397142,-7.8597145,-8.059714,-8.249714,-8.429714,-8.589714,-8.749714,-8.909715,-9.059714,-9.209714,-9.349714,-9.489715,-9.6097145,-9.729714,-9.819715,-9.919714,-10.009714,-10.099714,-10.189714,-10.269714,-10.349714,-10.419714,-10.479714,-10.529715,-10.569715,-10.589714,-10.599714,-10.589714,-10.569715,-10.539715,-10.499714,-10.439714,-10.369715,-10.289715,-10.199715,-10.089714,-9.959714,-9.819715
-2.7597144,-2.7597144,-2.7497144,-2.7297144,-2.7297144,-2.7497144,-2.7897143,-2.8397143,-2.9097145,-3.0097144,-3.0997143,-3.2197144,-3.3497143,-3.4997144,-3.6797144,-3.8797143,-4.0897145,-4.3097143,-4.5497146,-4.7997146,-5.0597143,-5.3197145,-5.5997143,-5.8697143,-6.159714,-6.449714,-6.739714,-7.0297146,-7.3297143,-7.5997143,-7.8497143,-8.069715,-8.259714,-8.429714,-8.589714,-8.749714,-8.899714,-9.049714,-9.179714,-9.289715,-9.389714,-9.449715,-9.499714,-9.539715,-9.559714,-9.569715,-9.569715,-9.549714,-9.529715,-9.499714,-9.469714,-9.429714,-9.379714,-9.339714,-9.299714,-9.249714,-9.189714
-0.51971436,-0.49971434,-0.48971435,-0.48971435,-0.48971435,-0.47971436,-0.46971434,-0.43971434,-0.39971435,-0.36971435,-0.34971437,-0.34971437,-0.37971437,-0.42971435,-0.50971437,-0.62971437,-0.77971435,-0.94971436,-1.1497144,-1.3697144,-1.6097144,-1.8497144,-2.1197143,-2.4097145,-2.7297144,-3.0997143,-3.5097144,-3.9697144,-4.469714,-4.969714,-5.4597144,-5.909714,-6.2997146,-6.6297145,-6.8897142,-7.0897145,-7.239714,-7.3497143,-7.409714,-7.449714,-7.469714,-7.489714,-7.4997144,-7.4997144,-7.509714,-7.509714,-7.509714,-7.489714,-7.4597144,-7.3797145,-7.2797146,-7.179714,-7.0997143,-7.0497146,-7.0197144,-6.9997144,-6.9997144
4.050286,3.6502857,3.2502856,2.9202857,2.7002857,2.5802855,2.5602856,2.6002855,2.6802857,2.7402856,2.7702856,2.7702856,2.7402856,2.7302856,2.7402856,2.8002856,2.8902857,2.9902856,3.0602856,3.1002855,3.0602856,2.9502857,2.7502856,2.4602857,2.1402857,1.7802856,1.4402857,1.1402856,0.93028563,0.8202856,0.78028566,0.87028563,1.0102856,1.0202856,1.0302856,1.0102856,1.0002856,1.0202856,1.0602857,1.0902857,1.1002856,1.0702857,1.0302856,0.97028565,0.90028566,0.8102856,0.71028566,0.6302856,0.52028567,0.36028564,0.10028564,-0.28971437,-0.8097144,-1.3797144,-1.9597144,-2.4797144,-2.8997145
4.7002854,5.320286,5.9602857,6.6502857,7.3602858,8.010285,8.550285,8.950286,9.250286,9.450286,9.530286,9.530286,9.470285,9.380285,9.300285,9.250286,9.230286,9.270286,9.350286,9.490286,9.670285,9.8902855,10.1402855,10.410286,10.670285,10.900286,11.070286,11.180285,11.220285,11.190286,11.120286,11.000286,10.850286,10.670285,10.510285,10.360286,10.210285,10.060286,9.910286,9.770286,9.630285,9.430285,9.060286,8.300285,7.6602855,7.4302855,7.1402855,7.1202855,7.1502857,7.2002854,6.9202857,6.260286,5.4402857,4.7502856,4.1002855,3.5102856,2.9302857
1.7602856,2.3902857,2.9302857,3.9102857,3.7102857,4.760286,5.490286,6.1402855,5.990286,7.010286,7.320286,7.7302856,8.220285,8.740286,9.230286,9.680285,10.090285,10.560286,11.040286,11.400286,11.760285,12.200286,12.470285,12.550285,12.700286,12.850286,12.8902855,12.830286,12.740286,12.650286,12.540286,12.400286,12.290286,12.160286,11.770286,11.240286,11.380285,11.780286,12.600286,12.720285,12.430285,10.3902855,8.460285,7.260286,6.9002857,7.1602855,7.6102858,8.150286,8.760285,9.430285,10.040286,10.410286,10.430285,9.850286,8.540286,7.3702855,6.3902855
4.2902856,5.260286,6.010286,6.6502857,7.3802857,7.9502854,8.370286,8.700286,9.090285,9.500286,9.830286,10.050285,10.150286,10.170285,10.200286,10.260285,10.350286,10.480286,10.660286,10.760285,10.760285,10.690286,10.630285,10.580286,10.580286,10.600286,10.6402855,10.670285,10.670285,10.630285,10.460285,10.210285,9.990286,9.810286,9.440286,8.440286,7.7202854,7.7302856,8.310286,9.100286,10.260285,11.080286,10.570286,9.740286,8.380285,7.4202857,7.0802855,7.3902855,7.9702854,8.410286,8.560286,8.530286,8.600286,8.910286,9.410286,9.830286,9.930285
2.0702856,2.3702857,2.6702857,2.9602857,3.2802856,3.6702857,4.1802855,4.7502856,5.3502855,5.9602857,6.550286,7.1002855,7.6102858,8.090285,8.550285,9.100286,9.730286,10.070286,10.330286,10.420285,10.400286,10.530286,10.610286,10.650286,10.710285,10.630285,10.550285,10.460285,10.360286,10.280286,10.230286,10.150286,10.000286,9.880285,9.810286,9.600286,8.930285,8.760285,9.630285,8.680285,6.9602857,8.540286,10.700286,9.050285,8.540286,9.330286,10.450286,10.110286,9.930285,8.440286,7.5802855,7.510286,8.040286,8.560286,8.830286,9.010285,9.260285
0.90028566,0.99028563,1.1002856,1.2502856,1.4402857,1.7502856,2.1802857,2.5602856,2.8302855,3.2302856,4.1502857,4.5802855,4.9202857,4.8802857,4.8502855,4.8802857,5.0602856,5.4002857,5.8502855,6.3302855,6.7902856,7.2102857,7.550286,7.9102855,8.320286,8.710285,8.8902855,9.060286,9.210285,9.350286,9.440286,9.430285,9.510285,10.040286,10.760285,10.130285,9.460285,9.160286,9.150286,9.190286,9.050285,8.920285,8.790286,8.580286,8.8902855,9.310286,9.620286,9.830286,10.020286,10.210285,10.380285,10.460285,10.420285,10.320286,10.230286,10.150286,10.1402855
1.2802856,1.8302857,2.0602856,1.9702857,1.5602857,1.3602856,1.5602857,1.9302857,2.0202856,2.2202857,3.4402857,4.4502854,4.4002857,4.280286,4.280286,4.4702854,4.9002857,5.320286,5.6602855,5.9602857,6.1702857,6.3102856,6.5802855,6.8802857,7.0602856,7.300286,7.6802855,7.990286,8.330286,8.270286,8.340285,8.570286,8.500286,8.600286,8.900286,8.950286,8.910286,8.680285,8.620286,8.460285,8.650286,8.990286,9.330286,9.060286,7.9602857,6.6802855,6.9502854,6.6702857,6.4802856,7.530286,7.840286,8.230286,8.900286,9.580286,10.210285,10.500286,10.230286
1.2302856,0.55028564,0.010285645,-0.66971433,-0.6197144,0.49028563,0.8202856,0.9402856,1.9902856,2.7002857,3.3302855,3.5902855,3.8902857,4.1602855,4.1302857,4.2902856,5.0802855,5.5402856,5.4102855,5.010286,4.9502854,5.1702857,5.4402857,5.6502857,5.8602858,6.090286,6.320286,7.1902857,7.7902856,8.450286,8.780286,7.9502854,7.2202854,7.1202855,7.4602857,7.6402855,7.240286,7.260286,7.5602856,7.8902855,7.4302855,6.6802855,6.240286,5.550286,4.9602857,4.7002854,4.4202857,4.1002855,4.800286,4.7102857,5.1802855,6.300286,6.280286,7.1002855,7.2702856,5.6702857,4.4702854
-2.2097144,-1.9697144,-0.62971437,-0.10971436,-0.12971435,0.40028563,1.1302856,1.4202857,1.3202857,1.3702856,1.5602857,1.7802856,2.0002856,2.2202857,2.4602857,2.6502857,2.8402855,3.1802857,3.5902855,3.9102857,4.1002855,4.2302856,4.320286,4.320286,4.3502855,4.8902855,5.760286,6.1002855,5.5002856,4.7902856,3.6502857,2.9702857,3.2002857,3.1702857,3.0202856,3.3302855,4.0202856,5.090286,4.800286,4.7102857,4.9502854,5.3602858,5.550286,4.260286,3.2202857,3.3302855,3.8902857,4.7002854,4.1202855,2.8302855,2.3502855,2.4302857,2.7402856,3.5202856,4.300286,4.8502855,5.9302855
-1.5797143,-0.51971436,-0.76971436,-1.5697143,-1.7497144,-1.7597144,-1.7997143,-1.6897143,-1.5797143,-1.4097143,-0.9397144,-0.32971436,-0.19971436,-0.19971436,0.23028564,0.91028565,1.2802856,1.4502857,1.6302856,2.1002855,2.5702856,3.1402857,3.1502857,3.0602856,3.7502856,4.050286,3.6502857,3.5402856,3.5502856,3.3802857,2.4902856,1.1002856,1.2902856,1.7202857,1.4802856,0.7502856,0.8102856,1.0202856,1.1902857,1.8002857,1.9702857,2.2702856,3.0202856,3.6302857,4.1102858,3.5302856,3.5202856,3.5202856,3.6302857,3.6602857,4.0402856,4.090286,5.3702855,5.840286,6.4802856,6.9702854,7.510286
-2.9397144,-3.6997144,-3.8597143,-4.5197144,-5.4197145,-5.8697143,-5.7897143,-5.2797146,-4.7497144,-4.5897145,-4.5597143,-4.4597144,-4.489714,-3.9397144,-3.9697144,-3.4797144,-2.9397144,-2.3497143,-1.9897144,-1.6797143,-1.6497144,-1.5097144,-0.94971436,-1.0797143,-1.5097144,-0.9397144,-0.33971435,-0.47971436,-0.33971435,-0.15971436,0.07028565,-0.049714357,0.090285644,0.38028565,0.23028564,0.6302856,1.0302856,1.0602857,1.0402856,1.0402856,1.5302856,1.9602857,1.9502857,1.9002856,2.1102858,2.1402857,2.4802856,2.7502856,2.9102857,3.7802856,3.4802856,3.5702856,3.4202857,3.3002856,3.4902856,3.5902855,3.7402856
-3.8997145,-3.3997145,-3.8597143,-4.6297145,-4.259714,-4.0897145,-5.1397142,-6.199714,-5.8197145,-4.489714,-3.7397144,-4.199714,-3.4497144,-3.2997143,-3.4397144,-3.6897144,-4.659714,-3.9597144,-2.8597143,-3.9097145,-3.6397142,-3.3197143,-2.5597143,-2.2697144,-2.9897144,-3.8197143,-3.0597143,-2.4297144,-2.3897142,-2.3597143,-2.3697143,-2.3797143,-2.2297144,-2.0797143,-1.6397144,-1.0397143,-0.72971433,-0.009714356,0.67028564,0.9502857,1.2702856,1.6202856,1.6602856,1.6302856,1.9002856,1.9602857,1.8302857,2.0002856,2.0602856,2.5102856,2.8802857,3.2002857,3.5002856,3.3802857,3.1502857,2.8502855,3.2202857
-3.2897143,-1.9197143,-0.06971435,1.1202856,0.96028566,0.33028564,0.40028563,0.58028567,-0.35971436,-2.0597143,-2.6597145,-2.4797144,-2.5797143,-2.6797144,-2.0797143,-2.1397142,-4.5397143,-3.9297144,-2.9897144,-2.9397144,-2.9297144,-3.8697143,-3.1697145,-3.1797144,-2.9697144,-2.9997144,-4.8297143,-3.4697144,-2.9697144,-3.0297143,-2.6597145,-2.5797143,-2.5097144,-2.3097143,-1.8797144,-1.6297144,-1.4397143,-1.1597143,-0.90971434,-0.7997143,-0.75971437,-0.57971436,-0.48971435,-0.23971435,-0.48971435,-0.65971434,-0.91971433,-0.41971436,0.40028563,1.3802856,1.4102856,1.8502856,2.1902857,3.1902857,3.8202856,2.3902857,2.0502856
-0.25971437,0.29028565,0.6402857,1.1602856,1.5802857,1.3502856,1.3402857,1.2202857,1.0502857,0.20028564,-1.6497144,-2.1597145,-2.1997144,-2.3497143,-2.3197143,-0.8697144,-3.4697144,-3.7797143,-3.1297143,-3.3297143,-3.4797144,-3.6497145,-3.6797144,-4.009714,-3.6097143,-3.8197143,-4.4397144,-5.2997146,-5.5597143,-5.7497144,-4.4397144,-1.9297143,-0.7497144,-0.18971436,0.25028566,2.8002856,1.9502857,0.44028565,0.060285643,-0.6797144,-0.5497143,0.73028564,0.7602856,1.0602857,0.58028567,0.050285645,-0.39971435,-0.21971436,-0.20971435,0.54028565,-0.24971436,-0.10971436,1.5202856,1.7302856,1.7402856,2.5202856,2.2902856
1.1202856,0.42028564,1.2502856,2.9102857,0.79028565,-0.09971435,0.83028567,0.42028564,0.18028565,0.73028564,0.6402857,-0.69971436,-1.6497144,-2.2097144,-2.1797144,-1.8497144,-4.8597145,-6.3897142,-6.8497143,-7.7097144,-7.5397143,-6.0697145,-6.0497146,-5.4997144,-4.8597145,-3.9697144,-2.4497144,-1.2097144,-0.64971435,-0.62971437,-0.37971437,0.65028566,-1.4497143,-1.7297144,-0.8597143,-0.24971436,0.99028563,-0.83971435,0.85028565,1.9802856,1.2102857,3.0902855,6.5202856,4.9502854,3.3502855,1.9902856,2.9902856,1.8802856,0.22028564,0.7602856,1.0802857,1.4102856,2.2602856,3.0102856,3.1602857,2.2902856,2.6502857
0.18028565,-0.14971435,0.40028563,0.21028565,0.97028565,1.9302857,1.3802856,-0.41971436,-1.4997144,-1.0397143,-0.17971435,-0.63971436,-1.6797143,-2.3297143,-3.8597143,-2.9497144,-5.0797143,-8.549714,-6.449714,-5.1197143,-4.4797144,-3.7797143,-2.8997145,-2.1497145,-1.7797143,-1.0997144,-0.6097143,-0.69971436,-0.21971436,-0.20971435,0.010285645,1.1202856,0.030285645,-0.91971433,-1.6497144,-1.1297144,-0.27971435,1.1302856,0.17028564,0.77028567,1.4802856,2.9202857,1.3602856,5.4402857,5.4802856,3.1102858,3.5002856,7.1502857,6.6302857,5.6902857,4.1502857,3.0802855,3.5402856,4.5002856,4.5602856,3.9102857,4.1302857
0.62028563,0.93028563,1.1302856,1.4602857,1.6202856,1.5102856,1.8102857,0.66028565,-0.96971434,-0.95971435,-1.1997143,-1.1797143,-1.8997144,-2.1697145,-3.0497143,-7.2297144,-7.429714,-4.5397143,-3.5997143,-2.8397143,-2.2097144,-1.9997144,-1.2197144,-0.89971435,-0.75971437,-0.51971436,-0.23971435,-0.039714355,-0.45971435,-0.62971437,-1.2197144,-1.0197144,-0.78971434,-2.0197144,-1.6897143,-0.90971434,-0.81971437,0.19028564,1.6802857,0.33028564,1.4602857,1.3402857,1.8602856,3.0702856,0.25028566,4.4202857,5.550286,5.0802855,4.8302855,5.0402856,3.4802856,3.4902856,4.7202854,3.4702857,4.010286,6.3802857,5.1402855
0.7502856,1.0102856,1.3302857,2.0902855,1.7502856,2.2102857,1.3102857,-1.0797143,-1.3097143,-1.7997143,-2.3497143,-1.6797143,-2.1597145,-4.0597143,-3.3997145,-2.7897143,-2.4697144,-1.8697144,-1.5697143,-1.3497144,-0.91971433,-0.52971435,-0.37971437,-0.13971436,-0.07971436,-0.06971435,-0.19971436,0.060285643,-0.77971435,-1.3897144,-0.6797144,-0.29971436,-0.10971436,0.60028565,-1.2897143,-2.4397144,-1.9197143,0.83028567,-0.52971435,0.7602856,1.8502856,1.3002857,0.7602856,0.77028567,1.9902856,1.6602856,4.9002857,5.510286,4.6102858,4.6102858,4.9002857,3.7802856,7.6602855,6.8102856,6.5002856,6.5002856,4.7302856
