raw-data-f/2018100818f3.json
{"header": { "discipline":0, "disciplineName":"Meteorological products", "gribEdition":2, "gribLength":75159, "center":7, "centerName":"US National Weather Service - NCEP(WMC)", "subcenter":0, "refTime":"2018-10-08T18:00:00.000Z", "significanceOfRT":1, "significanceOfRTName":"Start of forecast", "productStatus":0, "productStatusName":"Operational products", "productType":1, "productTypeName":"Forecast products", "productDefinitionTemplate":0, "productDefinitionTemplateName":"Analysis/forecast at horizontal level/layer at a point in time", "parameterCategory":2, "parameterCategoryName":"Momentum", "parameterNumber":3, "parameterNumberName":"V-component_of_wind", "parameterUnit":"m.s-1", "genProcessType":2, "genProcessTypeName":"Forecast", "forecastTime":3, "surface1Type":103, "surface1TypeName":"Specified height level above ground", "surface1Value":10.0, "surface2Type":255, "surface2TypeName":"Missing", "surface2Value":0.0, "gridDefinitionTemplate":0, "gridDefinitionTemplateName":"Latitude_Longitude", "numberPoints":65160, "shape":6, "shapeName":"Earth spherical with radius of 6,371,229.0 m", "gridUnits":"degrees", "resolution":48, "winds":"true", "scanMode":0, "nx":360, "ny":181, "basicAngle":0, "lo1":0.0, "la1":90.0, "lo2":359.0, "la2":-90.0, "dx":1.0, "dy":1.0 }, "data":
[rows 78 to 103 of 181, columns 116 to 173 of 360]
-4.2980394,-2.6680396,-1.0880395,-0.31803954,-0.38803956,-3.3980396,-1.4480395,-2.5680397,-1.8780396,-0.41803956,-2.0980396,-1.7480396,-1.5780395,-2.0080395,1.5119605,0.21196045,-0.5180395,-1.6480396,-0.7080395,-1.3780396,-1.9680395,-0.8380396,-0.14803955,-1.4080396,-1.2880396,-1.8880396,-2.5580397,-2.1280396,-1.2780396,-1.7880396,-0.6480396,0.19196045,0.23196045,1.3219604,0.57196045,-0.72803956,-0.13803954,-1.4480395,-2.3980396,-0.5180395,0.75196046,0.62196046,0.5319604,-0.03803955,-0.7180396,-1.5680395,-0.5780395,-0.19803955,1.4419605,0.62196046,0.36196044,0.14196044,-0.87803954,-1.5880395,-1.9080396,-1.8180395,-1.4480395,-1.2880396
-3.1380396,-2.1180396,-1.9980396,-0.45803955,-2.7180395,-2.2380395,-0.44803956,-2.7680395,-0.5780395,-1.0080396,-2.1380396,-2.0280395,0.70196044,0.44196045,-0.30803955,-1.3180395,-2.0080395,-1.2880396,-1.2780396,-1.8580395,-2.3880396,-2.1980395,-0.48803955,0.26196045,-0.04803955,0.7919605,-0.66803956,-1.4880395,-2.2380395,-1.1080395,0.11196045,0.88196045,2.0919604,2.0319605,1.7019604,1.6119604,1.2719605,-0.8280395,-0.39803955,2.3119605,1.9919604,1.7219604,0.55196047,-0.01803955,-0.39803955,-0.62803954,-0.97803956,-0.32803956,0.6719605,0.27196044,-0.16803955,0.49196044,-0.31803954,0.021960448,-1.1680396,-2.0580397,-1.7980396,-1.1380396
-3.5380394,-2.9380395,-1.2680396,-0.68803954,-1.7680396,0.71196043,-3.8880396,0.7219604,0.5319604,-1.3780396,1.7519604,0.83196044,-0.09803955,-0.60803956,-1.7180395,-1.7180395,-2.1880395,-0.8980396,-1.6580396,-1.7280395,-1.7180395,-1.9380395,-0.39803955,0.31196046,0.25196046,-0.44803956,-1.1980395,-1.7180395,-1.2380395,0.33196044,2.0119605,2.0919604,2.3719604,2.1219604,1.3119605,0.9719604,0.32196045,0.7919605,2.9019604,4.1119604,3.5819604,2.3519604,1.8719604,1.2619605,0.20196044,-1.3880396,-1.7480396,-1.5680395,-0.43803954,0.27196044,0.21196045,-0.22803955,-1.0380396,-1.0780395,-0.66803956,-1.4680395,-1.9880395,-1.2880396
-3.1780396,-0.72803956,-0.17803955,-0.21803956,0.41196045,-0.15803955,0.061960448,-0.33803955,-1.6180396,2.5719604,-0.09803955,-0.50803953,-1.2080395,-1.5180396,-1.3780396,-2.1980395,-0.78803957,-1.6680396,-1.2880396,-0.46803954,-0.85803956,-0.74803954,-0.5280396,-0.92803955,-0.21803956,-0.46803954,-1.7180395,-2.4380395,-1.9180396,-0.8880395,1.0219605,0.93196046,2.4219604,2.4919605,1.8019605,2.1719604,2.1719604,2.1619604,2.5219605,3.9819605,3.8919604,2.6519604,2.7219605,0.48196045,-0.36803955,-0.48803955,-1.0080396,-0.03803955,-0.14803955,-0.21803956,-0.008039551,-0.12803955,-0.23803955,-0.49803954,-0.5180395,-0.87803954,-1.1880395,3.2219605
-0.53803957,-0.72803956,0.28196046,0.5419605,0.38196045,0.51196045,0.83196044,0.23196045,0.48196045,-0.59803957,0.10196045,-1.5880395,-2.0580397,-2.3880396,-3.3280396,-2.3980396,-2.3880396,-0.61803955,-0.42803955,-0.33803955,-0.6380395,-0.65803957,-0.7780396,-1.1280396,-1.4680395,-1.5580395,-1.9780395,-2.5980396,-0.98803955,1.1619605,-0.14803955,0.22196046,1.3919605,1.8619604,1.5119605,1.4419605,1.8719604,2.1919603,2.5319605,2.9919605,3.1819603,3.1219604,2.9519606,3.1719604,2.2819605,2.0719604,2.0619605,1.0719604,1.0019604,1.1819605,1.2119604,0.39196044,0.57196045,0.5419605,-0.40803954,0.43196046,1.3319604,0.8519604
-1.8280395,1.7319604,1.2519604,1.7119604,1.4219605,1.5719604,-0.04803955,1.0519605,-0.75803953,0.21196045,-1.4580395,-3.5080395,-2.1180396,-2.4980395,-1.5980395,-1.8180395,-1.5080396,0.96196043,-0.17803955,-0.81803954,-1.1080395,-0.9680396,-0.92803955,-1.5180396,-2.0280395,-2.2280395,-2.1180396,-1.7780396,-0.75803953,0.11196045,0.13196045,-0.67803955,0.10196045,0.5419605,1.1519605,0.77196044,1.5419605,2.0919604,2.3419604,2.6619604,2.6919603,3.0619605,3.2119606,3.3219604,3.0119605,3.0319605,2.9619606,2.8619604,3.1119604,3.9419603,3.6319604,3.5519605,2.1319604,1.6519605,2.5319605,2.8419604,1.6419605,2.7919605
1.5919604,0.63196045,2.8719604,2.4919605,1.3419604,-0.008039551,0.09196045,1.4719604,-0.01803955,-1.8080395,-2.4480395,-2.6680396,-1.9280396,-3.0180395,-1.5380396,-1.7280395,-0.41803956,-0.46803954,-0.97803956,-1.6380396,-0.31803954,-0.73803955,-0.97803956,-1.6380396,-1.4880395,-1.4680395,-1.0580395,-0.93803954,-0.14803955,0.37196046,-0.11803955,0.27196044,0.28196046,0.09196045,0.69196045,0.71196043,1.0319605,1.8219604,1.4019605,3.0919604,2.5619605,2.6219604,2.9419603,2.9319603,3.1719604,3.4019604,3.0719604,3.2219605,3.3119605,2.8719604,2.5819604,2.4219604,2.7919605,2.3519604,2.2619605,2.1419604,2.2219605,1.0019604
0.77196044,0.11196045,0.6119605,-0.36803955,0.23196045,0.63196045,1.1519605,0.9719604,2.1719604,-0.56803954,-1.6080395,-1.8180395,-2.0580397,-2.7580395,-1.5180396,-1.3480395,-0.72803956,-0.9580395,-0.72803956,-1.5180396,-2.5280395,-1.0580395,-1.8380395,-2.6280396,-1.7780396,-0.79803956,-0.45803955,-0.34803954,-0.21803956,-0.14803955,-0.03803955,0.07196045,-0.08803955,0.19196045,0.09196045,0.32196045,0.14196044,0.55196047,1.0119605,1.8619604,2.0519605,1.8719604,2.0919604,2.2119606,2.2619605,2.1319604,2.7819605,2.6319604,2.2319605,2.2819605,2.1219604,1.8319604,2.6919603,2.5619605,2.5219605,2.5619605,2.0019605,2.3219604
0.01196045,-0.23803955,-1.7380395,-0.20803955,-0.21803956,-0.06803955,0.65196043,1.0219605,0.5419605,0.31196046,0.56196046,-0.56803954,-1.2980396,-2.0580397,-2.2380395,-1.8480395,-0.68803954,-1.3880396,-1.1680396,-1.4080396,-1.5280396,-1.1080395,-0.69803953,0.18196045,0.13196045,0.07196045,-0.33803955,-1.1380396,-1.0280396,-1.1780396,-1.2080395,-1.0880395,-0.46803954,0.13196045,0.18196045,0.77196044,1.1119604,0.49196044,0.57196045,0.62196046,0.7819604,1.2319604,0.96196043,0.6719605,1.9219605,2.0719604,1.8619604,1.0319605,1.7919605,1.7719605,1.1319604,1.4519604,2.6519604,3.1219604,2.4819605,1.6019604,1.2419604,1.0719604
-0.39803955,0.09196045,-0.15803955,-0.49803954,-0.97803956,-0.24803954,0.6719605,0.90196043,0.81196046,1.4319605,0.9719604,-0.05803955,-1.5880395,-1.9980396,-2.3780396,-2.1380396,-1.8280395,-2.2280395,-2.0280395,-1.7380395,-1.0580395,-1.0480396,-0.7680395,-0.7080395,-0.5880396,-0.5180395,-0.61803955,-1.0880395,-1.2580396,-1.4280396,-1.1480396,-0.94803953,-1.0980395,-0.5180395,-0.13803954,0.35196045,0.68196046,0.9119604,0.74196047,0.7319605,0.47196046,0.17196044,0.63196045,1.2219604,1.3819604,1.0519605,0.23196045,0.89196044,0.68196046,0.44196045,2.3119605,2.9019604,2.7219605,2.0119605,1.2319604,0.69196045,0.35196045,-0.27803954
0.0019604492,-0.15803955,0.13196045,-1.2680396,-0.47803956,0.8519604,1.0419605,0.32196045,0.63196045,2.2619605,2.9519606,1.1019604,-0.33803955,-1.0480396,-1.0980395,-0.5180395,-1.6680396,-2.2180395,-2.3980396,-2.1680396,-1.7880396,-1.8580395,-1.7080395,-0.55803955,0.22196046,-0.32803956,0.19196045,-0.20803955,-1.4780395,-1.2180395,-1.2680396,-1.4880395,-0.5880396,-0.7780396,-0.45803955,-0.03803955,0.31196046,0.47196046,0.061960448,-0.12803955,-0.25803956,-0.30803955,0.01196045,0.05196045,0.27196044,0.23196045,-0.008039551,0.5419605,1.3919605,2.0619605,1.8419604,1.3819604,0.77196044,0.42196044,0.10196045,0.09196045,-0.23803955,-0.22803955
-0.78803957,-0.50803953,-0.87803954,-0.49803954,0.80196047,0.95196044,1.0519605,3.3119605,3.8519604,1.5519605,2.7219605,2.1719604,0.041960448,-0.38803956,0.7319605,-0.12803955,-2.3080397,-1.7680396,-2.0480394,-3.1380396,-1.9980396,-1.6880395,-1.2280395,-0.55803955,0.43196046,0.8519604,0.55196047,0.121960446,-0.28803957,-0.92803955,-1.5680395,-1.3380395,-0.81803954,-0.66803956,0.40196046,0.16196045,0.48196045,-0.09803955,-0.79803956,-0.75803953,-0.74803954,-1.0580395,-1.0280396,-0.94803953,0.09196045,0.59196043,0.49196044,0.40196046,0.83196044,0.75196046,-0.20803955,-0.79803956,-1.0280396,-1.1680396,-1.0680395,-0.68803954,-0.5880396,-0.37803954
-0.12803955,0.01196045,-0.48803955,-0.85803956,-0.34803954,-2.0180395,0.29196045,2.4519606,3.5419605,1.1219604,1.9819604,2.3919604,-1.4080396,1.2119604,2.7019606,1.7119604,2.2819605,0.01196045,-2.4380395,-3.3480396,-2.2780395,-1.6480396,-1.1080395,0.28196046,0.9719604,0.71196043,-0.53803957,-1.3080395,-1.0880395,-2.4180396,-1.8680396,0.63196045,0.08196045,-1.4080396,-0.28803957,0.28196046,1.1219604,1.3219604,0.121960446,-1.3280395,-2.1480396,-1.8080395,-2.0780396,-1.9780395,-1.4680395,-1.3080395,-0.85803956,-0.45803955,-0.53803957,-1.2080395,-1.2180395,-1.1580396,-1.1680396,-1.6380396,-1.5180396,-1.6780396,-1.0780395,-0.34803954
0.84196043,-0.09803955,0.19196045,2.0119605,1.5119605,1.0319605,2.2019606,2.2019606,5.4919605,2.1019604,1.6519605,4.6219606,-1.9280396,0.49196044,3.6519604,0.87196046,0.05196045,-0.01803955,0.81196046,-3.4380395,-1.0880395,-2.5680397,-0.73803955,0.32196045,0.96196043,0.94196045,0.7319605,0.09196045,0.05196045,0.03196045,-0.92803955,-1.6380396,-2.2080395,-0.8980396,-1.7480396,0.39196044,0.9719604,2.0219605,1.5019604,-0.13803954,-2.1780396,-2.8180397,-3.3680396,-3.1680396,-2.7280395,-1.9880395,-1.0480396,-1.1080395,-1.5780395,-1.7280395,-1.5380396,-0.04803955,0.58196044,-0.19803955,-1.2280395,0.121960446,0.82196045,0.29196045
0.37196046,4.7019606,2.6919603,1.1419605,1.2919605,-0.5280396,0.44196045,4.1819606,4.6419606,2.4619606,1.2119604,5.31196,1.4919604,0.20196044,3.1719604,6.7119603,-1.1780396,-0.65803957,-0.26803955,-2.0680397,0.6019604,2.5619605,0.83196044,1.9519604,2.9919605,1.0719604,1.4019605,1.4519604,2.9019604,3.4819605,2.1819603,0.6119605,1.1919605,-0.45803955,0.7319605,0.80196047,1.6319604,4.5519605,4.5919604,2.0319605,-1.1180396,-4.2180395,-4.0980396,-3.5880396,-3.2080395,-2.5680397,-2.0580397,-2.6680396,-2.3880396,-1.9280396,-0.06803955,-0.08803955,-0.26803955,0.96196043,1.2619605,1.3919605,0.42196044,-0.24803954
0.11196045,5.5519605,4.1719604,-0.73803955,-0.94803953,-1.0680395,0.01196045,4.0019603,3.8519604,4.7419605,0.28196046,4.7519603,4.3819604,1.6319604,3.8119605,5.4919605,0.09196045,0.8519604,0.6119605,2.3419604,0.7319605,0.43196046,-0.47803956,-0.91803956,0.56196046,0.93196046,2.2319605,3.0219605,3.4719605,3.3319604,4.3919606,4.9519606,4.2319603,0.01196045,0.35196045,3.1019604,4.0819607,4.9319606,6.2919602,4.6919603,0.29196045,-4.1580396,-3.7180395,-4.1680393,-3.4980395,-3.4480395,-3.1980395,-2.7580395,-2.7280395,-1.6680396,-1.8980396,-0.75803953,-0.7680395,-0.56803954,0.77196044,0.16196045,-0.20803955,-0.40803954
2.8119605,5.2319603,-0.8980396,0.121960446,1.1019604,-0.7080395,-0.53803957,1.4819604,2.8619604,3.2019606,3.2619605,1.5119605,3.0719604,2.9219604,2.5919604,4.0219603,4.2019606,0.64196044,0.87196046,-0.25803956,-0.21803956,-0.90803957,-0.55803955,0.13196045,0.9819605,0.0019604492,-0.18803956,0.09196045,0.84196043,3.3819604,4.4919605,4.5819607,6.7019606,6.9319606,6.6519604,3.1319604,4.6719604,2.8919604,6.1619606,3.8719604,-0.47803956,-3.5280395,-3.5880396,-4.18804,-4.8280396,-4.2080398,-4.1080394,-3.7980394,-3.0480394,-2.4580395,-1.3080395,-1.1480396,-0.46803954,-0.12803955,-0.16803955,-1.0980395,-1.5380396,-2.0780396
4.4519606,4.7319603,4.8819604,2.3419604,1.4519604,-0.09803955,-1.4480395,1.0619605,2.1319604,2.7619605,2.9319603,3.0119605,3.0819604,3.3519604,4.0819607,3.9119604,1.7219604,2.3719604,2.8619604,2.7619605,2.4819605,-0.30803955,-0.41803956,-0.13803954,-0.008039551,-0.62803954,0.14196044,0.88196045,1.2719605,0.46196043,2.2719605,6.4419603,6.8519607,8.40196,6.0219603,0.41196045,1.4919604,5.6919603,3.6819603,3.6919603,3.1119604,-2.5380394,-2.6980395,-1.9080396,-3.6980395,-4.5080395,-4.3380394,-4.2780395,-3.5780396,-2.8780396,-1.9980396,-2.0380394,-0.62803954,-0.32803956,-1.0080396,-1.0480396,-1.0480396,-2.0480394
4.3919606,4.9219604,4.6819606,3.4319603,-0.20803955,0.44196045,-0.73803955,0.8519604,1.4519604,2.4319603,2.9819605,3.3019605,2.7319605,2.7619605,3.6219604,3.7019606,3.0819604,3.3819604,4.0819607,4.7819605,3.3619604,3.0419605,2.2219605,1.0319605,1.0319605,0.33196044,0.37196046,-1.2380395,-0.7780396,-0.78803957,0.89196044,0.74196047,6.5819607,2.4419603,1.9319605,1.8419604,5.06196,6.4319606,6.5119605,-0.5180395,3.9119604,1.4719604,-0.75803953,-0.66803956,-1.1480396,-1.6780396,-3.6380396,-4.3280396,-4.7080398,-4.43804,-3.8280396,-3.1680396,-2.1980395,-1.2480396,-1.4780395,-0.80803955,-0.93803954,-0.84803957
4.8519607,4.3219604,3.0019605,3.4719605,1.6819605,0.45196044,0.24196045,0.05196045,-0.34803954,1.6019604,2.5019605,3.3119605,2.7319605,2.5919604,2.1019604,2.7219605,2.9819605,3.0619605,3.6419604,4.0519605,3.6119604,2.8519604,1.3419604,0.52196044,0.65196043,1.2519604,1.0719604,0.32196045,0.36196044,0.021960448,-0.67803955,0.30196044,3.2519605,4.2919602,6.1119604,6.4419603,7.2019606,8.35196,7.6019607,4.4119606,0.49196044,0.68196046,0.9719604,1.2219604,1.7019604,1.1719605,-0.40803954,-0.45803955,-3.1280396,-4.6680393,-4.2980394,-3.4680395,-2.6580396,-1.8680396,-1.0880395,-0.61803955,-0.8880395,-1.2580396
8.341961,5.9119606,2.6419604,4.9619603,-0.36803955,0.5419605,-0.5280396,0.6119605,-0.44803956,1.7319604,-0.07803955,3.0719604,2.7219605,1.8219604,0.061960448,0.09196045,1.3719604,2.5819604,3.2619605,3.4419603,2.9219604,1.7219604,0.40196046,0.21196045,0.62196046,0.55196047,0.68196046,0.6719605,2.7019606,-0.6480396,-0.48803955,0.43196046,2.7219605,5.6419606,4.3319607,7.8819604,7.4519606,8.30196,7.0419602,6.2419605,3.9319603,1.3519604,3.4119604,1.1619605,3.2719605,4.2019606,2.6319604,1.3119605,-0.29803956,-1.8780396,-3.3580396,-3.1280396,-2.3280396,-2.3980396,-1.5280396,-1.0480396,-1.0980395,-1.4980396
3.0119605,-0.14803955,2.6119604,1.1319604,0.64196044,0.15196045,-0.20803955,2.0219605,0.09196045,1.2519604,-1.4080396,-0.53803957,1.1019604,1.1119604,0.81196046,0.46196043,0.7219604,1.3819604,2.1519604,2.5819604,2.6519604,2.0819604,1.4919604,1.2619605,1.0619605,-0.12803955,0.15196045,0.52196044,3.0919604,3.8019605,4.1419606,0.0019604492,1.1419605,1.9119605,5.6319604,7.9119606,7.2919602,6.7219605,6.5719604,5.2119603,4.5519605,4.5319605,2.8619604,2.9619606,3.4519606,1.1019604,3.6319604,2.1519604,1.4219605,0.58196044,-0.60803956,-0.01803955,-0.7680395,-1.3780396,-1.0780395,-0.54803956,-0.78803957,0.21196045
3.4019604,2.9719605,2.8819604,2.1719604,-0.02803955,2.3819604,1.5619605,2.5619605,-1.8780396,-3.7280395,-2.1080396,-1.0080396,-0.34803954,0.24196045,0.22196046,0.39196044,-0.37803954,-0.49803954,-0.26803955,0.30196044,0.55196047,0.62196046,0.62196046,1.0019604,1.3219604,1.4119605,1.7919605,2.5019605,3.1819603,3.7919605,4.3219604,4.2619605,0.47196046,0.27196044,3.4619606,4.0319605,6.56196,6.6019607,4.8719606,4.5519605,4.1019607,4.2119603,3.7019606,3.4819605,2.3619604,1.6219604,4.3919606,3.3119605,1.8719604,1.1719605,0.6619604,-0.43803954,-0.33803955,-0.92803955,-1.1280396,-0.85803956,-1.5080396,-1.2180395
4.1519604,3.5519605,3.0719604,2.3419604,1.8619604,1.3219604,0.74196047,-0.50803953,-2.1380396,-2.6880395,-2.3180397,-1.6680396,-1.0180396,-0.7780396,-0.14803955,0.87196046,-0.24803954,-1.5880395,-1.6680396,-2.3180397,-2.2980394,-1.7880396,-0.7180396,0.49196044,1.2219604,1.4219605,1.3619604,2.7519605,2.6619604,2.9219604,3.2719605,3.3119605,3.3819604,3.6319604,3.9819605,4.8419604,6.1919603,5.7219605,4.0819607,3.9319603,4.31196,4.4319606,3.9719605,3.8519604,3.7519605,3.7119606,2.2019606,3.1419604,2.7019606,1.3919605,0.8519604,0.9719604,-0.19803955,-0.39803955,-0.44803956,-1.6380396,-1.1780396,-0.5880396
4.8219604,4.2919602,3.7219605,2.9519606,2.1619604,1.0519605,-0.7180396,-2.9480395,-3.8280396,-3.7180395,-3.4680395,-3.0680397,-2.6580396,-1.6280396,-2.4380395,-0.8280395,-0.6380395,0.88196045,-0.01803955,-1.7280395,-2.7780395,-3.5880396,-2.8880396,-0.43803954,0.51196045,1.0319605,1.3619604,1.3819604,2.3719604,2.3819604,2.4419603,2.8619604,3.5019605,4.1219606,4.4319606,4.9319606,6.1219606,5.6919603,5.2119603,5.2319603,4.8519607,4.4219604,4.56196,3.7019606,3.4919605,3.6619604,3.2919605,3.1719604,3.2819605,2.6919603,2.1519604,1.3019605,0.46196043,-0.5880396,-1.1380396,-1.8480395,-1.1980395,-0.6480396
5.4219604,4.9919605,4.4919605,3.8019605,2.6819603,1.0919604,-0.46803954,-2.2680395,-3.8280396,-4.1780396,-4.0780396,-4.3280396,-4.5980396,-4.3580394,-3.3580396,-0.5880396,-1.2880396,-0.92803955,-1.3480395,-0.79803956,-1.0980395,-4.5780396,-4.0580397,-2.0480394,-1.3080395,-0.008039551,0.94196045,0.42196044,2.1619604,2.3819604,2.2119606,2.3219604,3.3119605,4.1619606,4.2419605,4.5219603,6.0919604,6.0019603,5.6719604,6.1119604,6.4719605,6.7619605,5.8519607,4.2819605,4.0819607,4.1119604,3.4719605,2.9719605,2.9219604,2.5819604,2.9619606,2.6619604,0.59196043,-1.0580395,-1.3580395,-1.4480395,-1.6880395,-1.1380396
