raw-data-f/2018100900f3.json
{"header": { "discipline":0, "disciplineName":"Meteorological products", "gribEdition":2, "gribLength":75170, "center":7, "centerName":"US National Weather Service - NCEP(WMC)", "subcenter":0, "refTime":"2018-10-09T00:00:00.000Z", "significanceOfRT":1, "significanceOfRTName":"Start of forecast", "productStatus":0, "productStatusName":"Operational products", "productType":1, "productTypeName":"Forecast products", "productDefinitionTemplate":0, "productDefinitionTemplateName":"Analysis/forecast at horizontal level/layer at a point in time", "parameterCategory":2, "parameterCategoryName":"Momentum", "parameterNumber":3, "parameterNumberName":"V-component_of_wind", "parameterUnit":"m.s-1", "genProcessType":2, "genProcessTypeName":"Forecast", "forecastTime":3, "surface1Type":103, "surface1TypeName":"Specified height level above ground", "surface1Value":10.0, "surface2Type":255, "surface2TypeName":"Missing", "surface2Value":0.0, "gridDefinitionTemplate":0, "gridDefinitionTemplateName":"Latitude_Longitude", "numberPoints":65160, "shape":6, "shapeName":"Earth spherical with radius of 6,371,229.0 m", "gridUnits":"degrees", "resolution":48, "winds":"true", "scanMode":0, "nx":360, "ny":181, "basicAngle":0, "lo1":0.0, "la1":90.0, "lo2":359.0, "la2":-90.0, "dx":1.0, "dy":1.0 }, "data":
[rows 78 to 103 of 181, columns 232 to 289 of 360]
7.0208764,8.220877,7.8308764,8.180877,7.7608767,7.9008765,7.2308764,6.0608764,5.5808764,4.700876,2.7808764,0.7608765,-1.5091236,-2.6891236,-3.6091235,-2.5391235,-3.3391235,-4.8491235,-5.299124,-5.0191236,-4.2691236,-3.1691236,-2.0791235,-2.3091235,-2.0291235,-1.1491235,-0.8091235,0.85087645,2.4408765,1.8408765,1.8808764,3.5108764,4.2408767,4.6908765,5.4208765,6.4408765,9.9208765,9.6708765,9.520877,8.450876,7.3408766,5.0308766,0.050876465,1.1608765,0.7608765,2.5508764,1.1508765,0.40087646,-0.69912356,-1.8991235,-2.7291236,-2.7291236,-4.0091233,-4.0191236,-3.8491235,-4.5291233,-2.5291235,-3.2391236
5.1208763,6.0308766,6.2408767,7.1208763,8.720877,7.5108767,6.8808765,5.5908766,5.5908766,4.2908764,3.0608764,1.7208765,-0.6091235,-0.65912354,-1.6891235,-3.2491236,-3.6991236,-3.5591235,-4.4891233,-3.2691236,-2.6591234,-3.7991235,-2.2891235,-1.6891235,-0.95912355,0.21087646,1.1108764,1.0208764,3.2108765,2.0608764,4.2508764,5.4408765,6.0608764,5.9608765,7.4108763,8.400876,8.380877,8.940876,8.630877,7.6808763,6.6708765,5.0708766,3.5608764,1.1908765,-0.16912353,0.92087644,-0.66912353,-0.6791235,-2.4991236,-3.4091234,-4.6291237,-4.0791235,-4.0291233,-3.1591234,0.49087647,0.11087646,-1.7691236,-2.3091235
5.5808764,5.1608763,7.5908766,9.480877,7.9608765,7.200876,6.4108763,5.5608764,5.2408767,4.1108766,3.5508764,3.2208765,2.0908766,-0.039123535,-1.0891235,-2.3291235,-3.1191235,-3.0291235,-2.8991234,-2.8391235,-2.6491234,-2.6091235,-2.4491236,-0.65912354,1.9408765,3.1608765,4.3908763,4.6008763,4.2608767,5.0508766,7.2108765,6.9908767,7.1808763,7.5908766,7.6808763,7.7208767,8.300877,8.4208765,7.7308764,7.0208764,5.8608766,4.8208766,3.8608766,-0.12912354,0.8908765,0.92087644,-0.90912354,-1.9891236,-2.8391235,-2.5391235,-2.3591235,-0.9291235,-2.8391235,-0.70912355,-1.4391235,-0.39912355,-2.8191235,-0.23912354
6.7808766,7.9908767,8.310877,8.140877,7.450876,6.6608763,5.9408765,5.3908763,4.9708767,4.9108763,4.4708767,4.1408763,3.6408765,2.3908765,0.6808765,-1.7291236,-2.4791236,-1.8091235,-1.7691236,-2.2191236,-1.6991235,-1.4291235,-0.15912354,3.6108766,3.7008765,3.7208765,4.7808766,5.4408765,5.9108763,6.8908763,8.000876,8.640877,8.160876,7.9708767,8.150876,7.7508764,8.250876,7.6408763,7.3608766,6.3108764,5.1208763,5.0108767,4.2608767,2.9508765,-0.32912353,-0.16912353,0.59087646,-1.1591235,0.90087646,1.1008765,0.8108765,1.3708764,1.7508764,-0.6291235,-0.29912353,0.13087647,0.20087646,1.7208765
8.200876,8.570876,8.150876,7.3408766,6.5908766,6.1708765,5.6508765,5.8108764,5.5708766,4.9708767,4.8108764,4.0808764,3.6708765,3.6108766,2.6708765,0.91087645,0.7508765,-1.1491235,-1.3891236,-0.78912354,-0.57912356,1.5108764,3.4608765,4.0608764,5.1108766,5.1908765,5.7408767,7.1008763,8.400876,9.050877,9.400876,7.9908767,7.1608763,7.0508766,7.2908764,8.310877,7.6608763,7.1408763,6.7408767,5.9008765,4.950876,4.7308764,3.4708765,3.1408765,2.7608764,0.80087644,-1.6491235,1.5008764,-0.76912355,4.700876,0.9508765,1.8608764,0.74087644,-1.3491235,-1.0091236,0.79087645,-0.69912356,-1.3891236
7.950876,7.8608766,7.2708764,6.4608765,6.1708765,5.7708764,5.4608765,5.6908765,5.5108767,5.3408766,4.8208766,5.1008763,4.7408767,4.6008763,4.5708766,4.6808763,3.8908765,2.5408764,1.8108765,1.2908765,2.3808765,3.8608766,5.2508764,6.2208767,6.4708767,7.1308765,7.6708765,8.6708765,8.710876,9.150876,9.190876,7.9808764,7.0308766,7.3308764,8.550877,8.190876,6.9908767,6.8008766,6.2108765,5.6608763,5.1208763,4.4908767,3.3508766,3.1008766,3.1008766,2.4808764,2.0308764,-0.8791235,2.7408764,3.9008765,1.7708764,0.86087644,0.42087647,-0.14912353,0.030876465,-0.11912353,0.25087646,-0.6091235
7.7508764,7.3908763,6.6308765,6.2108765,5.7308764,5.5408764,5.5108767,5.7708764,5.0608764,5.5608764,5.7408767,5.8108764,5.950876,5.1708765,4.6908765,5.0508766,5.4208765,5.5908766,5.8308764,6.1308765,6.0008764,6.4108763,6.450876,6.2608767,6.8408766,7.4108763,8.210876,8.350877,8.240876,9.110876,8.590877,7.8108764,7.4708767,7.4308763,8.120876,7.6308765,7.1108766,6.0308766,6.2108765,5.5808764,5.0808764,4.6508765,4.0608764,3.8108764,3.1508765,2.5108764,2.7608764,3.6708765,4.1008763,3.9708765,3.2708764,0.80087644,-0.15912354,-0.16912353,0.58087647,0.73087645,-0.91912353,-1.7191235
7.1708765,6.9208765,6.4408765,5.8208766,5.5208764,5.3508763,5.5108767,5.1408763,5.3108764,5.0408764,5.0408764,5.4308763,5.3808765,5.8308764,5.6308765,5.3808765,5.1108766,5.2708764,5.4208765,5.9908767,6.6108766,6.5108767,6.6108766,6.8408766,6.9208765,7.0808764,7.4208765,7.6808763,7.8908763,8.490876,8.030876,7.6208763,8.280876,8.350877,7.7708764,6.8208766,5.8508763,6.2208767,6.2808766,5.1708765,5.3108764,5.3208766,4.9408765,4.6908765,4.0608764,3.7508764,3.6308765,3.2208765,3.1908765,2.5008764,1.3308765,0.6808765,-0.76912355,-0.52912354,0.32087648,-1.3491235,-1.5891235,0.32087648
6.6608763,6.3108764,5.6808763,5.3408766,5.2608767,5.3508763,5.0808764,5.1108766,5.1108766,4.9208765,4.8908763,5.0608764,4.8108764,4.9308763,5.6108766,6.0108767,6.2408767,6.2908764,6.2208767,6.2908764,6.2808766,6.5108767,6.4908767,6.8008766,7.2908764,7.3108764,7.4208765,7.2708764,7.8908763,7.9308763,7.4308763,7.5408764,7.8108764,7.9208765,7.2408767,6.1908765,5.9908767,6.5308766,5.9408765,5.7908764,5.5008764,5.4608765,5.3908763,4.8608766,4.5608764,4.3408766,3.9408765,3.3908765,2.4408765,0.99087644,-0.41912353,0.30087647,1.3708764,-0.059123535,-0.44912353,-1.7891235,-0.7991235,-0.19912353
5.9708767,5.5208764,5.4208765,5.0308766,4.9108763,4.9408765,4.950876,4.7308764,4.7308764,4.3908763,4.6208763,4.6408763,4.7308764,4.950876,4.9108763,5.4008765,6.1408763,6.4208765,6.6708765,6.7308764,6.8308764,6.8008766,6.6408763,6.7108765,6.5608764,6.5508766,6.3808765,5.9108763,5.4108763,6.0908766,6.0708766,6.450876,6.7608767,6.8108764,7.0708766,5.9708767,5.9908767,5.8508763,4.8508763,5.3708763,5.4408765,5.3608766,5.0908766,5.0508766,4.2808766,3.2708764,2.3308764,2.4008765,2.3208764,2.2108765,3.3608766,0.39087647,0.12087646,1.3908764,-0.049123537,0.060876466,-0.72912353,-0.9891235
5.450876,4.9108763,4.5308766,4.3308764,4.1808763,3.8708766,4.2508764,3.7608764,3.8708766,4.2108765,4.1408763,4.4808764,4.5308766,4.8108764,4.1608763,3.9608765,4.4108763,4.6108766,5.2908764,5.3508763,6.1308765,5.9308763,5.2908764,5.8708763,5.1808763,4.8008766,4.9208765,4.4308763,4.5708766,5.3508763,5.6908765,5.450876,5.450876,5.3108764,5.6108766,5.8708763,5.4208765,5.1608763,4.6308765,5.3208766,5.2108765,4.7208767,5.1008763,5.0908766,4.6708765,4.4708767,4.5508766,4.4308763,3.5608764,2.6708765,0.54087645,0.13087647,0.39087647,-1.6391236,-1.0991235,-0.18912354,-0.08912353,-0.64912355
4.2708764,4.3108764,4.2108765,4.1608763,3.8708766,3.6108766,3.4008765,3.7808764,3.9308765,3.8408766,3.9508765,4.1908765,4.4008765,4.5308766,4.3508763,4.3408766,4.6208763,4.6408763,4.6408763,4.8808765,4.9008765,4.6008763,4.5608764,4.2708764,3.6508765,3.4908764,3.3108764,4.3908763,4.4008765,4.4208765,4.1108766,4.0908766,4.4908767,5.0308766,5.2108765,5.2208767,4.9108763,3.4208765,4.450876,5.3208766,4.4808764,4.4608765,4.6208763,4.0408764,3.7108765,3.6008766,3.6708765,2.9908764,4.5208764,-0.44912353,0.7008765,-0.51912355,-0.5491235,0.5708765,0.7508765,0.6908765,0.060876466,8.764648E-4
4.1108766,4.1808763,4.3408766,4.0008764,3.5008764,3.0408764,3.0008764,2.9408765,2.7708764,3.1508765,3.5708764,3.9108765,4.1208763,4.1608763,4.1208763,4.2908764,4.4708767,4.3708763,4.1108766,4.0508766,3.8208764,3.7708764,3.5008764,3.4108765,3.4508765,3.4908764,3.1008766,3.3408766,3.3408766,2.9808764,3.1008766,3.3608766,3.7308764,4.0308766,4.0208764,4.8508763,6.7608767,4.3108764,5.1408763,4.4908767,3.8708766,3.3408766,3.6608765,3.4108765,4.1508765,4.8508763,4.4108763,4.0208764,0.77087647,0.83087647,0.27087647,-0.89912355,0.8908765,0.8708765,0.72087646,-0.69912356,-0.19912353,-0.25912353
3.4408765,3.6008766,3.2808764,3.3008764,3.1408765,2.9308765,2.4508765,2.2408764,2.6208766,2.9608765,3.3508766,3.7808764,4.0708766,3.9708765,3.9108765,3.9308765,3.8708766,3.6108766,3.4008765,3.5108764,3.7408764,3.7208765,3.6608765,3.5308764,3.2008765,3.1308765,2.7708764,3.0808764,2.9708765,3.3308764,2.9508765,3.1208766,3.0608764,3.9008765,3.9908764,4.5808764,5.3708763,3.3708766,4.1208763,3.7508764,3.5608764,3.3208764,3.6208766,3.4808764,4.3808765,5.2208767,5.4908767,5.5408764,-1.1891235,0.6408765,-0.52912354,-0.36912355,0.070876464,0.25087646,0.7608765,0.23087646,1.2308764,0.67087644
2.9308765,3.1008766,3.4608765,3.4108765,3.2208765,2.8808765,2.6208766,2.2608764,2.2708764,2.6208766,2.8608766,3.1208766,3.4608765,3.6408765,3.7408764,3.7008765,3.5608764,3.2908764,3.0808764,3.2208765,3.2908764,3.3308764,3.3908765,3.5308764,3.4308765,3.1608765,3.1908765,3.0008764,3.0208764,2.9408765,2.9408765,2.8008764,3.3708766,3.5908766,3.6908765,3.9408765,4.0608764,3.7708764,3.6108766,3.6008766,3.5408764,3.4408765,3.7308764,4.1308765,4.8908763,5.2708764,5.950876,3.9308765,1.9608765,-0.51912355,-0.22912353,-0.26912352,-0.6791235,-0.43912354,0.070876464,0.12087646,-1.0791235,0.020876465
2.6508765,3.0608764,3.1008766,3.1208766,3.1208766,2.9508765,2.6108766,2.4308765,2.5108764,2.7508764,2.8608766,2.9508765,2.8508766,2.6008766,2.7308764,2.9308765,2.8608766,2.5808764,2.3308764,2.3608766,2.6008766,2.9708765,3.0308764,2.9608765,2.7908764,2.6508765,2.8708766,2.6108766,2.7708764,2.7808764,2.6608765,2.6308765,2.8308764,3.3608766,3.4008765,3.7008765,3.4908764,3.5708764,3.7808764,3.8108764,3.8708766,4.1708765,4.2808766,4.7208767,5.5508766,5.7808766,6.9208765,5.6908765,0.36087647,-0.049123537,-0.46912354,-0.58912355,-0.51912355,-0.6091235,-0.96912354,-0.58912355,0.13087647,0.6408765
2.1908765,2.2008765,2.6908765,2.7408764,2.7408764,2.7908764,2.9808764,3.1808765,3.2108765,3.0108764,2.6008766,2.5708764,2.4108765,2.1808765,2.1608765,2.2908764,2.5208764,2.3808765,1.8808764,1.9908764,2.2708764,2.6208766,2.7208765,2.5408764,2.2108765,2.1208766,2.3508766,2.2708764,2.3308764,2.6608765,2.6308765,2.9808764,2.7508764,3.1608765,3.4808764,3.7608764,3.8608766,3.9508765,3.8608766,4.0208764,4.3708763,4.7308764,4.9108763,5.1508765,5.6808763,6.8308764,9.110876,4.3908763,1.6308764,-0.15912354,-0.22912353,-0.70912355,-0.6091235,-0.49912354,-0.58912355,-0.58912355,-0.20912354,0.050876465
2.3408766,2.7108765,2.4508765,2.5408764,2.7708764,3.1208766,3.1808765,3.0708764,2.9208765,2.9208765,2.6708765,2.4808764,2.3308764,2.1708765,2.0008764,2.0208764,2.0308764,2.2108765,2.8508766,2.6208766,2.4508765,2.4808764,2.5508764,2.7108765,2.8108764,2.5808764,2.5508764,2.2708764,2.2208765,2.7008765,2.8608766,2.9708765,3.0008764,3.3408766,3.3808765,3.4608765,3.6808765,3.6208766,3.8508766,4.3208766,4.8108764,5.1408763,5.4208765,5.7308764,5.8408766,6.2608767,6.8408766,4.5708766,0.33087647,-0.71912354,1.4508765,0.32087648,-0.6791235,-0.64912355,-0.64912355,0.08087646,-0.26912352,-0.27912354
2.7708764,2.6708765,3.1208766,2.9908764,3.2608764,3.4508765,3.2108765,2.9308765,2.8208764,2.6708765,2.8708766,2.7608764,2.6708765,2.4008765,2.4508765,2.4108765,2.2808764,2.3208764,2.6908765,3.1608765,3.6808765,3.5008764,3.5008764,3.3408766,3.1708765,3.0208764,3.0208764,2.8908765,2.7508764,2.7608764,3.2608764,3.1408765,3.1108766,3.0708764,3.8508766,3.6108766,3.6008766,3.7608764,4.0208764,4.4008765,5.2308764,5.5508766,5.8008766,6.0708766,6.4408765,6.450876,6.4208765,6.2708764,4.5408764,-0.17912354,0.32087648,-0.029123535,-0.76912355,-1.3291235,-0.7991235,-0.43912354,-0.6091235,-0.9891235
2.5108764,2.7008765,3.0908766,3.2308764,3.1308765,3.2308764,3.2708764,2.8308764,2.2308764,2.4508765,2.5108764,2.9208765,2.6008766,2.5208764,2.5008764,2.4808764,2.5708764,2.6808765,2.8908765,3.3008764,3.2908764,3.3908765,3.3208764,3.4208765,3.7608764,3.7008765,3.4808764,3.6508765,3.5708764,3.4108765,3.4308765,3.4408765,3.2308764,3.4208765,3.5708764,4.3008766,4.1208763,4.3108764,4.1708765,4.6008763,5.2408767,5.700876,5.8208766,5.9808764,6.4208765,6.5208764,6.5808764,5.2208767,4.8508763,0.27087647,-1.8491235,-0.20912354,-0.95912355,-1.0391235,-0.88912356,-1.0791235,-1.1291236,-1.1291236
2.0708764,2.0408764,2.5708764,3.0508764,3.0308764,2.9508765,2.9708765,2.9908764,3.1108766,2.9708765,2.1708765,2.3908765,2.8508766,3.0208764,2.8208764,2.8108764,2.9008765,2.9108765,2.7308764,2.6708765,3.1108766,3.3308764,3.2008765,3.3108764,3.3908765,3.2808764,3.1408765,3.1008766,3.2808764,3.5108764,3.5108764,3.7708764,3.9808764,3.8208764,4.1808763,4.4808764,4.5208764,4.7808766,4.3808765,4.4308763,5.4208765,5.700876,5.8408766,6.1008763,6.0908766,6.5808764,6.3508763,6.0108767,3.8408766,2.1108766,0.72087646,0.070876464,0.22087647,-0.88912356,-0.96912354,-1.1891235,-1.1991235,-1.2291236
2.7508764,2.2708764,2.1808765,2.4808764,2.8008764,3.1308765,2.7108765,2.8508766,2.8708766,2.4008765,2.4608765,2.3908765,2.5308764,2.4908764,2.4708765,2.7008765,2.1408765,2.4108765,2.3808765,2.5708764,3.0208764,3.3008764,3.5508764,3.5808764,3.4508765,3.5008764,3.3308764,3.0508764,2.9108765,2.8908765,2.9908764,2.9308765,3.3508766,4.0208764,4.3308764,4.2708764,4.1208763,4.2308764,4.5508766,4.4008765,5.1208763,5.2908764,5.7408767,5.9608765,6.1508765,6.200876,5.9408765,5.6108766,4.9908767,3.8908765,-0.8591235,-1.8591236,0.74087644,8.764648E-4,-0.97912353,-1.1591235,-0.91912353,-1.0991235
2.1108766,2.3608766,2.2308764,1.8808764,2.0608764,2.6508765,2.3608766,2.1308765,1.8808764,1.8708764,1.8308765,1.9708765,1.9708765,1.7208765,1.5808765,1.6308764,1.8408765,2.1008766,2.4008765,2.5408764,2.7908764,2.9708765,3.1108766,3.1708765,3.4208765,3.7008765,3.7608764,3.7708764,3.4508765,3.0808764,2.5908766,2.4208765,2.6808765,3.3208764,4.0408764,4.1908765,4.200876,3.9608765,3.9308765,4.2508764,5.0008764,5.0908766,5.7108765,5.7308764,5.7908764,5.7908764,5.5908766,5.5208764,5.3108764,4.3308764,1.0408765,1.6308764,0.36087647,0.45087647,0.22087647,-0.9991235,-0.9891235,-1.1691235
1.8408765,1.9908764,1.9408765,2.0208764,2.0608764,1.9008765,2.0008764,1.7208765,2.0808764,2.1108766,2.1508765,2.1908765,2.1608765,2.1308765,1.9608765,1.8808764,1.9408765,2.1208766,2.3908765,2.5908766,2.9308765,3.2808764,3.5508764,3.7408764,3.9108765,3.5908766,3.7108765,3.8608766,3.7708764,3.5008764,3.0608764,2.4108765,2.0208764,2.0208764,2.9008765,3.2308764,3.2308764,3.1208766,3.1808765,4.0008764,4.8108764,5.5108767,5.700876,5.6008763,5.5408764,5.5108767,5.1608763,4.9908767,5.0908766,5.1608763,5.3508763,0.78087646,-1.6591235,1.4408765,-0.29912353,-0.20912354,-0.84912354,-1.2791235
1.6308764,1.8808764,1.5808765,1.2508764,1.4508765,1.7008765,1.7508764,1.8908764,1.5108764,1.3308765,1.3308765,1.6008765,1.9408765,2.1508765,2.0808764,1.9408765,1.9408765,2.0008764,2.0208764,2.2008765,2.5408764,2.8708766,3.1208766,3.1608765,3.1308765,3.4308765,3.5108764,3.5108764,3.7108765,3.7308764,3.5408764,3.0408764,2.6308765,1.9708765,2.1108766,2.4808764,1.9008765,2.3208764,2.4408765,3.7208765,4.7508764,5.7108765,5.9208765,5.8208766,5.5308766,5.1008763,4.6508765,4.200876,4.2608767,4.7308764,4.4008765,2.9208765,2.7008765,8.764648E-4,1.7708764,1.3308765,0.8108765,-0.46912354
1.3408765,1.4908764,1.4908764,0.7608765,0.73087645,0.96087646,1.1308764,1.2508764,1.3508765,1.2508764,1.2908765,1.5908765,1.9908764,2.2708764,2.4108765,2.4108765,2.2708764,2.2608764,2.4008765,2.5808764,2.7608764,3.0508764,3.1508765,3.1708765,3.1808765,3.0808764,3.2708764,3.1608765,3.2208765,3.3008764,3.2008765,3.1208766,2.9408765,2.7108765,2.3108764,2.4008765,1.4908764,1.3508765,2.1508765,2.9708765,4.5208764,5.4908767,5.950876,5.9308763,5.8208766,5.4808764,4.6808763,3.9308765,3.9008765,4.1808763,4.6608763,5.0908766,-0.109123535,1.4808764,1.0208764,0.020876465,0.13087647,1.4708765
