raw-data-f/2018100718.json
{"header": { "discipline":0, "disciplineName":"Meteorological products", "gribEdition":2, "gribLength":74771, "center":7, "centerName":"US National Weather Service - NCEP(WMC)", "subcenter":0, "refTime":"2018-10-07T18:00:00.000Z", "significanceOfRT":1, "significanceOfRTName":"Start of forecast", "productStatus":0, "productStatusName":"Operational products", "productType":1, "productTypeName":"Forecast products", "productDefinitionTemplate":0, "productDefinitionTemplateName":"Analysis/forecast at horizontal level/layer at a point in time", "parameterCategory":2, "parameterCategoryName":"Momentum", "parameterNumber":2, "parameterNumberName":"U-component_of_wind", "parameterUnit":"m.s-1", "genProcessType":2, "genProcessTypeName":"Forecast", "forecastTime":0, "surface1Type":103, "surface1TypeName":"Specified height level above ground", "surface1Value":10.0, "surface2Type":255, "surface2TypeName":"Missing", "surface2Value":0.0, "gridDefinitionTemplate":0, "gridDefinitionTemplateName":"Latitude_Longitude", "numberPoints":65160, "shape":6, "shapeName":"Earth spherical with radius of 6,371,229.0 m", "gridUnits":"degrees", "resolution":48, "winds":"true", "scanMode":0, "nx":360, "ny":181, "basicAngle":0, "lo1":0.0, "la1":90.0, "lo2":359.0, "la2":-90.0, "dx":1.0, "dy":1.0 }, "data":
[rows 75 to 99 of 181, columns 285 to 341 of 360]
-4.1107883,-3.8307886,-3.9107885,-4.5107884,-5.170789,-4.9707885,-4.6607885,-4.5807886,-4.2707887,-4.3707886,-4.9607887,-5.2607884,-5.6607885,-6.3407884,-7.5607886,-7.3607883,-7.5507884,-7.7407885,-7.5107884,-7.2807884,-6.9507885,-6.7007885,-6.2007885,-5.7307887,-5.4807887,-5.2807884,-5.0807886,-4.6407886,-4.6407886,-5.8607883,-6.5507884,-6.8407884,-7.2107887,-8.080789,-8.270788,-8.2007885,-7.9907885,-7.7807884,-8.320788,-6.5607886,-5.2107887,-4.4807887,-4.3107886,-4.380789,-4.4307885,-4.4407887,-4.3507886,-4.3407884,-4.920789,-5.2807884,-6.420789,-2.6107886,-4.2307887,-3.0707886,-2.1207886,-0.18078858,1.7092115
-3.8907886,-3.6907885,-3.6707885,-4.2607884,-4.8507886,-5.0607886,-4.3507886,-4.170789,-3.9107885,-4.4907885,-5.3307886,-6.170789,-6.8207884,-7.3607883,-6.1607885,-7.2107887,-7.7407885,-7.4907885,-7.2707887,-7.4307885,-7.0707884,-7.0007887,-6.5607886,-6.2107887,-6.0207887,-5.6807885,-5.420789,-5.3407884,-5.170789,-5.6107883,-6.0607886,-6.7907887,-7.1007886,-7.380789,-8.290789,-8.820788,-8.640789,-9.090789,-8.130789,-8.410789,-4.1007886,-5.2907887,-4.5607886,-3.9707885,-4.6207886,-4.3407884,-4.150789,-4.1007886,-3.9507885,-3.7507887,-4.3307886,-5.4907885,-3.8307886,-3.2107885,-2.1307886,-0.6807886,0.80921143
-2.8207886,-2.4107885,-2.5307887,-3.9807885,-4.1607885,-4.400789,-4.380789,-4.8607883,-4.5207887,-4.6807885,-5.0307884,-5.1907887,-6.3407884,-6.670789,-5.7107887,-6.5707884,-7.0207887,-7.1907887,-7.3307886,-7.0807886,-7.3307886,-7.3407884,-6.9307885,-6.2707887,-6.0307884,-5.9907885,-5.920789,-5.5707884,-4.7007885,-4.5807886,-5.3207884,-5.650789,-5.9707885,-5.6807885,-7.0907884,-7.5207887,-8.750789,-8.850788,-8.170789,-7.5707884,-5.9307885,-4.8207884,-4.5407887,-3.5707886,-4.0807886,-4.130789,-4.0207887,-4.1407886,-4.2807884,-4.150789,-5.130789,-4.7407885,-4.0807886,-3.8907886,-3.3107886,-2.3107886,-1.2607886
-0.8607886,1.4392114,1.8292115,1.8992114,-2.2307885,-4.0007887,-5.1807885,-5.1207886,-5.5007887,-5.1107883,-4.9507885,-4.8407884,-5.650789,-6.1207886,-5.630789,-5.670789,-5.9307885,-6.2607884,-6.4607887,-6.8307886,-6.5307884,-7.0107884,-6.8407884,-6.3007884,-6.1607885,-6.1607885,-5.130789,-4.5007887,-3.9407885,-3.5907886,-3.1607885,-3.0007887,-3.2607887,-3.7607887,-3.0807886,-3.5207887,-2.8407886,-1.4907886,-3.3207886,-5.1207886,-4.8507886,-4.4107885,-3.3007886,-3.3707886,-3.2407885,-3.7507887,-4.150789,-4.2807884,-4.400789,-3.9907885,-4.9807887,-4.7007885,-4.8707886,-4.4707885,-4.1807885,-3.7607887,-2.7207885
2.8992114,1.5192114,-0.69078857,-1.4707886,1.9692115,1.0792115,-2.2407885,-4.9407887,-5.9307885,-4.4607887,-1.4607886,-3.0907886,-5.3307886,-3.6807885,-4.0107884,-4.5107884,-4.4307885,-5.1207886,-5.170789,-5.3107886,-6.2807884,-5.920789,-6.3107886,-5.9807887,-5.3707886,-4.400789,-3.3607886,-2.4007885,-1.9307885,-1.3007885,-0.94078857,0.049211428,1.9192114,2.4092114,2.4492114,1.9892114,1.5792115,1.0292114,-0.09078857,-2.8007886,-3.0807886,-2.4707885,-1.3807886,-2.1307886,-3.0207887,-3.1307886,-3.5907886,-3.6507885,-3.6807885,-3.1907885,-4.5607886,-6.2007885,-5.6607885,-4.8607883,-4.880789,-3.8507886,-2.5307887
1.5492114,1.8192115,0.7092114,-1.7107886,2.4292114,-0.23078857,-1.4107885,-0.080788575,-0.5507886,-1.2107886,0.45921144,-1.2207886,-1.9707886,-3.9007885,-5.7207885,-4.7407885,-3.7207885,-3.9107885,-3.7407885,-2.8907886,-3.0807886,-3.1707885,-2.7407885,-1.9007885,-1.0007886,-0.16078858,0.6892114,1.9192114,1.5592114,2.2592115,3.3092115,4.4192114,4.6492114,4.9892116,4.9692116,4.0492115,2.4492114,1.2792114,0.74921143,-1.3307886,-2.7307885,-2.1807885,-1.2307886,-0.10078857,-1.5107886,-2.9907885,-2.8107886,-2.5307887,-2.5707886,-2.1507885,-5.7707887,-7.2107887,-5.9107885,-4.0407887,-3.0607886,-1.6507885,-0.7307886
0.5892114,1.0592114,-1.2607886,0.61921144,0.8392114,-1.7007886,-1.6007886,-0.030788574,-1.3207886,-1.3507886,-1.0707886,-2.7007885,-2.6407886,-2.3707886,-2.8107886,-5.7507887,-4.2507887,-3.5607886,-3.2807887,-3.0107887,-2.4107885,-1.4807886,-0.120788574,0.8292114,0.59921145,0.43921143,0.9092114,1.3292115,2.3692114,2.8592114,3.3492115,4.3592114,4.829211,4.7692113,4.4292116,3.7592115,2.2092113,0.7192114,0.6892114,-0.6607886,-2.1207886,-2.2007885,-1.4007885,-0.4507886,-0.21078858,-1.7807885,-1.9807886,-2.1007886,-2.1907885,-2.2807887,-4.3207884,-7.5107884,-6.1607885,-3.5007887,-1.0007886,-0.15078858,0.79921144
0.7192114,-1.1907886,-1.6507885,-0.6207886,-1.9107885,-0.26078856,-0.95078856,-0.65078855,-0.6707886,-1.9007885,-2.5807886,-1.0607886,-3.2607887,-1.2307886,-1.8407886,-2.1607885,-6.130789,-4.4607887,-4.0507884,-3.8607886,-3.1507885,-2.7107885,-1.7107886,-0.95078856,-0.33078858,-0.060788576,0.6892114,1.3392115,1.6292114,1.8792114,2.4692113,3.5592115,2.3692114,2.4392114,1.2492114,2.1092114,1.9492115,0.79921144,0.85921144,-0.5607886,-1.2607886,-1.8207886,-0.7907886,-0.9207886,-0.7407886,-1.0407885,-1.2707886,-1.3407886,-1.5707886,-2.1007886,-1.9007885,-2.7007885,-4.6207886,-1.8607886,-0.8607886,0.20921142,0.7792114
-1.8207886,0.06921142,2.0392115,-1.8707886,-0.90078855,0.18921143,0.74921143,0.28921142,0.54921144,-1.3007885,-1.2907885,-1.5707886,-2.1607885,-1.3307886,-2.0507886,-1.8607886,-2.6007886,-5.5107884,-4.6107883,-4.3007884,-4.0007887,-3.6807885,-2.7607887,-1.7007886,-1.3307886,-0.70078856,-0.010788574,0.30921143,0.5892114,1.3192115,1.6392114,1.3192115,0.5692114,0.019211426,0.11921143,0.21921143,0.30921143,0.22921142,-0.10078857,-0.5507886,-0.7307886,-1.4407886,-0.7307886,0.11921143,0.33921143,-0.64078856,-0.30078858,-0.43078858,-0.10078857,2.0492115,0.029211426,0.12921143,0.18921143,-0.5907886,-0.24078858,0.13921143,0.67921144
-1.8307886,0.80921143,-0.41078857,-2.0607886,-0.38078856,1.2792114,1.9092114,1.8692114,1.4192114,-0.7407886,-2.5907886,0.38921142,-0.13078858,-0.15078858,-2.5307887,-2.0607886,-1.9107885,-2.1407886,-3.6607885,-3.8407886,-3.8107886,-5.7507887,-4.1807885,-3.3807886,-2.1907885,-1.4007885,-0.64078856,-0.18078858,-0.37078857,-0.58078855,-0.75078857,-0.70078856,-1.2407886,-1.1107886,-1.2907885,-1.6007886,-1.6907886,-1.6607885,-1.3707886,-1.2107886,-0.46078858,0.039211426,-0.5507886,0.22921142,0.92921144,1.9592115,1.1392114,0.5292114,1.2492114,2.9892113,3.3192115,3.3492115,3.6992114,0.27921143,-0.120788574,0.31921142,1.0092114
-1.8207886,-0.57078856,-1.3007885,-1.1107886,-0.28078857,0.14921142,0.9392114,1.5392114,-0.040788576,1.8192115,-2.3007886,0.47921142,0.42921144,-2.1707885,-0.09078857,-0.25078857,-2.3607886,-1.3807886,-1.2407886,-0.6607886,-1.0207886,-1.1007886,-2.2007885,-5.0707884,-3.0307887,-2.0007887,-1.7807885,-1.6707885,-1.7307886,-2.1207886,-2.2207885,-2.5007887,-2.2407885,-2.2307885,-2.1107886,-2.3307886,-2.8807886,-3.2107885,-2.6407886,-1.9007885,-0.83078855,0.30921143,0.019211426,0.14921142,1.5192114,1.9492115,2.5392115,2.4792113,2.1892114,2.3892114,2.3192115,2.4592113,1.8492115,-0.43078858,-0.46078858,0.08921143,0.6292114
-0.28078857,-2.9307885,-1.1307886,-0.37078857,0.8392114,0.8192114,0.54921144,0.92921144,0.8892114,-0.8007886,-1.9407886,-1.4907886,-1.8007885,-1.6507885,-2.5707886,-3.2107885,-2.5107887,-1.6407886,-1.0207886,-1.7607886,-1.0807886,-1.2707886,-1.6707885,-1.0307885,-5.2007885,-3.0507886,-2.7807887,-2.9207885,-3.0707886,-3.2207885,-3.3607886,-3.5107887,-3.3707886,-3.1207886,-2.5407887,-2.5307887,-3.4007885,-3.5007887,-3.6707885,-3.1707885,-1.8207886,-0.5307886,-0.17078857,-0.24078858,0.60921144,0.40921143,0.36921144,-0.16078858,0.54921144,0.49921143,0.36921144,0.5692114,0.13921143,-1.0307885,-0.5907886,-0.44078857,-0.30078858
0.59921145,-1.3507886,-0.10078857,0.7092114,0.059211425,-0.080788575,-0.5307886,0.98921144,0.9392114,-0.47078857,0.12921143,-2.1907885,-1.8207886,-1.7407886,-3.1307886,-3.2307885,-2.8307886,-0.4807886,-1.3507886,-2.4907885,-2.0107887,-1.3107886,-1.7607886,-1.2607886,-3.1407886,-3.8607886,-3.5607886,-3.7107885,-3.9607885,-4.2907887,-4.420789,-4.2907887,-4.400789,-4.2907887,-4.2207885,-4.2807884,-4.400789,-4.2907887,-4.2207885,-3.6407886,-2.4607885,-1.5607886,-1.1107886,-0.9107886,-0.6107886,-0.7307886,-1.2907885,-1.3007885,-0.6107886,-0.9707886,-0.8107886,-0.9907886,-1.2907885,-1.3307886,-1.4107885,-1.0507885,-0.9307886
-1.4807886,-0.040788576,-1.1307886,-0.8407886,-0.27078858,-0.11078858,0.6992114,0.49921143,-0.16078858,0.2992114,-0.020788575,-1.4507886,-1.4507886,-1.7507886,-0.8407886,-1.9207885,-2.5307887,-1.5207886,-2.0707886,-3.8807886,-2.0507886,-1.5107886,-1.8407886,-2.0707886,-2.9407885,-4.9907885,-4.2907887,-4.3707886,-4.7007885,-4.9107885,-5.2307887,-5.4107885,-5.6607885,-5.4507885,-5.420789,-5.1607885,-5.3407884,-4.9807887,-4.670789,-4.3107886,-3.3607886,-2.6207886,-2.1807885,-1.6507885,-1.8207886,-2.0107887,-1.8807886,-1.7907885,-1.6707885,-1.6707885,-2.2207885,-1.6807885,-2.3107886,-2.4707885,-2.3507886,-1.5807886,-1.5907886
-1.1107886,0.31921142,-0.4507886,-0.5307886,-0.6007886,0.60921144,0.7092114,1.1392114,0.97921145,0.10921142,-0.6107886,-0.7907886,-1.1907886,-2.0407887,-1.5007886,-1.0307885,-1.1507885,-1.7307886,-2.0507886,-1.8107886,-2.0107887,-1.8407886,-2.3507886,-1.9107885,-2.0107887,-4.4407887,-5.0907884,-5.0907884,-5.3507886,-5.8607883,-6.1407886,-6.2307887,-6.150789,-5.9507885,-6.4407887,-6.6107883,-6.0207887,-5.6107883,-5.2107887,-4.900789,-4.3507886,-3.6407886,-2.9307885,-2.7607887,-2.1407886,-2.3507886,-2.5707886,-2.3007886,-2.3807886,-3.0407887,-2.6807885,-2.3207886,-3.3507886,-3.0907886,-2.9707885,-2.1607885,-1.8507886
0.009211426,0.21921143,0.20921142,-0.20078857,-0.040788576,0.029211426,0.3292114,1.0192114,0.5792114,0.059211425,-0.37078857,-0.36078858,-1.3607886,-0.52078855,-0.76078856,-1.4107885,-1.5507885,-1.6307886,-2.1607885,-2.2807887,-1.5207886,-1.5407885,-2.0107887,-2.5007887,-3.7607887,-3.9307885,-5.5207887,-5.920789,-6.0707884,-6.880789,-6.6407886,-6.5207887,-6.2707887,-6.5707884,-7.0007887,-7.5207887,-6.8507886,-6.1907887,-5.7007885,-5.5907884,-4.9807887,-4.2507887,-3.7007885,-3.0807886,-3.0507886,-2.8907886,-2.8807886,-2.9507885,-3.0407887,-3.0607886,-3.2407885,-3.1807885,-3.6407886,-3.2807887,-2.9307885,-2.5507886,-2.7107885
-0.8707886,0.3292114,0.06921142,-0.5907886,-0.22078857,0.42921144,0.17921142,0.61921144,-0.16078858,-1.6007886,0.099211425,-0.6007886,-1.3107886,-0.29078856,-0.90078855,-1.1007886,-1.3707886,-1.7007886,-1.2107886,-0.49078858,-1.7607886,-1.7207886,-1.3007885,-1.7207886,-1.4807886,-1.7207886,-2.7307885,-1.1407886,-2.4307885,-7.5807886,-6.8907886,-6.920789,-6.5107884,-7.380789,-7.9107885,-7.9907885,-7.5607886,-6.7507887,-6.1907887,-5.9107885,-5.380789,-4.5707884,-4.0207887,-3.5707886,-3.4007885,-3.2607887,-3.1907885,-3.6707885,-3.3307886,-3.2607887,-3.4807885,-4.0207887,-3.6507885,-3.1007886,-3.1007886,-3.4507885,-3.6807885
0.92921144,-0.8407886,-0.89078856,-1.4707886,0.5292114,0.7092114,0.40921143,0.17921142,-0.8107886,-0.46078858,0.16921143,-1.3507886,-0.7307886,0.37921143,-0.8407886,-0.70078856,-1.2707886,-1.5907886,-1.6007886,-2.6407886,-1.6207886,-2.8907886,-1.0807886,-1.3307886,-1.3707886,-1.7307886,-1.7807885,-1.1007886,-1.6707885,-2.0707886,-2.4407885,-6.9907885,-6.6007886,-8.660789,-9.550789,-8.090789,-7.3907886,-6.7207885,-6.6107883,-6.3907886,-5.4407887,-4.900789,-4.4807887,-3.8207886,-3.4907885,-3.5007887,-3.1707885,-3.7407885,-4.0107884,-3.9407885,-4.1007886,-4.130789,-3.6607885,-3.7607887,-4.0807886,-3.8807886,-4.380789
-0.47078857,-0.70078856,-1.0107886,-0.4207886,-0.6607886,0.9092114,-0.07078858,-0.11078858,-0.8707886,-0.7907886,-1.0007886,-0.75078857,-0.020788575,-1.8407886,-1.9807886,-0.94078857,-1.1107886,-1.8407886,-1.6507885,-2.2007885,-2.0907886,-1.3807886,-1.4807886,-1.6907886,-1.0307885,1.1392114,-1.6507885,-1.5607886,-1.5307885,-1.7807885,-1.5707886,-0.94078857,-1.6107886,-3.4507885,-4.2007885,-7.1907887,-9.800789,-7.1407886,-7.0907884,-6.4307885,-5.4507885,-5.5307884,-5.1207886,-4.1607885,-3.6707885,-3.6807885,-3.7807887,-4.3307886,-4.5507884,-4.2807884,-4.380789,-4.0807886,-4.2207885,-4.2207885,-4.7507887,-4.170789,-4.8307886
-0.7907886,-0.69078857,-0.49078858,-0.64078856,-0.29078856,-0.31078857,1.9892114,-0.46078858,-0.7407886,-0.8007886,-1.2607886,-0.70078856,-1.1207886,-1.1207886,-1.0207886,-1.1407886,-1.4607886,-1.2407886,-1.7607886,-1.6007886,-1.6307886,-1.0207886,-1.4207885,-1.0107886,-1.1207886,-0.77078855,-0.10078857,-1.5807886,-1.2607886,-1.2207886,-1.1607885,-1.0007886,-1.2707886,-0.57078856,-4.400789,-4.5107884,-4.130789,-8.350788,-8.480788,-7.6007886,-5.920789,-5.7307887,-5.1207886,-4.420789,-3.6907885,-4.3907886,-4.3407884,-4.5107884,-4.6907887,-4.7107887,-4.5107884,-4.3507886,-4.7207885,-4.8107886,-4.8407884,-4.5907884,-4.5107884
-0.21078858,0.20921142,-0.030788574,-0.5407886,-0.52078855,0.5692114,0.55921143,1.4392114,0.17921142,0.11921143,-0.120788574,-0.35078856,-0.38078856,-0.15078858,-0.6107886,-0.75078857,-0.8707886,-1.3407886,-1.2607886,-0.95078856,-0.95078856,-0.9907886,-0.22078857,-0.57078856,-0.33078858,-1.2707886,0.10921142,-0.5307886,-2.6107886,-1.2607886,-1.3207886,-1.3507886,-1.6307886,-1.4307885,-4.170789,-4.5107884,-4.4607887,-2.9807885,-6.8207884,-8.580789,-5.900789,-5.0207887,-5.5307884,-4.3407884,-4.3307886,-4.420789,-4.9307885,-4.7607884,-4.8907886,-5.2707887,-4.9807887,-4.7707887,-4.3107886,-4.5907884,-4.5907884,-4.7207885,-4.9707885
-7.885742E-4,-0.060788576,0.14921142,-0.25078857,-0.35078856,0.019211426,0.59921145,-0.020788575,0.14921142,0.78921145,-0.10078857,0.17921142,0.44921142,0.2692114,-1.0107886,-0.6607886,-0.09078857,-1.2107886,-0.5507886,-1.1907886,-1.9607886,-0.88078856,0.9692114,0.99921143,-0.94078857,-2.2907887,-1.6007886,0.12921143,-2.8207886,-2.7407885,-2.3907886,-1.7707886,-1.8807886,-2.4207885,-4.2507887,-4.4107885,-3.9107885,-4.4307885,-5.2807884,-4.2207885,-5.7607884,-5.1007886,-5.670789,-4.5807886,-4.4707885,-4.6607885,-5.2507887,-5.4607887,-5.5007887,-5.4407887,-5.6207886,-5.1807885,-4.900789,-4.7807884,-4.8207884,-5.1007886,-5.2207885
-0.19078857,0.2692114,0.06921142,0.039211426,-0.13078858,0.13921143,1.1092114,0.80921143,0.8792114,0.8292114,1.0092114,0.22921142,-0.010788574,-0.18078858,-0.35078856,-0.32078856,0.6492114,0.029211426,0.6892114,-0.34078857,-2.1107886,-1.1707885,0.2992114,1.2292114,0.10921142,-1.2207886,-1.9607886,-1.0507885,-2.3207886,-2.6807885,-1.8707886,-3.8307886,-3.2207885,-2.8307886,-2.7307885,-3.0507886,-2.1707885,-2.5507886,-6.0207887,-6.3407884,-5.6407886,-5.5507884,-5.5307884,-4.8707886,-4.8107886,-4.9907885,-5.8007884,-5.8107886,-5.9807887,-5.9307885,-5.8207884,-5.7707887,-5.670789,-5.420789,-5.3607883,-5.1407886,-5.2207885
-0.26078856,0.7192114,0.16921143,0.5792114,0.06921142,0.44921142,0.6492114,1.3292115,1.1992115,0.6392114,0.33921143,0.84921145,-0.09078857,-0.5307886,-0.060788576,0.3292114,1.2092115,-0.6007886,0.14921142,1.1192114,-2.2507887,-1.0207886,0.98921144,2.3292115,-0.6707886,-1.1307886,-0.9307886,-1.8507886,-1.8107886,-0.6007886,-3.1007886,-4.0007887,-3.4307885,-3.5907886,-3.9007885,-3.3207886,-3.3207886,-4.3607883,-4.400789,-4.4607887,-3.5407887,-5.4507885,-5.6207886,-4.7807884,-5.1107883,-5.3507886,-6.2007885,-5.9607887,-5.9607887,-6.4107885,-6.420789,-6.0807886,-6.170789,-5.8107886,-5.380789,-5.2807884,-5.1607885
-0.07078858,0.91921145,0.31921142,0.7692114,0.6592114,0.099211425,0.6492114,1.4692115,0.9092114,1.1392114,1.5292114,1.1892114,0.6292114,-0.10078857,-0.24078858,1.0892115,0.8292114,0.36921144,0.8892114,1.6192114,-2.5407887,-0.58078855,1.2992114,2.3192115,0.6292114,-0.27078858,-1.8707886,-2.2907887,-0.57078856,0.33921143,-2.7507887,-2.3707886,-3.7107885,-3.9907885,-4.6407886,-4.5507884,-5.2507887,-4.130789,-3.7407885,-4.5007887,-4.8607883,-5.2907887,-5.4507885,-5.1807885,-5.1007886,-5.5307884,-6.3107886,-6.3107886,-6.2607884,-6.4507885,-6.6807885,-6.5607886,-6.3207884,-5.900789,-5.6007886,-5.4807887,-5.3307886
