raw-data-f/2018100906f3.json
{"header": { "discipline":0, "disciplineName":"Meteorological products", "gribEdition":2, "gribLength":75392, "center":7, "centerName":"US National Weather Service - NCEP(WMC)", "subcenter":0, "refTime":"2018-10-09T06:00:00.000Z", "significanceOfRT":1, "significanceOfRTName":"Start of forecast", "productStatus":0, "productStatusName":"Operational products", "productType":1, "productTypeName":"Forecast products", "productDefinitionTemplate":0, "productDefinitionTemplateName":"Analysis/forecast at horizontal level/layer at a point in time", "parameterCategory":2, "parameterCategoryName":"Momentum", "parameterNumber":2, "parameterNumberName":"U-component_of_wind", "parameterUnit":"m.s-1", "genProcessType":2, "genProcessTypeName":"Forecast", "forecastTime":3, "surface1Type":103, "surface1TypeName":"Specified height level above ground", "surface1Value":10.0, "surface2Type":255, "surface2TypeName":"Missing", "surface2Value":0.0, "gridDefinitionTemplate":0, "gridDefinitionTemplateName":"Latitude_Longitude", "numberPoints":65160, "shape":6, "shapeName":"Earth spherical with radius of 6,371,229.0 m", "gridUnits":"degrees", "resolution":48, "winds":"true", "scanMode":0, "nx":360, "ny":181, "basicAngle":0, "lo1":0.0, "la1":90.0, "lo2":359.0, "la2":-90.0, "dx":1.0, "dy":1.0 }, "data":
[rows 100 to 124 of 181, columns 57 to 113 of 360]
-6.0494556,-6.9394555,-7.1794558,-7.3494554,-7.2994556,-7.2894554,-7.5094557,-7.1094556,-6.6994557,-6.8494554,-6.4594555,-6.1994557,-6.4294558,-8.589456,-7.7094555,-8.799456,-9.009456,-9.719456,-8.699455,-8.269456,-7.7994556,-7.9194555,-7.5994554,-7.1894555,-6.9794555,-7.0094557,-6.8094554,-7.1094556,-7.6094556,-7.5794554,-7.2294555,-6.9794555,-6.8294554,-6.6794558,-6.3094554,-5.7594557,-5.2594557,-5.0994554,-5.1094556,-5.9594555,-6.8094554,-6.9194555,-6.5594554,-6.5194554,-7.4394555,-7.6894555,-7.1494555,-7.159456,-6.8294554,-6.7694554,-6.2294555,-5.4294558,-5.0494556,-4.6794558,-4.2594557,-3.6594555,-2.8794556
-6.2494555,-6.6294556,-7.139456,-7.2494555,-7.1494555,-7.3594556,-7.3694553,-7.2994556,-7.0194554,-7.4194555,-7.2094555,-7.5194554,-7.2194557,-8.379456,-8.339456,-8.4594555,-8.299456,-8.229456,-7.8994555,-7.3194556,-7.2594557,-7.3194556,-6.9994555,-6.409456,-6.2294555,-6.2794557,-6.909456,-7.5894556,-7.8794556,-7.6294556,-7.1694555,-6.8694553,-6.9294558,-6.5294557,-6.0394554,-5.7294555,-5.5794554,-4.7994556,-4.7894554,-5.3594556,-6.3994555,-6.7294555,-6.6794558,-6.9694557,-7.2694554,-7.8994555,-7.2494555,-7.1294556,-6.5694556,-6.2194557,-5.8494554,-5.2594557,-4.7294555,-4.4694557,-4.1894555,-3.7094555,-3.1394556
-6.0694556,-6.5594554,-7.0194554,-7.1494555,-7.2694554,-7.3494554,-7.3094554,-7.3794556,-7.5894556,-7.4794555,-7.5694556,-8.199455,-7.9794555,-8.399456,-8.359455,-8.389456,-8.149456,-8.169456,-7.6294556,-7.1994557,-6.9394555,-6.1094556,-5.5994554,-5.7894554,-5.7894554,-6.2294555,-6.639456,-7.7294555,-7.6894555,-7.3794556,-7.2594557,-6.8394556,-6.7294555,-6.3294554,-6.0394554,-5.1894555,-4.9694557,-4.7194557,-4.1894555,-4.6994557,-4.7094555,-6.1194553,-6.5094557,-6.5494556,-7.6794558,-7.5494556,-7.2794557,-7.0494556,-6.4994555,-6.0994554,-5.6694555,-4.9594555,-4.5294557,-4.2894554,-3.9594555,-3.6394556,-3.2494555
-5.8294554,-6.4994555,-6.7994556,-7.2194557,-7.1094556,-7.0794554,-7.409456,-7.5294557,-7.7194557,-8.019456,-7.7094555,-7.8694553,-8.279455,-8.489455,-8.509456,-8.269456,-8.089456,-8.2094555,-7.9394555,-7.7894554,-6.9194555,-5.7794557,-4.7294555,-4.3494554,-5.7494555,-5.5694556,-6.4194555,-7.9294558,-7.3994555,-7.1694555,-7.1294556,-6.889456,-6.6994557,-6.389456,-5.9394555,-5.1494555,-4.1694555,-3.7794557,-4.0394554,-3.8194556,-4.7094555,-6.139456,-6.3994555,-7.2294555,-7.909456,-7.7394557,-7.4994555,-6.6094556,-6.389456,-5.8394556,-5.3794556,-4.9994555,-4.3294554,-3.9694555,-3.6894555,-3.4094555,-3.2394555
-5.8194556,-6.0394554,-6.6994557,-6.8294554,-6.9194555,-6.8694553,-6.9394555,-7.5894556,-7.9694557,-7.7994556,-7.8094554,-8.2094555,-8.429456,-8.389456,-8.319455,-8.429456,-8.089456,-7.889456,-7.4594555,-7.6894555,-7.0794554,-6.3494554,-5.3394556,-4.659456,-4.2194557,-5.3394556,-6.1194553,-8.759456,-7.5294557,-7.0194554,-6.7594557,-7.0894556,-6.9394555,-6.1894555,-5.4594555,-4.9594555,-4.0094557,-3.1994555,-3.1094556,-3.5894556,-4.2794557,-6.6494555,-7.3194556,-8.139456,-8.069455,-7.7794557,-7.1494555,-6.909456,-6.1494555,-5.8594556,-5.2894554,-4.6894555,-4.2594557,-3.6594555,-3.3394556,-3.0394557,-2.8294556
-6.0294557,-5.8594556,-6.5994554,-6.5694556,-6.5894556,-6.5894556,-6.8294554,-7.6694555,-8.059456,-8.049456,-8.039455,-7.8994555,-7.9394555,-8.169456,-8.039455,-7.8594556,-7.2194557,-7.389456,-7.0994554,-6.6494555,-6.4194555,-6.159456,-5.3994555,-5.3094554,-4.4494557,-4.6894555,-6.6694555,-8.639456,-7.3794556,-6.8994555,-6.9194555,-7.2994556,-6.5694556,-6.0194554,-5.3094554,-4.639456,-3.6094556,-2.5894556,-1.8794556,-2.0694556,-4.1194553,-6.2494555,-7.7694554,-8.529455,-8.159455,-7.7294555,-7.4894557,-6.9994555,-6.2694554,-5.9494557,-5.2294555,-4.5094557,-3.9194555,-3.4994555,-2.9494555,-2.5794556,-2.3694556
-5.889456,-5.9594555,-6.2794557,-6.4794555,-6.3594556,-6.3794556,-7.5594554,-8.319455,-8.309456,-8.129456,-8.249455,-7.889456,-7.6794558,-7.7194557,-7.5494556,-7.3494554,-6.909456,-6.5594554,-6.4394555,-6.0494556,-5.5594554,-5.2994556,-4.7194557,-4.9294558,-5.3994555,-5.159456,-7.639456,-7.2194557,-7.4494557,-7.7194557,-7.3194556,-6.8394556,-6.1094556,-5.9694557,-5.5094557,-4.7794557,-3.7294555,-2.0394557,-1.6294556,-2.8394556,-4.4394555,-7.2094555,-8.019456,-8.429456,-8.449455,-7.9394555,-7.409456,-7.0694556,-6.659456,-6.1194553,-5.2094555,-4.3194556,-3.3494556,-3.0894556,-2.6894555,-2.1494555,-1.7594556
-5.909456,-6.2094555,-6.1694555,-6.0094557,-7.0894556,-7.9194555,-8.979456,-9.009456,-8.489455,-7.9494557,-7.7594557,-7.4594555,-7.3394556,-7.6194553,-7.2694554,-6.9194555,-6.3694553,-5.8994555,-5.7094555,-5.2094555,-4.9194555,-4.5794554,-4.0894556,-4.6794558,-5.2094555,-6.2794557,-6.659456,-7.0494556,-7.5694556,-7.889456,-7.2194557,-6.5294557,-6.1894555,-5.8194556,-5.4894557,-5.3494554,-4.5294557,-2.6994555,-1.5494555,-2.5094557,-5.0194554,-6.6994557,-8.099456,-8.619455,-8.339456,-7.6994557,-7.3694553,-7.0994554,-6.409456,-5.7194557,-4.9794555,-4.0094557,-3.1194556,-2.6294556,-2.2994556,-1.8594556,-1.1694555
-6.6994557,-6.6994557,-6.2494555,-6.7594557,-9.179456,-9.079455,-9.029455,-8.659455,-8.429456,-7.8794556,-7.6994557,-7.5094557,-7.3294554,-7.5694556,-7.0594554,-6.5194554,-5.8994555,-5.3994555,-4.9794555,-4.4494557,-4.1894555,-4.0594554,-4.7594557,-5.4594555,-6.4894557,-7.2794557,-6.8494554,-6.8294554,-7.159456,-6.8694553,-6.7294555,-6.2394557,-6.0794554,-5.7294555,-5.2694554,-5.1694555,-4.9194555,-4.1194553,-1.7594556,-3.8594556,-6.3594556,-7.7994556,-7.9994555,-9.599456,-8.609455,-7.7294555,-7.1094556,-6.2994556,-5.4594555,-4.8994555,-4.2994556,-3.5594556,-2.8694556,-2.3194556,-1.9194555,-1.4194555,-0.62945557
-6.7094555,-6.889456,-7.1794558,-8.249455,-9.019456,-8.839456,-8.699455,-8.449455,-8.259456,-8.079455,-7.7494555,-7.3094554,-7.0394554,-6.8394556,-6.2994556,-5.9894557,-5.5294557,-4.8994555,-4.4194555,-3.9294555,-3.5594556,-3.5794556,-5.0394554,-6.7894554,-7.409456,-7.5494556,-6.6494555,-7.0494556,-7.3494554,-6.5694556,-6.0494556,-5.909456,-5.6694555,-5.2794557,-5.1094556,-5.0594554,-5.4194555,-6.3594556,-4.9294558,-7.4194555,-7.9294558,-9.229456,-9.299456,-8.689456,-8.049456,-7.5294557,-6.639456,-5.5794554,-4.7194557,-3.8894556,-3.3594556,-3.0594556,-2.4994555,-2.0494556,-1.5094556,-0.88945556,0.030544434
-5.0894556,-7.4394555,-8.339456,-8.989455,-8.669456,-8.419456,-8.129456,-7.889456,-7.889456,-7.7894554,-7.5094557,-7.2394557,-6.9994555,-6.4294558,-5.8794556,-5.9794555,-5.0094557,-4.3994555,-3.8294556,-3.3094556,-2.9894555,-3.1694555,-5.7794557,-7.0694556,-7.6794558,-7.6694555,-7.3194556,-7.2194557,-6.2594557,-5.7594557,-5.1894555,-5.1994557,-5.2594557,-5.6294556,-5.6094556,-5.2794557,-5.2694554,-6.9294558,-6.5994554,-8.079455,-9.699455,-8.909455,-8.409455,-8.429456,-7.4994555,-7.159456,-6.3294554,-4.7394557,-3.6994555,-3.0094557,-2.2294555,-2.0494556,-2.0594556,-1.4994556,-0.9994556,-0.23945557,0.9405444
-7.4594555,-8.949455,-9.249455,-8.529455,-8.129456,-7.7194557,-7.389456,-7.2194557,-7.0494556,-6.7694554,-6.659456,-6.6494555,-6.5394554,-6.1494555,-5.7394557,-5.4194555,-4.7694554,-4.3594556,-3.5194557,-3.0394557,-2.7694557,-2.3594556,-5.7294555,-6.7294555,-6.9794555,-6.8594556,-6.5594554,-6.2894554,-4.7794557,-4.2094555,-4.2594557,-4.8394556,-5.7394557,-5.7194557,-5.7694554,-5.4594555,-4.7394557,-5.4394555,-5.6994557,-5.889456,-8.569455,-8.189456,-7.9194555,-7.1794558,-6.9694557,-7.0294557,-6.2994556,-4.7894554,-3.6694555,-2.9194555,-2.0494556,-1.1694555,-1.1594555,-1.1894555,-0.63945556,0.25054443,1.7505444
-8.909455,-9.139456,-8.759456,-8.069455,-7.4894557,-6.909456,-6.3294554,-6.0294557,-5.7994556,-5.5894556,-5.7694554,-5.4694557,-5.3794556,-5.3694553,-5.2594557,-4.8494554,-4.5694556,-4.2794557,-3.9194555,-3.3594556,-2.9594555,-3.3694556,-5.2694554,-6.3994555,-6.8694553,-6.7194557,-6.4794555,-5.3394556,-4.7294555,-3.5194557,-3.1994555,-4.2194557,-5.7694554,-5.3394556,-4.1994557,-4.7394557,-4.5094557,-4.2594557,-6.0094557,-7.5894556,-8.339456,-7.9394555,-7.5694556,-6.6094556,-6.2194557,-6.159456,-5.4694557,-4.2494555,-3.0394557,-2.6894555,-2.1994555,-1.3994555,-0.95945555,-1.5194556,-0.9294556,0.46054444,2.1705444
-8.919456,-9.149456,-8.549456,-7.5494556,-6.9394555,-5.8694553,-5.2594557,-4.8594556,-4.409456,-4.9894557,-4.7794557,-4.659456,-4.3294554,-4.3194556,-4.0394554,-4.0594554,-4.2494555,-4.2294555,-4.2394557,-4.3394556,-3.5394557,-2.7294555,-5.159456,-6.0194554,-6.0094557,-6.6194553,-5.3794556,-4.8194556,-4.5694556,-3.7994556,-2.4994555,-4.0094557,-5.7794557,-5.2394557,-3.8794556,-4.1494555,-4.2294555,-3.6394556,-5.2994556,-6.9394555,-8.019456,-7.6994557,-7.1694555,-5.9794555,-4.8194556,-5.4394555,-4.6794558,-3.5894556,-3.1594555,-2.5294557,-2.0794556,-0.9894556,-2.0494556,-1.4394555,-0.70945555,0.9005444,2.4605443
-9.139456,-9.129456,-8.329455,-7.3194556,-6.6494555,-6.2294555,-5.4994555,-4.639456,-4.3194556,-4.5694556,-4.2894554,-3.3894556,-2.9394555,-3.3494556,-3.5994556,-3.4694555,-3.8994555,-3.8494556,-3.7794557,-4.3994555,-4.5094557,-3.0594556,-5.0594554,-5.159456,-5.3394556,-4.9894557,-5.0394554,-4.9294558,-4.4694557,-4.2194557,-3.2994556,-4.2994556,-5.659456,-4.6494555,-4.2894554,-4.2394557,-3.6694555,-3.8294556,-4.5294557,-7.1094556,-8.119455,-6.8694553,-6.4994555,-5.5194554,-4.9794555,-5.0794554,-3.8894556,-3.1794555,-2.5794556,-2.3794556,-1.5794556,-1.1194556,-1.3394556,0.15054443,0.5205444,1.5905445,2.1405444
-9.969456,-9.059456,-8.349456,-7.8994555,-7.7694554,-7.389456,-7.3494554,-6.8994555,-5.5894556,-4.7894554,-3.9394555,-2.8194556,-1.7494556,-1.4194555,-2.7094555,-2.8194556,-3.0194557,-3.3194556,-3.5594556,-3.8194556,-4.6094556,-5.4194555,-4.6894555,-3.5494556,-3.9894555,-3.6694555,-3.9694555,-4.4894557,-4.9494557,-4.9794555,-3.9894555,-4.139456,-4.7794557,-4.5194554,-4.3494554,-4.2694554,-3.8294556,-3.2294555,-5.8594556,-7.7394557,-7.0394554,-6.2194557,-5.3194556,-5.4394555,-5.7594557,-4.4594555,-3.6094556,-2.4594555,-2.2494555,-2.3594556,-1.7494556,-0.95945555,0.30054444,0.9005444,1.7905444,2.5305445,3.3605444
-9.229456,-8.659455,-8.529455,-8.379456,-8.429456,-8.449455,-8.229456,-8.2094555,-6.9894557,-5.2194557,-3.6394556,-2.4194555,-1.8994555,-1.8394556,-1.4194555,-2.5194557,-2.5994556,-2.9294555,-3.0894556,-3.3994555,-3.5394557,-3.4794555,-2.8394556,-1.6894555,-0.76945555,-2.4294555,-3.0594556,-2.9394555,-3.4394555,-4.0194554,-4.7094555,-2.5194557,-4.159456,-4.659456,-4.139456,-4.8694553,-5.9194555,-5.5094557,-6.8694553,-6.7494555,-5.7794557,-5.2694554,-5.5994554,-5.3694553,-5.409456,-4.4594555,-4.0694556,-4.2494555,-3.5894556,-2.6594555,-1.5794556,-0.7894556,0.010544433,0.92054445,1.7405444,2.3705444,4.090544
-9.099456,-8.839456,-8.869455,-9.279455,-9.299456,-9.099456,-8.589456,-8.149456,-7.1494555,-6.2494555,-4.7694554,-3.7894557,-2.7894557,-2.0094557,-1.5094556,-1.6694555,-2.8094556,-2.0794556,-1.9994556,-1.9294555,-1.8094555,-2.4394555,-2.2294555,-1.8794556,0.78054446,-0.099455565,-1.5594555,-2.0294557,-2.4794555,-2.8994555,-3.6794555,-4.3994555,-3.1894555,-3.7094555,-3.6094556,-4.3394556,-5.7794557,-6.3694553,-6.5694556,-5.0594554,-4.3794556,-5.2594557,-6.2994556,-6.0694556,-4.7894554,-4.0594554,-4.0194554,-3.8794556,-3.1994555,-2.2694557,-1.2294556,-0.31945556,0.5805444,1.2605444,2.1905444,2.9205444,4.3805447
-8.849456,-8.829455,-9.239455,-9.129456,-8.539455,-8.189456,-7.6994557,-7.0194554,-6.3094554,-5.7894554,-5.1794558,-4.4694557,-3.6094556,-2.4494555,-3.0994556,-3.5494556,-3.9894555,-2.4094555,-1.3794556,-0.51945555,-0.19945556,-0.44945556,-0.8094556,-0.69945556,-0.48945558,0.9005444,0.5705444,-0.5394556,-0.95945555,-1.3594556,-2.3594556,-2.3294556,-2.0594556,-1.1894555,-2.6394556,-3.2794557,-3.9394555,-3.7694557,-3.8394556,-3.7794557,-4.4794555,-6.639456,-6.4394555,-5.6894555,-5.0594554,-4.8194556,-4.659456,-4.159456,-3.3494556,-2.1594555,-0.93945557,0.010544433,0.92054445,1.8005444,2.6605444,3.6105444,4.8805447
-8.719456,-8.189456,-8.559456,-8.479456,-7.9794555,-7.5994554,-6.9694557,-6.2794557,-5.9294558,-5.389456,-4.6694555,-3.8394556,-3.7894557,-4.0894556,-3.4894555,-3.3494556,-3.3994555,-2.0694556,-1.4294555,-1.1394556,-0.75945556,0.20054443,1.1505444,1.0105444,1.1305444,1.8005444,4.1505446,1.3805444,1.0805445,-0.38945556,-0.19945556,-1.5494555,-0.8594556,-0.5394556,-1.1694555,-1.9294555,-2.4994555,-2.5794556,-2.9694555,-4.2494555,-6.7094555,-6.4794555,-5.9494557,-5.3594556,-5.0294557,-4.8394556,-4.4794555,-3.8994555,-2.9094555,-1.9994556,-0.7494556,0.5105444,1.3405445,1.8305445,3.1805444,4.1505446,5.0205445
-8.999455,-8.999455,-8.489455,-7.9494557,-6.7194557,-6.5594554,-5.4794555,-4.6894555,-4.2794557,-4.6994557,-4.6094556,-4.6794558,-4.3194556,-3.3494556,-3.3994555,-3.6394556,-3.2294555,-1.5294555,0.31054443,-0.099455565,-0.82945555,-0.37945557,0.54054445,1.7305444,2.5605445,2.5305445,2.5105445,3.2405443,1.8605444,0.7705444,0.19054443,-0.17945556,-1.9094555,-2.7094555,-0.12945557,-1.6094556,-1.8894556,-2.2994556,-2.6494555,-4.7994556,-5.7294555,-5.7394557,-5.5194554,-5.1094556,-4.6294556,-4.1194553,-3.6594555,-3.0494556,-2.6694555,-1.9594556,-0.76945555,0.6305444,1.3405445,2.4005444,3.2505445,3.0005445,4.110544
-7.5694556,-6.9794555,-6.639456,-5.9194555,-4.8994555,-4.2594557,-3.4994555,-2.9994555,-3.2694557,-3.9694555,-4.2494555,-4.9294558,-5.2694554,-4.9294558,-4.389456,-2.9294555,-1.0794556,0.59054446,-0.89945555,-4.0394554,-5.409456,-4.6694555,-2.8394556,-0.94945556,1.3705444,4.2105446,3.8405445,3.8305445,4.1905446,2.1405444,1.8905444,1.8805444,1.1005445,-0.9294556,-1.3394556,-2.8694556,-1.4494556,-1.0994556,-1.7694556,-3.3394556,-4.5994554,-4.8694553,-4.4394555,-4.0194554,-3.7094555,-3.1594555,-2.6194556,-2.2594557,-2.0394557,-1.5494555,-0.40945557,0.43054444,1.1405444,2.1705444,1.1005445,-0.08945557,-2.6294556
-6.3494554,-5.8594556,-5.3294554,-4.7394557,-4.0694556,-3.4094555,-2.9194555,-2.4094555,-1.9894556,-1.5894556,-1.4494556,-1.9694556,-2.2494555,-2.1594555,-1.3294556,-0.14945556,1.9105444,-3.3894556,-6.389456,-5.6094556,-4.8694553,-3.6994555,-1.9994556,-1.5694556,-0.93945557,0.61054444,5.3305445,4.4905443,4.2005444,3.5005445,2.3905444,2.6705444,2.6705444,1.0805445,-1.0094556,-1.3794556,-0.31945556,-0.009455566,-0.6094556,-2.9894555,-3.8494556,-3.8694556,-2.8394556,-2.6594555,-2.3294556,-1.9194555,-1.6394556,-1.5294555,-1.3294556,-1.2294556,-0.35945556,0.53054446,0.81054443,1.0505444,-1.9294555,-4.0294557,-5.1194553
-4.2594557,-3.5194557,-2.9194555,-2.4994555,-2.0294557,-1.5894556,-1.2794555,-0.9994556,-0.23945557,-0.04945557,0.050544433,0.13054444,0.20054443,-0.18945557,0.27054444,1.3405445,2.7205443,-5.1094556,-4.9194555,-4.1994557,-3.3694556,-2.2594557,-2.1194556,-1.7594556,-1.7494556,-1.1394556,0.10054443,4.6205444,3.6805444,3.7605445,3.3705444,3.5505445,3.3305445,2.4505444,1.0605445,1.4605445,0.9605444,0.87054443,-1.2494556,-2.5994556,-2.1994555,-1.8494556,-1.2794555,-0.5494556,0.060544435,0.5805444,0.6505444,0.09054443,-0.6694556,-1.0494555,-0.40945557,0.31054443,0.21054444,-1.2294556,-3.6894555,-4.8394556,-6.2994556
-1.9794556,-1.3194556,-0.51945555,-0.039455567,0.35054442,1.1705444,1.6805444,2.0005445,2.1205444,1.9305444,2.3305445,2.6405444,2.6905444,1.9605445,1.5405444,2.5505445,2.1305444,-4.0494556,-3.9794555,-3.9694555,-2.6094556,-1.7794555,-1.5294555,-2.1594555,-2.2794557,-2.2994556,-1.6894555,-1.2894555,4.0305443,4.4405446,5.360544,4.3305445,4.0205445,2.9805443,2.3105445,2.7205443,2.1805444,1.0605445,-0.039455567,-0.68945557,-0.41945556,0.09054443,0.99054444,2.6405444,3.1505444,3.6005445,3.4005444,2.1905444,0.59054446,-0.33945557,-0.32945555,-0.5394556,-3.1194556,-5.8594556,-6.1694555,-5.3594556,-5.1294556
