raw-data-f/2018100712.json
{"header": { "discipline":0, "disciplineName":"Meteorological products", "gribEdition":2, "gribLength":74725, "center":7, "centerName":"US National Weather Service - NCEP(WMC)", "subcenter":0, "refTime":"2018-10-07T12:00:00.000Z", "significanceOfRT":1, "significanceOfRTName":"Start of forecast", "productStatus":0, "productStatusName":"Operational products", "productType":1, "productTypeName":"Forecast products", "productDefinitionTemplate":0, "productDefinitionTemplateName":"Analysis/forecast at horizontal level/layer at a point in time", "parameterCategory":2, "parameterCategoryName":"Momentum", "parameterNumber":3, "parameterNumberName":"V-component_of_wind", "parameterUnit":"m.s-1", "genProcessType":2, "genProcessTypeName":"Forecast", "forecastTime":0, "surface1Type":103, "surface1TypeName":"Specified height level above ground", "surface1Value":10.0, "surface2Type":255, "surface2TypeName":"Missing", "surface2Value":0.0, "gridDefinitionTemplate":0, "gridDefinitionTemplateName":"Latitude_Longitude", "numberPoints":65160, "shape":6, "shapeName":"Earth spherical with radius of 6,371,229.0 m", "gridUnits":"degrees", "resolution":48, "winds":"true", "scanMode":0, "nx":360, "ny":181, "basicAngle":0, "lo1":0.0, "la1":90.0, "lo2":359.0, "la2":-90.0, "dx":1.0, "dy":1.0 }, "data":
[rows 26 to 51 of 181, columns 236 to 294 of 360]
2.1466503,2.9366503,3.6566503,2.3566504,1.1066504,0.9866504,0.5566504,0.7366504,0.45665038,0.1866504,-0.3233496,-1.0933496,-1.5133497,-2.0333495,-1.7133496,-1.6433496,-2.7133496,-3.1833496,-2.3533497,-3.2633495,-2.6433496,-1.8233496,-2.1233497,-3.4733496,-4.4233494,-3.6533496,-5.44335,-5.2233496,-4.6133494,-5.19335,-5.71335,-5.2633495,-5.21335,-5.2933497,-4.5333495,-5.0833497,-5.8333497,-6.02335,-3.6233497,-2.6933496,-1.5533496,-1.9433496,-0.8533496,-1.2833496,-2.4233496,-2.4433496,-2.4633496,-2.2333496,-2.0033495,-2.7333496,-4.0733495,-4.7233496,-1.3133496,0.7866504,0.7366504,0.4266504,1.5866504,1.1766504,-1.3333496
1.2366503,0.9566504,1.2866504,0.26665038,-0.15334961,0.5766504,0.35665038,-0.6733496,-0.8733496,0.14665039,0.5166504,0.086650394,-0.8633496,-1.1133496,-0.8833496,-1.1533496,-2.1633496,-2.0733497,-2.0833497,-2.0133495,-1.2533497,-2.1033497,-3.0933497,-5.0633497,-3.4633496,-4.44335,-4.19335,-3.4333496,-3.8533497,-4.6833496,-5.7233496,-5.71335,-5.8533497,-5.5733495,-7.5633497,-7.9733496,-7.8733497,-7.50335,-6.8033495,-5.6633496,-4.96335,-4.0633497,-3.1033497,-3.0933497,-3.3233497,-3.5133495,-2.8033495,-2.0533495,-1.8333496,-1.5633496,-1.3133496,-0.72334963,-0.5433496,-0.48334962,0.3666504,0.9466504,1.4466504,-2.9733496,-3.0033495
-0.0033496094,0.45665038,0.6266504,0.84665036,-0.2733496,-1.4533496,-1.4933496,-1.1033496,-0.4933496,0.6766504,0.6866504,0.06665039,0.9866504,0.7266504,0.05665039,-0.39334962,-1.0233496,-1.6533496,-1.4733496,-1.5933496,-1.6833496,-1.8633496,-1.8433496,-2.2533495,-2.3333497,-2.4733496,-2.5733497,-2.7033496,-2.9133496,-3.4233496,-3.6433496,-5.4333496,-6.6333494,-7.6233497,-8.093349,-8.043349,-7.44335,-6.4533496,-5.7933497,-5.2233496,-4.71335,-4.2433496,-3.9333496,-3.6333497,-2.2933495,-1.9133496,-1.1033496,0.5366504,1.4366504,1.0266504,1.6066504,0.6366504,-1.8533496,-1.1633496,0.2466504,1.0466504,-0.013349609,-1.3033496,-0.06334961
-0.72334963,-1.9033496,0.0066503906,-0.2533496,-0.3533496,-0.4633496,-0.2733496,0.3166504,1.2966504,1.5166504,1.1266503,-0.3133496,-0.3733496,-0.093349606,-0.10334961,-0.26334962,-0.9933496,-1.5333496,-1.8233496,-1.9433496,-2.1333497,-1.9433496,-2.1133497,-2.2633495,-2.4833496,-2.5133495,-2.3933496,-2.0833497,-2.3433497,-2.6633496,-3.9133496,-5.7633495,-6.5533495,-7.1033497,-7.3433495,-7.1533494,-6.6333494,-5.9333496,-5.21335,-4.3133497,-3.4633496,-2.7033496,-2.1233497,-1.7933496,-1.0933496,-0.4433496,-0.07334961,0.9566504,1.5466504,1.3366504,0.71665037,0.8266504,1.6066504,1.2366503,0.5766504,0.7666504,0.13665038,0.03665039,0.0066503906
-1.9733496,-1.1333497,-0.3233496,-0.5233496,-1.2833496,-0.05334961,-0.04334961,-1.8333496,-0.8133496,0.38665038,-0.3833496,-0.9233496,-0.7933496,-0.6833496,-0.6633496,-1.0233496,-1.5433496,-2.0333495,-2.4833496,-2.2633495,-2.6833496,-2.4233496,-4.0833497,-2.4733496,-3.1833496,-3.5433495,-2.4433496,-2.6133497,-3.3533497,-3.1033497,-5.1233497,-5.2833495,-5.4033494,-5.5733495,-5.6333494,-5.4133496,-5.0933495,-4.2433496,-3.8333497,-3.0733497,-2.5233495,-2.4533496,-2.2933495,-2.4233496,-2.0733497,-1.5833496,-1.2433496,-0.33334962,0.11665039,-0.2033496,0.19665039,0.6166504,1.4166504,2.0366504,2.2766504,1.3366504,-0.10334961,-1.1933496,-1.5133497
-0.7333496,-0.3133496,-0.3033496,-0.53334963,-0.4133496,-0.3733496,-0.7333496,-0.15334961,0.41665038,-0.6733496,-2.2333496,-1.9133496,-2.1533496,-1.1233497,0.4066504,0.52665037,0.20665039,-0.29334962,-1.1633496,-1.3433496,-1.8433496,-2.5333495,-2.5833497,-3.1133497,-3.8233497,-3.7733495,-2.8233497,-2.3833497,-3.0933497,-2.8633497,-4.4933496,-4.9533496,-5.02335,-4.8133497,-4.71335,-4.3233495,-3.8933496,-3.1933496,-2.8033495,-2.5133495,-2.4833496,-2.5933497,-2.4733496,-2.5033495,-2.4633496,-2.9033496,-1.6533496,-0.12334961,0.1566504,0.9266504,1.1466504,1.0566504,0.9366504,1.2466503,1.7166504,0.8166504,-0.3733496,-1.3133496,-2.8433497
-0.2833496,-1.1033496,-1.3133496,-1.7033496,0.8166504,0.22665039,-0.8633496,-1.1233497,0.23665039,-1.3733497,-1.5733496,-1.3833497,-1.6233497,-2.1133497,0.7966504,1.6866504,0.026650392,-1.4633496,-1.1433496,-1.1533496,-1.2833496,-1.5033497,-2.6733496,-1.8133496,-2.1633496,-2.1433496,-1.6233497,-1.4733496,-1.5033497,-1.5433496,-2.5833497,-3.3833497,-5.6033497,-6.4333496,-5.3333497,-3.0733497,-1.2333496,-1.5333496,-0.8333496,-0.45334962,-0.3233496,-0.6133496,-1.1933496,-1.6833496,-1.3633496,-1.0833496,-1.0233496,-0.3733496,0.7866504,1.0066504,0.8266504,1.4166504,1.2266504,0.8366504,0.4666504,0.48665038,0.9766504,1.5466504,1.0266504
0.19665039,-0.6433496,-0.84334964,-1.2433496,-0.093349606,0.7866504,-1.0733496,-0.5833496,-0.12334961,-1.0033497,-0.15334961,-1.0333496,-1.6433496,-1.3733497,0.2166504,-0.3033496,-0.6033496,-0.4133496,-1.2333496,-1.4633496,-1.8833497,-0.9333496,-0.03334961,-1.0833496,-1.2233496,-2.1933496,-1.7633497,-1.8833497,-1.5833496,-1.9033496,-3.0433495,-4.1333494,-3.0533495,0.8266504,1.1966504,0.6266504,-0.1433496,-0.7733496,-1.0933496,-1.0133497,-0.8033496,-0.6633496,-0.8133496,-0.9333496,-0.8733496,-0.8033496,-0.5733496,-0.21334961,0.7266504,1.5366504,1.9766504,2.2566504,1.8666503,1.1366504,0.48665038,0.10665039,0.026650392,-0.59334964,-1.3133496
-0.18334961,-0.04334961,-1.2133496,-0.7133496,-0.5233496,-0.13334961,-1.4233496,-0.16334961,-0.5233496,-0.3033496,-0.4933496,-1.2333496,-0.97334963,-1.1133496,-0.8333496,-1.3833497,-1.2833496,-1.5133497,-1.6933496,-2.0233495,-1.5133497,-1.0233496,-0.9833496,-0.9833496,-1.1333497,-1.3033496,-1.6433496,-1.7533497,-1.9833496,-2.1833496,-2.4833496,-2.0333495,-1.0133497,0.3466504,0.7666504,0.9766504,1.7366503,2.4366503,1.4266504,0.22665039,-1.2933496,-2.0733497,-2.8733497,-2.8333497,-2.1733496,-1.7333496,-1.4533496,-1.4433496,-0.3533496,1.1366504,0.3066504,0.6166504,0.8666504,0.6866504,-1.0133497,-1.0233496,-0.7633496,-1.5533496,-1.9033496
-0.11334961,0.04665039,0.8366504,0.3366504,-0.4733496,-1.2633497,-0.42334962,0.19665039,0.8766504,0.6266504,-0.6733496,-1.1433496,-1.0833496,-1.3533496,-1.8633496,-2.0433495,-2.3233497,-2.3333497,-1.7333496,-0.26334962,-0.29334962,-0.42334962,-0.2533496,-0.3033496,-0.19334961,-0.6933496,-1.2833496,-1.0133497,-0.5133496,-0.03334961,0.03665039,0.6166504,0.8266504,1.4466504,1.7766504,2.1966505,3.5066504,3.2766504,2.3866503,2.9466505,2.8066504,2.4966505,1.0666504,1.0566504,1.2766504,1.0966504,3.1966505,4.5766506,3.1166503,1.9266504,1.5866504,-0.48334962,-0.18334961,0.45665038,-1.0333496,-1.6533496,-2.5233495,-2.9833496,-3.0333495
1.4666504,0.07665039,1.1166503,0.6266504,1.1166503,1.1266503,0.8766504,1.2466503,-0.3433496,-1.8433496,-0.7433496,-0.9333496,-1.7233496,-1.9833496,-1.9733496,-2.6033497,-2.4933496,-1.8633496,-0.8633496,0.4466504,-0.11334961,0.026650392,1.4366504,0.6366504,0.4366504,-0.8733496,-0.90334964,-0.4133496,-0.10334961,-0.0033496094,0.14665039,0.4266504,0.9766504,1.8666503,2.0366504,2.2766504,2.5266504,2.4866505,2.1666503,2.2366505,1.7866504,2.3766503,1.7966504,0.5766504,0.1266504,0.3166504,4.1966505,1.3666503,0.3666504,-0.2033496,0.29665038,0.7066504,-0.16334961,-1.5133497,-1.4733496,-2.4933496,-2.7933495,-3.7933495,-4.4733496
1.2666504,1.0366504,1.2166504,1.2166504,2.3966503,1.4866503,2.2066505,1.3866504,0.3766504,0.52665037,0.11665039,-0.5433496,-1.3633496,-2.1333497,-2.8033495,-2.7233496,-2.7333496,-1.1333497,2.4866505,2.7266505,3.6966505,3.0466504,0.71665037,3.0066504,2.6166503,1.6366504,3.7066505,1.6266503,2.5566504,2.4666505,2.2066505,3.4166503,2.1866503,2.0766504,1.7666504,1.3766503,1.2166504,1.5266504,2.0966504,2.0566504,1.4566504,1.1066504,1.1666504,-0.3533496,-0.6433496,-1.1033496,1.7566504,0.90665036,-0.13334961,0.23665039,-0.16334961,-1.0633496,-1.9333496,-2.8733497,-3.0033495,-3.4933496,-3.2033496,-2.9833496,-3.4233496
1.2066504,0.06665039,1.0066504,-0.45334962,0.026650392,0.2566504,0.35665038,0.2166504,2.0866504,0.29665038,-0.9133496,-0.9333496,-1.5733496,-2.0933497,-2.3633497,-0.2533496,1.4566504,2.6166503,3.3566504,3.3966503,2.8866503,2.9066503,2.9166503,1.9066504,2.6766503,2.2066505,4.8566504,5.2566504,2.3766503,2.4766505,1.7166504,1.6166503,1.2766504,1.0466504,0.5366504,1.2666504,1.7666504,1.7166504,1.5066504,1.3366504,0.8566504,0.7466504,0.01665039,-2.3433497,-2.0633497,-3.0533495,1.6166503,-0.3433496,-0.53334963,-0.8933496,-1.5933496,-1.6233497,-2.9233496,-2.2133496,-2.6233497,-2.5633497,-2.2533495,-3.1733496,-3.7333496
1.8466504,0.3166504,0.05665039,0.41665038,-0.12334961,-0.3133496,-0.21334961,0.6766504,-0.42334962,1.2366503,-0.5033496,-1.1533496,-2.4633496,-2.9433496,0.3766504,2.3366504,2.7166505,2.4166503,2.5066504,2.6766503,2.3666503,2.4266503,2.7766504,2.6766503,1.9066504,2.7566504,3.1866503,3.4466505,1.8866504,1.6566504,0.9766504,0.6866504,0.3466504,-0.11334961,0.8666504,1.5466504,1.2966504,1.1566504,0.52665037,0.1266504,0.01665039,-0.36334962,-1.0833496,-0.15334961,-0.07334961,0.4466504,-0.5533496,-1.5933496,-1.7033496,-2.0033495,-2.2233496,-2.0233495,-2.3633497,-2.2033496,-2.1833496,-3.0833497,-3.8133497,-3.5733497,-4.4533496
-0.10334961,0.5666504,-0.24334961,1.1566504,0.3766504,0.8366504,0.6366504,0.06665039,-0.48334962,-1.0433496,-0.3833496,-0.3833496,0.026650392,-0.2033496,2.2866504,2.8866503,2.0366504,1.4666504,2.3766503,2.7866504,2.2966504,2.7566504,2.5866504,1.7966504,0.6866504,2.2166505,2.4066503,1.6866504,1.0866504,0.7066504,0.4266504,-0.10334961,-0.29334962,0.0066503906,1.2966504,0.2566504,0.59665036,0.2866504,-0.16334961,-0.013349609,-0.3433496,-0.78334963,-0.7633496,-0.4433496,-0.9633496,-0.6133496,-0.8533496,-1.6433496,-1.9833496,-1.7533497,-1.9033496,-2.7533495,-2.6833496,-2.0833497,-2.5933497,-3.9333496,-3.1933496,-3.6633496,-6.8433495
0.3066504,1.0166504,0.9566504,0.05665039,-0.02334961,-0.72334963,-1.6833496,-0.4433496,-0.72334963,-0.4633496,0.7266504,1.1166503,-1.3333496,-0.13334961,-0.7333496,0.026650392,0.4066504,1.4166504,2.0266504,1.9566504,2.0266504,2.0766504,1.6666504,2.4166503,2.3666503,2.3266504,0.9466504,0.5666504,0.7366504,1.3666503,-0.2533496,-0.42334962,-0.4633496,0.8266504,-0.02334961,-0.3833496,-1.0133497,-1.3233496,-1.0533496,-0.9533496,-1.1633496,-1.4533496,-1.5233496,-1.3733497,-1.6133496,-1.9333496,-2.0733497,-2.0933497,-2.5733497,-2.3133497,-1.7433496,-1.7333496,-1.9233496,-1.2333496,-2.1733496,-2.5533495,-5.3833494,-3.8033495,-2.6933496
0.9866504,1.5866504,-0.06334961,-1.7733496,-1.4933496,-0.6033496,-1.1233497,0.3066504,0.07665039,0.10665039,-0.2833496,0.2866504,-1.8333496,-1.3833497,0.9266504,-1.3133496,-0.093349606,0.7366504,0.41665038,1.5366504,1.5366504,1.4266504,2.0566504,2.3366504,1.5966504,0.5566504,-0.8033496,-0.36334962,-0.8933496,-2.0433495,-1.2533497,-0.4933496,0.2166504,0.05665039,-1.3233496,-2.7433496,-2.9633496,-2.4733496,-1.2833496,-1.7833496,-1.8233496,-2.0733497,-2.0033495,-1.8533496,-1.6433496,-2.3133497,-2.5233495,-2.5033495,-2.9033496,-2.6733496,-1.9033496,-1.7033496,-2.0833497,-0.8333496,-1.1733496,-2.0733497,-2.7933495,-2.3733497,-3.0133495
0.9166504,1.0266504,0.4366504,-0.9333496,-1.6933496,1.8266504,1.1266503,0.8166504,-0.8033496,0.05665039,-1.0033497,-0.7433496,-0.6633496,-0.90334964,-1.1833496,-1.7933496,-0.5533496,0.04665039,1.8266504,0.1866504,2.8066504,1.7066504,1.8266504,0.7966504,-0.13334961,-0.78334963,-1.6233497,-2.1533496,-1.1433496,-1.8633496,-1.4433496,-1.0233496,0.2566504,-1.7033496,-1.4033496,-1.3033496,-2.5533495,-3.0633497,-4.3733497,-2.2033496,-1.2533497,-1.8633496,-2.2833495,-2.1133497,-2.8733497,-2.5333495,-2.6233497,-2.8833497,-2.7133496,-2.2433496,-2.6333497,-3.1333497,-2.6833496,-1.4633496,-2.2933495,-2.6033497,-4.4733496,-3.2533495,-3.2633495
1.4266504,0.086650394,-1.7833496,-1.3033496,-0.45334962,1.5066504,0.4466504,0.59665036,-0.16334961,-0.39334962,-1.0533496,-1.5533496,-2.9133496,-1.0533496,-1.5833496,-3.5933497,-4.1733494,-0.4033496,2.2666504,3.6166503,3.5866504,2.0666504,0.96665037,-0.24334961,-0.53334963,-1.4933496,-1.9933496,-1.6833496,-1.3833497,-2.4133496,-2.0133495,-1.4733496,-1.1133496,-0.4633496,0.0066503906,-1.1133496,-1.7533497,-2.6633496,-2.6633496,-2.7333496,-2.4933496,-3.4333496,-2.8333497,-3.1033497,-2.5433495,-2.1033497,-2.0433495,-2.8933496,-3.2433496,-2.6633496,-2.3133497,-3.6933496,-1.4533496,-1.1533496,-2.9933496,-3.6533496,-4.2833495,-1.9533496,-0.7433496
0.5366504,0.5766504,-0.18334961,1.0866504,-0.7133496,-0.7733496,-1.5333496,-2.8733497,-2.5433495,-1.5233496,-2.8133497,-2.8133497,-4.2033496,-2.7533495,-2.2733495,-6.6233497,-3.4033496,-0.5533496,3.1066504,0.7566504,2.4466505,2.3766503,0.9966504,-0.36334962,-0.6033496,-2.1533496,-0.6233496,-1.7033496,-2.2133496,-2.9233496,-2.6533496,-1.3033496,-0.4133496,0.2166504,0.29665038,-0.8333496,-2.6033497,-6.48335,-5.2833495,-1.9233496,-2.1533496,-5.00335,-5.9033494,-5.6133494,-3.9233496,-1.9933496,-2.8633497,-3.3533497,-3.5233495,-2.8833497,-2.0533495,-3.0533495,-2.1033497,-1.2833496,-1.5533496,-0.5833496,-0.9433496,-0.4733496,2.3866503
0.2166504,0.77665037,0.35665038,0.8866504,-1.1333497,-3.0833497,-1.6933496,-1.6533496,-1.4233496,-2.0433495,-4.1433496,-6.9533496,-6.1233497,-2.0233495,-1.3633496,-4.9533496,-6.5733495,-0.08334961,2.9566505,5.99665,0.8666504,0.9766504,1.0166504,0.9866504,0.2466504,-1.3333496,-1.4533496,-1.8333496,-2.2533495,-2.0633497,-1.8933496,-1.4033496,-0.78334963,-0.6733496,-0.7733496,-2.6433496,-4.2833495,-5.5633497,-2.0833497,-2.0533495,-2.6133497,-2.3833497,-6.3733497,-3.4433496,-3.4233496,-2.6633496,-3.2833495,-4.52335,-3.8633497,-1.8633496,-1.4333496,-2.7033496,-1.1933496,-0.7033496,-0.6433496,0.7966504,2.0766504,3.3766503,2.5366504
0.7866504,0.3366504,-1.1333497,-1.3233496,-2.3933496,-2.4433496,-2.8233497,-2.3633497,-3.5833497,0.2466504,1.0366504,-1.4633496,-3.2033496,-0.5433496,-3.5033495,-1.9733496,-6.6033497,-6.2233496,3.6666503,5.6966505,1.7866504,2.5266504,2.7566504,1.1866504,-0.2733496,-1.5133497,-2.4833496,-2.1233497,-1.9333496,-2.2233496,-2.1733496,-2.1533496,-2.4833496,-1.4933496,-1.4433496,-2.2733495,-3.0233495,-5.00335,-2.5133495,-2.3133497,-2.7433496,-2.7133496,-2.8133497,-2.6633496,-2.8633497,-2.5233495,-2.4033496,-3.5833497,0.23665039,1.6266503,1.0066504,0.4266504,0.9166504,1.1266503,3.8666503,3.0866504,3.4066503,4.5066504,3.9466505
-1.1233497,-1.3133496,-1.5133497,-2.6133497,-3.3633497,-5.50335,-5.4733496,-8.78335,-3.3233497,-3.7233496,-5.3833494,-7.71335,-4.1833496,-1.7333496,-3.7033496,-10.22335,-12.213349,-4.7233496,3.5366504,2.4466505,3.5766504,2.6466503,2.0866504,0.8666504,-0.04334961,-1.0033497,-1.2933496,-2.3133497,-2.4833496,-2.4333496,-2.3833497,-2.6933496,-1.8733497,-1.4033496,-0.7733496,-1.5533496,-1.7733496,-3.1533496,-1.3633496,-1.3433496,-0.9133496,-3.3733497,-4.23335,-2.5433495,0.19665039,1.0966504,0.7966504,1.1866504,0.9266504,-0.04334961,0.7266504,0.5566504,1.9066504,2.2866504,4.30665,4.9666505,3.8766503,2.8266504,1.7066504
-1.0433496,-3.5233495,-2.6733496,-1.2633497,-5.5833497,-5.02335,-6.8833494,-5.4733496,-4.7433496,-4.7233496,-7.98335,-9.623349,-2.6133497,-3.5533495,-3.5533495,-4.2433496,-5.0733495,2.0866504,2.5366504,4.4666505,4.3766503,3.0266504,2.1666503,1.3066504,-0.13334961,-0.78334963,-1.8833497,-2.9633496,-2.6333497,-2.1233497,-2.2033496,-1.7733496,-1.7333496,-0.19334961,-0.3733496,-0.3733496,-0.97334963,-1.3833497,-0.3133496,0.4966504,0.5766504,-0.5133496,0.03665039,1.1266503,1.2266504,0.8766504,-0.4433496,0.23665039,0.5366504,1.0566504,0.9566504,2.1866503,5.26665,5.7366505,5.8566504,4.6866503,2.7266505,0.6466504,-1.0933496
-4.5633497,-1.6533496,-5.2233496,-2.6333497,-4.2433496,-6.3333497,-5.7933497,-5.1833496,-7.5633497,-5.2033496,-7.9033494,-8.57335,-4.4033494,-0.36334962,-0.013349609,-0.97334963,0.4766504,2.2166505,0.84665036,-2.7033496,3.8266504,2.7466505,1.6866504,0.6466504,-0.2533496,-1.8933496,-2.8233497,-2.8633497,-2.8033495,-1.7833496,-1.6633496,-0.8233496,-0.8133496,-0.22334962,0.5466504,0.4466504,-0.9533496,-0.24334961,1.5766504,2.2066505,0.9866504,0.8866504,1.9366504,1.6266503,1.3566504,-0.0033496094,0.3166504,1.0766504,0.7866504,1.8266504,2.9066503,4.0266504,4.5866504,4.2566504,3.5966504,2.0366504,-0.03334961,-1.5433496,-2.4333496
-11.01335,-1.5433496,-8.913349,-3.0433495,-2.6233497,-7.6533494,-6.3633494,-6.1133494,-8.68335,-7.73335,-6.7833495,-10.0533495,-2.1633496,-0.5133496,0.7366504,1.3266504,1.1366504,2.2766504,1.2366503,2.1766503,2.2166505,2.8866503,2.3866503,0.96665037,-0.78334963,-2.0833497,-1.9433496,-1.9433496,-1.3233496,-1.6233497,-1.0833496,-0.16334961,0.03665039,-0.5433496,0.4266504,0.9466504,1.2766504,2.3566504,1.4566504,0.5866504,0.9166504,0.2866504,0.5766504,0.6066504,1.1866504,0.14665039,0.52665037,1.0866504,2.6666503,2.9266503,4.2366505,2.8466504,1.8566504,0.7966504,0.1566504,-1.1533496,-2.4933496,-3.1733496,-4.1533494
