raw-data-f/2018100906f3.json
{"header": { "discipline":0, "disciplineName":"Meteorological products", "gribEdition":2, "gribLength":74893, "center":7, "centerName":"US National Weather Service - NCEP(WMC)", "subcenter":0, "refTime":"2018-10-09T06:00:00.000Z", "significanceOfRT":1, "significanceOfRTName":"Start of forecast", "productStatus":0, "productStatusName":"Operational products", "productType":1, "productTypeName":"Forecast products", "productDefinitionTemplate":0, "productDefinitionTemplateName":"Analysis/forecast at horizontal level/layer at a point in time", "parameterCategory":2, "parameterCategoryName":"Momentum", "parameterNumber":3, "parameterNumberName":"V-component_of_wind", "parameterUnit":"m.s-1", "genProcessType":2, "genProcessTypeName":"Forecast", "forecastTime":3, "surface1Type":103, "surface1TypeName":"Specified height level above ground", "surface1Value":10.0, "surface2Type":255, "surface2TypeName":"Missing", "surface2Value":0.0, "gridDefinitionTemplate":0, "gridDefinitionTemplateName":"Latitude_Longitude", "numberPoints":65160, "shape":6, "shapeName":"Earth spherical with radius of 6,371,229.0 m", "gridUnits":"degrees", "resolution":48, "winds":"true", "scanMode":0, "nx":360, "ny":181, "basicAngle":0, "lo1":0.0, "la1":90.0, "lo2":359.0, "la2":-90.0, "dx":1.0, "dy":1.0 }, "data":
[rows 0 to 25 of 181, columns 60 to 119 of 360]
-0.98389894,-0.86389893,-0.7438989,-0.6238989,-0.49389893,-0.37389892,-0.25389892,-0.13389893,-0.013898926,0.11610107,0.23610108,0.35610107,0.47610107,0.6061011,0.7261011,0.84610105,0.96610105,1.086101,1.2061011,1.3261011,1.4461011,1.5661011,1.6861011,1.8061011,1.9261011,2.036101,2.156101,2.276101,2.386101,2.5061011,2.616101,2.7261012,2.846101,2.9561012,3.066101,3.176101,3.286101,3.386101,3.4961011,3.606101,3.7061012,3.806101,3.916101,4.016101,4.1161013,4.206101,4.306101,4.406101,4.496101,4.5961013,4.686101,4.776101,4.8661013,4.946101,5.036101,5.1161013,5.206101,5.286101,5.3661013,5.446101
-1.533899,-1.393899,-1.2438989,-1.1038989,-0.9538989,-0.80389893,-0.66389894,-0.5138989,-0.37389892,-0.22389893,-0.083898924,0.066101074,0.21610108,0.37610108,0.52610105,0.6861011,0.83610106,0.9961011,1.1561011,1.3061011,1.466101,1.626101,1.7961011,1.9561011,2.126101,2.296101,2.4661012,2.636101,2.806101,2.9761012,3.156101,3.326101,3.5061011,3.676101,3.856101,4.026101,4.196101,4.376101,4.546101,4.706101,4.8861012,5.046101,5.206101,5.376101,5.546101,5.706101,5.8661013,6.026101,6.196101,6.336101,6.476101,6.626101,6.766101,6.896101,7.026101,7.156101,7.286101,7.406101,7.516101,7.6161013
-2.853899,-2.703899,-2.5438988,-2.333899,-2.123899,-1.893899,-1.653899,-1.413899,-1.133899,-0.84389895,-0.54389894,-0.22389893,0.096101075,0.41610107,0.7461011,1.0661011,1.3861011,1.7061011,2.0061011,2.306101,2.616101,2.906101,3.1961012,3.4861012,3.7661011,4.036101,4.296101,4.566101,4.8261013,5.086101,5.336101,5.586101,5.836101,6.0761013,6.316101,6.556101,6.786101,7.016101,7.236101,7.446101,7.666101,7.8661013,8.056101,8.256101,8.436101,8.616101,8.786101,8.946101,9.106101,9.256101,9.396101,9.526101,9.646101,9.766101,9.866101,9.966101,10.056101,10.136101,10.206101,10.276101
-1.163899,-1.153899,-1.133899,-1.1038989,-1.0838989,-1.033899,-0.9938989,-0.92389894,-0.8338989,-0.7538989,-0.6338989,-0.49389893,-0.33389893,-0.14389892,0.07610107,0.32610106,0.6061011,0.9261011,1.2561011,1.6561011,2.046101,2.4961011,2.936101,3.406101,3.876101,4.3461013,4.806101,5.256101,5.686101,6.106101,6.486101,6.8661013,7.226101,7.566101,7.896101,8.226101,8.546101,8.856101,9.176101,9.476101,9.766101,10.036101,10.286101,10.506101,10.706101,10.8761015,11.016101,11.146101,11.236101,11.326101,11.366101,11.406101,11.436101,11.466101,11.496101,11.516101,11.536101,11.556101,11.586102,11.616101
-0.7438989,-0.7138989,-0.66389894,-0.61389893,-0.5638989,-0.5138989,-0.45389894,-0.39389893,-0.30389893,-0.20389892,-0.083898924,0.046101075,0.18610108,0.34610108,0.52610105,0.70610106,0.90610105,1.126101,1.356101,1.606101,1.866101,2.156101,2.4761012,2.806101,3.176101,3.576101,3.9961011,4.466101,4.976101,5.506101,6.066101,6.666101,7.266101,7.8461013,8.406101,8.926101,9.406101,9.816101,10.176101,10.466101,10.716101,10.906101,11.056101,11.196101,11.296101,11.426101,11.546101,11.666101,11.766101,11.846101,11.916101,11.956101,11.976101,11.996101,11.966101,11.916101,11.836102,11.736101,11.606101,11.456101
-0.053898927,-0.113898925,-0.17389892,-0.25389892,-0.3238989,-0.3838989,-0.42389894,-0.46389893,-0.47389892,-0.45389894,-0.40389892,-0.3238989,-0.22389893,-0.10389893,0.026101075,0.18610108,0.35610107,0.57610106,0.82610106,1.1361011,1.496101,1.8961011,2.346101,2.856101,3.426101,4.056101,4.716101,5.416101,6.1161013,6.816101,7.446101,8.026101,8.516101,8.906101,9.196101,9.416101,9.606101,9.826101,10.036101,10.286101,10.526101,10.746101,10.936101,11.066101,11.116101,11.106101,11.016101,10.916101,10.826101,10.726101,10.636101,10.616101,10.616101,10.666101,10.736101,10.816101,10.916101,10.996101,11.056101,11.086102
-0.16389893,-0.26389894,-0.36389893,-0.44389892,-0.5038989,-0.54389894,-0.55389893,-0.54389894,-0.5038989,-0.45389894,-0.3838989,-0.28389892,-0.18389893,-0.043898925,0.10610107,0.27610108,0.48610106,0.7261011,1.0061011,1.3261011,1.6661011,2.056101,2.4661012,2.896101,3.356101,3.816101,4.276101,4.736101,5.176101,5.5961013,6.016101,6.506101,6.996101,7.436101,7.836101,8.146101,8.386101,8.516101,8.556101,8.646101,8.716101,8.776101,8.866101,9.026101,9.256101,9.526101,9.806101,10.036101,10.176101,10.216101,10.196101,10.106101,9.956101,9.866101,9.796101,9.696101,9.696101,9.786101,9.856101,9.826101
-0.7038989,-0.8138989,-0.8938989,-0.9538989,-0.98389894,-0.98389894,-0.9638989,-0.9638989,-0.98389894,-1.033899,-1.0938989,-1.1038989,-0.97389895,-0.8338989,-0.6238989,-0.39389893,-0.13389893,0.14610107,0.48610106,0.82610106,1.1761011,1.5461011,1.9461011,2.376101,2.826101,3.306101,3.816101,4.336101,4.856101,5.356101,5.816101,6.0961013,5.956101,6.1161013,6.266101,6.486101,6.8261013,7.286101,7.796101,8.266101,8.646101,8.8761015,8.956101,8.846101,8.616101,8.296101,7.966101,7.726101,7.646101,7.6161013,7.726101,7.856101,7.956101,8.036101,8.076101,8.136101,8.226101,8.346101,8.486101,8.666101
0.16610107,0.07610107,-0.043898925,-0.18389893,-0.34389892,-0.5038989,-0.6438989,-0.7438989,-0.78389895,-0.7738989,-0.7438989,-0.72389895,-0.72389895,-0.72389895,-0.73389894,-0.7138989,-0.6438989,-0.5238989,-0.3538989,-0.13389893,0.10610107,0.38610107,0.71610105,1.096101,1.5261011,1.986101,2.4461012,2.876101,3.2561011,3.626101,4.066101,4.746101,5.686101,6.806101,7.8261013,8.496101,8.746101,8.656101,8.486101,8.386101,8.396101,8.316101,8.416101,8.856101,8.766101,8.556101,7.8661013,7.416101,7.0761013,6.906101,6.8461013,6.816101,6.806101,6.8461013,6.976101,7.176101,7.3661013,7.516101,7.5961013,7.626101
2.366101,1.6861011,1.2761011,0.69610107,0.17610107,-0.16389893,-0.43389893,-0.60389894,-0.7638989,-0.9438989,-1.1138989,-1.253899,-1.3538989,-1.4238989,-1.4438989,-1.4338989,-1.413899,-1.383899,-1.3538989,-1.283899,-1.1038989,-0.79389894,-0.39389893,0.006101074,0.41610107,0.95610106,1.7061011,2.576101,3.396101,4.156101,5.156101,6.666101,8.186101,8.656101,7.126101,5.286101,4.276101,5.546101,7.476101,9.006101,9.386101,8.886101,7.996101,7.206101,6.806101,6.776101,7.106101,7.566101,7.986101,8.206101,8.086102,7.706101,6.976101,6.936101,7.026101,7.046101,6.916101,6.726101,6.5761013,6.506101
-0.10389893,-0.18389893,-0.09389892,0.11610107,0.32610106,0.48610106,0.5661011,0.5561011,0.45610106,0.27610108,0.036101073,-0.22389893,-0.48389894,-0.7038989,-0.8938989,-1.0438989,-1.123899,-1.123899,-1.0438989,-0.9938989,-0.98389894,-0.92389894,-0.5838989,0.17610107,1.2861011,2.426101,3.316101,3.916101,4.456101,5.166101,6.066101,6.8261013,6.766101,6.676101,6.6361012,5.676101,5.356101,5.626101,4.936101,3.546101,3.806101,5.496101,7.206101,7.946101,7.816101,7.486101,7.476101,7.786101,8.016101,8.036101,7.936101,7.836101,7.706101,7.536101,7.316101,7.146101,7.0761013,7.106101,7.186101,7.216101
1.0461011,1.466101,1.836101,2.166101,2.376101,2.376101,2.116101,1.6561011,1.0761011,0.51610106,0.056101073,-0.21389893,-0.31389892,-0.3238989,-0.30389893,-0.36389893,-0.59389895,-0.91389894,-1.0838989,-0.66389894,0.3961011,1.726101,2.796101,3.4461012,3.786101,3.9661012,4.1161013,4.426101,5.016101,5.776101,6.3461013,6.336101,5.996101,5.376101,4.526101,3.9661012,3.926101,4.086101,4.356101,5.126101,6.046101,5.936101,4.526101,3.636101,3.4961011,5.006101,6.436101,7.066101,6.6361012,5.936101,5.716101,5.8261013,5.936101,5.816101,5.486101,5.046101,4.566101,4.0961013,3.7561011,3.636101
-0.17389892,-0.10389893,-0.10389893,-0.113898925,-0.113898925,-0.113898925,-0.21389893,-0.40389892,-0.61389893,-0.9438989,-1.373899,-1.8638989,-2.183899,-2.123899,-1.5838989,-0.7138989,0.18610108,0.84610105,1.246101,1.5561011,1.9561011,2.436101,2.896101,3.2661011,3.576101,3.866101,4.186101,4.526101,4.756101,4.726101,4.426101,4.1361012,3.846101,3.906101,4.056101,4.006101,3.866101,3.9761012,4.3461013,4.466101,4.146101,4.196101,4.5761013,4.646101,4.0961013,3.346101,2.7261012,2.2661011,1.9461011,1.8961011,1.9161011,1.6661011,1.126101,0.6661011,0.5561011,0.89610106,1.596101,2.576101,3.836101,5.306101
0.5361011,0.26610106,-0.07389893,-0.5238989,-0.78389895,-0.20389892,1.086101,1.496101,0.45610106,-0.45389894,-0.5738989,-0.3538989,-0.043898925,0.20610107,0.41610107,0.6161011,0.84610105,1.1861011,1.6761011,2.2061012,2.646101,3.026101,3.346101,3.4761012,3.336101,3.2061012,3.156101,3.156101,3.106101,2.9861012,2.9561012,2.906101,2.7561011,2.806101,3.046101,3.276101,3.316101,3.396101,3.336101,3.0061011,2.686101,2.686101,2.4561012,2.136101,1.596101,1.2061011,0.47610107,-0.7638989,-1.5938989,-1.883899,-2.183899,-2.093899,-0.5738989,2.116101,4.536101,5.706101,6.166101,6.656101,7.516101,8.8761015
2.416101,2.526101,2.2261012,0.88610107,-0.8138989,-1.6138989,-1.4738989,-1.263899,-0.8838989,-0.7038989,-0.47389892,0.07610107,0.76610106,1.3861011,1.9161011,2.416101,2.906101,3.436101,3.7661011,3.906101,3.916101,3.7361012,3.436101,3.126101,2.836101,2.396101,2.106101,1.9461011,1.746101,1.856101,2.336101,3.166101,4.166101,4.756101,4.1161013,2.906101,2.4861012,2.286101,1.716101,1.116101,0.7261011,0.6061011,0.49610108,0.12610108,-0.65389895,-1.7338989,-2.563899,-2.463899,-1.643899,-1.023899,-0.59389895,-0.14389892,1.9161011,4.5761013,6.486101,7.126101,7.3261013,7.456101,7.756101,8.476101
1.4461011,1.1361011,1.0761011,0.6261011,0.066101074,-0.26389894,-0.33389893,-0.26389894,-0.06389893,0.34610108,0.90610105,1.5161011,2.066101,2.5161011,2.9661012,3.5161011,4.456101,5.5761013,5.956101,5.476101,4.816101,4.296101,3.556101,2.396101,1.5661011,1.4061011,1.626101,1.5461011,1.1861011,1.5661011,2.826101,3.9761012,3.9561012,2.916101,2.166101,1.8161011,1.6361011,1.606101,1.336101,0.7961011,-0.07389893,-0.91389894,-1.4638989,-2.7938988,-5.073899,-4.743899,-2.333899,-0.033898927,1.246101,1.4361011,1.2661011,1.2561011,1.7761011,2.926101,4.696101,6.0961013,7.086101,8.216101,9.266101,10.026101
6.746101,6.556101,5.716101,4.816101,3.9461012,3.346101,3.0161011,2.9561012,3.126101,3.0061011,2.4861012,2.2461011,2.636101,3.326101,4.296101,4.986101,5.506101,5.516101,5.266101,4.416101,3.646101,2.856101,1.876101,1.346101,1.3161011,1.346101,0.9161011,0.63610107,1.9261011,3.576101,3.7161012,3.086101,2.656101,2.176101,1.486101,0.6861011,-0.053898927,0.13610107,0.41610107,0.16610107,-0.5638989,-1.533899,-2.323899,-3.153899,-4.033899,-4.063899,-2.0138988,0.13610107,1.0261011,1.966101,3.1961012,4.3261013,4.676101,5.1161013,6.3861012,7.066101,7.356101,7.6361012,8.236101,9.066101
6.186101,5.816101,5.356101,4.916101,4.556101,4.276101,3.936101,3.7561011,3.4761012,2.7061012,2.426101,3.156101,3.806101,4.046101,3.7561011,3.786101,4.156101,4.126101,3.7461011,3.126101,2.876101,2.186101,1.996101,1.6861011,1.8861011,2.686101,3.166101,3.106101,2.896101,2.6961012,2.4561012,2.156101,1.7661011,1.3861011,1.0461011,0.82610106,0.6861011,0.24610108,-0.34389892,-1.0838989,-1.8538989,-2.453899,-2.863899,-3.5438988,-4.1138988,-3.333899,-1.3138989,0.9861011,2.2361012,2.676101,2.856101,3.2661011,3.7461011,4.046101,4.266101,4.216101,4.436101,5.3661013,6.5961013,7.716101
5.646101,5.266101,4.8861012,4.586101,4.286101,3.836101,3.566101,3.146101,2.0161011,1.4061011,2.346101,3.2461011,3.336101,3.7661011,3.366101,2.7561011,3.306101,3.0161011,2.7161012,2.396101,2.426101,2.6961012,2.416101,2.046101,2.566101,2.846101,2.556101,2.126101,1.7761011,1.586101,1.5161011,1.3261011,0.88610107,0.41610107,-0.013898926,-0.33389893,-0.5738989,-0.72389895,-1.1138989,-1.6138989,-2.213899,-2.973899,-3.723899,-3.953899,-2.623899,-0.41389892,1.4561011,2.7261012,3.346101,3.666101,3.2461011,2.896101,3.656101,3.816101,3.636101,4.196101,4.706101,5.146101,5.416101,5.966101
6.446101,7.046101,7.046101,6.066101,4.476101,3.126101,1.9561011,1.1561011,1.6761011,3.186101,3.7361012,3.426101,3.2061012,3.2361012,1.976101,1.8261011,1.9061011,1.996101,2.4961011,2.0161011,2.086101,2.386101,2.596101,3.4461012,2.526101,2.116101,2.076101,2.086101,1.8161011,1.5561011,1.5361011,1.4461011,1.096101,0.57610106,0.056101073,-0.21389893,-0.5138989,-0.9638989,-1.5838989,-2.083899,-2.563899,-3.7438989,-4.953899,-3.8038988,-0.60389894,2.396101,4.106101,5.126101,5.196101,4.696101,4.086101,3.126101,2.816101,3.556101,4.1361012,4.426101,4.756101,4.956101,5.426101,5.696101
5.946101,6.5761013,5.986101,4.836101,3.7561011,3.366101,3.616101,2.816101,1.1361011,1.5661011,2.386101,3.2561011,2.6961012,2.7061012,1.7961011,1.6961011,1.7661011,1.6361011,1.2561011,0.9261011,0.9861011,1.4561011,1.856101,1.8861011,1.6461011,1.5761011,1.6561011,1.726101,2.636101,2.126101,2.146101,2.4561012,1.1561011,-0.79389894,-1.3338989,-1.0638989,-1.893899,-3.0338988,-4.713899,-6.803899,-7.4038987,-6.933899,-6.143899,-3.2738988,1.6361011,4.3461013,4.276101,3.9761012,4.766101,4.8261013,3.436101,3.436101,3.4861012,3.166101,2.9861012,3.2461011,3.7561011,4.516101,4.8661013,4.856101
5.1161013,4.496101,4.196101,4.156101,3.896101,3.546101,3.686101,2.536101,0.8661011,-0.17389892,0.32610106,0.77610105,0.7861011,0.6861011,0.40610108,0.57610106,0.70610106,0.6761011,0.7461011,1.096101,1.2561011,1.466101,1.6561011,1.476101,1.106101,0.88610107,1.0661011,1.8861011,1.2861011,0.59610105,0.63610107,1.6661011,1.9061011,1.2061011,0.6161011,0.11610107,-0.41389892,-1.9838989,-2.893899,-3.5438988,-5.913899,-4.8838987,0.016101073,3.176101,3.9961011,3.826101,3.066101,2.876101,3.0061011,2.936101,2.626101,2.286101,1.7861011,1.466101,1.9361011,2.336101,2.626101,3.4561012,3.776101,3.576101
4.236101,3.856101,3.4461012,3.356101,3.1961012,3.7461011,1.8061011,0.8061011,1.5761011,1.5661011,0.44610107,-0.98389894,-1.133899,-0.85389894,-0.92389894,-0.3238989,0.11610107,0.08610108,0.056101073,0.33610108,0.5461011,0.69610107,0.7461011,1.0461011,1.4261011,1.2661011,1.0661011,0.82610106,1.6561011,1.5361011,0.5361011,-0.0038989258,1.0461011,1.126101,0.5561011,-0.29389894,-0.21389893,0.5561011,0.7861011,0.3661011,-0.013898926,0.8661011,2.2461011,4.0961013,4.756101,4.296101,3.576101,3.426101,3.356101,3.2661011,2.916101,2.4561012,2.126101,1.7661011,1.5561011,1.466101,1.6761011,2.2461011,4.026101,3.7561011
3.396101,2.7561011,2.146101,2.7261012,1.966101,-0.7138989,-1.8438989,-0.8338989,0.7961011,0.65610105,0.046101075,-0.8238989,-2.2838988,-2.113899,-1.133899,-0.43389893,0.08610108,0.43610108,0.5561011,0.29610106,0.17610107,0.47610107,0.7361011,0.7461011,0.8661011,1.0261011,1.3061011,1.606101,1.5161011,1.7761011,1.216101,0.7261011,0.5061011,0.066101074,0.19610107,0.26610106,0.056101073,0.026101075,-0.41389892,-0.26389894,0.45610106,1.4161011,2.296101,3.656101,3.776101,3.326101,3.2361012,3.156101,2.9561012,1.866101,1.736101,2.2161012,1.5361011,1.126101,0.8761011,0.90610105,1.126101,2.586101,3.9661012,2.7661011
3.186101,1.7661011,0.77610105,-2.0538988,-3.563899,-2.643899,-2.0138988,-2.173899,-1.633899,-1.7438989,-1.9338989,-1.9638989,-1.653899,-1.5538989,-1.9538989,-1.7338989,-1.3538989,-1.0738989,-0.7538989,-0.42389894,-0.0038989258,0.45610106,0.9761011,1.376101,1.6861011,1.8161011,2.056101,2.146101,1.976101,1.9161011,2.116101,1.6561011,1.226101,1.336101,1.1661011,0.34610108,-0.34389892,-0.46389893,-1.253899,-1.143899,-1.013899,0.08610108,1.9161011,2.846101,2.7061012,2.4561012,2.086101,1.356101,1.5561011,1.726101,1.8861011,1.496101,0.5461011,0.45610106,0.11610107,0.57610106,1.236101,2.326101,2.346101,2.416101
-0.53389895,-0.92389894,-1.143899,-3.573899,-4.063899,-3.7738988,-3.8038988,-3.5338988,-4.023899,-3.923899,-3.813899,-4.003899,-3.973899,-3.563899,-3.0038989,-2.5038989,-2.193899,-1.763899,-1.0538989,-0.36389893,0.23610108,0.8061011,1.1861011,1.876101,2.5161011,2.826101,3.356101,3.906101,3.4461012,3.536101,2.776101,2.306101,1.8261011,1.2861011,0.9961011,0.64610106,0.14610107,0.46610108,-0.113898925,-1.033899,-1.0738989,-0.113898925,1.6361011,1.856101,1.4261011,0.96610105,0.83610106,1.376101,1.596101,0.64610106,0.52610105,0.9161011,0.95610106,1.336101,1.1961011,1.3261011,1.3861011,1.6761011,2.2061012,2.1961012
