raw-data-f/2018100718.json
{"header": { "discipline":0, "disciplineName":"Meteorological products", "gribEdition":2, "gribLength":75042, "center":7, "centerName":"US National Weather Service - NCEP(WMC)", "subcenter":0, "refTime":"2018-10-07T18:00:00.000Z", "significanceOfRT":1, "significanceOfRTName":"Start of forecast", "productStatus":0, "productStatusName":"Operational products", "productType":1, "productTypeName":"Forecast products", "productDefinitionTemplate":0, "productDefinitionTemplateName":"Analysis/forecast at horizontal level/layer at a point in time", "parameterCategory":2, "parameterCategoryName":"Momentum", "parameterNumber":3, "parameterNumberName":"V-component_of_wind", "parameterUnit":"m.s-1", "genProcessType":2, "genProcessTypeName":"Forecast", "forecastTime":0, "surface1Type":103, "surface1TypeName":"Specified height level above ground", "surface1Value":10.0, "surface2Type":255, "surface2TypeName":"Missing", "surface2Value":0.0, "gridDefinitionTemplate":0, "gridDefinitionTemplateName":"Latitude_Longitude", "numberPoints":65160, "shape":6, "shapeName":"Earth spherical with radius of 6,371,229.0 m", "gridUnits":"degrees", "resolution":48, "winds":"true", "scanMode":0, "nx":360, "ny":181, "basicAngle":0, "lo1":0.0, "la1":90.0, "lo2":359.0, "la2":-90.0, "dx":1.0, "dy":1.0 }, "data":
[rows 104 to 129 of 181, columns 118 to 176 of 360]
5.253633,5.3636327,5.3236327,4.5736327,3.6736329,3.0236328,2.2636328,1.3736328,0.7736328,0.2536328,-1.9163672,-4.066367,-1.9463671,-1.4563671,-2.9663672,-2.9463673,-2.4463673,-2.2563672,-4.8263674,-5.026367,-5.766367,-5.8863673,-4.836367,-4.6763673,-1.1863672,-0.046367187,-0.47636718,0.30363283,0.37363282,0.57363284,1.3736328,2.8336327,3.603633,4.1136327,4.9636326,5.253633,5.3236327,5.793633,6.163633,5.763633,5.8036327,4.9636326,4.513633,4.1936326,3.6636329,2.5936327,2.2736328,-0.8163672,-0.55636716,-0.24636719,1.0436329,1.6136328,2.893633,2.6636329,1.9236329,1.5636328,1.2936329,0.4136328,0.7436328
5.8836327,5.723633,5.2836328,4.5936327,3.5736327,3.1836329,2.4336329,1.3136328,0.95363283,-0.5363672,-0.14636719,-1.8963672,-3.5963671,-2.5563672,-3.5663671,-2.6863673,-3.2463672,-2.8463671,-3.4163673,-2.1663673,-2.0363672,-5.4063673,-6.896367,-6.626367,-2.7663672,-1.7763672,-0.016367188,0.043632813,-0.1763672,-0.25636718,0.20363282,1.4736328,2.6936328,3.6736329,4.563633,5.083633,4.493633,4.6536326,5.3036327,5.933633,5.583633,5.4636326,5.243633,6.0536327,6.4036326,4.0336328,3.1936328,1.5936328,-1.0863671,0.8936328,1.3136328,2.1936328,2.2536328,3.7336328,2.0336328,0.14363281,0.6136328,1.1636329,1.9436328
5.753633,5.513633,5.1136327,5.013633,4.9236326,4.2836328,1.3336328,-1.4763672,-0.5863672,-1.2863672,-0.8963672,-2.606367,-2.3163671,-2.4263673,-3.7463672,-2.2963672,-2.4263673,-1.8363671,-1.1263672,0.5036328,0.95363283,2.0936327,0.1836328,-5.6563673,-3.3263671,-3.1763673,-2.636367,0.43363282,-1.1563672,-1.4263672,-1.0363672,0.013632813,1.3736328,2.4936328,3.853633,4.6536326,3.9236329,3.7736328,4.723633,6.2136326,6.453633,6.003633,6.273633,5.8836327,5.993633,6.1736326,4.433633,5.0336328,3.853633,0.40363282,0.103632815,1.2736328,1.8936328,2.6736329,2.7536328,1.1336328,0.4436328,-0.08636719,-0.28636718
4.9436326,4.663633,4.453633,4.503633,5.483633,4.1936326,-0.3963672,0.103632815,-4.3663673,-4.666367,-3.2263672,-2.9263673,-2.7163672,-4.276367,-4.266367,-4.2163672,-3.366367,-2.7163672,-1.2463672,0.16363281,1.2736328,1.7636328,3.0036328,-1.5063672,-3.896367,-5.646367,-1.4163672,-0.22636719,-0.6463672,-2.6763673,-2.6563673,-1.8763672,-0.3263672,1.1436328,2.383633,3.7636328,4.563633,3.1836329,3.7636328,5.243633,5.9636326,5.763633,5.313633,5.203633,5.163633,5.373633,5.1136327,4.263633,3.5936327,2.6636329,3.1936328,4.703633,3.6536329,2.9636328,2.9336329,1.6336328,2.373633,2.5836327,-0.5263672
3.8036327,3.623633,3.6836329,3.5436327,4.3836327,4.083633,3.2636328,0.6636328,-1.0563672,-5.146367,-4.266367,-4.336367,-2.8363671,-3.3363671,-3.6863673,-4.646367,-4.1163673,-3.7263672,-3.4663672,-2.0463672,-0.3563672,0.8936328,0.51363283,0.3536328,-2.4263673,-5.1163673,-2.5963671,0.16363281,-0.5763672,-3.4063673,-3.5963671,-3.2463672,-2.0063672,-0.3963672,1.0336328,2.1836329,3.3436327,4.263633,4.4036326,4.163633,4.3236327,4.1536326,4.3236327,4.203633,3.9736328,3.8136327,4.0336328,3.7236328,3.4136329,3.353633,2.863633,3.9936328,4.273633,4.733633,5.853633,5.373633,4.583633,4.913633,4.873633
2.873633,2.0336328,2.9136329,4.3036327,2.9636328,1.9636328,3.863633,3.9236329,3.853633,-3.7463672,-4.5363674,-3.9063673,-4.416367,-1.9063672,-2.0663671,-3.9963672,-4.046367,-4.726367,-4.1363673,-2.7063673,-0.4863672,1.8536328,3.8336327,1.0436329,-0.80636716,-2.5363672,-1.3563672,-2.8263671,-2.4663672,-3.6963673,-3.616367,-3.5563672,-2.7463672,-1.5463672,-0.11636719,1.1636329,2.0436327,2.6936328,3.3236327,3.883633,3.4136329,3.6636329,3.7236328,3.643633,3.633633,3.2836328,0.9636328,2.6736329,2.9236329,3.0136328,3.2936327,2.3036327,3.7236328,3.9036329,3.8036327,4.063633,4.333633,4.683633,4.9236326
2.5436327,0.8136328,1.6636329,2.7836328,3.103633,2.5336328,2.5536327,0.6736328,2.1936328,-1.0363672,-2.7863672,-3.5263672,-3.856367,-3.4963672,-3.386367,-3.6963673,-3.0063672,-1.1563672,-1.3963672,-0.15636718,0.63363284,3.2136328,4.433633,4.6736326,3.643633,-2.4463673,-3.9463673,-3.3263671,-2.4363673,-1.6863672,-1.3663672,-3.5463672,-3.0963671,-2.0063672,-0.9163672,0.4536328,1.5636328,2.2036328,2.383633,2.363633,3.5836327,2.9836328,2.8036327,3.0836327,3.393633,2.9836328,-0.046367187,1.6036328,1.0736328,1.9736328,2.6736329,2.6536329,2.643633,2.8136327,3.0436327,3.4036329,3.7436328,4.183633,4.2136326
4.893633,4.523633,4.293633,2.8236327,3.103633,3.5636327,4.6536326,4.973633,3.1636329,0.4736328,-0.8263672,-7.266367,-4.566367,-4.956367,-5.146367,-3.356367,-3.136367,-3.0763671,-2.4963672,-1.6463672,-0.8363672,1.3436328,4.023633,4.773633,4.873633,3.0236328,-1.9563671,-4.8063674,-4.046367,-3.9063673,-2.3463671,-1.4963672,-3.8463671,-2.4263673,-1.1963671,0.09363281,1.3036329,2.123633,2.4736328,2.0536327,2.1836329,2.383633,2.2136328,2.123633,2.4536328,2.4036329,1.8536328,-0.5263672,2.0036328,0.31363282,1.8036329,2.6636329,2.363633,1.6636329,2.2636328,2.9536328,3.6936328,4.1536326,4.4036326
7.2836328,5.8836327,6.703633,5.493633,6.7836328,5.3036327,4.163633,4.9636326,4.8236327,2.393633,-0.6463672,-1.6663672,-1.4063672,-4.146367,-4.226367,-4.1163673,-4.2863674,-3.2963672,-3.0563672,-2.6963673,-1.4763672,0.7236328,2.9136329,3.7636328,4.1736326,4.683633,0.1836328,-3.9963672,-5.9063673,-4.8063674,-2.1563673,-1.7763672,-4.016367,-3.0663671,-1.5163672,-0.4663672,0.8136328,1.7536328,2.2536328,1.7136328,2.363633,1.7736328,0.9836328,1.5536329,1.5836328,1.8136328,2.383633,2.4436328,-0.9963672,1.8536328,1.8036329,1.6436328,2.363633,0.6736328,2.4036329,3.0036328,3.383633,3.7936327,4.893633
2.7336328,5.5936327,4.7836328,5.2136326,5.413633,6.0736327,5.0336328,4.663633,3.9336329,4.703633,5.3636327,5.6336327,3.4636328,-4.086367,-2.9763672,-4.486367,-3.2063673,-3.876367,-4.146367,-3.4763672,-1.7163672,0.40363282,2.2936327,2.7436328,3.4136329,4.0936327,5.143633,-4.436367,-5.316367,-4.936367,-3.366367,-2.1863673,-1.4163672,-4.0963674,-3.8363671,-0.4663672,0.8536328,1.3436328,1.9036328,0.63363284,0.8736328,0.9236328,1.1536328,0.94363284,1.2136328,1.6036328,1.9436328,2.5836327,2.373633,1.7136328,1.6736329,2.2936327,2.5636327,0.40363282,1.9536328,2.9136329,3.5236328,4.043633,4.6536326
3.4336329,2.633633,4.353633,4.603633,5.4636326,5.5736327,5.013633,4.483633,4.5336328,3.8436327,3.3136327,6.973633,8.213633,-2.2263672,-2.606367,-11.426367,-6.5763674,-5.986367,-4.4663672,-2.7463672,-1.1963671,0.20363282,1.4336329,2.0436327,2.9536328,3.113633,3.9036329,3.7336328,-0.37636718,-2.8063672,-2.5863671,-2.9163673,-2.1763673,0.49363282,-2.0863671,-0.7663672,0.7436328,1.3936328,1.5636328,-0.79636717,-0.5963672,-0.14636719,0.9936328,1.3536328,1.3236328,1.7036328,2.0436327,2.0836327,2.2136328,2.4236329,2.4036329,2.7736328,2.863633,2.883633,2.9836328,3.0436327,3.0936327,3.363633,3.4236329
1.3236328,1.4536328,2.883633,4.8436327,4.603633,4.9436326,4.253633,4.773633,3.353633,2.893633,0.69363284,-2.2663672,3.5036328,7.4636326,2.4036329,-0.24636719,1.8036329,-2.2663672,-3.1663673,-2.616367,-1.2163672,-0.34636718,1.0436329,1.8336328,2.6536329,2.4136329,2.6836329,3.353633,3.6536329,-1.9063672,-2.4863672,-1.8763672,-2.2263672,-1.3663672,1.0236328,-0.076367185,0.76363283,1.4336329,1.2036328,-2.2063673,-2.106367,-0.92636716,-0.3363672,-0.046367187,1.4036328,1.9936328,1.7736328,1.6736329,1.5536329,1.5536329,1.8436328,2.4236329,2.7636328,2.9936328,3.2236328,3.2936327,3.2836328,3.0836327,3.0936327
2.6836329,1.8536328,3.2336328,4.1736326,4.293633,3.6836329,5.1936326,5.6536326,5.3036327,3.6736329,2.6636329,-0.2963672,0.23363282,4.563633,6.083633,3.9236329,-1.3863672,-3.5263672,-3.2263672,-2.4763672,-1.9963672,-1.2963672,0.31363282,1.4736328,1.7736328,1.2136328,1.3836328,2.2736328,2.8136327,2.2536328,-0.06636719,-2.5463672,-3.2063673,-0.92636716,0.22363281,0.8336328,0.8636328,1.2036328,0.33363283,-2.5663671,-2.896367,-1.8663672,-1.2263672,0.19363281,1.2536328,2.0036328,2.7136328,2.8136327,2.643633,2.373633,2.0836327,2.8436327,2.863633,2.7736328,3.2636328,3.1736329,2.4836328,1.9936328,2.6936328
2.5436327,1.8636328,1.5536329,2.2836328,3.2236328,3.643633,4.5536327,4.013633,4.3436327,4.703633,5.623633,0.46363282,2.0336328,1.4136329,3.6736329,7.013633,5.743633,-0.43636718,-3.4063673,-3.7063673,-3.126367,-2.366367,-0.9163672,0.8136328,1.6436328,1.0536329,0.9936328,0.95363283,0.9136328,0.95363283,2.1836329,-1.1663672,-3.1863673,-3.386367,-0.7463672,0.08363281,0.40363282,0.57363284,-2.5063672,-3.5763671,-2.8063672,-2.0263672,-1.1563672,-0.41636717,0.7736328,1.9736328,2.7036328,3.4036329,2.8036327,2.0836327,3.2336328,3.7136328,4.743633,4.0336328,3.6936328,3.9336329,2.3436327,1.8236328,1.9536328
1.4336329,2.2936327,1.9936328,1.0636328,1.9036328,2.883633,3.633633,3.4736328,2.7636328,3.7236328,4.453633,4.6736326,4.1536326,3.7636328,1.9336329,4.3436327,4.3036327,4.0736327,-2.5763671,-3.9663672,-4.066367,-3.5963671,-1.9763672,-0.06636719,0.69363284,0.69363284,1.1436328,0.88363284,0.15363282,0.103632815,0.6736328,1.1036328,-4.376367,-2.9763672,-0.8763672,1.1136328,-0.86636716,1.3436328,-4.6163673,-3.9663672,-3.4163673,-2.2063673,-1.1763672,-0.80636716,0.43363282,1.2936329,1.6936328,2.8336327,3.133633,3.0836327,3.6536329,4.733633,5.5736327,5.563633,5.2836328,5.0936327,3.373633,1.3736328,1.7736328
0.37363282,1.5236328,2.4936328,3.6636329,2.383633,1.9736328,3.0636327,3.633633,0.9236328,1.0936328,1.3736328,2.3436327,2.0036328,2.1836329,3.5236328,3.363633,5.663633,6.6336327,4.413633,-2.0663671,-3.896367,-3.9063673,-2.9063673,-1.8363671,-1.0863671,-0.13636719,0.9936328,1.3936328,1.3936328,1.5836328,2.1536329,1.7536328,-3.2963672,-0.13636719,-0.15636718,0.7836328,-1.1363672,0.3836328,-4.416367,-4.516367,-3.396367,-2.5363672,-1.5863671,-0.5763672,0.2936328,1.5736328,2.2536328,2.9236329,3.5036328,3.4436328,3.4036329,3.7436328,4.483633,5.143633,4.483633,4.293633,3.7436328,2.2436328,1.8536328
0.24363281,0.40363282,2.2336328,1.9736328,2.613633,4.103633,4.023633,4.203633,2.9636328,2.3336327,2.2936327,2.7636328,3.7736328,4.6136327,4.513633,3.8236327,3.7336328,4.543633,3.613633,-0.7863672,-3.5563672,-2.5463672,-3.7463672,-3.2363672,-1.2563672,0.0036328125,0.4836328,-0.15636718,0.9936328,2.3436327,2.0536327,1.8436328,0.37363282,-0.076367185,-0.12636718,0.4736328,-1.0663671,-1.0863671,-2.876367,-5.1763673,-4.246367,-2.9063673,-1.9563671,-1.1763672,0.63363284,2.103633,3.1536329,3.7336328,3.7436328,3.643633,3.353633,3.7836328,4.1736326,4.253633,3.883633,3.613633,3.353633,3.2036328,2.5736327
0.7236328,0.7436328,0.8636328,1.5536329,2.5836327,2.2636328,2.9436328,3.3136327,3.2636328,2.873633,2.893633,3.5036328,3.5536327,3.4636328,3.5936327,4.3036327,5.3236327,4.9236326,5.023633,-4.336367,-6.0563674,-4.166367,-2.8363671,-1.8563672,-1.0663671,0.20363282,-1.0163672,0.3536328,1.1436328,3.0236328,2.2936327,1.3836328,2.2936327,-0.3063672,-0.55636716,-0.55636716,0.12363281,1.4036328,-3.646367,-5.856367,-5.1363673,-3.7963672,-2.3463671,-1.1963671,0.15363282,1.5136328,2.3236327,2.623633,3.2336328,3.9136329,3.893633,3.4636328,4.123633,4.483633,2.7136328,2.363633,2.2436328,2.5436327,2.0636327
2.4436328,1.5936328,2.2036328,3.1636329,2.0736327,1.6836329,2.5236328,2.2636328,2.383633,2.2436328,2.7636328,3.9536328,4.563633,4.723633,4.373633,3.0936327,2.9836328,4.933633,5.483633,-3.0663671,-4.796367,-3.626367,-2.3363671,-3.0763671,-2.9363673,-1.6163672,-1.3563672,-1.3363671,0.2636328,2.2436328,1.3036329,0.23363282,-0.2963672,-0.8363672,-0.3863672,-1.7063671,-1.9263672,-0.9463672,-4.4063673,-6.8463674,-5.986367,-4.356367,-2.7463672,-1.5863671,-0.54636717,0.4136328,1.1536328,1.9736328,2.7036328,3.4636328,3.863633,4.143633,4.223633,4.9636326,5.3836327,0.9236328,1.8136328,2.103633,2.353633
1.4836328,1.2636328,1.2736328,1.4036328,0.9136328,0.5636328,1.6236328,0.46363282,1.4836328,2.5236328,3.6636329,4.8036327,5.6136327,5.9436326,5.893633,5.7836328,6.2836328,2.4136329,2.613633,-1.8163671,-6.686367,-3.6763673,-5.316367,-3.4963672,-2.9963672,-1.8163671,-2.146367,-1.8563672,-0.9963672,0.5536328,1.5236328,1.7036328,0.27363282,0.12363281,-1.9463671,-5.526367,-6.986367,-4.146367,-6.3663673,-7.876367,-5.956367,-4.226367,-2.8463671,-2.4763672,-0.9963672,0.94363284,2.0636327,1.9636328,2.4536328,3.2136328,4.9236326,5.2836328,5.5336328,5.9636326,4.7836328,4.3036327,3.2136328,2.6636329,3.7436328
1.4836328,1.0836328,0.88363284,0.3936328,-0.41636717,0.33363283,-2.636367,-1.3463672,0.2136328,2.1836329,3.9036329,5.313633,6.183633,6.413633,6.3636327,6.603633,7.373633,7.013633,2.8436327,-0.5063672,-3.1963673,-4.3663673,-5.336367,-4.836367,-2.9163673,-2.616367,-1.3063672,-2.2663672,-2.3463671,-1.6063672,-0.3263672,0.95363283,0.17363282,2.4536328,9.343633,-11.636367,-10.376368,-7.1363673,-8.026367,-7.4263673,-5.3463674,-3.636367,-3.4763672,-1.0363672,0.6836328,1.1736329,1.5236328,2.1636329,3.0136328,3.6936328,4.163633,4.8636327,5.4636326,5.3836327,5.8836327,3.643633,2.3436327,2.6636329,2.8336327
0.023632813,2.4236329,3.603633,2.0436327,-0.3263672,0.2936328,-3.3463671,-2.5663671,-0.80636716,1.4936328,3.7036328,5.3036327,6.583633,6.9436326,7.3036327,7.373633,7.313633,7.913633,7.0536327,3.3236327,-0.6563672,-5.516367,-4.1763673,-3.0963671,-2.2263672,-1.2763672,-0.24636719,-1.3963672,-2.4963672,-2.4663672,-0.6463672,2.0336328,0.8936328,6.993633,5.013633,-5.3863673,-8.306367,-7.876367,-7.566367,-5.936367,-5.6363673,-4.9063673,-2.606367,-1.2163672,-0.80636716,0.46363282,1.4136329,2.353633,3.0336328,3.4636328,4.023633,4.8636327,5.683633,5.9436326,6.493633,4.873633,3.9636328,5.763633,2.5236328
4.413633,4.263633,3.0936327,1.3136328,1.3436328,-0.37636718,-3.9963672,-2.5463672,-0.08636719,2.0336328,3.5236328,4.813633,6.013633,6.6536326,6.7136326,6.913633,7.043633,6.933633,8.0436325,3.2136328,2.1936328,1.6136328,-4.606367,-4.3863673,-2.356367,-1.7863672,-0.8263672,-0.37636718,-0.98636717,-0.2963672,0.03363281,0.69363284,1.1936328,3.5236328,1.2236328,-0.7763672,-5.0363674,-6.836367,-5.666367,-5.4463673,-5.5963674,-3.896367,-3.0663671,-2.5063672,-1.5363672,-0.3863672,0.8436328,1.8936328,2.8136327,3.5236328,4.313633,4.983633,5.643633,5.9236326,5.5736327,4.6736326,1.1736329,5.023633,4.7136326
4.393633,5.3436327,4.723633,4.043633,4.263633,-0.03636719,-2.2063673,-1.8163671,0.46363282,2.2436328,3.4436328,4.3636327,5.7836328,6.3836327,6.373633,6.523633,6.3636327,6.543633,7.063633,7.3636327,6.933633,2.7436328,0.22363281,-1.2663672,-1.7163672,-0.9063672,0.76363283,1.5436329,0.6236328,0.6436328,-0.9463672,-0.41636717,3.9936328,3.4536328,-2.7663672,-2.616367,-3.116367,-5.3463674,-5.356367,-4.496367,-4.256367,-3.896367,-3.3163671,-2.7263672,-1.6663672,-0.4563672,0.9136328,1.9836328,3.2236328,4.3036327,4.9236326,5.493633,6.3636327,6.743633,5.953633,3.4536328,2.5936327,1.1336328,4.103633
3.1836329,4.103633,4.773633,4.243633,2.6636329,-0.3063672,-0.7763672,-0.076367185,1.2236328,2.2836328,3.3236327,4.163633,4.6336327,4.933633,5.233633,5.5936327,6.4236326,6.833633,6.983633,7.103633,6.733633,5.6936326,3.8136327,0.63363284,-2.126367,-2.0163672,-1.7563672,-0.7663672,-0.9763672,-0.25636718,-2.4763672,-2.0063672,1.6936328,1.2736328,-0.92636716,-2.5263672,-3.2263672,-3.7163672,-4.526367,-4.526367,-3.9963672,-3.2563672,-3.2263672,-2.2363672,-1.4863672,-0.34636718,1.0136328,2.4936328,3.373633,4.043633,4.473633,5.043633,6.313633,7.4636326,7.373633,2.5836327,0.05363281,0.20363282,0.7836328
2.853633,3.363633,3.7436328,3.2336328,2.4236329,1.0136328,0.37363282,1.1536328,1.2136328,1.8636328,2.9036329,3.633633,4.0336328,4.1336327,4.483633,5.063633,5.793633,6.3436327,6.773633,6.873633,6.5336328,5.603633,3.613633,1.8236328,-2.6963673,-2.3063672,-2.6763673,-2.4563673,-2.6963673,-3.5763671,-2.5463672,-2.8063672,-1.0963672,0.49363282,0.15363282,-1.2763672,-1.9863672,-3.6863673,-4.7163672,-4.336367,-4.0763674,-3.4563673,-3.2563672,-2.866367,-1.7763672,-0.3863672,1.4636328,3.1836329,3.873633,3.9936328,4.663633,5.5336328,6.513633,6.0936327,7.3436327,2.383633,1.7936329,-0.05636719,1.5036328
