raw-data-f/2018100700f3.json
{"header": { "discipline":0, "disciplineName":"Meteorological products", "gribEdition":2, "gribLength":74960, "center":7, "centerName":"US National Weather Service - NCEP(WMC)", "subcenter":0, "refTime":"2018-10-07T00:00:00.000Z", "significanceOfRT":1, "significanceOfRTName":"Start of forecast", "productStatus":0, "productStatusName":"Operational products", "productType":1, "productTypeName":"Forecast products", "productDefinitionTemplate":0, "productDefinitionTemplateName":"Analysis/forecast at horizontal level/layer at a point in time", "parameterCategory":2, "parameterCategoryName":"Momentum", "parameterNumber":3, "parameterNumberName":"V-component_of_wind", "parameterUnit":"m.s-1", "genProcessType":2, "genProcessTypeName":"Forecast", "forecastTime":3, "surface1Type":103, "surface1TypeName":"Specified height level above ground", "surface1Value":10.0, "surface2Type":255, "surface2TypeName":"Missing", "surface2Value":0.0, "gridDefinitionTemplate":0, "gridDefinitionTemplateName":"Latitude_Longitude", "numberPoints":65160, "shape":6, "shapeName":"Earth spherical with radius of 6,371,229.0 m", "gridUnits":"degrees", "resolution":48, "winds":"true", "scanMode":0, "nx":360, "ny":181, "basicAngle":0, "lo1":0.0, "la1":90.0, "lo2":359.0, "la2":-90.0, "dx":1.0, "dy":1.0 }, "data":
[rows 0 to 25 of 181, columns 0 to 58 of 360]
-8.996241,-8.956241,-8.92624,-8.88624,-8.84624,-8.80624,-8.75624,-8.706241,-8.65624,-8.60624,-8.54624,-8.48624,-8.42624,-8.35624,-8.29624,-8.22624,-8.14624,-8.076241,-7.99624,-7.91624,-7.8362403,-7.7562404,-7.66624,-7.57624,-7.4862404,-7.39624,-7.2962403,-7.1962404,-7.09624,-6.99624,-6.89624,-6.78624,-6.6762404,-6.5662403,-6.45624,-6.3362403,-6.22624,-6.1062403,-5.9862404,-5.86624,-5.7362404,-5.61624,-5.4862404,-5.3562403,-5.22624,-5.09624,-4.95624,-4.82624,-4.68624,-4.5462403,-4.4062405,-4.26624,-4.1262403,-3.9862401,-3.8362403,-3.6962402,-3.5462403,-3.3962402,-3.2462401
-9.30624,-9.31624,-9.326241,-9.34624,-9.35624,-9.3662405,-9.37624,-9.37624,-9.37624,-9.38624,-9.37624,-9.35624,-9.34624,-9.326241,-9.31624,-9.27624,-9.25624,-9.22624,-9.18624,-9.15624,-9.10624,-9.06624,-9.02624,-8.96624,-8.90624,-8.84624,-8.77624,-8.706241,-8.62624,-8.54624,-8.456241,-8.37624,-8.286241,-8.18624,-8.08624,-7.9862404,-7.88624,-7.76624,-7.64624,-7.5262403,-7.4062405,-7.28624,-7.14624,-7.0062404,-6.8762403,-6.7362404,-6.5862403,-6.43624,-6.28624,-6.13624,-5.9862404,-5.8162403,-5.6562405,-5.47624,-5.3162403,-5.14624,-4.9662404,-4.78624,-4.6062403
-7.82624,-7.8762403,-7.9262404,-7.9862404,-8.04624,-8.10624,-8.14624,-8.19624,-8.246241,-8.30624,-8.37624,-8.416241,-8.456241,-8.47624,-8.48624,-8.496241,-8.496241,-8.496241,-8.48624,-8.47624,-8.456241,-8.42624,-8.39624,-8.34624,-8.29624,-8.23624,-8.17624,-8.1162405,-8.05624,-7.9862404,-7.91624,-7.84624,-7.76624,-7.6962404,-7.6062403,-7.51624,-7.4262404,-7.32624,-7.22624,-7.1262403,-7.01624,-6.91624,-6.80624,-6.6962404,-6.57624,-6.45624,-6.3362403,-6.20624,-6.07624,-5.9462404,-5.80624,-5.6762404,-5.53624,-5.38624,-5.2362404,-5.0862403,-4.93624,-4.7762403,-4.6062403
-6.9462404,-6.9662404,-6.99624,-7.0262403,-7.05624,-7.0662403,-7.07624,-7.09624,-7.11624,-7.13624,-7.1562405,-7.18624,-7.20624,-7.2362404,-7.2562404,-7.26624,-7.2762403,-7.28624,-7.30624,-7.30624,-7.30624,-7.2962403,-7.2962403,-7.28624,-7.2762403,-7.26624,-7.26624,-7.2562404,-7.24624,-7.2362404,-7.20624,-7.18624,-7.1562405,-7.1262403,-7.09624,-7.05624,-7.0062404,-6.9662404,-6.9062405,-6.84624,-6.78624,-6.7162404,-6.63624,-6.5462403,-6.45624,-6.3562403,-6.2562404,-6.14624,-6.0262403,-5.89624,-5.76624,-5.64624,-5.5062404,-5.36624,-5.22624,-5.07624,-4.93624,-4.7762403,-4.6262403
-5.61624,-5.6062403,-5.5862403,-5.5662403,-5.5462403,-5.51624,-5.49624,-5.4862404,-5.47624,-5.47624,-5.47624,-5.49624,-5.5062404,-5.5062404,-5.5062404,-5.49624,-5.4862404,-5.47624,-5.43624,-5.4062405,-5.3762403,-5.3162403,-5.28624,-5.26624,-5.22624,-5.1962404,-5.16624,-5.13624,-5.1062403,-5.0862403,-5.0862403,-5.0862403,-5.0862403,-5.0862403,-5.1062403,-5.11624,-5.1262403,-5.13624,-5.14624,-5.1562405,-5.16624,-5.1562405,-5.1262403,-5.1062403,-5.0862403,-5.0462403,-4.9862404,-4.9262404,-4.8562403,-4.7762403,-4.70624,-4.6062403,-4.51624,-4.4262404,-4.3362403,-4.24624,-4.1562405,-4.07624,-3.9962401
-4.13624,-4.13624,-4.1262403,-4.14624,-4.13624,-4.11624,-4.13624,-4.2162404,-4.2162404,-4.30624,-4.3562403,-4.3762403,-4.36624,-4.3362403,-4.30624,-4.26624,-4.22624,-4.18624,-4.1562405,-4.1262403,-4.0862403,-4.0662403,-4.03624,-3.9862401,-3.9562402,-3.9362402,-3.9162402,-3.8962402,-3.8562403,-3.8062403,-3.7362401,-3.6662402,-3.5762403,-3.4962401,-3.4162402,-3.3762403,-3.3662403,-3.3262403,-3.2962403,-3.2762403,-3.2662401,-3.2462401,-3.1762402,-3.1462402,-3.1362402,-3.0962403,-3.0462403,-3.0162401,-2.9862401,-2.9862401,-2.9662402,-2.9462402,-2.9262402,-2.9262402,-2.9362402,-2.9262402,-2.9362402,-2.9462402,-2.9662402
-3.7862403,-3.7762403,-3.7262402,-3.6762402,-3.5962403,-3.4662402,-3.2962403,-3.1262403,-2.9462402,-2.7462401,-2.5662403,-2.4262402,-2.3062403,-2.2062402,-2.1162403,-2.0262403,-1.9562402,-1.8962402,-1.8462403,-1.8062402,-1.7862402,-1.7662402,-1.7662402,-1.7762402,-1.7862402,-1.7962402,-1.7962402,-1.8262402,-1.8062402,-1.8262402,-1.8462403,-1.8462403,-1.8662403,-1.8862402,-1.8962402,-1.8962402,-1.8762403,-1.8362403,-1.7962402,-1.7662402,-1.7362403,-1.6962402,-1.6662402,-1.6062403,-1.5862403,-1.5462402,-1.5162402,-1.4662403,-1.4462402,-1.3962402,-1.3462403,-1.3262402,-1.3162402,-1.3162402,-1.3362403,-1.3662403,-1.4362402,-1.4862403,-1.5562402
-3.9862401,-3.7862403,-3.4562402,-3.0062401,-2.5362403,-2.0662403,-1.5662402,-1.1762402,-0.87624025,-0.68624026,-0.6062402,-0.6562402,-0.7962402,-0.9862402,-1.1862402,-1.3562403,-1.4962403,-1.5962403,-1.6762402,-1.7662402,-1.8462403,-1.9562402,-2.0662403,-2.1662402,-2.2262402,-2.2662401,-2.2762403,-2.2562401,-2.2162402,-2.1862402,-2.1462402,-2.1062403,-2.0662403,-2.0262403,-1.9562402,-1.8962402,-1.8162402,-1.7462403,-1.6662402,-1.5862403,-1.4962403,-1.4262402,-1.5362402,-1.5662402,-1.6462402,-1.7662402,-1.7562402,-1.6862402,-1.5762402,-1.4462402,-1.3262402,-1.2062402,-1.0962403,-1.0062402,-0.9262402,-0.86624026,-0.82624024,-0.80624026,-0.7962402
-2.3062403,-2.1662402,-2.0162401,-1.8462403,-1.5362402,-1.2262403,-1.0962403,-1.1262403,-1.3262402,-1.6262403,-1.9662403,-2.3462403,-2.6862402,-2.9662402,-3.1662402,-3.2962403,-3.3562403,-3.3962402,-3.4962401,-3.6462402,-3.9062402,-4.2162404,-4.4862404,-4.5862403,-4.55624,-4.4462404,-4.5662403,-4.0462403,-3.8962402,-3.9662402,-3.8662403,-3.8662403,-3.9462402,-4.0862403,-4.2562404,-4.36624,-4.3762403,-4.22624,-3.9062402,-3.4262402,-2.8062403,-2.1162403,-1.4262402,-0.7762402,-0.19624023,0.29375976,0.6537598,0.91375977,1.0537598,1.1037598,1.1037598,1.1337597,1.2437598,1.4637598,1.7437598,1.9937598,2.1437597,2.1837597,2.1437597
-2.9262402,-2.9262402,-2.9362402,-2.9362402,-3.1262403,-3.2562401,-3.3962402,-3.6962402,-4.1562405,-5.0862403,-6.01624,-6.5462403,-6.7162404,-6.82624,-6.86624,-6.9062405,-6.91624,-6.8762403,-6.74624,-6.5662403,-6.4062405,-6.2162404,-5.9662404,-5.68624,-5.43624,-5.3562403,-5.41624,-5.5862403,-5.7962403,-6.0062404,-6.14624,-6.18624,-6.20624,-6.1762404,-6.2362404,-6.09624,-5.8362403,-5.14624,-4.01624,-2.5162401,-0.87624025,0.7137598,2.0337598,2.8537598,3.2337599,3.4137597,3.5237598,3.8637598,4.06376,4.13376,4.4737597,4.81376,5.2437596,5.5337596,5.44376,4.94376,4.0937595,3.7237597,4.46376
-5.8562403,-6.76624,-7.49624,-7.78624,-7.91624,-7.93624,-7.95624,-8.17624,-8.496241,-8.98624,-9.286241,-8.80624,-7.28624,-5.3162403,-3.9662402,-4.01624,-4.9662404,-6.3162403,-6.61624,-5.05624,-4.5862403,-4.22624,-4.1762404,-4.8162403,-5.86624,-6.6262403,-6.9062405,-7.1562405,-7.7962403,-7.93624,-8.10624,-8.456241,-8.77624,-8.68624,-7.1062403,-3.8962402,0.13375977,3.4637597,5.23376,5.5537596,5.52376,5.86376,6.5937595,7.73376,8.55376,8.793759,8.293759,7.5137596,6.77376,6.29376,5.85376,5.96376,6.1437597,6.21376,6.29376,6.19376,5.69376,5.65376,5.67376
-7.99624,-8.69624,-9.23624,-9.93624,-10.576241,-10.746241,-10.34624,-9.40624,-8.25624,-6.8562403,-4.6262403,-2.0762403,-1.1462402,-2.0462403,-3.0362403,-3.5062401,-2.9962401,-2.2962403,-1.6862402,-2.0462403,-4.28624,-6.2962403,-6.6562405,-5.82624,-5.20624,-5.1062403,-5.9462404,-6.9462404,-7.51624,-7.6562405,-7.93624,-8.09624,-7.49624,-5.59624,-2.3962402,1.1137598,3.9937599,5.65376,6.52376,6.90376,6.6437597,5.4737597,4.73376,5.25376,7.23376,9.463759,10.18376,9.463759,8.34376,7.52376,7.00376,6.69376,6.48376,6.3937597,6.42376,6.4937596,6.52376,6.52376,6.5137596
-8.90624,-9.21624,-9.60624,-9.97624,-10.05624,-9.73624,-9.13624,-8.47624,-7.57624,-6.0662403,-4.0062404,-2.1562402,-1.2662402,-1.2162403,-1.1762402,-1.2562402,-1.2362403,-0.75624025,-0.6762402,-2.0162401,-3.4462402,-2.5262403,-1.0662402,-1.7462403,-4.68624,-5.89624,-5.95624,-5.8562403,-5.66624,-5.11624,-3.9462402,-2.0762403,0.06375977,1.9637598,3.2837598,3.9737597,4.1837597,4.15376,4.1437597,4.23376,3.9337597,3.2537599,2.7737598,3.9637597,6.88376,9.423759,9.70376,8.52376,7.31376,6.67376,6.35376,6.3737597,6.8737597,7.48376,7.86376,7.88376,7.83376,7.8937597,8.02376
-6.36624,-6.5062404,-6.5262403,-6.39624,-6.0262403,-5.4662404,-4.6562405,-3.7462401,-3.0462403,-2.7062402,-2.6862402,-2.7962403,-2.4362402,-1.4962403,-0.7862402,-0.36624023,-0.22624023,-0.7362402,-1.7162403,-2.2762403,-2.7862403,-3.3462403,-3.4762402,-3.0862403,-2.7962403,-2.8862402,-3.0662403,-3.1162403,-3.0762403,-2.9562402,-2.6762402,-2.2162402,-1.6162403,-1.0262402,-0.57624024,-0.42624024,-0.37624022,-0.0062402342,0.5737598,0.66375977,0.25375977,1.0837598,4.1237597,7.5537596,8.99376,8.35376,7.0737596,6.04376,5.5337596,5.8237596,6.88376,7.9737597,8.45376,8.40376,8.20376,7.9137597,7.38376,6.7037597,6.29376
-5.2962403,-5.14624,-4.9662404,-4.68624,-4.3362403,-4.0062404,-3.6462402,-3.3162403,-3.1062403,-3.0562403,-3.0162401,-2.8762403,-2.8162403,-3.0562403,-3.3362403,-3.1562402,-3.1962402,-3.0062401,-2.7462401,-2.7662401,-2.8862402,-2.8562403,-2.7162402,-2.6062403,-2.5562403,-2.5862403,-2.6062403,-2.5262403,-2.3762403,-2.2862403,-2.3862402,-2.6262403,-2.7962403,-2.7262402,-2.4062402,-2.1262403,-2.2862403,-2.6062403,-1.6062403,1.4937598,4.90376,6.63376,6.6837597,6.1837597,5.42376,4.50376,3.9237597,4.6837597,6.4137597,7.71376,7.8737597,7.4937596,7.0537596,6.40376,5.7037597,5.3937597,5.6237597,5.86376,6.40376
-4.70624,-4.59624,-4.47624,-4.34624,-4.22624,-4.1962404,-4.1762404,-4.11624,-3.9862401,-3.8862402,-3.8562403,-3.7862403,-3.7162402,-3.7462401,-3.8962402,-4.0662403,-3.9962401,-3.3362403,-3.0762403,-2.9262402,-2.8562403,-2.7862403,-2.7662401,-2.9362402,-3.2162402,-3.4162402,-3.6162403,-3.9062402,-4.07624,-3.9562402,-3.5462403,-2.9862401,-2.2962403,-1.2362403,0.15375976,1.3137598,1.8737597,2.4037597,3.3137598,4.19376,4.8037596,4.9537597,4.15376,2.4637597,1.1137598,1.5137597,3.5737598,5.4737597,6.23376,6.11376,5.61376,5.1637597,4.81376,4.23376,3.7437599,4.04376,3.4337597,2.3437598,2.0537598
-3.6762402,-3.4962401,-3.3162403,-3.0862403,-2.8762403,-2.7162402,-2.6462402,-2.6462402,-2.6862402,-2.7262402,-2.7762403,-2.8262403,-2.8762403,-2.8862402,-2.7662401,-2.4262402,-2.0762403,-2.3362403,-3.2662401,-4.11624,-4.59624,-4.76624,-4.7362404,-4.7762403,-4.89624,-4.99624,-4.97624,-4.7962403,-4.45624,-4.01624,-3.5862403,-3.2262402,-2.9362402,-2.5262403,-1.6562402,-0.27624023,1.2437598,2.2037597,2.2137597,1.9137597,1.3537598,-0.28624022,-1.9762403,-1.9062402,-0.83624023,0.99375975,3.7337599,5.5137596,5.6837597,5.63376,5.3437595,4.2237597,2.8137598,1.7237598,0.69375974,0.033759765,-0.5362402,-2.5662403,-2.9262402
0.31375977,0.11375976,-0.18624024,-0.5362402,-0.9162402,-1.3462403,-1.8062402,-2.1962402,-2.4062402,-2.4662402,-2.4462402,-2.5062401,-2.6462402,-2.7162402,-2.6462402,-2.4862401,-2.3562403,-2.5062401,-3.1062403,-3.9862401,-4.74624,-5.07624,-4.9662404,-4.70624,-4.63624,-4.7962403,-4.9262404,-4.82624,-4.4062405,-3.6062403,-2.5562403,-1.6462402,-1.1162403,-0.89624023,-0.88624024,-1.0162402,-1.0762402,-1.2262403,-1.7162403,-2.6562402,-4.5062404,-5.82624,-5.1962404,-4.8362403,-4.22624,0.043759767,3.5137599,3.8137598,4.1437597,4.6437597,4.9937596,5.27376,4.19376,1.4837598,0.26375976,0.18375976,-0.89624023,-0.17624024,4.2037597
0.7737598,0.94375974,0.85375977,0.44375977,-0.066240236,-0.50624025,-0.9162402,-1.3462403,-1.7962402,-2.1762402,-2.4262402,-2.5062401,-2.5062401,-2.5062401,-2.4562402,-2.4162402,-2.6262403,-3.2162402,-3.9562402,-4.55624,-4.9062405,-5.05624,-5.01624,-4.74624,-4.3562403,-3.8962402,-3.3862402,-2.9562402,-2.6462402,-2.3562403,-2.1262403,-2.0462403,-2.0462403,-2.0662403,-2.2162402,-2.4762402,-2.7662401,-3.6562402,-5.05624,-6.8362403,-8.64624,-8.29624,-7.11624,-7.7762403,-6.7562404,-2.8962402,-0.8462402,-0.46624023,0.5337598,1.8437598,3.3437598,4.2037597,3.1737597,2.7037597,1.3737597,0.39375976,2.3037598,3.9037597,4.63376
0.23375976,0.27375975,0.54375976,0.88375974,0.8437598,0.26375976,-0.5262402,-1.0562402,-1.2962402,-1.5462402,-1.9162402,-2.1662402,-2.2662401,-2.3062403,-2.3462403,-2.5762403,-3.0762403,-3.6062403,-4.01624,-4.20624,-4.1062403,-3.9462402,-3.5962403,-3.1162403,-2.5762403,-2.5062401,-1.9362402,-1.1162403,-0.44624025,-0.5362402,-1.0162402,-1.7562402,-2.4362402,-3.1462402,-3.8762403,-4.47624,-5.0862403,-6.2562404,-7.7162404,-9.456241,-10.68624,-9.25624,-8.166241,-9.17624,-8.87624,-7.2362404,-5.43624,-3.4962401,-1.2962402,1.0737598,3.3337598,5.77376,7.48376,7.35376,4.4737597,3.4837599,3.9537597,5.50376,6.2837596
2.1737597,1.4537598,0.92375976,0.5337598,0.49375975,0.92375976,1.2137598,0.75375974,-0.17624024,-0.87624025,-1.0462402,-1.0762402,-1.2462403,-1.6262403,-2.0762403,-2.5362403,-3.0262403,-3.1462402,-2.8162403,-0.9862402,-0.12624024,0.43375978,1.3737597,2.8237598,2.5737598,2.1437597,1.1537597,1.1037598,0.9537598,-0.17624024,-1.6862402,-2.4062402,-3.0662403,-4.3562403,-5.7562404,-6.18624,-6.6262403,-7.9462404,-9.246241,-10.576241,-11.55624,-9.956241,-8.13624,-8.80624,-8.956241,-8.14624,-6.38624,-3.8562403,-1.6162403,-0.11624023,2.7437599,7.7837596,11.31376,11.333759,9.66376,8.60376,8.93376,9.30376,8.713759
4.3237596,3.6637597,2.7537599,1.8837597,1.3837597,1.2137598,1.1437597,1.0137597,0.87375975,0.7737598,0.21375977,-0.9162402,-1.6462402,-1.7762402,-1.8162402,-1.2762402,-1.3162402,-1.0062402,0.39375976,0.88375974,0.5237598,0.5137598,0.55375975,0.7237598,0.7637598,0.12375977,0.073759764,0.16375977,0.49375975,0.8937598,0.5337598,-0.29624024,-0.80624026,-0.9162402,-1.7962402,-2.7662401,-2.9162402,-7.05624,-9.746241,-10.93624,-11.13624,-10.29624,-7.97624,-6.61624,-5.88624,-5.3562403,-4.0462403,-2.5762403,-1.7962402,0.15375976,4.3937597,9.98376,10.99376,8.923759,7.3737597,7.1637597,8.02376,7.42376,6.5737596
4.40376,3.7037597,2.9037597,2.3737597,2.0737598,1.5837598,1.2137598,0.9537598,0.60375977,0.40375978,0.5237598,-0.08624023,-1.6162403,-2.4862401,-2.7362401,-2.4762402,-0.8462402,0.14375977,0.75375974,-0.41624025,-0.13624023,0.08375976,-0.23624024,-0.27624023,0.34375978,0.41375977,0.32375976,-0.19624023,-0.58624023,0.013759766,0.043759767,-0.25624025,-0.93624026,-0.87624025,-0.94624025,-2.1862402,-4.49624,-4.9862404,-4.24624,-4.01624,-7.0062404,-8.18624,-5.36624,-2.8362403,-2.8762403,-1.8262402,-0.80624026,-0.34624022,2.9337597,6.2637596,6.2637596,5.50376,4.54376,3.7637599,3.6137598,4.1837597,4.56376,4.17376,4.5337596
6.33376,4.92376,3.7137597,2.7837598,1.9837598,1.0537598,0.7137598,1.2437598,1.6537597,1.7537597,1.2337598,0.22375977,-1.9662403,-1.8362403,0.09375977,0.80375975,0.99375975,0.34375978,0.36375976,0.11375976,0.013759766,-0.22624023,-0.34624022,0.12375977,0.15375976,0.09375977,-0.20624024,-0.31624022,-0.41624025,-0.23624024,-0.9762402,-1.1862402,-1.5862403,-2.0962403,-1.6262403,-1.2562402,-2.0362403,-3.6162403,-3.4862401,-3.2162402,-3.2162402,-3.6662402,-5.30624,-3.1562402,-1.4662403,1.4037597,2.3537598,3.2137597,3.9937599,3.9737597,3.4137597,2.6337597,2.1337597,3.4637597,3.6637597,3.8637598,5.06376,4.48376,4.17376
8.043759,6.4537597,4.9337597,3.5137599,2.3037598,1.5837598,1.7637597,3.2937598,3.9737597,3.0337598,1.8737597,-0.21624023,-2.4162402,-1.7862402,0.7237598,0.26375976,-0.18624024,-0.76624024,-0.9162402,-0.056240235,-0.35624024,-0.44624025,-0.64624023,-0.7262402,-0.70624024,-0.39624023,-0.44624025,-0.76624024,-1.1562402,-1.8162402,-1.9262402,-4.1562405,-2.1862402,-1.4262402,-1.9662403,-5.5862403,-6.0662403,-6.3562403,-5.84624,-6.24624,-5.4062405,-2.8162403,-0.43624023,-0.076240234,-0.09624024,0.49375975,0.68375975,0.7137598,1.0037597,1.4237598,1.7037598,1.8337598,1.9837598,2.1437597,2.1637597,2.9237597,2.9537597,3.7837598,2.9737597
8.61376,7.02376,5.5337596,4.5537596,3.4837599,2.6237597,4.0137596,5.44376,4.38376,2.6437597,0.9037598,-0.26624024,0.7037598,1.0337597,0.33375975,-0.58624023,-0.61624026,0.103759766,-0.48624024,-0.95624024,-1.4562402,-1.5362402,-4.59624,-3.2762403,-2.7462401,-2.3762403,-0.25624025,-0.5962402,-0.88624024,-1.4862403,-1.7662402,-2.0162401,-2.0462403,-2.2062402,-2.4762402,-7.0862403,-7.8162403,-3.1362402,-4.1262403,-3.8062403,-3.2962403,-1.0762402,-0.74624026,-0.31624022,0.5937598,1.2037598,1.6337597,1.7137598,1.8937597,2.3537598,2.3137598,1.9337598,1.7537597,1.7337598,2.1637597,2.0637598,2.0737598,2.1337597,2.6037598
