raw-data-f/2018100918f3.json
{"header": { "discipline":0, "disciplineName":"Meteorological products", "gribEdition":2, "gribLength":75084, "center":7, "centerName":"US National Weather Service - NCEP(WMC)", "subcenter":0, "refTime":"2018-10-09T18:00:00.000Z", "significanceOfRT":1, "significanceOfRTName":"Start of forecast", "productStatus":0, "productStatusName":"Operational products", "productType":1, "productTypeName":"Forecast products", "productDefinitionTemplate":0, "productDefinitionTemplateName":"Analysis/forecast at horizontal level/layer at a point in time", "parameterCategory":2, "parameterCategoryName":"Momentum", "parameterNumber":2, "parameterNumberName":"U-component_of_wind", "parameterUnit":"m.s-1", "genProcessType":2, "genProcessTypeName":"Forecast", "forecastTime":3, "surface1Type":103, "surface1TypeName":"Specified height level above ground", "surface1Value":10.0, "surface2Type":255, "surface2TypeName":"Missing", "surface2Value":0.0, "gridDefinitionTemplate":0, "gridDefinitionTemplateName":"Latitude_Longitude", "numberPoints":65160, "shape":6, "shapeName":"Earth spherical with radius of 6,371,229.0 m", "gridUnits":"degrees", "resolution":48, "winds":"true", "scanMode":0, "nx":360, "ny":181, "basicAngle":0, "lo1":0.0, "la1":90.0, "lo2":359.0, "la2":-90.0, "dx":1.0, "dy":1.0 }, "data":
[rows 78 to 103 of 181, columns 290 to 347 of 360]
-4.556831,-5.526831,-6.256831,-6.6568313,-7.416831,-7.626831,-7.246831,-7.846831,-7.146831,-5.936831,-5.736831,-5.026831,-5.876831,-5.816831,-4.856831,-4.126831,-4.226831,-3.726831,-2.196831,-1.2268311,-0.14683105,0.07316895,0.57316893,1.203169,1.093169,-0.16683106,-0.61683106,-1.0668311,-2.126831,-2.0368311,-2.966831,-3.856831,-5.856831,-6.506831,-6.226831,-6.366831,-6.126831,-5.616831,-5.946831,-10.476831,-11.8968315,-7.316831,-4.076831,1.353169,3.673169,4.293169,4.453169,2.043169,2.2131689,2.6931689,2.573169,2.4831688,2.623169,4.623169,3.033169,2.1931689,1.253169,-0.086831056
1.0431689,-2.236831,-7.1768312,-7.556831,-5.606831,-6.646831,-6.486831,-8.436831,-7.996831,-6.206831,-5.646831,-5.466831,-5.296831,-4.626831,-3.376831,-3.136831,-1.8268311,-3.396831,-1.7068311,-0.17683105,1.813169,2.9631689,3.143169,3.583169,3.683169,2.7431688,1.2631689,1.363169,-0.95683104,-0.8468311,0.18316895,-1.9568311,-2.846831,-4.956831,-5.566831,-5.4068313,-4.206831,-2.2668312,-1.496831,-2.2968311,-5.446831,-1.776831,-0.7968311,0.63316894,4.3631687,3.6931689,4.373169,3.2131689,3.253169,3.4431689,3.143169,2.7031689,2.343169,3.413169,4.763169,2.4931688,1.5431689,0.39316896
0.783169,-0.86683106,0.35316893,-1.016831,-0.89683104,-0.7868311,-1.676831,-2.666831,-3.406831,-5.396831,-4.836831,-4.056831,-2.466831,-1.0668311,-0.80683106,-1.006831,-0.30683106,-1.8668311,-1.2368311,-0.56683105,1.203169,2.353169,3.313169,3.933169,4.423169,4.713169,2.753169,1.6731689,0.11316895,-0.20683105,0.75316894,1.073169,-0.24683106,-1.0768311,-2.196831,-1.7268311,-0.29683104,2.123169,5.883169,9.153169,5.783169,4.143169,2.4531689,1.353169,3.093169,2.563169,5.603169,3.2131689,2.9431689,3.6931689,3.613169,3.263169,2.9931688,3.163169,3.813169,4.003169,2.923169,0.72316897
-1.5868311,-0.99683106,-1.046831,-1.676831,-1.9568311,-0.37683105,-3.576831,-3.2768312,-1.4568311,-2.346831,-4.766831,-3.906831,-3.0468311,-2.486831,-2.076831,-1.386831,-0.6068311,-1.766831,-0.86683106,-0.016831055,0.34316894,1.0431689,0.87316895,2.253169,3.153169,3.433169,1.573169,0.053168945,-0.17683105,0.20316894,1.123169,2.4531689,2.153169,2.603169,2.9631689,2.4931688,3.353169,4.773169,7.803169,8.023169,6.803169,6.743169,3.2331688,2.643169,2.4531689,2.583169,3.853169,1.853169,3.683169,2.013169,2.883169,3.7231688,3.403169,3.323169,3.553169,3.663169,3.313169,1.873169
-2.316831,-0.656831,-0.39683107,-1.0668311,-4.346831,-4.396831,-2.316831,-2.486831,-1.3668311,-1.286831,-1.776831,-5.106831,-4.726831,-3.7968311,-3.666831,-3.216831,-2.5368311,-2.2768312,-1.876831,-1.1168311,-0.62683105,-0.30683106,-0.12683105,0.36316895,1.0531689,0.60316896,-0.26683104,-0.7968311,-0.9168311,-0.82683104,0.22316894,1.943169,3.583169,4.303169,5.443169,5.543169,6.1131687,6.233169,6.563169,5.743169,5.763169,3.7231688,3.623169,3.4731688,2.763169,1.733169,3.083169,0.47316894,2.343169,2.803169,1.9031689,2.063169,3.153169,3.293169,3.393169,3.303169,2.9631689,3.153169
-1.3168311,-0.75683105,-0.656831,-1.6968311,-1.026831,-1.2368311,-1.266831,-1.176831,-1.1068311,-1.3368311,-1.306831,-1.7268311,-5.606831,-4.6368313,-4.466831,-4.806831,-4.836831,-3.656831,-2.886831,-2.2568312,-1.8668311,-1.806831,-1.746831,-1.556831,-1.546831,-1.766831,-2.106831,-2.2768312,-2.586831,-1.906831,-1.176831,0.593169,2.093169,3.853169,4.103169,4.033169,4.3231688,4.1131687,4.833169,4.833169,3.923169,2.9731688,2.673169,3.2231688,2.413169,2.083169,0.62316895,0.49316895,1.223169,1.603169,2.103169,2.4731688,3.143169,3.9731688,4.133169,2.823169,1.7831689,2.913169
-0.41683105,0.60316896,1.8831689,0.32316893,-0.5968311,-1.3668311,-1.4768311,0.24316895,-0.036831055,-1.746831,-1.656831,-1.426831,-1.776831,-2.586831,-3.7668312,-4.356831,-7.506831,-6.306831,-4.146831,-3.366831,-3.126831,-3.2968311,-3.2668312,-2.936831,-2.686831,-3.396831,-3.576831,-3.486831,-3.726831,-2.696831,-1.3568311,-0.40683106,-0.94683105,1.1731689,1.623169,1.583169,2.053169,2.6931689,2.753169,2.533169,2.2331688,2.413169,2.293169,2.763169,2.113169,1.1631689,0.33316895,-0.93683106,0.38316894,1.573169,1.713169,1.6731689,2.4831688,3.513169,4.453169,4.1131687,2.613169,2.803169
0.30316895,1.733169,-1.746831,-0.19683105,-0.14683105,-1.2068311,-1.7268311,-0.88683105,-0.56683105,-0.64683104,-0.94683105,-1.526831,-0.57683104,-0.8468311,-1.376831,0.86316895,-0.68683106,-2.106831,-6.546831,-4.096831,-3.676831,-3.816831,-3.576831,-3.666831,-3.486831,-3.626831,-3.726831,-4.606831,-3.336831,-3.066831,-2.486831,-1.916831,-2.206831,-1.3468311,-0.48683107,0.053168945,0.533169,1.093169,1.453169,1.443169,1.693169,2.123169,0.98316896,0.37316895,1.5431689,0.41316894,-0.33683106,-0.7268311,-0.41683105,0.783169,1.1331689,1.0431689,1.333169,1.8831689,3.153169,3.633169,3.2031689,3.803169
0.10316894,-0.27683106,0.73316896,0.49316895,-0.32683104,-1.3668311,-0.40683106,-0.39683107,-0.93683106,-2.376831,-3.886831,-1.496831,-0.7268311,-1.126831,-0.77683103,-0.63683105,-0.93683106,-0.9768311,-2.086831,-4.506831,-4.236831,-4.066831,-3.846831,-4.006831,-3.836831,-4.626831,-4.336831,-4.376831,-4.046831,-3.8068311,-3.656831,-3.5068312,-3.106831,-2.5368311,-1.7368311,-1.426831,-0.9768311,-0.13683106,0.45316896,0.86316895,1.313169,0.66316897,-1.536831,-0.73683107,-0.036831055,-0.07683106,-0.45683107,-1.156831,-0.7968311,0.36316895,1.0231689,0.11316895,0.29316893,0.27316895,1.8831689,2.2331688,1.963169,2.7431688
-0.93683106,-1.036831,0.88316894,0.9031689,0.39316896,-0.8468311,-1.1068311,-1.376831,-1.386831,-3.176831,-2.5168312,-1.0968311,-0.8568311,-0.906831,-1.136831,-0.82683104,-0.80683106,-1.186831,-2.2768312,-2.416831,-5.116831,-4.626831,-4.476831,-4.8868313,-4.996831,-5.056831,-4.996831,-5.166831,-5.1768312,-5.1768312,-4.866831,-4.226831,-3.906831,-3.116831,-2.636831,-2.846831,-1.8168311,-1.126831,-0.51683104,0.34316894,-0.37683105,-1.046831,-2.176831,-2.206831,-1.376831,-0.87683105,-0.7268311,-1.006831,-1.0668311,-0.58683103,-0.10683105,-0.50683105,-1.286831,-0.73683107,0.043168947,0.72316897,1.0431689,1.343169
0.17316894,-1.416831,0.17316894,-0.44683105,1.0431689,-0.39683107,-1.0968311,-0.92683107,-1.286831,-0.43683106,-1.0668311,-0.67683107,-1.146831,-1.146831,-2.456831,-0.83683103,-0.8468311,-1.156831,-1.496831,-2.736831,-5.556831,-5.336831,-5.436831,-5.616831,-5.4068313,-5.416831,-5.696831,-5.976831,-6.1368313,-6.226831,-5.996831,-5.146831,-4.686831,-4.066831,-3.736831,-4.016831,-2.396831,-1.8568311,-1.626831,-1.186831,-1.046831,-1.636831,-1.786831,-2.706831,-2.7668312,-1.8268311,-1.5768311,-1.516831,-1.436831,-0.716831,-1.396831,-1.686831,-1.4768311,-1.3168311,-0.9768311,-0.716831,0.033168945,0.26316893
-0.80683106,-1.3268311,0.533169,1.2731689,-0.36683106,-0.58683103,-1.136831,-0.9768311,-0.99683106,-0.57683104,-0.99683106,-1.3368311,-0.95683104,-1.186831,-1.046831,-1.0868311,-1.026831,-1.376831,-1.386831,-3.486831,-3.7968311,-6.106831,-6.3868313,-6.206831,-6.226831,-5.996831,-6.226831,-6.786831,-6.946831,-7.336831,-6.8868313,-6.226831,-5.626831,-5.226831,-4.6368313,-4.146831,-3.076831,-2.7968311,-2.446831,-1.8468311,-2.746831,-2.466831,-2.2868311,-2.7868311,-3.326831,-1.8468311,-2.366831,-2.416831,-2.406831,-2.5168312,-2.2668312,-2.406831,-2.246831,-2.186831,-2.0068312,-1.3268311,-0.7968311,-0.43683106
0.68316895,-1.646831,0.6431689,1.0331689,-0.86683106,-1.146831,-1.036831,-1.3268311,-0.7868311,-0.8568311,-1.286831,-1.3168311,-1.1168311,-0.87683105,-1.0768311,-1.0968311,-1.1168311,-1.4468311,-1.7368311,-3.8068311,-3.896831,-6.6368313,-7.296831,-6.856831,-7.106831,-6.716831,-6.686831,-7.506831,-7.996831,-8.276831,-7.9068313,-7.1568313,-6.596831,-5.766831,-5.4268312,-4.376831,-3.986831,-3.0268312,-2.696831,-2.5568311,-2.946831,-3.096831,-2.7768312,-3.406831,-3.396831,-2.366831,-1.9568311,-3.2868311,-3.446831,-3.226831,-2.7968311,-3.136831,-3.566831,-2.5468311,-3.0368311,-1.8668311,-1.386831,-1.146831
-0.14683105,-0.55683106,0.11316895,-0.25683105,-0.80683106,-0.9168311,-0.42683107,-0.92683107,-0.89683104,-0.73683107,-1.296831,-1.2168311,-0.9768311,-0.94683105,-0.8568311,-1.136831,-1.126831,-1.626831,-1.786831,-0.88683105,-0.28683105,-3.136831,-0.88683105,-1.636831,-7.196831,-6.646831,-6.796831,-8.036831,-9.376831,-9.386831,-8.846831,-8.266831,-7.476831,-6.3868313,-5.666831,-4.496831,-4.606831,-3.696831,-3.396831,-3.626831,-3.126831,-3.736831,-3.956831,-4.216831,-3.996831,-2.926831,-2.886831,-3.736831,-3.896831,-3.686831,-3.946831,-4.1568313,-4.076831,-4.086831,-3.0568311,-2.576831,-2.0268312,-1.676831
-0.45683107,-0.52683103,-1.176831,-0.80683106,-0.75683105,-0.56683105,0.62316895,-0.7268311,-0.5468311,-1.3368311,-1.246831,-1.286831,-1.246831,-1.2368311,-3.146831,-0.36683106,-2.246831,-1.746831,-1.166831,-0.80683106,-1.376831,-0.61683106,-0.89683104,-1.506831,-0.63683105,-1.296831,-5.706831,-7.206831,-9.576831,-10.966831,-10.696831,-9.476831,-8.016831,-7.026831,-6.626831,-5.576831,-5.016831,-4.9068313,-3.926831,-4.116831,-4.276831,-4.986831,-5.166831,-5.1768312,-4.446831,-3.866831,-4.436831,-4.266831,-4.266831,-4.476831,-4.526831,-4.746831,-4.796831,-3.7868311,-3.736831,-3.626831,-2.7968311,-2.5268312
-0.43683106,-0.906831,-1.056831,-0.74683106,-0.82683104,-0.61683106,-0.026831055,0.14316894,-0.87683105,-1.3468311,-1.896831,-1.666831,-1.546831,-1.4868311,-1.286831,-0.68683106,-0.656831,-1.4868311,-1.0668311,-0.95683104,-0.7868311,-0.76683104,-0.656831,-0.82683104,-0.19683105,-0.62683105,0.5231689,-1.9668311,-2.616831,-6.076831,-6.756831,-10.386831,-9.746831,-9.266831,-7.416831,-6.646831,-5.746831,-5.146831,-4.826831,-4.936831,-5.296831,-5.496831,-6.046831,-5.756831,-5.1568313,-4.946831,-4.596831,-4.606831,-4.776831,-5.096831,-5.126831,-4.776831,-4.556831,-4.046831,-3.736831,-4.346831,-3.196831,-2.856831
0.62316895,-1.7368311,-0.64683104,0.123168945,-0.81683105,-0.12683105,-0.22683105,0.80316895,0.11316895,-0.88683105,-0.99683106,-1.766831,-1.306831,-1.016831,-1.2168311,-1.2268311,-0.87683105,-0.74683106,-1.3168311,-0.0068310546,-1.1168311,-0.21683106,-0.5368311,-0.5368311,0.053168945,1.073169,-0.086831056,0.68316895,0.9031689,-2.206831,-2.136831,-4.1368313,-8.946831,-11.456831,-9.176831,-7.256831,-6.466831,-5.916831,-6.026831,-5.326831,-5.8868313,-5.946831,-6.056831,-5.866831,-5.846831,-5.876831,-5.3868313,-5.096831,-5.096831,-4.936831,-5.256831,-4.9068313,-4.696831,-4.4068313,-3.976831,-3.876831,-3.436831,-3.106831
-0.026831055,-1.266831,-0.74683106,-0.50683105,-0.036831055,-0.716831,-0.22683105,-0.5368311,0.07316895,-1.2168311,-1.1168311,-1.5768311,-0.55683106,-0.906831,-0.29683104,-0.95683104,-0.76683104,-0.67683107,-0.95683104,-1.0668311,-0.8568311,0.92316896,-1.436831,-0.46683106,-0.83683103,1.1331689,0.533169,0.32316893,0.69316894,-2.206831,-3.2768312,-1.3368311,-4.496831,-8.456831,-7.706831,-7.1368313,-6.4268312,-6.1568313,-6.166831,-6.006831,-6.006831,-6.106831,-6.276831,-6.296831,-6.246831,-6.066831,-5.896831,-5.526831,-5.376831,-5.266831,-5.276831,-5.066831,-4.806831,-4.546831,-4.056831,-3.866831,-3.946831,-3.5068312
-0.09683105,-1.1068311,-1.056831,-0.95683104,-0.44683105,-0.8468311,0.17316894,-0.086831056,-0.58683103,-0.75683105,-1.276831,-0.41683105,-1.376831,-0.89683104,-0.16683106,0.10316894,-0.30683106,-0.52683103,-1.4768311,-0.7968311,-0.14683105,0.20316894,-0.64683104,-0.8568311,-0.5468311,1.3831689,-0.77683103,0.043168947,-0.47683105,-2.086831,-2.606831,-2.186831,-2.386831,-8.156831,-3.936831,-5.516831,-5.936831,-6.016831,-6.1768312,-6.336831,-6.056831,-6.266831,-6.4268312,-6.516831,-6.396831,-6.236831,-6.1768312,-5.866831,-5.546831,-4.856831,-5.026831,-5.126831,-4.6568313,-4.596831,-4.486831,-4.126831,-4.096831,-3.7668312
-0.47683105,-0.51683104,-0.6668311,-1.0768311,0.14316894,-0.61683106,-0.36683106,-0.75683105,-0.36683106,-1.406831,-0.95683104,-0.6668311,-0.716831,-1.186831,0.28316894,0.86316895,0.23316894,-0.18683106,-0.656831,-0.80683106,-1.886831,-1.036831,-0.13683106,0.50316894,-1.2268311,-1.796831,-1.2368311,-0.7868311,-1.036831,-1.026831,-1.3168311,-0.42683107,-3.816831,-7.986831,-5.226831,-3.126831,-5.576831,-6.126831,-6.356831,-6.366831,-6.326831,-6.436831,-6.496831,-6.506831,-6.416831,-6.246831,-6.286831,-6.086831,-5.856831,-5.186831,-5.086831,-5.226831,-4.746831,-4.596831,-4.6368313,-4.506831,-4.4068313,-4.056831
0.66316897,-0.20683105,-0.58683103,-0.64683104,-0.40683106,-0.62683105,0.35316893,0.36316895,-1.7068311,-0.50683105,-0.6068311,-0.12683105,0.16316895,-1.0768311,0.43316895,1.103169,0.043168947,-0.44683105,-0.57683104,-1.246831,-1.056831,-0.716831,-0.62683105,-0.76683104,-0.5368311,-1.4768311,-1.666831,-1.666831,-1.936831,-2.496831,-1.3568311,-2.2868311,-4.936831,-5.826831,-3.696831,-2.096831,-5.666831,-6.236831,-6.356831,-6.466831,-6.586831,-6.546831,-6.646831,-6.706831,-6.4068313,-6.466831,-6.336831,-6.376831,-6.046831,-5.9268312,-5.686831,-5.6768312,-5.046831,-4.776831,-4.756831,-4.796831,-4.466831,-4.546831
1.4031689,-0.61683106,-0.20683105,-0.06683105,-0.29683104,-0.35683104,0.47316894,0.72316897,-0.89683104,-0.6068311,-0.55683106,-0.036831055,-0.16683106,0.07316895,0.14316894,0.55316895,1.483169,-0.25683105,-0.35683104,-1.4668311,0.0031689452,-0.49683106,0.5831689,-0.6068311,-0.656831,-0.88683105,-2.416831,-2.106831,-2.5268312,-4.106831,-5.016831,-7.456831,-4.186831,-5.146831,-2.976831,-4.796831,-5.846831,-6.336831,-6.516831,-6.816831,-6.856831,-6.726831,-6.846831,-6.856831,-6.866831,-6.816831,-6.496831,-6.366831,-6.266831,-6.366831,-6.1368313,-5.606831,-5.306831,-5.196831,-5.116831,-5.026831,-4.966831,-4.956831
0.87316895,0.21316895,0.19316894,0.24316895,0.093168944,0.25316894,0.67316896,0.76316893,0.88316894,-1.056831,-0.11683106,0.053168945,0.533169,-0.25683105,0.46316895,1.1631689,-0.39683107,-0.75683105,-0.77683103,-1.9468311,-0.73683107,0.123168945,0.15316895,-1.4768311,-1.156831,-1.3668311,-2.096831,-2.086831,-1.656831,-3.7668312,-2.966831,-6.226831,-4.416831,-4.186831,-4.336831,-5.596831,-6.226831,-6.526831,-6.776831,-6.9068313,-6.936831,-7.046831,-7.096831,-7.146831,-7.196831,-7.166831,-7.026831,-6.796831,-6.506831,-6.4068313,-6.226831,-5.9068313,-5.586831,-5.786831,-5.596831,-5.526831,-5.3868313,-5.316831
0.43316895,0.63316894,0.66316897,0.8331689,0.42316896,-0.036831055,0.68316895,0.17316894,2.823169,-0.39683107,0.25316894,-0.35683104,-0.12683105,0.18316895,-0.06683105,0.39316896,0.053168945,-0.06683105,-0.45683107,-3.3068311,-1.0768311,-1.136831,-0.056831054,-0.30683106,-0.5968311,-0.55683106,-1.9868311,-4.146831,-7.536831,-2.5268312,-3.936831,-3.816831,-4.366831,-4.716831,-5.826831,-5.816831,-6.316831,-6.596831,-6.706831,-6.6768312,-6.966831,-7.1768312,-7.436831,-7.586831,-7.6568313,-7.546831,-7.296831,-6.986831,-6.696831,-6.546831,-6.326831,-5.976831,-5.9268312,-6.026831,-5.996831,-6.036831,-5.9268312,-5.6768312
1.223169,1.5131689,0.39316896,0.55316895,0.79316896,-0.12683105,0.783169,0.43316895,1.4031689,0.33316895,0.013168945,-0.25683105,0.10316894,0.74316895,0.22316894,0.19316894,0.14316894,-0.06683105,-0.62683105,-1.646831,-1.506831,-0.94683105,0.47316894,1.083169,0.31316894,-1.5768311,-1.3168311,-2.576831,-3.136831,-1.996831,-3.076831,-3.606831,-2.096831,-6.1568313,-5.9068313,-5.736831,-6.1568313,-6.336831,-6.3868313,-6.516831,-6.876831,-7.1568313,-7.516831,-7.806831,-7.946831,-7.796831,-7.436831,-6.9068313,-6.696831,-6.556831,-6.216831,-5.996831,-5.936831,-6.1368313,-6.1368313,-6.316831,-6.336831,-6.096831
0.28316894,1.203169,1.993169,1.703169,1.613169,1.333169,2.143169,0.87316895,0.0031689452,1.0531689,-0.82683104,0.7731689,1.1531689,0.72316897,0.82316893,0.30316895,-0.056831054,0.07316895,-0.18683106,-1.6168311,-0.016831055,0.14316894,0.43316895,1.223169,-0.68683106,-2.0068312,-2.366831,-1.806831,-4.166831,-1.936831,-3.976831,-1.9768311,-6.466831,-6.086831,-5.846831,-5.766831,-6.026831,-6.166831,-6.206831,-6.4268312,-6.686831,-6.8868313,-7.236831,-7.666831,-7.806831,-7.866831,-7.516831,-7.1568313,-6.9068313,-6.606831,-6.416831,-6.116831,-5.976831,-5.976831,-6.116831,-6.166831,-6.416831,-6.446831
