raw-data-f/2018101000f3.json
{"header": { "discipline":0, "disciplineName":"Meteorological products", "gribEdition":2, "gribLength":75131, "center":7, "centerName":"US National Weather Service - NCEP(WMC)", "subcenter":0, "refTime":"2018-10-10T00:00:00.000Z", "significanceOfRT":1, "significanceOfRTName":"Start of forecast", "productStatus":0, "productStatusName":"Operational products", "productType":1, "productTypeName":"Forecast products", "productDefinitionTemplate":0, "productDefinitionTemplateName":"Analysis/forecast at horizontal level/layer at a point in time", "parameterCategory":2, "parameterCategoryName":"Momentum", "parameterNumber":2, "parameterNumberName":"U-component_of_wind", "parameterUnit":"m.s-1", "genProcessType":2, "genProcessTypeName":"Forecast", "forecastTime":3, "surface1Type":103, "surface1TypeName":"Specified height level above ground", "surface1Value":10.0, "surface2Type":255, "surface2TypeName":"Missing", "surface2Value":0.0, "gridDefinitionTemplate":0, "gridDefinitionTemplateName":"Latitude_Longitude", "numberPoints":65160, "shape":6, "shapeName":"Earth spherical with radius of 6,371,229.0 m", "gridUnits":"degrees", "resolution":48, "winds":"true", "scanMode":0, "nx":360, "ny":181, "basicAngle":0, "lo1":0.0, "la1":90.0, "lo2":359.0, "la2":-90.0, "dx":1.0, "dy":1.0 }, "data":
[rows 75 to 99 of 181, columns 116 to 173 of 360]
-4.4102416,-3.5602417,-2.5302417,-2.1802416,0.4897583,-0.010241699,-1.5202417,-1.9302417,-1.5702417,-1.3102417,-0.4902417,-0.3802417,-0.1002417,-1.2702417,-2.0902417,-2.6302416,-2.9102416,-3.6702416,-3.5902417,-3.9302416,-5.130242,-5.3902416,-5.480242,-5.710242,-6.1002417,-6.9502416,-7.690242,-7.9502416,-7.940242,-8.650242,-8.820242,-8.490242,-8.180242,-8.290241,-8.330242,-8.310242,-7.9502416,-8.100242,-8.200242,-7.8102417,-7.9902415,-7.960242,-7.980242,-7.9102416,-8.230242,-8.160242,-8.140242,-8.120242,-7.6402416,-7.0602417,-6.840242,-6.960242,-6.3702416,-5.860242,-6.340242,-6.630242,-6.6402416,-6.440242
-4.2502418,-3.6902418,-3.0502417,-2.9602418,-5.3502417,-2.1002417,-0.3102417,-1.7402416,-0.8402417,-1.7902417,-1.1502417,-0.3502417,-1.3002417,-1.5702417,-2.3202417,-2.6202416,-2.9002416,-4.090242,-3.6002417,-3.3402417,-3.8802416,-4.730242,-4.7002416,-5.630242,-5.9702415,-6.2002416,-7.130242,-7.4302416,-7.7802415,-8.500241,-7.980242,-7.9102416,-8.550241,-8.520242,-8.970242,-8.320242,-8.270242,-8.220242,-7.8502417,-7.2502418,-7.4302416,-7.670242,-7.5402417,-7.8502417,-8.230242,-7.9702415,-8.000241,-7.3702416,-7.440242,-6.9702415,-6.7702417,-5.150242,-5.5502415,-5.920242,-7.130242,-7.340242,-6.960242,-6.3302417
-4.6202416,-4.7002416,-3.5902417,-3.7902417,-2.1502416,-0.3602417,-1.9902416,0.5197583,-2.1802416,-2.8402417,-1.5702417,-1.3702416,-1.6702417,-1.3102417,-2.4902418,-2.5702417,-2.3602417,-4.0202417,-3.5402417,-3.3802416,-3.7402418,-4.0402417,-4.360242,-4.9302416,-5.9902415,-5.880242,-5.960242,-5.4902415,-5.9302416,-7.2602415,-7.170242,-7.170242,-7.070242,-7.5102415,-8.050241,-8.180242,-7.8002415,-7.4502416,-7.3302417,-7.590242,-7.710242,-7.880242,-8.040241,-7.7402415,-7.380242,-7.5102415,-7.2502418,-7.6602416,-7.7402415,-7.3302417,-6.7802415,-6.3502417,-5.880242,-5.5202417,-5.3502417,-6.170242,-5.730242,-5.6002417
-5.3302417,-4.4702415,-3.3802416,-1.4902416,-0.4702417,-5.6602416,-3.4002416,-2.2502418,-2.9502418,-1.1602417,-1.4402417,-2.2902417,-1.4002417,-2.1102417,-2.8802416,-2.6502416,-2.1502416,-3.4502418,-3.9502418,-3.4102416,-3.5502417,-3.7402418,-4.2202415,-4.460242,-5.940242,-5.4702415,-5.670242,-5.440242,-6.0502415,-5.4702415,-4.860242,-5.820242,-6.190242,-6.380242,-7.0402417,-7.2202415,-6.730242,-6.5302415,-6.2502418,-8.000241,-7.650242,-8.520242,-7.590242,-7.0102415,-7.2702417,-6.8502417,-7.090242,-7.5002418,-6.710242,-7.1202416,-7.460242,-6.8502417,-5.9902415,-5.4302416,-5.2402415,-4.880242,-4.6802416,-3.1502416
-5.4302416,-5.4502416,-5.3302417,-3.4602418,-5.690242,-3.6302416,2.1997583,-3.4002416,-0.8602417,-3.5502417,-2.6902418,-3.0702417,-2.5202417,-2.3702416,-2.5202417,-2.9902418,-2.6602416,-2.0402417,-2.7002418,-3.6202416,-3.2102418,-3.1902418,-3.3702416,-4.3302417,-5.1002417,-5.7702417,-4.7602415,-4.8302417,-4.920242,-5.130242,-4.230242,-4.1002417,-4.4702415,-4.5602417,-6.1402416,-5.8102417,-5.0102415,-5.0502415,-4.150242,-3.8502417,-4.7502418,-4.2202415,-4.5102415,-4.920242,-5.2002416,-6.2202415,-6.1802416,-6.6002417,-6.2902417,-6.130242,-6.650242,-6.4502416,-5.9102416,-5.820242,-4.7002416,-3.3702416,-2.3002417,-0.7502417
-5.670242,-4.8502417,-3.9002416,-1.6302418,-2.9302416,-4.2802415,-4.630242,-1.8002417,-1.9702417,-4.090242,-3.1802416,-2.4502418,-2.2502418,-2.5902417,-3.1602416,-3.5002418,-2.7902417,-2.2602417,-2.2402418,-3.3802416,-3.3302417,-2.9402418,-2.7902417,-3.0302417,-2.7702417,-3.2702417,-3.5902417,-4.610242,-4.1202416,-4.110242,-3.5702417,-3.8002417,-3.1102417,-2.9102416,-2.6402416,-2.3802416,-1.9702417,-1.1502417,-2.8002417,-2.7602417,-2.8902416,-2.3202417,-2.4002416,-2.7502418,-3.3702416,-3.7002418,-5.1002417,-5.380242,-5.690242,-5.880242,-5.7902417,-4.860242,-4.5502415,-3.7702417,-2.7702417,-1.8702416,-0.9602417,0.0997583
-2.8502417,-1.2002417,-3.4702418,-3.9402418,-3.7602417,-2.7302418,-2.3302417,-3.2202418,-2.7402418,-1.9802417,-2.0102417,-1.7602417,-2.1302416,-2.2802417,-3.5702417,-3.2802417,-2.4102416,-2.3202417,-2.4702418,-2.0702417,-2.1102417,-2.7102418,-2.3102417,-1.4902416,-1.2402416,-1.0702417,-1.0002418,-1.6202416,-2.5702417,-2.0102417,-2.0902417,-2.6302416,-2.5102417,-1.5102417,-1.8802418,-1.6802417,-1.1802417,-0.6502417,-0.7102417,-0.7102417,-1.5802417,-1.3302417,-1.4702417,-1.2602417,-1.3102417,-1.0702417,-1.7602417,-1.7302417,-1.6402417,-3.7302418,-3.5202417,-2.6502416,-2.1302416,-1.2802417,-0.6302417,-0.2102417,0.2897583,0.1797583
-5.9702415,-5.7402415,-4.690242,-3.6102417,-3.1102417,-1.7902417,-1.6602417,0.0197583,0.1697583,-2.1502416,-1.2202417,-0.0402417,-1.6602417,-2.2402418,-3.3902416,-3.2902417,-2.5702417,-2.5102417,-2.7502418,-2.2502418,-1.6902417,-1.9002417,-1.5502417,-1.8302417,-1.0802417,-0.2202417,-0.2102417,-1.5702417,-2.1902418,-1.6902417,-0.6902417,-0.6902417,-0.9002417,-0.8902417,-1.0302417,-0.8002417,-0.5702417,-0.7102417,-0.7802417,-0.3002417,-0.7702417,-0.9202417,-0.3502417,-0.45024168,-0.2302417,-0.1002417,-0.2002417,0.0297583,0.8697583,-0.1802417,-0.2002417,-0.3002417,0.0597583,0.2897583,0.4097583,0.5797583,0.9697583,-0.5702417
-7.1002417,-5.6802416,-3.9802418,-3.2202418,-2.3102417,-0.4102417,0.4197583,1.3697582,2.0397582,1.1697583,1.8797584,-1.7202417,-1.8002417,-2.7702417,-2.8302417,-2.6802416,-2.7502418,-2.2702417,-2.1802416,-2.0502417,-1.4902416,-0.8902417,-1.0102417,-1.3602417,-1.0202417,-0.4002417,-0.3102417,-0.3102417,-1.2602417,-1.4402417,-0.6902417,-0.8902417,-1.2602417,-0.8402417,-0.5702417,-0.6802417,-0.8402417,-0.7202417,-0.5702417,-0.2102417,-0.0402417,0.1397583,-0.010241699,0.3897583,-0.9102417,1.3997583,1.6397583,0.9097583,0.7897583,0.8697583,0.3597583,0.3097583,-0.7002417,-0.0902417,0.3697583,0.2897583,0.3497583,-1.8802418
4.4597583,-1.1402417,-2.2702417,-2.7902417,-2.6102417,-0.8302417,-0.8602417,-0.5802417,2.8997583,-1.0902417,-0.7902417,-2.4902418,-2.9202416,-2.4302416,-2.6802416,-2.8802416,-2.5702417,-2.2802417,-2.1802416,-2.0602417,-2.0302417,-1.5502417,-1.2102417,-0.9002417,-0.7802417,-0.8702417,-0.9602417,-0.9402417,-0.7902417,-0.6002417,-0.8602417,-0.9302417,-1.1202416,-0.9502417,-0.8602417,-1.2002417,-1.5402417,-0.9702417,-0.7702417,0.2897583,-0.5202417,0.0197583,0.9597583,-0.2302417,-0.45024168,1.0097584,-0.0602417,0.3397583,0.1597583,0.5097583,0.4197583,-0.4802417,-0.8202417,-0.8902417,-0.7402417,-0.4702417,-0.2502417,-2.8802416
-2.1702416,-1.5602417,-2.1202416,-3.1302416,-3.0502417,-2.9802418,-2.9302416,-4.150242,-4.400242,-4.9902415,-3.3302417,-3.1802416,-3.1102417,-2.7702417,-2.7202418,-3.0602417,-2.7302418,-2.4602418,-2.0202417,-2.4402418,-2.0702417,-2.1702416,-1.6402417,-1.2402416,-1.9702417,-1.4102417,-1.8602417,-1.3402417,-0.9302417,-1.3302417,-1.5902417,-1.5402417,-1.5202417,-1.5802417,-1.6502417,-1.7402416,-1.0402417,-0.2002417,-0.9302417,-1.2102417,-0.4102417,-0.4402417,-0.2802417,-0.5402417,-0.45024168,-0.7902417,-0.8602417,-0.7302417,-0.6302417,-0.4602417,-0.4602417,-1.1802417,-1.2602417,-0.9302417,-1.6102417,-2.4102416,-2.9802418,-3.0202417
-1.9202417,-1.1302418,-3.5702417,-3.8902416,-4.320242,-4.1802416,-4.2402415,-4.590242,-4.7702417,-3.6202416,-3.0002418,-3.4702418,-3.0702417,-2.2702417,-3.0002418,-3.4702418,-3.1802416,-2.5502417,-1.9102417,-1.4602417,-1.3302417,-2.3902416,-2.3402417,-2.1302416,-2.5202417,-1.7702417,-1.7802417,-1.9702417,-1.8602417,-1.6102417,-1.7302417,-1.9402417,-2.2202418,-2.1402416,-1.4102417,-1.5702417,-1.5102417,-1.0002418,-0.9302417,-0.1702417,-1.1802417,-0.8102417,-1.0602417,-1.5102417,-1.3902417,-1.5002418,-1.5202417,-1.7402416,-1.9502417,-1.8302417,-1.1602417,-2.0902417,-2.1702416,-2.6202416,-3.5102417,-3.7802417,-3.5102417,-3.2902417
-1.5702417,-1.3302417,-1.9502417,-3.7602417,-4.3002415,-4.3702416,-4.0302415,-4.0802417,-4.0802417,-3.1302416,-2.3002417,-1.9802417,-1.8002417,-1.4002417,-2.4702418,-3.5702417,-3.3302417,-1.9802417,-1.6202416,-1.1502417,-0.7602417,-2.1602416,-2.0302417,-1.6902417,-1.3102417,-1.7802417,-1.9102417,-2.0102417,-2.0402417,-2.1602416,-2.4902418,-2.5002418,-2.3602417,-2.4202416,-1.9202417,-1.5102417,-1.0702417,-0.9602417,-0.3102417,-0.7102417,-1.5102417,-1.4802417,-1.9202417,-1.8802418,-2.1202416,-2.0202417,-2.4802418,-2.2802417,-2.7802417,-2.4502418,-2.7002418,-2.9702418,-3.3402417,-3.4002416,-3.6402416,-3.7502418,-3.6202416,-3.6902418
-0.9902417,-1.2302417,-1.4802417,-3.4402418,-3.7102418,-3.3102417,-3.2702417,-3.4502418,-3.4002416,-3.6802416,-1.7002417,-0.4702417,0.0697583,-0.6102417,-1.8102417,-2.9602418,-2.5402417,-1.6702417,-0.6302417,-1.3702416,-0.8402417,-0.8002417,-0.0402417,-1.3302417,-0.7702417,-0.8702417,-1.4702417,-2.0202417,-1.7402416,-3.2402418,-3.2602417,-2.9602418,-2.6802416,-2.8202417,-2.6002417,-1.8902417,-1.4802417,-0.3302417,-0.4402417,-1.7502418,-1.8602417,-1.9902416,-2.2302418,-2.4602418,-2.2702417,-2.3402417,-3.4402418,-3.4702418,-3.4502418,-3.2602417,-3.2402418,-3.3102417,-3.4502418,-3.3502417,-3.6002417,-3.8902416,-4.0402417,-3.9202416
-1.4202417,-0.7202417,-1.3302417,-1.9902416,-0.9302417,-0.2002417,-0.2102417,0.5297583,1.8997583,-4.0302415,-1.2302417,-0.3202417,-0.6802417,-1.4202417,0.1597583,-1.0502417,-1.7802417,-0.4902417,0.0997583,-0.0702417,0.039758302,-0.4102417,0.1497583,-0.6202417,0.0897583,-0.1602417,-1.4402417,-2.3702416,-2.2502418,-3.3302417,-3.2902417,-3.4102416,-3.3702416,-3.3102417,-2.8502417,-2.3602417,-1.8202417,-1.0402417,-0.9502417,-1.8802418,-2.3802416,-2.1502416,-2.6902418,-3.2702417,-3.3902416,-4.170242,-3.9602418,-3.7902417,-3.7702417,-3.5102417,-3.4902418,-3.3402417,-3.3202417,-3.4702418,-3.7802417,-4.0302415,-3.9802418,-4.4702415
-1.1202416,-1.2102417,0.5697583,-0.4102417,-1.8202417,-3.5002418,-3.6902418,-2.7702417,-0.0202417,1.8297583,-0.0402417,0.0497583,-3.3702416,-2.3002417,0.1497583,0.3197583,0.1797583,1.3697582,0.8997583,0.9897583,0.6297583,0.6597583,-0.1902417,0.5297583,0.6597583,0.3497583,-2.2802417,-3.0402417,-2.6802416,-3.6002417,-4.190242,-4.0302415,-4.090242,-3.7302418,-3.1102417,-2.9202416,-2.0002418,-1.9102417,-2.1002417,-2.0502417,-2.4702418,-3.2102418,-3.5102417,-3.8102417,-4.0402417,-4.4102416,-4.2402415,-4.1402416,-3.9102416,-3.7002418,-3.6702416,-3.6302416,-3.8002417,-3.6702416,-3.3602417,-3.7102418,-4.1202416,-4.210242
-1.2702417,-0.9602417,2.5997584,1.4897583,-0.6902417,1.6397583,-0.3902417,-0.1902417,1.7197583,-0.1202417,0.3497583,0.5497583,-2.5002418,-1.0802417,-3.6502416,-0.2002417,1.4697583,0.2397583,-1.8502417,0.7797583,0.4597583,0.2597583,-0.2702417,-0.7802417,-0.4802417,-2.9802418,-4.3002415,-4.8502417,-2.6502416,-4.440242,-4.9702415,-4.4502416,-4.7902417,-4.2002416,-3.5702417,-3.8402417,-3.7402418,-2.8302417,-2.6702416,-2.4802418,-3.5102417,-3.5902417,-3.9002416,-4.070242,-4.0402417,-3.6502416,-3.5202417,-3.8202417,-3.4202416,-3.6702416,-3.3302417,-3.7702417,-3.9502418,-4.3102417,-3.3502417,-3.2502418,-3.4902418,-3.8402417
-1.2502418,0.4997583,-0.2502417,0.4497583,-1.3302417,-1.9402417,-1.3302417,-1.1202416,0.6897583,0.1097583,0.0497583,-1.9702417,-1.9302417,-1.0502417,-1.2702417,-2.1002417,0.3697583,-0.1502417,-1.4602417,0.6897583,0.5797583,0.039758302,-0.5002417,-3.2602417,-2.0602417,-5.3502417,-5.880242,-6.900242,-6.2602415,-5.6802416,-4.480242,-3.1702416,-4.9102416,-4.4702415,-3.8102417,-3.5802417,-4.3902416,-3.2602417,-3.0202417,-3.1702416,-3.8902416,-3.8702416,-4.0102415,-3.8402417,-3.5802417,-2.9902418,-3.0602417,-3.7102418,-3.3202417,-3.1202416,-3.2102418,-2.9802418,-3.9102416,-3.4702418,-2.9002416,-2.6002417,-2.6902418,-3.0802417
-1.1702417,-0.3002417,-1.2802417,1.7397583,-2.8602417,4.4497585,-1.8702416,0.3897583,-3.0202417,-4.190242,1.6097583,-5.7402415,-0.3702417,0.4597583,-1.7502418,-2.4202416,0.5397583,-1.1902417,0.8397583,-2.6502416,1.1897583,-0.1402417,-1.2502418,-2.1302416,-1.0302417,-1.0502417,-4.2702417,-7.170242,-6.7702417,-6.9302416,-7.150242,-6.420242,-4.5402417,-3.0602417,-2.9602418,-3.1402416,-3.5802417,-4.400242,-2.8202417,-2.9602418,-3.4702418,-3.5502417,-3.4602418,-3.0302417,-2.7702417,-2.5902417,-2.6002417,-3.1402416,-3.1102417,-2.5002418,-3.4002416,-3.3102417,-3.4302416,-3.2402418,-2.7402418,-2.4502418,-2.3302417,-2.4702418
-2.3302417,-2.2202418,-5.610242,-3.2902417,-3.8602417,0.0597583,-1.9302417,-2.8302417,-5.4102416,-5.3502417,-6.320242,-4.0602417,-3.9202416,-2.4302416,-1.6302418,-0.9902417,-2.8902416,-1.6602417,-2.1102417,0.8397583,-0.0602417,0.2297583,-1.2702417,-1.6502417,-1.1002417,-1.8502417,-2.0302417,-2.1002417,-2.4502418,-8.320242,-6.6002417,-6.0002418,-4.860242,-3.3002417,-0.9602417,0.4197583,-3.0502417,-3.1402416,-3.5302417,-3.2902417,-2.7902417,-2.3102417,-2.5402417,-2.2002418,-1.9402417,-2.0902417,-2.0002418,-2.2902417,-1.5002418,-3.4102416,-2.9502418,-3.1002417,-3.1502416,-3.1302416,-2.7602417,-2.4002416,-2.4802418,-2.1702416
-5.320242,-5.9302416,-4.5002418,1.2797583,-3.6002417,-4.5802417,-2.4302416,-4.6602416,-4.7902417,-4.7202415,-4.4702415,-3.8102417,-3.1002417,-2.9302416,-2.7102418,-3.0202417,-4.5202417,-4.1802416,-3.2902417,-2.9102416,-1.4602417,0.3597583,-0.4402417,-0.6002417,0.5497583,-0.2102417,-0.2602417,-0.3502417,-0.5502417,-1.0902417,-5.400242,-5.2502418,-3.4202416,-2.5602417,-0.8002417,3.3897583,-2.9602418,-0.5502417,-4.0102415,-4.0502415,-1.9202417,-2.1402416,-2.3302417,-2.2602417,-1.4602417,-1.6202416,-2.1702416,-2.0202417,-1.2802417,-0.9102417,-2.3102417,-2.2002418,-2.5102417,-2.4202416,-1.6102417,-2.8902416,-2.4602418,-1.5702417
-6.5602417,-6.9302416,-7.440242,-8.440242,-6.2002416,-5.880242,-5.2202415,-4.2002416,-4.4102416,-4.3102417,-3.9102416,-3.1802416,-2.9402418,-3.0702417,-4.1402416,-4.6602416,-5.2802415,-4.5502415,0.5097583,-4.880242,-5.2702417,-4.8302417,1.4897583,-1.6602417,-1.0102417,-0.1802417,0.4097583,1.1297584,-2.0802417,-0.1702417,-0.1002417,-1.5802417,-5.0202417,-0.7302417,-0.8902417,-1.4202417,2.5597582,-1.1202416,1.3697582,-0.050241698,-2.3202417,-2.4802418,-2.5102417,-2.6802416,-2.1602416,-2.0202417,-2.2202418,-1.7202417,-1.6602417,-1.8802418,-1.5902417,-1.3902417,-3.1602416,-3.3202417,-2.5602417,-2.9002416,-2.1602416,-0.8202417
-4.460242,-6.0102415,-7.400242,-6.610242,-5.940242,-5.3102417,-4.7802415,-3.9702418,-2.9502418,-2.7602417,-4.840242,-3.7702417,-3.3802416,-3.5202417,-3.6102417,-3.7002418,-5.9502416,-6.0302415,-6.920242,-6.610242,-6.2902417,-5.0302415,-2.8402417,-2.1402416,-1.6202416,-1.6402417,-1.1402417,-1.1602417,-0.3802417,0.6497583,-2.1102417,-3.4402418,-1.0402417,-1.0102417,-2.6002417,-3.1802416,-3.4802418,-3.1902418,-4.1802416,-3.6102417,-4.980242,-2.2202418,-3.5602417,-3.3502417,-2.8402417,-3.5802417,-2.8202417,-2.4202416,-1.8002417,-0.7602417,-3.5102417,-2.0502417,-3.1002417,-3.0402417,-2.6702416,-2.4502418,-1.8802418,-1.0902417
0.0797583,-3.0102417,-4.7702417,-5.6402416,-2.5102417,-3.6002417,-2.9702418,-2.1602416,0.5097583,-3.7102418,-3.0602417,-4.6202416,-3.4002416,-2.7702417,-4.4302416,-5.8702416,-6.3102417,-6.7502418,-7.5402417,-7.5602417,-6.900242,-3.5302417,-2.0702417,-2.6602416,-1.1802417,-2.2902417,-2.2802417,-2.2502418,-3.1802416,-1.0102417,1.5497583,-1.4502417,-3.7502418,-1.6302418,-2.1602416,-4.2902417,-4.1002417,-4.230242,-4.3102417,-3.3102417,-2.5802417,-1.7502418,-3.5202417,-1.8502417,-4.570242,-3.7802417,-3.3402417,-3.2902417,-2.7702417,-2.6202416,-2.9002416,-3.2602417,-3.5802417,-2.7702417,-2.5402417,-2.1802416,-2.4902418,-1.5102417
-1.3902417,-1.0602417,-2.4602418,-2.4202416,-5.0302415,-0.8702417,0.0497583,0.7497583,2.2997582,1.6797583,-3.2002418,-4.610242,-3.9702418,-3.8602417,-4.4102416,-4.940242,-6.110242,-7.3002415,-8.050241,-8.220242,-8.160242,-8.150242,-7.860242,-7.1002417,-6.610242,-3.6202416,-3.0202417,-3.2902417,-4.3002415,-3.5102417,-3.1202416,2.0297582,-0.9502417,-2.3802416,-1.0502417,-4.7402415,-4.7402415,-4.170242,-4.3102417,-4.9102416,-5.880242,-5.5302415,-4.3002415,-3.7402418,-2.7302418,-1.6402417,-3.5302417,-2.8602417,-2.9602418,-3.3102417,-3.8402417,-4.7602415,-4.1402416,-3.5602417,-3.3302417,-3.1802416,-3.6202416,-2.4402418
