raw-data-f/2018100718f3.json
{"header": { "discipline":0, "disciplineName":"Meteorological products", "gribEdition":2, "gribLength":75496, "center":7, "centerName":"US National Weather Service - NCEP(WMC)", "subcenter":0, "refTime":"2018-10-07T18:00:00.000Z", "significanceOfRT":1, "significanceOfRTName":"Start of forecast", "productStatus":0, "productStatusName":"Operational products", "productType":1, "productTypeName":"Forecast products", "productDefinitionTemplate":0, "productDefinitionTemplateName":"Analysis/forecast at horizontal level/layer at a point in time", "parameterCategory":2, "parameterCategoryName":"Momentum", "parameterNumber":2, "parameterNumberName":"U-component_of_wind", "parameterUnit":"m.s-1", "genProcessType":2, "genProcessTypeName":"Forecast", "forecastTime":3, "surface1Type":103, "surface1TypeName":"Specified height level above ground", "surface1Value":10.0, "surface2Type":255, "surface2TypeName":"Missing", "surface2Value":0.0, "gridDefinitionTemplate":0, "gridDefinitionTemplateName":"Latitude_Longitude", "numberPoints":65160, "shape":6, "shapeName":"Earth spherical with radius of 6,371,229.0 m", "gridUnits":"degrees", "resolution":48, "winds":"true", "scanMode":0, "nx":360, "ny":181, "basicAngle":0, "lo1":0.0, "la1":90.0, "lo2":359.0, "la2":-90.0, "dx":1.0, "dy":1.0 }, "data":
[rows 78 to 103 of 181, columns 0 to 57 of 360]
0.07139404,-0.27860597,-1.1586059,0.001394043,0.92139405,-0.06860596,0.91139406,-0.23860596,-0.858606,-2.308606,-1.998606,-2.578606,-2.508606,-1.0486059,-0.37860596,-1.0386059,-2.188606,0.87139404,1.871394,0.17139405,-0.09860596,0.79139405,1.921394,1.111394,0.0113940425,1.041394,0.34139404,1.121394,0.28139403,-1.828606,1.401394,-1.108606,2.241394,2.531394,1.281394,0.44139403,-2.398606,-0.80860597,0.33139405,-1.518606,2.1513941,-4.898606,-3.3586059,-1.578606,-6.788606,-7.618606,-6.518606,-6.358606,-6.628606,-6.008606,-5.088606,-4.288606,-2.068606,-0.14860596,2.211394,2.491394,4.0213943,4.921394
0.65139407,0.31139404,0.15139404,-0.80860597,0.11139404,1.301394,0.81139404,1.2213941,-0.12860596,-0.34860596,-0.678606,1.031394,0.65139407,-0.57860595,1.0813941,1.111394,0.061394043,0.41139403,0.55139405,-0.14860596,1.151394,1.251394,1.4613941,1.141394,1.981394,3.201394,3.291394,1.871394,3.211394,-3.198606,0.30139405,-0.87860596,1.661394,-0.87860596,0.0113940425,-0.30860597,-0.988606,-0.48860595,1.491394,-1.258606,3.711394,-3.648606,-4.308606,-2.918606,-5.218606,-7.078606,-5.258606,-3.528606,-0.99860597,0.26139405,-0.68860596,-1.0386059,0.32139406,-0.24860595,2.041394,3.701394,5.301394,6.541394
0.54139405,-0.008605957,0.061394043,0.39139405,-0.42860594,0.66139406,0.511394,0.53139406,0.46139404,0.67139405,-0.028605957,0.19139405,0.91139406,-0.20860596,1.8213941,1.391394,0.91139406,-0.93860596,-0.17860596,0.24139404,0.031394042,1.741394,0.81139404,0.30139405,1.291394,1.671394,1.251394,1.031394,1.401394,-0.70860595,0.36139405,1.661394,-1.268606,1.141394,-1.608606,0.54139405,-1.718606,-0.26860595,-0.058605958,0.46139404,2.8713942,-4.828606,-2.248606,-2.638606,-0.088605955,-0.25860596,-0.018605957,-0.10860596,-4.878606,-5.108606,-3.058606,0.67139405,2.6213942,2.071394,2.851394,4.861394,6.731394,7.761394
0.001394043,0.53139406,0.31139404,0.26139405,0.74139404,0.73139405,-0.27860597,0.05139404,1.161394,0.831394,1.761394,0.86139405,1.881394,0.98139405,0.54139405,0.69139403,0.90139407,-0.58860594,0.39139405,0.28139403,-0.03860596,1.051394,-0.11860596,-0.74860597,1.121394,1.261394,1.481394,0.18139404,2.091394,0.32139406,-0.40860596,1.3313941,0.78139406,-1.448606,-2.018606,0.65139407,0.68139404,-0.29860595,-0.06860596,0.07139404,-0.44860595,-1.448606,-0.47860596,-0.76860595,-0.87860596,-2.688606,0.571394,1.2213941,0.20139404,-2.908606,-2.768606,2.231394,3.171394,3.061394,4.071394,5.2713943,7.471394,9.121394
-1.4186059,1.411394,0.32139406,0.40139404,0.50139403,1.051394,0.25139403,0.05139404,0.54139405,1.9413941,1.4713941,0.641394,0.951394,0.34139404,-1.148606,0.07139404,0.49139404,-0.13860595,-0.10860596,-0.29860595,-0.37860596,-0.59860593,-0.48860595,-0.47860596,-0.25860596,1.2013941,1.631394,1.4713941,1.051394,1.891394,0.33139405,0.98139405,1.631394,-1.148606,-1.978606,-1.598606,-0.24860595,0.16139404,-2.6286058,-2.518606,3.341394,-0.34860596,1.261394,0.021394042,0.98139405,0.35139406,0.19139405,-0.03860596,-2.028606,1.271394,1.8113941,1.361394,2.931394,3.561394,4.791394,5.871394,7.231394,9.021394
-1.1586059,0.581394,-0.37860596,0.75139403,0.49139404,0.9613941,1.5613941,0.631394,1.051394,1.9713941,0.9613941,-1.398606,-0.12860596,-1.0386059,-1.248606,-0.57860595,1.511394,0.28139403,0.031394042,-0.20860596,0.79139405,-0.52860594,-0.678606,-1.0486059,-0.75860596,0.72139406,1.161394,1.241394,1.411394,0.881394,0.32139406,1.001394,1.871394,1.141394,-1.7886059,-1.358606,0.43139404,-0.06860596,-0.51860595,-2.508606,1.761394,2.431394,1.031394,2.291394,1.241394,2.611394,-1.0586059,-0.96860594,0.30139405,1.031394,3.271394,2.561394,2.861394,4.041394,5.341394,6.341394,7.7713943,9.0113945
1.0713941,2.271394,1.9313941,2.6613941,4.881394,2.071394,0.90139407,2.1513941,0.59139407,0.021394042,0.59139407,1.7213941,0.85139406,0.031394042,-0.64860594,-0.40860596,0.23139404,0.56139404,0.08139405,-0.41860595,0.24139404,1.051394,0.0113940425,0.25139403,-1.488606,0.38139403,0.93139404,1.231394,0.97139406,0.92139405,0.90139407,2.061394,1.8313941,0.14139405,-2.248606,-1.108606,-0.07860596,0.42139405,-1.4086059,0.42139405,2.231394,0.20139404,1.171394,2.971394,1.241394,2.1513941,0.121394046,-0.40860596,1.4413941,2.421394,3.491394,3.571394,3.521394,4.491394,5.711394,6.901394,8.321394,9.091394
3.201394,3.4013941,3.511394,3.8913941,4.191394,3.571394,1.041394,1.981394,0.80139405,0.041394044,0.56139404,1.851394,0.78139406,0.99139404,-0.15860596,0.85139406,-0.81860596,-0.31860596,0.86139405,-0.36860597,0.93139404,1.151394,1.0913941,-0.548606,-0.84860593,0.24139404,-0.35860595,1.051394,0.86139405,0.45139405,0.701394,2.1613941,0.14139405,2.6313941,-0.56860596,-2.428606,-3.028606,-1.238606,-2.708606,-0.42860594,-0.09860596,2.1313941,1.2213941,1.751394,2.301394,-0.38860595,0.97139406,1.371394,1.781394,3.311394,3.231394,3.281394,4.031394,5.121394,6.491394,7.411394,8.291394,9.281394
3.691394,4.331394,3.321394,3.551394,3.081394,3.011394,2.501394,3.271394,3.691394,4.441394,-0.028605957,0.91139406,0.74139404,-0.24860595,0.571394,0.37139404,0.11139404,0.0113940425,0.60139406,-0.87860596,0.41139403,0.74139404,0.98139405,0.92139405,-0.57860595,-0.06860596,0.31139404,0.43139404,-0.45860595,0.061394043,-0.41860595,1.7113941,0.32139406,0.521394,0.24139404,-3.958606,-4.988606,-6.358606,-3.3786058,-2.218606,-0.83860594,0.951394,-1.358606,-1.0286059,-0.40860596,1.2013941,1.651394,1.901394,3.851394,3.191394,3.091394,3.461394,4.591394,5.891394,6.861394,7.471394,7.981394,8.671394
3.431394,3.091394,2.6213942,2.541394,2.461394,2.961394,1.781394,2.351394,2.781394,5.141394,1.011394,1.271394,1.1913941,0.80139405,-0.24860595,0.66139406,0.68139404,0.571394,0.46139404,-0.44860595,0.43139404,0.61139405,0.54139405,1.351394,-0.55860597,0.13139404,-0.43860596,0.36139405,-0.09860596,-0.15860596,-1.1586059,3.551394,1.2013941,-1.218606,1.391394,-2.818606,-7.538606,-7.648606,-6.038606,-4.518606,-1.7786059,-4.258606,-2.8586059,-3.308606,-0.31860596,1.0813941,1.121394,3.1213942,2.941394,3.431394,3.571394,4.231394,5.051394,5.971394,6.561394,7.221394,7.311394,7.811394
1.901394,2.091394,1.791394,2.1513941,2.3913941,2.1213942,1.991394,2.601394,2.781394,3.341394,1.641394,1.5913941,1.121394,0.87139404,0.031394042,0.43139404,0.84139407,0.08139405,0.69139403,0.42139405,0.16139404,0.20139404,0.92139405,1.1813941,0.08139405,0.45139405,0.54139405,-1.238606,-1.0686059,-0.40860596,-1.2886059,1.741394,0.62139404,0.65139407,-1.4086059,-0.51860595,-1.368606,-3.898606,-4.798606,-3.708606,-6.578606,-5.098606,-3.8686059,-2.3786058,-0.11860596,0.761394,1.7213941,2.261394,3.021394,4.031394,3.711394,3.971394,4.971394,5.731394,6.031394,6.441394,6.421394,6.831394
1.291394,0.831394,1.3213941,2.021394,1.9413941,2.001394,2.521394,1.6813941,3.251394,3.811394,0.93139404,1.361394,0.951394,0.84139407,0.13139404,0.41139403,0.7113941,0.26139405,-0.25860596,0.121394046,0.59139407,0.34139404,1.2013941,0.44139403,0.53139406,1.3113941,0.47139403,-1.1786059,0.68139404,-0.43860596,0.521394,0.10139404,1.381394,-0.41860595,-0.50860596,0.9613941,1.901394,-6.028606,-6.448606,-5.568606,-5.528606,-4.118606,-2.788606,-1.1686059,-0.59860593,0.33139405,1.011394,2.1413941,2.951394,3.831394,2.861394,3.491394,4.191394,4.761394,5.211394,5.421394,5.721394,6.101394
0.33139405,0.771394,1.231394,1.481394,1.741394,2.351394,1.9413941,2.6413941,2.471394,4.151394,1.351394,1.541394,0.79139405,0.59139407,0.90139407,1.0913941,0.35139406,0.36139405,-0.46860597,-0.03860596,0.32139406,0.67139405,1.2013941,-0.16860595,1.1813941,1.1913941,-0.12860596,-0.25860596,-0.74860597,-0.93860596,-0.018605957,0.891394,1.731394,1.9413941,-2.658606,-2.028606,0.67139405,0.10139404,-0.93860596,-4.648606,-3.5886059,-2.538606,-1.138606,-1.398606,-0.94860595,-0.38860595,0.30139405,1.241394,2.461394,3.1413941,2.451394,3.351394,3.061394,3.801394,4.331394,4.731394,4.861394,5.131394
0.14139405,0.511394,0.80139405,1.161394,1.4713941,1.9313941,1.7113941,2.001394,2.1513941,0.9613941,1.621394,1.2213941,1.141394,0.65139407,0.84139407,1.991394,1.301394,0.021394042,-0.028605957,-0.018605957,0.21139404,0.641394,1.0613941,0.66139406,0.60139406,0.92139405,0.001394043,0.33139405,-0.678606,0.13139404,0.92139405,1.1813941,2.971394,1.4413941,-4.898606,-0.95860595,-1.248606,-1.448606,-3.798606,-4.028606,-3.548606,-0.82860595,-1.4086059,-1.398606,-1.238606,-0.87860596,-0.15860596,0.571394,1.8213941,2.091394,2.531394,3.001394,2.571394,3.1613941,3.541394,3.811394,3.991394,4.421394
-0.048605956,0.60139406,0.84139407,0.79139405,1.101394,1.1813941,1.911394,2.201394,1.921394,1.5913941,0.24139404,1.5813941,0.92139405,1.0813941,1.1913941,1.4713941,2.361394,-0.12860596,1.231394,0.38139403,-0.19860595,0.68139404,0.45139405,0.41139403,0.19139405,-0.13860595,0.20139404,0.19139405,0.031394042,1.2213941,0.68139404,0.951394,3.421394,-0.84860593,-1.328606,0.20139404,-2.758606,-5.528606,-4.218606,-3.428606,-2.248606,-0.37860596,-2.298606,-1.6786059,-1.5286059,-1.128606,-0.548606,0.11139404,1.2013941,1.421394,2.091394,2.711394,2.561394,2.591394,3.231394,3.091394,3.6513941,2.1313941
-0.46860597,0.40139404,0.701394,0.701394,0.90139407,1.111394,1.8113941,2.321394,2.491394,2.061394,1.881394,1.231394,1.111394,0.80139405,0.66139406,1.9413941,1.781394,1.641394,1.021394,0.41139403,-0.28860596,0.53139406,0.34139404,-0.27860597,0.50139403,-1.138606,0.46139404,0.68139404,-1.078606,0.97139406,1.151394,-0.088605955,1.371394,0.31139404,-0.33860597,-2.8786058,-0.55860597,-1.238606,-1.758606,-2.728606,-1.198606,-1.738606,-2.188606,-1.888606,-1.748606,-1.388606,-0.63860595,-0.09860596,0.511394,1.2113941,2.021394,2.031394,2.101394,2.301394,1.501394,0.571394,0.031394042,-1.498606
-0.76860595,-0.12860596,-0.15860596,-0.088605955,0.81139404,1.421394,2.1213942,3.071394,3.481394,2.921394,2.321394,2.031394,1.631394,2.3713942,1.921394,2.281394,1.361394,1.291394,2.771394,-0.26860595,0.07139404,0.771394,-0.10860596,-0.23860596,0.50139403,-0.028605957,0.18139404,-0.22860596,-0.71860594,0.78139406,2.351394,0.90139407,1.541394,-1.6686059,-3.0986059,-2.538606,-2.428606,-4.908606,-2.388606,-1.2786059,-1.5286059,-2.1186059,-2.278606,-2.158606,-2.028606,-1.498606,-0.618606,-0.28860596,0.17139405,1.301394,2.061394,1.9613941,1.5813941,1.771394,-0.94860595,-2.328606,-2.8686059,-2.708606
-1.1686059,-0.74860597,-0.31860596,-0.40860596,1.281394,1.9713941,2.6413941,3.251394,3.521394,3.321394,2.771394,2.361394,2.1413941,2.041394,3.251394,2.921394,2.211394,1.511394,0.041394044,-0.798606,-1.088606,0.98139405,0.28139403,1.0913941,0.32139406,0.44139403,0.21139404,-0.24860595,0.08139405,-0.35860595,0.54139405,1.001394,-1.1786059,-0.39860594,-3.428606,-2.438606,-3.1186059,-3.488606,-2.008606,0.69139403,-2.148606,-2.548606,-2.478606,-2.268606,-2.148606,-1.5486059,-0.858606,-0.46860597,0.40139404,1.371394,0.60139406,0.46139404,0.65139407,-4.298606,-4.278606,-3.638606,-3.308606,-2.698606
-1.128606,-0.80860597,-0.24860595,0.74139404,1.511394,1.851394,2.1413941,2.6413941,2.861394,2.9013941,2.691394,2.501394,3.211394,2.731394,2.921394,1.901394,1.4713941,1.8213941,0.73139405,1.3113941,-1.968606,1.3113941,0.93139404,2.061394,-0.49860597,0.41139403,0.50139403,0.49139404,-0.70860595,-1.0286059,-1.098606,0.31139404,-1.5386059,-1.708606,-3.178606,-1.9286059,-2.8786058,-1.5286059,-1.198606,-2.8386059,-3.678606,-3.328606,-2.968606,-2.3786058,-2.188606,-1.6886059,-1.378606,-0.75860596,0.08139405,-0.34860596,-2.0986059,-4.138606,-5.688606,-5.158606,-4.738606,-3.958606,-3.678606,-2.8786058
-1.4186059,-0.27860597,0.67139405,0.951394,1.3113941,1.521394,1.631394,1.9313941,1.9713941,2.311394,2.261394,2.441394,3.441394,1.651394,2.3713942,1.2113941,2.201394,1.641394,-0.25860596,-0.058605958,-0.14860596,0.39139405,1.001394,0.9613941,1.171394,0.29139405,0.94139403,2.051394,-0.548606,-1.648606,-0.16860595,-0.57860595,-1.6686059,-2.908606,-3.638606,-3.1186059,-2.228606,0.19139405,-0.14860596,-1.0686059,-4.238606,-4.598606,-3.758606,-2.938606,-2.018606,-1.848606,-1.478606,-1.368606,-1.3186059,-1.758606,-4.268606,-5.438606,-6.098606,-5.508606,-4.888606,-4.078606,-3.988606,-3.388606
-1.078606,0.19139405,0.761394,0.69139403,1.2013941,1.4713941,1.611394,1.481394,1.4413941,1.9713941,2.1313941,2.691394,3.111394,2.851394,1.371394,1.041394,1.751394,0.53139406,-1.208606,-0.16860595,1.3113941,0.581394,-0.008605957,0.641394,1.611394,1.4713941,-0.17860596,0.08139405,0.49139404,-1.0386059,0.10139404,-1.838606,-2.8786058,-2.998606,-3.018606,-1.9386059,-0.62860596,-0.008605957,-2.0886059,-0.52860594,-5.018606,-4.7486057,-4.408606,-2.958606,-1.988606,-1.4086059,-1.478606,-1.9286059,-1.948606,-3.768606,-4.968606,-6.268606,-6.178606,-5.688606,-5.028606,-4.408606,-3.8486059,-3.408606
0.28139403,0.41139403,0.55139405,0.87139404,1.231394,1.5813941,1.8113941,1.641394,1.7213941,2.231394,2.061394,2.611394,2.741394,2.9013941,2.001394,3.671394,3.1213942,1.1913941,-0.29860595,-1.128606,0.99139404,0.94139403,0.60139406,0.62139404,1.141394,1.8413941,-0.96860594,0.26139405,-0.36860597,-3.328606,-2.798606,-2.778606,-1.4386059,-3.508606,0.22139405,-1.858606,-0.06860596,-0.17860596,-2.0886059,-1.398606,-5.298606,-4.4986057,-4.698606,-2.8786058,-1.998606,-1.098606,-1.5386059,-1.768606,-2.428606,-4.198606,-5.308606,-5.948606,-6.348606,-5.778606,-4.828606,-4.518606,-4.018606,-3.5986059
0.041394044,0.53139406,0.121394046,0.38139403,1.0613941,1.671394,1.881394,1.881394,2.111394,2.721394,2.501394,2.6613941,2.531394,2.811394,1.9713941,2.081394,1.9313941,2.261394,0.881394,-1.6586059,-0.14860596,0.881394,1.3213941,0.53139406,-0.30860597,-0.49860597,-0.90860593,-0.83860594,0.68139404,-2.928606,-2.158606,-2.698606,-3.328606,-2.448606,-1.008606,-0.46860597,-0.77860594,-0.24860595,-1.968606,-2.8486059,-4.088606,-3.968606,-4.988606,-3.398606,-1.968606,-0.88860595,-1.3186059,-1.478606,-2.448606,-4.4986057,-5.158606,-6.198606,-6.378606,-5.808606,-4.7286057,-4.018606,-4.198606,-4.898606
-0.55860597,-0.018605957,-0.35860595,0.20139404,0.99139404,1.731394,1.241394,2.001394,2.741394,3.231394,2.9113941,2.4013941,2.051394,2.181394,1.2013941,1.231394,1.9713941,0.511394,-0.89860594,-0.738606,0.18139404,0.72139406,0.56139404,-1.018606,-0.81860596,-1.088606,-0.858606,-0.36860597,-1.5586059,-3.508606,-4.768606,-3.018606,-2.668606,-1.4186059,-1.248606,-0.58860594,-0.47860596,0.72139406,-2.918606,-2.8486059,-0.32860595,-4.238606,-4.608606,-2.698606,-0.87860596,-0.83860594,0.031394042,-0.64860594,-2.558606,-4.708606,-4.708606,-5.898606,-6.2286057,-5.938606,-5.068606,-4.158606,-4.418606,-4.948606
-0.83860594,-0.668606,-0.548606,-0.11860596,0.41139403,1.291394,1.551394,2.191394,3.291394,3.471394,2.291394,2.521394,1.151394,2.571394,0.521394,1.9413941,1.4513941,1.661394,-0.77860594,-0.18860596,-0.42860594,-0.99860597,-1.5486059,-0.988606,-0.99860597,-1.218606,-2.3386059,-3.068606,-2.138606,-2.318606,-2.388606,-4.338606,-2.198606,-1.458606,1.621394,0.67139405,0.631394,0.84139407,-2.1086059,-3.538606,-1.5386059,-4.088606,-3.708606,-2.728606,-0.20860596,1.281394,1.4513941,1.111394,0.45139405,-4.4986057,-3.8486059,-5.4986057,-6.428606,-6.088606,-5.308606,-4.7286057,-4.568606,-4.788606
-1.0386059,-0.858606,-0.89860594,-0.69860595,0.18139404,1.0813941,0.99139404,1.8213941,3.171394,2.931394,1.271394,2.251394,2.541394,3.301394,1.271394,1.301394,0.50139403,1.001394,-1.2886059,-0.88860595,-0.90860593,-0.89860594,-0.65860593,-1.098606,-1.2786059,-2.428606,-2.468606,-2.8586059,-2.278606,-3.048606,-3.718606,-2.508606,-1.758606,-2.558606,-1.728606,-1.828606,0.40139404,-2.1286058,-1.748606,-2.828606,-1.958606,-2.578606,-1.898606,-0.07860596,1.271394,2.1613941,3.031394,3.3713942,1.921394,-1.2786059,-1.878606,-4.858606,-6.398606,-6.218606,-5.668606,-4.948606,-4.318606,-4.548606
