raw-data-f/2018100806f3.json
{"header": { "discipline":0, "disciplineName":"Meteorological products", "gribEdition":2, "gribLength":75563, "center":7, "centerName":"US National Weather Service - NCEP(WMC)", "subcenter":0, "refTime":"2018-10-08T06:00:00.000Z", "significanceOfRT":1, "significanceOfRTName":"Start of forecast", "productStatus":0, "productStatusName":"Operational products", "productType":1, "productTypeName":"Forecast products", "productDefinitionTemplate":0, "productDefinitionTemplateName":"Analysis/forecast at horizontal level/layer at a point in time", "parameterCategory":2, "parameterCategoryName":"Momentum", "parameterNumber":2, "parameterNumberName":"U-component_of_wind", "parameterUnit":"m.s-1", "genProcessType":2, "genProcessTypeName":"Forecast", "forecastTime":3, "surface1Type":103, "surface1TypeName":"Specified height level above ground", "surface1Value":10.0, "surface2Type":255, "surface2TypeName":"Missing", "surface2Value":0.0, "gridDefinitionTemplate":0, "gridDefinitionTemplateName":"Latitude_Longitude", "numberPoints":65160, "shape":6, "shapeName":"Earth spherical with radius of 6,371,229.0 m", "gridUnits":"degrees", "resolution":48, "winds":"true", "scanMode":0, "nx":360, "ny":181, "basicAngle":0, "lo1":0.0, "la1":90.0, "lo2":359.0, "la2":-90.0, "dx":1.0, "dy":1.0 }, "data":
[rows 75 to 99 of 181, columns 285 to 341 of 360]
-3.7721558,-4.552156,-5.5421557,-5.7221556,-6.522156,-6.572156,-6.8521557,-7.2221556,-7.342156,-6.822156,-7.3721557,-7.4321556,-7.3321557,-7.072156,-7.2421556,-7.0621557,-7.232156,-7.272156,-6.5821557,-6.3121557,-6.382156,-6.2421556,-6.3921556,-6.382156,-6.072156,-6.232156,-6.6221557,-6.7021556,-6.4521556,-7.192156,-8.162156,-8.3021555,-8.832156,-8.842155,-8.502155,-8.942156,-8.892156,-8.152156,-7.002156,-6.442156,-6.6821556,-7.1421556,-7.272156,-7.022156,-7.172156,-7.3921556,-6.532156,-6.032156,-6.0121555,-6.152156,-5.902156,-2.3621557,-2.6221557,-1.3421558,-0.082155764,1.2178442,1.7578442
-4.272156,-4.862156,-6.172156,-6.3721557,-7.1821556,-7.4721556,-7.462156,-7.532156,-7.532156,-7.442156,-7.5821557,-7.842156,-7.9921556,-7.822156,-5.692156,-7.052156,-7.1621556,-7.6021557,-7.2421556,-6.592156,-6.9121556,-6.8721557,-6.782156,-6.632156,-5.8921556,-6.1221557,-6.0121555,-5.8721557,-5.712156,-6.532156,-7.2921557,-7.962156,-8.262156,-9.032156,-9.002155,-10.042156,-9.402156,-8.322156,-6.2621555,-6.2921557,-6.532156,-6.772156,-6.7421556,-6.842156,-7.1621556,-7.1021557,-6.212156,-6.1221557,-5.592156,-5.282156,-6.1821556,-4.482156,-2.3621557,-0.72215575,0.89784425,1.6378442,2.1278443
-4.712156,-5.402156,-7.0121555,-7.1221557,-7.6821556,-8.332156,-7.772156,-7.402156,-7.152156,-7.282156,-7.282156,-7.302156,-7.632156,-7.032156,-6.9521556,-6.9521556,-7.232156,-7.0421557,-7.2921557,-6.942156,-6.922156,-7.0621557,-6.802156,-6.4521556,-6.3521557,-6.022156,-5.6421556,-5.272156,-5.0421557,-5.2421556,-6.132156,-6.3321557,-6.9721556,-7.0621557,-6.3321557,-5.282156,-8.0521555,-8.322156,-6.232156,-5.942156,-6.0821557,-6.002156,-5.982156,-6.362156,-6.632156,-6.4321556,-6.3321557,-6.342156,-6.3921556,-6.772156,-6.282156,-5.252156,-3.8321557,-1.5521557,0.06784424,0.83784425,1.3978442
-3.9521558,-5.882156,-5.3521557,-3.5821557,-8.292156,-6.732156,-8.282156,-7.7221556,-7.3721557,-6.8721557,-7.032156,-6.2921557,-8.422155,-6.672156,-6.8521557,-6.7921557,-6.692156,-7.052156,-6.382156,-7.092156,-6.9521556,-7.152156,-7.482156,-7.032156,-6.712156,-5.802156,-4.9921556,-4.212156,-3.9421558,-4.0121555,-4.0121555,-2.8421557,-2.6521559,-1.2321558,0.17784424,0.10784424,-1.7521558,-5.3321557,-5.632156,-4.782156,-5.1821556,-5.172156,-5.232156,-5.7221556,-5.9921556,-5.9521556,-7.0121555,-7.302156,-8.242156,-8.642156,-7.9921556,-6.632156,-4.862156,-2.7621558,-1.1421558,-0.04215576,0.96784425
-1.8021557,-1.5021558,-0.032155763,0.8178442,-4.0621557,-3.0221558,0.097844236,-8.212155,-7.252156,-4.592156,-6.1821556,-4.152156,-4.132156,-5.692156,-6.302156,-6.302156,-6.002156,-5.982156,-5.922156,-5.902156,-6.9321556,-6.612156,-6.782156,-6.2021556,-6.1621556,-5.152156,-3.7821558,-2.9821558,-1.8421558,-1.8021557,-1.8921558,0.10784424,1.7578442,2.7378442,3.6178443,3.2078443,3.0278442,-1.5421557,-3.6821558,-3.4321558,-3.7721558,-3.0521557,-4.422156,-5.172156,-5.942156,-5.712156,-7.522156,-8.722156,-9.232156,-8.722156,-7.1021557,-6.0621557,-3.9821558,-1.8121557,-0.54215574,0.49784425,1.2878442
0.9878442,-0.83215576,-1.0721557,2.4678442,-2.0221558,-0.86215574,-0.29215577,-0.112155765,-0.18215576,0.37784424,-0.082155764,-1.1221558,0.38784423,-4.342156,-5.612156,-5.402156,-4.752156,-5.022156,-4.862156,-4.7221556,-5.422156,-4.4721556,-4.3521557,-4.7421556,-4.902156,-4.0821557,-2.1421556,-1.1321558,0.14784424,1.0178442,1.1478442,1.6878443,3.2678442,4.5078444,3.9578443,3.6078444,3.0278442,1.2178442,-1.8921558,-1.8421558,-2.2421558,-2.4121559,-1.6321558,-4.862156,-4.652156,-4.322156,-5.462156,-9.032156,-6.2921557,-4.422156,-2.6421556,-3.4221559,-1.9821558,-0.48215577,1.0778443,2.0778441,2.8978443
0.22784424,0.7378442,0.94784427,1.7978443,-0.46215576,0.85784423,-0.12215576,-0.16215576,-1.4521557,-2.0121558,-1.6821557,-2.8521557,-1.8421558,-0.58215576,-0.71215576,-5.482156,-4.712156,-4.6821556,-4.2021556,-3.6821558,-4.0621557,-2.9621558,-2.1021557,-1.7321558,-2.9221559,-3.2521558,-2.9121559,-1.2421558,-0.37215576,1.5178442,2.5278442,3.0278442,3.4478443,2.8878443,2.2778442,2.1178443,1.9878442,1.9878442,-0.052155763,-1.0721557,-0.97215575,-0.67215574,-1.4121557,-1.9521557,-3.5921557,-2.2021558,-1.1621557,-1.4021558,-3.1121557,-2.3321557,0.29784423,2.4778442,2.8578444,2.6578443,1.8778442,2.1178443,3.1078444
0.19784424,0.9378442,0.36784422,-1.2621558,0.7478442,0.47784424,-0.07215576,-0.6221558,-1.6521558,-3.3421557,-2.4121559,-2.0821557,-1.3821558,-0.7421558,-0.48215577,-0.16215576,-3.7521558,-4.612156,-4.752156,-4.752156,-4.5821557,-4.402156,-4.2921557,-3.8721557,-3.4721558,-2.3621557,-1.9621558,-1.5021558,-0.30215576,0.7578442,1.2678442,1.2378442,1.0378442,0.91784424,0.79784423,0.8678442,0.8078442,1.3178443,1.1378442,-1.0621557,0.23784424,-0.082155764,-0.23215576,-0.6321558,-1.0521557,0.097844236,-0.10215576,0.13784423,0.24784423,2.6878443,2.9778442,3.6078444,3.6878443,3.7178442,2.3378441,2.8078442,3.2278442
0.8678442,0.52784425,-1.0421557,0.9878442,0.71784425,0.39784423,-0.46215576,-1.7321558,-1.6021558,0.12784424,0.08784424,0.08784424,-1.3021557,-0.79215574,-0.67215574,-0.10215576,-0.16215576,-4.5421557,-4.8521557,-5.272156,-5.402156,-5.462156,-5.422156,-4.772156,-4.022156,-3.1421556,-2.5321558,-1.7621558,-1.2121558,-0.58215576,-0.72215575,-0.59215575,-0.47215575,-0.36215577,-0.6321558,-1.0521557,-0.9921558,0.18784423,1.1478442,-0.84215575,0.32784423,1.3078443,1.2278442,0.9978442,1.6878443,2.2378442,3.4078443,3.7578442,4.9878445,3.9478443,2.0378442,3.0778441,2.9278443,2.3778443,1.6278442,3.1378443,3.5678442
1.1478442,-0.79215574,-1.2421558,1.2778442,0.91784424,-0.36215577,-0.92215574,-1.3621558,-1.5221558,-0.10215576,0.83784425,0.58784425,-0.26215577,-0.58215576,0.14784424,0.28784424,0.17784424,0.47784424,-3.1521559,-4.7921557,-3.5221558,-6.0621557,-6.302156,-5.4321556,-5.0621557,-4.4321556,-3.7121558,-3.0221558,-2.6021557,-2.1721559,-1.7921557,-1.6521558,-1.5521557,-1.3121557,-1.4121557,-2.3621557,-2.6921558,-1.4521557,-0.09215576,1.3678442,-0.21215576,0.9278442,1.6078442,2.8178442,2.6278443,3.6778443,4.0078444,3.8078442,3.3578444,2.5478442,2.0478442,2.3178442,1.4378443,0.79784423,1.5678443,2.6178443,3.7578442
1.1878443,-1.1621557,0.78784424,-0.06215576,0.8178442,0.59784424,-1.2321558,-0.59215575,-0.9321558,-0.7621558,0.40784425,-0.35215577,-0.83215576,-0.20215577,-0.44215575,-1.1421558,0.9378442,0.38784423,-1.0221558,-0.64215577,-1.8121557,-0.85215575,-0.28215575,-6.1821556,-5.532156,-5.112156,-4.572156,-3.9221559,-3.4821558,-3.3721557,-3.1921558,-3.0921557,-2.4321558,-2.5421557,-2.8421557,-2.4921558,-2.1721559,-3.0821557,-0.8121558,0.84784424,0.30784425,0.25784424,0.82784426,1.8778442,1.0778443,1.9478443,1.6278442,2.0778441,1.8978442,1.0278442,0.64784425,0.65784425,0.65784425,0.69784427,1.2278442,2.2778442,1.9978442
0.21784423,2.0078442,0.76784426,0.69784427,-0.39215577,-0.112155765,-0.33215576,-0.25215575,-0.80215573,-0.31215575,-0.35215577,0.63784426,0.10784424,-0.032155763,-0.40215576,-0.30215576,-0.53215575,-0.13215576,-0.98215574,-0.35215577,-1.0221558,-1.0121558,-0.95215577,-0.72215575,-5.2221556,-5.4721556,-4.9521556,-4.552156,-4.362156,-4.1621556,-4.3121557,-4.4921556,-4.522156,-4.232156,-4.572156,-3.3521557,-3.6821558,-3.7321558,-1.9221557,-1.2621558,-0.7621558,-0.67215574,-0.8221558,-0.31215575,-0.032155763,0.097844236,0.20784424,0.7578442,0.31784424,-0.7421558,-0.49215576,-0.85215575,-0.32215577,0.30784425,0.48784423,0.94784427,0.82784426
-0.31215575,-1.4021558,1.1178442,0.82784426,0.04784424,-0.10215576,-0.36215577,0.39784423,-0.84215575,-0.13215576,-0.35215577,-0.38215578,0.6878442,0.53784424,-0.48215577,-2.3721557,-0.77215576,0.007844239,-0.90215576,-0.6921558,-0.89215577,-0.53215575,-2.0721557,-0.8721558,-1.9621558,-5.7421556,-5.3321557,-4.842156,-4.8721557,-5.0121555,-4.922156,-4.9321556,-5.592156,-5.902156,-5.002156,-4.7621555,-5.1421556,-4.482156,-3.1021557,-2.1421556,-2.1821558,-2.4721558,-1.8321557,-1.6321558,-0.95215577,-0.59215575,-0.65215576,-0.73215574,-0.98215574,-1.6821557,-1.9621558,-1.8421558,-0.59215575,-0.64215577,-0.23215576,0.21784423,-0.7621558
0.45784423,0.14784424,0.35784423,0.26784423,0.097844236,-0.27215576,-0.26215577,-0.27215576,-0.22215576,0.31784424,-0.70215577,-0.25215575,-0.23215576,-0.10215576,0.07784424,-0.86215574,-0.53215575,-0.18215576,-0.5621558,-2.2221558,-0.83215576,-0.72215575,-1.2521558,-1.0321558,-0.24215576,-6.032156,-5.482156,-5.232156,-5.572156,-5.4521556,-5.632156,-6.322156,-7.002156,-6.7421556,-6.1821556,-5.9521556,-5.8321557,-5.2621555,-4.482156,-3.9121559,-3.1821558,-2.7721558,-2.6021557,-2.5821557,-2.0621557,-1.5721557,-1.7421558,-2.2721558,-1.9121557,-2.5021558,-2.9121559,-2.2421558,-0.64215577,-1.4021558,-0.79215574,-0.30215576,-1.4321557
0.76784426,0.027844239,-0.30215576,0.027844239,-0.21215576,-0.032155763,-0.28215575,-0.27215576,-0.48215577,-1.2821558,-0.39215577,0.19784424,0.42784423,-0.64215577,-0.31215575,-0.31215575,-0.47215575,-0.66215575,-0.84215575,-1.0021558,-1.1321558,-0.86215574,-2.0721557,-1.0721557,-0.9421558,-3.5921557,-5.6821556,-5.6621556,-5.7621555,-5.942156,-6.2021556,-7.192156,-7.802156,-7.7021556,-7.5421557,-7.232156,-7.1621556,-6.052156,-5.2021556,-5.112156,-4.322156,-3.3521557,-3.4121559,-3.5021558,-3.0221558,-3.0121558,-2.8321557,-2.8821557,-3.5321558,-3.1921558,-2.9021559,-2.7721558,-1.8821558,-2.0421557,-2.1921558,-1.5621557,-1.5221558
1.0478443,0.37784424,-0.25215575,-0.25215575,0.21784423,-0.19215576,-0.06215576,-0.112155765,-0.6321558,-0.38215578,0.04784424,-0.19215576,0.46784425,-0.7521558,0.097844236,-0.26215577,-0.53215575,-1.0421557,-0.5021558,-1.0621557,-1.3921558,-0.86215574,-0.92215574,-0.65215576,-3.6221557,-2.9421558,-5.842156,-6.022156,-6.522156,-6.752156,-6.5421557,-6.8521557,-8.372156,-8.652156,-8.762156,-8.632155,-8.092155,-6.802156,-5.4721556,-5.5821557,-4.6421556,-4.152156,-4.232156,-4.3121557,-4.072156,-3.6621559,-4.0121555,-4.1021557,-4.362156,-3.8221557,-3.3721557,-3.1221557,-2.8121557,-2.2421558,-2.9321558,-3.0821557,-2.1921558
1.2778442,0.20784424,-0.032155763,0.04784424,-0.20215577,-0.34215575,-0.55215573,-0.25215575,0.027844239,-0.022155762,0.10784424,-0.21215576,-0.34215575,-0.43215576,-0.07215576,-0.19215576,0.097844236,-1.3321557,-0.5121558,-1.2021557,-0.8721558,-1.4421557,-1.4021558,-0.60215575,-0.9321558,-0.86215574,-1.0821557,-0.71215576,-0.86215574,-7.092156,-6.942156,-6.8921556,-8.332156,-9.752155,-9.832156,-9.642156,-9.132155,-7.8921556,-6.4121556,-5.302156,-4.8921556,-4.732156,-4.9321556,-4.782156,-4.3121557,-4.2921557,-4.9121556,-4.842156,-4.632156,-4.7221556,-4.532156,-4.3321557,-3.8921556,-3.4421558,-3.7621558,-3.1221557,-2.4221559
0.6778442,0.60784423,0.037844237,-0.45215577,0.29784423,0.10784424,-0.59215575,0.11784424,0.23784424,0.11784424,-0.28215575,-0.13215576,-0.42215577,-0.15215576,-0.17215577,-0.59215575,-0.55215573,-1.1421558,-0.42215577,-1.6221558,-2.3721557,-3.0621557,-1.1121558,-0.8821558,-0.8221558,-1.0021558,-1.1221558,-0.61215574,-0.95215577,-0.72215575,-0.7621558,-8.022156,-9.382155,-11.642156,-10.8021555,-10.422155,-9.672155,-8.832156,-6.8721557,-5.9521556,-5.2221556,-5.7921557,-5.4121556,-5.6621556,-5.3321557,-5.2021556,-5.942156,-5.4321556,-5.3321557,-5.282156,-4.752156,-5.0821557,-4.942156,-3.9821558,-3.8221557,-2.9321558,-2.7021558
0.5678442,0.49784425,0.24784423,0.097844236,0.37784424,0.16784424,-0.7421558,-0.43215576,0.097844236,0.24784423,-0.9921558,0.017844237,0.12784424,-0.33215576,0.26784423,-0.7421558,-0.84215575,-1.1321558,-0.71215576,-1.0921558,-1.2221558,-1.0421557,-1.0321558,-0.86215574,-0.55215573,-0.46215576,-0.8221558,-0.61215574,-0.58215576,-0.27215576,-0.25215575,-0.80215573,-1.5321558,-2.7121558,-4.6221557,-4.7021556,-10.172155,-8.972156,-7.632156,-6.192156,-6.2621555,-6.7921557,-5.802156,-5.802156,-5.8521557,-5.592156,-6.5121555,-6.2221556,-6.422156,-5.1621556,-4.7921557,-5.552156,-5.3321557,-4.502156,-3.8121557,-3.8621557,-3.6521559
0.60784423,0.5078442,0.24784423,0.24784423,0.29784423,0.037844237,0.017844237,0.35784423,0.097844236,0.25784424,-0.71215576,0.58784425,0.44784424,-0.64215577,-0.6221558,-0.34215575,-0.33215576,-0.8821558,-1.1921557,-1.0421557,-1.0821557,-0.8721558,-0.7621558,-0.71215576,-0.52215576,-0.21215576,-0.26215577,-0.22215576,-0.5021558,-0.33215576,-0.38215578,-0.32215577,-0.86215574,-0.46215576,-6.032156,-3.8521557,-2.7721558,-8.3021555,-8.022156,-7.022156,-6.522156,-7.0421557,-6.752156,-6.002156,-6.592156,-6.5621557,-6.692156,-6.1821556,-6.1621556,-5.6821556,-5.3721557,-5.7621555,-5.612156,-5.382156,-4.942156,-4.3921556,-3.7621558
0.27784425,0.52784425,0.36784422,0.007844239,0.45784423,0.29784423,0.15784425,0.027844239,-0.25215575,-0.0021557617,0.097844236,-0.5721558,-0.19215576,-0.33215576,-0.8721558,-0.84215575,-0.24215576,-0.95215577,-0.9421558,-0.9321558,-1.1421558,-0.58215576,-0.65215576,-0.42215577,-0.032155763,0.33784425,-0.0021557617,-0.29215577,-0.49215576,-0.19215576,-0.55215573,0.31784424,0.34784424,-1.1221558,-4.752156,-5.152156,-3.7021558,-2.6921558,-6.342156,-5.0421557,-6.7221556,-6.7021556,-6.8721557,-6.422156,-6.962156,-6.522156,-6.782156,-6.6621556,-6.652156,-6.482156,-6.072156,-6.6621556,-6.402156,-5.772156,-5.172156,-4.6021557,-3.8921556
0.7578442,0.11784424,0.12784424,0.28784424,0.10784424,0.27784425,0.18784423,0.60784423,-0.60215575,-0.28215575,0.40784425,-0.27215576,-0.45215577,-0.12215576,-1.0621557,-0.85215575,-0.9421558,-0.97215575,-1.0421557,-0.55215573,-0.9421558,-0.5621558,-0.71215576,-0.24215576,0.06784424,0.6178442,0.72784424,0.63784426,-0.37215576,-0.49215576,0.18784423,-0.112155765,0.60784423,-1.0121558,-4.132156,-5.0121555,-3.1321557,-4.862156,-4.1421556,-2.9521558,-5.022156,-6.6021557,-7.712156,-6.6221557,-6.9721556,-6.9521556,-6.9321556,-7.0821557,-7.4321556,-6.9321556,-6.552156,-6.572156,-6.2021556,-5.6621556,-5.212156,-4.9321556,-4.5621557
0.44784424,0.007844239,0.25784424,0.48784423,0.07784424,0.10784424,0.17784424,0.25784424,0.12784424,-0.032155763,0.42784423,-0.8221558,-0.39215577,-0.30215576,-1.0821557,-0.44215575,-0.39215577,-0.8821558,-0.96215576,-0.77215576,-0.26215577,-0.37215576,-0.48215577,-0.012155762,0.53784424,1.1778443,0.27784425,1.5778443,0.33784425,-0.19215576,-0.25215575,-0.16215576,-1.4521557,-3.4321558,-3.2921557,-1.9821558,-1.2721558,-2.4721558,-7.212156,-3.8821557,-2.3921556,-6.442156,-7.022156,-7.8121557,-7.502156,-7.772156,-7.822156,-7.692156,-7.592156,-7.6421556,-7.0121555,-6.6421556,-6.322156,-6.1421556,-5.5421557,-5.5621557,-5.302156
0.7378442,0.64784425,0.27784425,0.28784424,0.39784423,0.057844236,0.38784423,0.57784426,0.20784424,0.39784423,0.58784425,-0.9921558,-0.21215576,-0.60215575,0.51784426,-0.80215573,-1.0221558,-0.7521558,-1.5321558,-0.7521558,-0.082155764,-0.43215576,-0.21215576,0.057844236,0.59784424,1.7978443,-0.49215576,1.0378442,-0.24215576,-0.48215577,1.0578443,-1.9121557,-3.5321558,-4.402156,-5.2221556,-3.3221557,-5.0121555,-4.982156,-4.1621556,-1.8321557,-2.1921558,-6.8121557,-7.3121557,-7.7421556,-7.9921556,-8.072156,-8.082156,-8.222156,-7.942156,-7.252156,-7.132156,-6.822156,-6.712156,-6.532156,-6.2621555,-5.7621555,-5.422156
0.6278442,0.57784426,0.60784423,0.35784423,0.34784424,0.22784424,0.34784424,0.5578442,0.6778442,0.63784426,0.66784424,0.007844239,-0.34215575,-0.29215577,-0.15215576,-0.73215574,-1.1621557,-0.89215577,-0.79215574,-0.6921558,-0.49215576,1.0478443,0.34784424,-0.18215576,1.0278442,0.6178442,0.027844239,0.8678442,-2.1721559,1.3978442,-1.6321558,-2.1721559,-4.192156,-6.3521557,-7.8521557,-6.522156,-7.4121556,-3.7421558,-2.9221559,-1.6721557,-5.9321556,-7.032156,-7.4921556,-7.592156,-7.922156,-8.312156,-8.532156,-8.572156,-8.512156,-8.0521555,-8.032156,-7.752156,-7.3721557,-6.922156,-6.5821557,-6.342156,-5.8321557
