raw-data-f/2018100918.json
{"header": { "discipline":0, "disciplineName":"Meteorological products", "gribEdition":2, "gribLength":74757, "center":7, "centerName":"US National Weather Service - NCEP(WMC)", "subcenter":0, "refTime":"2018-10-09T18:00:00.000Z", "significanceOfRT":1, "significanceOfRTName":"Start of forecast", "productStatus":0, "productStatusName":"Operational products", "productType":1, "productTypeName":"Forecast products", "productDefinitionTemplate":0, "productDefinitionTemplateName":"Analysis/forecast at horizontal level/layer at a point in time", "parameterCategory":2, "parameterCategoryName":"Momentum", "parameterNumber":2, "parameterNumberName":"U-component_of_wind", "parameterUnit":"m.s-1", "genProcessType":2, "genProcessTypeName":"Forecast", "forecastTime":0, "surface1Type":103, "surface1TypeName":"Specified height level above ground", "surface1Value":10.0, "surface2Type":255, "surface2TypeName":"Missing", "surface2Value":0.0, "gridDefinitionTemplate":0, "gridDefinitionTemplateName":"Latitude_Longitude", "numberPoints":65160, "shape":6, "shapeName":"Earth spherical with radius of 6,371,229.0 m", "gridUnits":"degrees", "resolution":48, "winds":"true", "scanMode":0, "nx":360, "ny":181, "basicAngle":0, "lo1":0.0, "la1":90.0, "lo2":359.0, "la2":-90.0, "dx":1.0, "dy":1.0 }, "data":
[rows 75 to 99 of 181, columns 57 to 113 of 360]
-2.3734033,-6.103403,-13.503404,-21.673403,-17.873404,-12.533403,-8.653403,-6.1434035,-3.3634033,-1.8834033,-0.78340334,-0.71340334,-0.18340331,2.0265968,1.9965967,1.5565966,2.0265968,-0.3134033,0.42659667,0.8565967,-0.78340334,-1.2734033,-0.16340332,1.6565967,3.1765966,3.5765967,4.5265965,3.1065967,5.6965966,9.226597,7.8065968,2.1565967,-2.0034034,-1.9434034,-3.5234034,-2.4434032,-2.8934033,-2.4734032,-1.8534033,-2.1134033,-2.3634033,-0.9834033,-0.38340333,0.6165967,-1.1634033,-1.1834034,-2.0234034,-0.7034033,0.32659668,-1.1834034,-0.24340332,-0.23340333,3.7365966,-3.8634033,-4.0334034,-3.7534034,-4.713403
2.6565967,3.3765967,0.8065967,-10.693403,-9.263403,-8.263403,-6.023403,-3.9834032,-1.4134033,0.03659668,0.27659667,0.38659668,0.9565967,1.1765966,1.6665967,1.9865967,1.9165967,2.5965967,0.8065967,2.2665968,-2.0434034,-0.9434033,-0.3734033,2.2165966,2.8265967,3.8865967,4.4265966,4.3865967,5.8865967,7.5665965,8.026597,5.146597,0.89659667,0.04659668,-1.4834033,-1.1034033,-1.9534034,-1.7134033,-1.3234034,-1.2734033,-1.3934033,-2.0634034,0.25659668,0.6865967,-1.2534033,-1.6134033,-0.15340333,-0.24340332,-0.6834033,-0.7334033,-0.4634033,-1.4134033,1.5165967,-1.9734033,-4.023403,-3.3634033,-2.5034034
8.326596,12.656597,19.686596,17.536596,5.476597,-0.17340332,-2.1334033,-1.2434033,0.53659666,1.3765967,1.6065967,0.89659667,1.2165967,1.7165967,1.5565966,1.1465967,2.1465967,2.9065967,-1.0834033,2.0765967,0.41659668,-0.05340332,0.39659667,1.6065967,2.1265967,3.7965968,3.4565966,5.6265965,7.1165967,7.9465966,7.186597,4.476597,2.5765967,1.7465967,0.78659666,0.19659668,-1.0734034,-0.8734033,-1.3534033,-0.8034033,-0.5534033,-1.2734033,-0.8734033,1.2065967,0.8765967,-0.78340334,0.17659669,0.17659669,-0.6834033,-1.2834033,-2.0434034,-2.0234034,0.30659667,-2.8834033,-3.3134034,-3.0834033,-2.6434033
11.796597,15.206596,17.446596,15.176597,9.856597,4.516597,1.8965967,1.0265967,2.4465966,2.8665967,2.9465966,3.1865966,1.7465967,2.4365966,3.0765967,2.8665967,1.6665967,2.0065966,0.07659668,0.9965967,1.4165967,0.3465967,1.2765967,2.0365968,0.21659668,3.0465968,4.956597,4.786597,5.9065967,6.8765965,5.9465966,4.0565968,3.8365967,3.7165966,2.7565966,2.5865967,-0.49340332,-0.08340332,-1.2734033,-1.2434033,0.30659667,-0.7934033,-0.42340332,2.3565967,1.7165967,0.9465967,-0.5734033,0.38659668,-2.1634033,-0.6434033,-0.7634033,-0.5534033,0.8265967,-3.5434034,-2.9234033,-2.8034034,-2.2134032
11.996596,14.296597,14.906597,14.016597,10.906597,6.686597,4.496597,4.0465965,3.7265966,3.9765966,3.5965967,3.7865968,3.4765966,3.7665968,4.206597,3.4365966,2.9065967,3.0565968,0.26659667,0.5765967,3.0465968,2.7265966,0.6765967,1.2765967,1.0965967,3.6565967,4.976597,5.6165967,6.786597,6.476597,5.8365965,5.036597,4.7365966,4.6065965,3.9365966,4.5565968,0.89659667,0.8265967,-0.36340332,-0.33340332,0.3765967,-1.5134033,-0.3734033,0.07659668,-0.78340334,0.16659668,0.04659668,-0.60340333,-1.7634033,-1.7834033,-1.3134034,-0.5034033,-5.503403,-4.1534033,-3.2134032,-2.6834033,-2.4634032
11.8365965,12.8365965,12.996596,12.266597,9.686597,7.226597,6.456597,6.0265965,5.4465966,4.7765965,4.4265966,4.5565968,4.3765965,3.8165967,4.8065968,4.3765965,3.0865967,3.7665968,1.8265967,2.0865967,0.06659668,0.9865967,1.6065967,2.8265967,3.4465966,3.6865966,4.166597,4.666597,5.396597,5.9665966,5.456597,5.8765965,5.0665965,4.1965966,4.3265967,4.7765965,1.6965966,1.9865967,1.5765967,1.3665967,1.1065967,-0.4334033,0.65659666,-1.3334033,-1.2434033,-0.90340334,0.47659668,-2.9434032,-3.5034034,-2.6134033,-9.393403,-8.833404,-6.523403,-4.9134035,-3.9334033,-3.0134034,-3.2634034
10.866596,11.846597,11.966597,11.346597,9.526597,8.236597,7.8465967,6.9665966,5.9465966,5.436597,5.7365966,4.956597,4.646597,4.5565968,4.1965966,5.3165965,5.3565965,4.0265965,3.3465967,2.4365966,0.7065967,1.0665966,0.9265967,0.42659667,3.9865966,5.5065966,5.996597,5.0965967,5.1365967,6.0465965,7.1765966,6.6265965,5.6265965,4.746597,4.3465967,3.5165968,2.8465967,2.5965967,2.6665967,2.1665967,1.4665967,1.4065967,0.47659668,1.7065967,-2.2634034,-2.8634033,-3.0134034,-5.483403,-1.4734033,-7.023403,-7.353403,-7.313403,-6.2034035,-5.1634035,-4.0134034,-3.3334033,-3.7034032
9.966597,10.296597,10.516597,10.486597,9.446597,8.696597,7.5465965,6.8665967,6.146597,6.436597,5.706597,5.186597,4.7365966,4.7965965,4.6265965,5.3265967,5.746597,5.6365967,4.8065968,4.4865966,4.726597,7.9265966,5.6365967,0.04659668,3.2065966,6.3065968,5.536597,5.036597,5.1065965,5.226597,6.266597,6.7565966,6.6765966,5.3065968,4.3565965,3.2365966,2.6765966,2.8965967,3.1865966,2.2865968,2.5965967,-0.08340332,-1.3034034,-0.26340333,-3.5834033,-4.483403,-4.7234035,-5.853403,-5.8834033,-6.0334034,-6.5534034,-6.5134034,-5.853403,-5.1334033,-4.3734035,-3.8034034,-3.8034034
9.0865965,9.036596,9.006597,9.296597,8.966597,8.406597,6.976597,6.1365967,6.0865965,6.266597,6.0865965,4.8565965,5.4265966,5.226597,5.0465965,5.2765965,4.936597,5.666597,6.246597,5.3165965,5.936597,6.516597,7.2165966,0.2865967,1.7565967,0.30659667,5.2365966,4.4065967,4.7165966,6.0065966,6.7565966,6.6165967,6.0565968,5.726597,4.7165966,3.5265968,3.2665968,2.3565967,3.4565966,3.7465966,2.0465968,1.1865966,-3.2534034,-0.7634033,-1.5634034,-2.7134032,-2.9034033,-4.6534033,-4.603403,-5.523403,-6.3234034,-5.8634033,-5.353403,-4.9534035,-4.3434033,-4.1134033,-4.333403
7.7165966,7.8565965,8.106597,8.196597,8.126596,7.5765967,6.516597,5.6965966,5.4865966,5.976597,5.496597,5.246597,5.1265965,5.686597,5.666597,4.786597,5.6165967,5.496597,6.246597,5.766597,5.266597,6.3665967,6.916597,5.3565965,6.956597,6.5465965,6.7365966,5.1765966,7.0765967,7.7965965,6.1965966,4.896597,4.726597,4.746597,4.6565967,4.3465967,3.0765967,2.2365966,2.5165968,2.1065967,1.1265967,1.2665967,-2.0134034,-1.9934033,-0.59340334,0.36659667,0.03659668,-2.8934033,-4.1334033,-4.563403,-5.6634035,-5.8034034,-4.9934034,-4.043403,-3.6334033,-4.4134035,-4.4734035
6.6765966,6.9865966,7.2365966,7.476597,7.036597,7.0265965,5.6765966,5.2565966,4.9065967,5.266597,5.786597,4.936597,5.2365966,5.956597,5.1565967,5.206597,5.2965965,6.186597,6.746597,6.146597,5.746597,6.5565968,5.436597,6.226597,7.2765965,8.386597,8.006597,6.7965965,6.7365966,6.4265966,4.9065967,3.5165968,3.2565966,3.7565966,3.8365967,3.6565967,3.1365967,-1.4134033,-4.8634033,0.04659668,0.20659667,3.8365967,-3.1334033,-1.1934034,0.38659668,0.64659667,0.7365967,-2.4134033,-3.7834034,-4.5734034,-5.1334033,-4.353403,-3.9034033,-3.0134034,-2.4434032,-3.1034033,-3.4634032
6.0865965,5.8565965,6.0565968,6.206597,5.9865966,5.996597,5.436597,5.5865965,4.8465967,5.1765966,5.3765965,5.266597,4.666597,5.246597,4.5065966,4.726597,4.6965966,4.516597,5.1365967,5.4665966,5.4465966,5.9665966,5.8165965,4.8565965,5.2565966,5.706597,6.2365966,5.896597,5.396597,4.9265966,3.4465966,2.7065966,2.8065968,2.9265966,2.8865967,2.8165967,2.9965966,-0.11340332,-3.9934034,-0.77340335,-0.48340333,0.66659665,-4.1134033,0.4365967,0.8065967,0.66659665,0.42659667,-1.5634034,-3.9034033,-3.5634034,-3.5934033,-1.0334033,-2.8634033,-2.0634034,-1.5734034,-1.7334033,-1.3834033
5.0565968,5.1265965,4.9465966,4.9665966,5.1265965,5.246597,5.266597,4.976597,4.746597,4.8365965,5.2365966,5.476597,4.286597,5.1265965,5.246597,4.3165965,5.186597,5.186597,4.7565966,4.686597,4.5665965,4.666597,4.8165965,4.7165966,4.146597,4.3465967,5.0465965,4.746597,4.5265965,3.6765966,2.6865966,1.8965967,1.7065967,2.4165967,2.1565967,2.5165968,1.1665967,-0.6834033,-4.0934033,-2.6734033,-0.07340332,-0.6234033,-0.8034033,-1.0934033,-3.5334034,-0.7334033,-0.21340331,-0.24340332,-0.60340333,-1.6134033,-2.1634033,-1.3834033,-0.6334033,0.06659668,1.4265966,1.0865967,-0.5134033
4.0965967,3.9265966,4.0765967,4.146597,4.186597,4.3665967,4.496597,4.6565967,4.5765967,4.3765965,4.5965967,4.936597,5.0765967,5.536597,5.3365965,4.5265965,4.9265966,5.416597,5.1765966,4.766597,5.0865965,4.646597,4.1365967,3.9965966,3.7865968,3.4665966,3.2665968,3.6565967,3.2465966,1.2865967,1.3165966,1.0165967,0.9265967,1.6465967,1.1265967,1.7765967,0.14659669,-2.7334032,-3.9234033,-2.8834033,-0.60340333,-1.6534033,-0.52340335,0.33659667,0.08659668,-1.7834033,0.02659668,0.8865967,1.3465967,2.1765966,1.0765967,1.8465967,1.7865967,3.4165967,3.1965966,0.5065967,0.17659669
3.2265966,3.2065966,3.4265966,3.5965967,3.5465968,3.6465967,3.8765967,4.436597,4.5065966,4.5465965,5.0565968,5.5265965,5.8465967,5.9265966,5.706597,4.9465966,5.3365965,5.396597,5.1765966,5.0865965,4.8265967,3.8965967,3.4265966,3.0165968,2.9065967,2.4565966,1.7265967,1.4765967,1.1265967,0.14659669,-0.3734033,-0.07340332,0.89659667,0.5165967,0.9565967,2.0465968,-1.6434033,-4.1334033,-3.1434033,-2.1134033,-2.0034034,2.2565966,-0.66340333,0.06659668,0.07659668,0.4065967,0.64659667,0.47659668,2.6065967,2.1365967,1.9765967,2.5665967,0.13659668,0.5765967,0.5465967,0.6365967,-0.4334033
2.6865966,3.0665967,3.2265966,3.2665968,3.2165966,3.4065967,3.2065966,3.8465967,4.0765967,4.3465967,5.1165967,5.936597,6.146597,6.5265965,6.6365967,5.9865966,4.916597,5.896597,5.396597,5.0465965,4.5965967,3.7065966,2.6165967,1.7665967,1.6965966,0.83659667,0.6365967,0.30659667,0.5765967,-0.04340332,-2.4134033,-0.7434033,0.14659669,-1.6234033,1.8765967,-0.24340332,-4.583403,-4.8234034,-2.8634033,-1.4434034,-1.1034033,0.32659668,0.7465967,-0.2534033,0.3465967,0.5065967,0.13659668,0.11659668,-0.22340332,-1.1734033,-0.3734033,0.5165967,-0.52340335,0.59659666,0.8265967,0.23659667,-0.6134033
2.4365966,3.0265968,3.1665967,2.9465966,2.7865968,2.8065968,2.9565966,2.8665967,3.8865967,4.0665965,4.4465966,5.396597,6.0065966,6.206597,6.1165967,6.226597,5.8565965,6.1965966,5.7365966,4.9265966,4.206597,3.5565968,1.7765967,1.3765967,0.8665967,-0.36340332,-1.3134034,-1.6434033,-1.7234033,-1.1134033,-2.1834033,-1.9734033,-1.5334033,-2.3234034,1.0665966,-4.6334033,-5.8234034,-4.713403,-3.4134033,-2.1234033,-0.19340332,1.7165967,2.0365968,1.8365967,0.5665967,0.18659668,0.6065967,-0.8934033,-1.4834033,-2.4134033,-2.5034034,-2.5334034,-2.5434034,-0.41340333,-0.13340332,-0.23340333,0.4365967
2.7365966,2.9465966,2.6165967,2.0665967,1.9865967,1.9965967,2.5765967,3.1065967,2.4765966,3.2865968,3.6465967,4.4265966,5.8365965,6.1265965,5.666597,5.746597,5.8465967,5.8465967,4.7965965,4.516597,3.5265968,2.3465967,1.1365967,0.45659667,-0.5134033,-2.2334032,-3.1834033,-3.4234033,-3.3834033,-4.1134033,-3.7134032,-3.1534033,-4.353403,-2.7134032,-0.49340332,-6.353403,-5.4934034,-4.6534033,-4.043403,-3.3434033,0.8765967,-0.45340332,1.6965966,2.0065966,-0.16340332,0.58659667,0.52659667,-0.16340332,-3.6034033,-0.5634033,-3.5634034,-3.7934034,-4.6334033,-3.5134034,-0.6334033,-0.10340332,-0.04340332
2.6865966,1.9465966,1.3865967,0.9365967,0.66659665,1.2365967,-0.36340332,0.15659668,0.29659668,-0.2534033,1.4765967,3.1665967,4.666597,5.8465967,6.996597,6.8165965,6.8365965,5.706597,4.0565968,3.8565967,1.7265967,1.3865967,0.45659667,-0.5434033,-2.0834033,-3.8934033,-4.9034033,-4.2434034,-3.7634034,-3.5934033,-4.0134034,-4.103403,-3.3534033,-3.4834032,-4.9034033,-5.833403,-6.6834035,-5.5334034,-4.543403,-2.7134032,-5.7034035,-4.6934032,-0.42340332,-3.3934033,-2.5134034,-0.8134033,1.0265967,-0.6334033,-0.8634033,-1.9334034,-4.813403,-1.0734034,-4.353403,-5.3934035,-2.2334032,-1.0534034,-1.2534033
-0.58340335,-1.2534033,-2.0834033,-3.3734033,-3.3434033,-3.9834032,-2.7134032,-2.1334033,-2.4134033,-1.4734033,-0.17340332,2.2465966,4.0565968,5.516597,6.5965967,6.1965966,5.7565966,3.5965967,2.8265967,1.3865967,0.07659668,0.4965967,-0.9234033,-1.8834033,-3.7834034,-5.2634034,-5.4134035,-4.7234035,-4.4334035,-4.5134034,-4.8734035,-3.9134033,-3.6234033,-4.233403,-5.3234034,-6.253403,-6.793403,-6.5334034,-4.963403,-6.0934033,-5.8834033,-3.2434034,-2.8334033,-3.4734032,-3.2134032,-4.253403,-0.3734033,0.36659667,-0.85340333,-3.2234032,-4.853403,-4.8034034,-4.833403,-5.523403,-5.6834035,-6.0134034,-5.3234034
-2.9934034,-4.4334035,-6.023403,-5.603403,-4.9334035,-4.9134035,-3.9534032,-3.2634034,-3.2134032,-2.9634032,-1.3934033,0.2865967,-0.05340332,1.8365967,1.5965967,1.7765967,0.7365967,0.4965967,-0.60340333,-1.8634033,-1.8434033,-0.7434033,-2.9634032,-4.4534035,-4.8734035,-5.713403,-6.4934034,-5.6234035,-5.3834033,-5.0534034,-4.8834033,-4.1534033,-4.6134033,-5.1134033,-5.7634034,-6.1734033,-6.5734034,-6.6334033,-6.313403,-6.4934034,-5.733403,-4.9934034,-4.4334035,-4.8934035,-5.0934033,-6.733403,-7.4734035,-0.59340334,1.0565966,1.1765966,-4.233403,-5.063403,-4.3434033,-4.6334033,-6.063403,-5.7234035,-5.4134035
-4.9734035,-6.9934034,-6.6534033,-6.4434032,-6.1834035,-6.2034035,-5.3634033,-3.7834034,-4.2634034,-3.4834032,-3.2334032,-3.5734034,-4.0334034,-6.1834035,-6.6334033,-6.6334033,-4.4434032,-4.273403,-4.1434035,-4.753403,-4.1534033,-4.543403,-5.1434035,-5.4934034,-5.753403,-6.733403,-6.813403,-6.0134034,-6.0734034,-5.6334033,-5.5134034,-4.853403,-5.0734034,-5.543403,-5.8934035,-6.4334035,-6.6734033,-6.753403,-6.603403,-6.483403,-6.3034034,-5.813403,-5.753403,-6.1434035,-6.5534034,-6.9234033,-7.353403,-6.3934035,-2.9334033,0.30659667,-2.2334032,-5.0534034,-0.58340335,-3.4634032,-4.4034033,-5.3834033,-4.9934034
-6.853403,-7.5134034,-7.6334033,-7.603403,-7.333403,-6.333403,-5.353403,-4.983403,-6.1234035,-4.333403,-4.583403,-4.7034035,-5.1934032,-6.4334035,-7.1234035,-7.3034034,-7.233403,-6.3034034,-6.3234034,-6.1934032,-5.963403,-5.8834033,-6.3434033,-6.6734033,-6.813403,-7.333403,-6.6734033,-6.3234034,-6.1434035,-5.793403,-6.1534033,-6.0134034,-5.3934035,-5.7034035,-6.1134033,-6.4034033,-6.7634034,-6.713403,-6.6634035,-6.583403,-6.5934033,-6.4334035,-6.6134033,-6.9234033,-7.1734033,-7.5534034,-7.6434035,-6.753403,-7.313403,-5.233403,0.06659668,-0.13340332,0.96659666,-0.11340332,0.25659668,0.6965967,-1.4934033
-7.8034034,-8.143403,-8.043404,-7.7234035,-7.333403,-6.3434033,-5.6734033,-5.4734035,-5.8034034,-5.8034034,-6.083403,-6.4334035,-6.6934032,-6.463403,-6.9134035,-7.9534035,-8.793404,-8.593403,-7.8434033,-7.5334034,-6.8834033,-6.963403,-7.4234033,-7.1234035,-7.713403,-6.853403,-6.333403,-6.4934034,-6.0134034,-5.6734033,-6.333403,-6.3434033,-6.1734033,-6.1134033,-5.9434032,-5.8434033,-6.293403,-6.7234035,-6.3634033,-6.5334034,-6.7034035,-6.6834035,-6.8634033,-7.1434035,-7.3734035,-7.6434035,-7.5334034,-7.4234033,-7.253403,-7.4534035,-7.963403,-4.6834035,-3.7834034,-2.8834033,-0.24340332,0.8865967,0.71659666
-7.8734035,-7.9234033,-7.8834033,-7.7034035,-6.8434033,-5.5934033,-5.8034034,-6.0134034,-5.9434032,-6.753403,-7.2434034,-6.9434032,-7.6234035,-7.983403,-8.643403,-8.103403,-8.403403,-8.503404,-8.633404,-7.6934032,-7.5934033,-7.4734035,-7.1134033,-7.7834034,-6.9234033,-6.773403,-7.313403,-6.3034034,-5.603403,-5.7434034,-6.293403,-6.6134033,-6.4934034,-6.253403,-6.0334034,-5.8834033,-5.563403,-6.3434033,-6.563403,-6.2834034,-6.523403,-6.853403,-7.0134034,-7.1734033,-7.333403,-7.353403,-7.2834034,-7.2034035,-6.963403,-6.3734035,-6.003403,-5.003403,-4.4234033,-3.8034034,-3.4434032,-3.0334034,-2.3034034
