raw-data-f/2018100900f3.json
{"header": { "discipline":0, "disciplineName":"Meteorological products", "gribEdition":2, "gribLength":75170, "center":7, "centerName":"US National Weather Service - NCEP(WMC)", "subcenter":0, "refTime":"2018-10-09T00:00:00.000Z", "significanceOfRT":1, "significanceOfRTName":"Start of forecast", "productStatus":0, "productStatusName":"Operational products", "productType":1, "productTypeName":"Forecast products", "productDefinitionTemplate":0, "productDefinitionTemplateName":"Analysis/forecast at horizontal level/layer at a point in time", "parameterCategory":2, "parameterCategoryName":"Momentum", "parameterNumber":3, "parameterNumberName":"V-component_of_wind", "parameterUnit":"m.s-1", "genProcessType":2, "genProcessTypeName":"Forecast", "forecastTime":3, "surface1Type":103, "surface1TypeName":"Specified height level above ground", "surface1Value":10.0, "surface2Type":255, "surface2TypeName":"Missing", "surface2Value":0.0, "gridDefinitionTemplate":0, "gridDefinitionTemplateName":"Latitude_Longitude", "numberPoints":65160, "shape":6, "shapeName":"Earth spherical with radius of 6,371,229.0 m", "gridUnits":"degrees", "resolution":48, "winds":"true", "scanMode":0, "nx":360, "ny":181, "basicAngle":0, "lo1":0.0, "la1":90.0, "lo2":359.0, "la2":-90.0, "dx":1.0, "dy":1.0 }, "data":
[rows 78 to 103 of 181, columns 0 to 57 of 360]
3.6108766,2.9608765,2.5608764,2.9208765,3.0108764,2.8908765,2.6208766,2.5108764,2.4908764,1.5108764,1.4508765,1.5208764,1.0308765,0.020876465,0.11087646,-2.6891236,-2.7291236,-0.27912354,2.0808764,0.7608765,1.2408764,0.26087648,0.19087647,-1.1091236,-1.6291236,-1.2991235,-0.059123535,-0.78912354,0.6908765,1.9908764,2.0308764,0.65087646,1.3808764,1.2708764,2.3808765,1.7408764,0.28087646,1.9108765,-0.20912354,0.6308765,-1.4591235,0.99087644,2.4008765,1.9608765,2.0608764,0.79087645,-0.32912353,-0.40912354,-0.65912354,0.59087646,0.65087646,-0.029123535,4.3208766,2.5708764,0.80087644,1.2408764,-0.91912353,-2.9491236
3.8408766,2.5308764,1.7608764,1.4008765,1.4108765,1.7208765,0.99087644,1.3708764,1.4508765,1.2808765,-0.24912353,2.4708765,2.6008766,0.98087645,0.45087647,1.8008765,2.0408764,1.9308765,0.55087644,0.16087647,0.8808765,0.5708765,0.060876466,-0.029123535,0.21087646,0.08087646,1.1008765,1.5408765,1.5408765,0.40087646,-0.6191235,-0.42912352,0.15087646,2.0108764,-0.13912353,1.3108765,1.3808764,-0.57912356,2.0908766,0.66087645,-0.22912353,8.764648E-4,0.20087646,-0.16912353,1.3708764,0.6208765,0.66087645,0.34087646,1.2708764,2.5208764,0.050876465,0.9408765,3.6808765,3.3808765,2.5708764,2.0908766,1.2008765,0.78087646
2.9608765,1.2608764,1.6008765,2.2308764,1.8408765,2.0208764,1.8208765,0.84087646,0.85087645,0.54087645,0.9308765,4.1708765,1.9608765,0.72087646,1.1308764,2.9008765,1.7808765,1.3208765,0.41087645,-0.75912356,-0.039123535,0.46087646,1.0508765,1.4508765,1.4208765,1.7808765,1.1008765,0.5608765,0.7008765,0.9408765,0.15087646,-0.35912353,0.9408765,0.6308765,0.49087647,1.7008765,0.20087646,1.3008765,-1.4491235,1.7608764,-1.1891235,-1.6291236,-0.18912354,2.4508765,1.5808765,0.040876463,-0.94912356,-0.70912355,0.14087647,2.8908765,2.1008766,3.5008764,4.4908767,3.2308764,2.5508764,2.8108764,2.8108764,2.7408764
1.6508765,1.2608764,1.3808764,1.8208765,2.3808765,1.8208765,0.73087645,1.3808764,0.85087645,-0.71912354,2.3908765,2.4308765,1.5808765,0.42087647,1.3408765,-0.029123535,1.7508764,0.8808765,1.4408765,1.7608764,1.9408765,1.1708765,1.4408765,0.90087646,0.77087647,0.45087647,-0.09912354,0.29087648,0.38087645,0.43087646,0.91087645,0.66087645,-0.6791235,0.44087645,-0.31912354,1.1008765,1.4008765,-0.09912354,0.91087645,-2.2191236,0.73087645,0.41087645,-0.23912354,1.4508765,-1.9291235,-2.5491235,-2.7491236,-2.9391236,3.9308765,3.4408765,3.6108766,5.7208767,4.1408763,3.2108765,3.0208764,3.3108764,3.6108766,3.7408764
1.2408764,0.48087648,1.2308764,1.3408765,1.6008765,2.0708764,2.3208764,1.7308764,1.0508765,1.8108765,1.5508765,0.8708765,0.33087647,0.9408765,1.5108764,1.7208765,1.0508765,1.6508765,1.6908765,2.3708766,3.8408766,2.5508764,0.96087646,0.5108765,-0.039123535,-0.22912353,0.7608765,1.3108765,0.7608765,0.8808765,0.34087646,0.49087647,1.0608765,0.36087647,0.7008765,0.11087646,0.40087646,0.58087647,0.6808765,0.100876465,-0.21912354,0.6908765,3.8208764,1.0808765,-0.43912354,0.58087647,3.7208765,4.5908766,5.5608764,5.5508766,6.8908763,6.4108763,3.2308764,3.6008766,3.9808764,4.3708763,4.4708767,4.2508764
1.7108765,1.0508765,1.1008765,0.48087648,0.040876463,-0.12912354,0.14087647,1.0408765,1.3108765,3.7508764,1.0008764,0.77087647,-0.19912353,1.5408765,0.38087645,2.0308764,1.4208765,2.2108765,1.0908765,1.6308764,1.1908765,1.0308765,1.0808765,1.2908765,0.74087644,0.86087644,0.79087645,0.8208765,0.7008765,-0.38912353,-0.7491235,0.54087645,-0.13912353,0.80087644,0.6408765,1.1808765,-1.6691235,-1.0091236,-2.7691236,-0.82912356,-0.64912355,1.4708765,6.0208764,5.7208767,3.7808764,5.3208766,5.4208765,5.5808764,4.7108765,1.9708765,5.0008764,4.7708764,6.8008766,4.0908766,4.5608764,4.3708763,4.5408764,4.5808764
1.2608764,2.5008764,3.3808765,2.8108764,2.8208764,1.0308765,0.5108765,0.85087645,1.4808764,-0.27912354,0.37087646,0.100876465,1.1208764,1.3308765,1.5008764,0.44087645,1.1308764,1.3508765,1.5908765,1.0508765,1.6208764,1.3808764,1.3408765,0.96087646,0.77087647,0.7608765,1.2808765,1.1108764,0.8808765,1.0808765,1.3208765,0.7508765,-0.029123535,-0.039123535,-0.9291235,0.8908765,-1.6391236,-1.0191236,-0.09912354,-0.66912353,-0.90912354,4.8808765,8.140877,7.1908765,4.9008765,7.0308766,6.2508764,6.4808764,5.6908765,8.390877,7.0908766,5.8708763,5.5808764,6.2508764,5.5808764,4.7208767,4.7808766,4.950876
3.2208765,2.8508766,2.5308764,1.8808764,2.0308764,2.5408764,0.7608765,0.6408765,0.37087646,-0.47912353,-0.69912356,-0.079123534,0.20087646,-0.41912353,-0.32912353,0.030876465,-0.029123535,0.39087647,0.8208765,1.0908765,0.13087647,0.39087647,0.35087645,0.040876463,0.29087648,0.7008765,0.08087646,0.16087647,0.6808765,1.4108765,0.74087644,0.9308765,1.8308765,2.3008764,0.72087646,-2.4091234,-1.9691235,-1.7791235,0.42087647,-0.53912354,4.2708764,7.1808763,7.8408766,7.3408766,7.8808765,8.480877,7.7808766,6.7608767,7.0408764,8.9208765,8.590877,8.330876,7.9908767,7.1708765,6.4108763,6.3008766,5.700876,4.9808764
2.3608766,2.1008766,2.5308764,2.5008764,2.3308764,2.5908766,1.4208765,0.7008765,0.59087646,-1.3291235,-0.20912354,0.60087645,-0.29912353,-0.11912353,-0.53912354,-0.15912354,0.16087647,0.070876464,0.35087645,0.7508765,-0.14912353,0.100876465,0.27087647,0.71087646,0.92087644,0.45087647,0.72087646,0.6808765,0.6808765,-0.50912356,0.99087644,0.36087647,1.1208764,0.21087646,-0.65912354,0.99087644,1.3108765,5.6008763,7.8008766,7.5708766,6.6608763,6.3908763,7.2508764,7.4808764,7.8508763,8.640877,7.6308765,7.1408763,8.780876,8.510877,8.860876,9.000876,8.510877,7.950876,7.6508765,6.700876,5.6608763,5.3308764
2.5608764,1.4308765,2.6608765,2.9708765,3.2008765,3.4408765,2.0908766,0.9408765,-0.11912353,-0.08912353,0.34087646,-0.09912354,-0.029123535,0.21087646,-0.079123534,-0.45912352,-0.41912353,0.11087646,0.18087646,0.6908765,0.20087646,0.5608765,0.31087646,0.59087646,0.15087646,0.060876466,0.67087644,0.59087646,0.8808765,1.3408765,1.5708765,0.47087646,1.3808764,0.34087646,-0.6091235,0.08087646,0.55087644,7.2208767,6.1408763,7.3308764,6.6208763,7.1808763,9.550877,8.650876,5.7408767,5.9208765,5.5908766,8.090877,7.700876,7.7708764,8.100877,7.950876,7.6408763,7.4208765,6.700876,5.7908764,5.5808764,5.0608764
6.2708764,6.7108765,5.7808766,5.7608767,5.1608763,4.6208763,3.9708765,2.8608766,2.4808764,3.1608765,0.72087646,-0.16912353,-1.1091236,-0.14912353,0.38087645,-0.20912354,-0.039123535,0.19087647,0.58087647,0.34087646,0.80087644,0.96087646,0.92087644,0.5608765,0.030876465,0.55087644,0.23087646,0.74087644,1.0908765,1.0608765,0.47087646,0.9508765,0.73087645,1.0908765,1.2508764,0.33087647,2.1208766,1.3608764,4.200876,8.120876,7.6008763,6.8008766,7.8108764,5.7708764,3.0908766,6.1808763,8.150876,8.340877,8.210876,7.9808764,7.5308766,7.0908766,6.5908766,6.0108767,5.2908764,5.3408766,4.9308763,4.5608764
6.1508765,7.3408766,8.180877,9.040876,8.230877,5.3808765,6.1208763,5.700876,5.0208764,4.0708766,-0.18912354,-0.26912352,0.7508765,0.33087647,0.59087646,0.34087646,0.25087646,-0.029123535,-0.09912354,0.49087647,0.6808765,0.8108765,0.73087645,0.61087644,0.96087646,1.0808765,1.4208765,0.6208765,1.3908764,0.90087646,-0.6191235,0.91087645,0.58087647,0.040876463,1.3308765,-0.28912354,2.3808765,0.91087645,5.5708766,8.330876,7.1408763,6.5908766,4.5008764,2.3508766,8.370876,8.620876,8.4208765,7.950876,7.450876,6.8708763,6.2908764,5.8008766,5.3808765,5.1408763,5.0708766,4.3708763,3.8708766,3.6208766
6.6408763,6.7208767,6.7308764,6.8508763,6.7608767,6.8808765,6.7808766,6.1608763,6.4608765,5.7408767,1.0508765,0.67087644,0.23087646,0.19087647,0.020876465,0.48087648,-0.019123536,-0.17912354,0.42087647,0.77087647,0.78087646,0.5108765,0.5008765,0.7608765,0.8808765,0.99087644,0.6208765,0.77087647,0.72087646,1.0608765,-0.83912355,0.22087647,-0.039123535,2.9408765,0.8708765,-1.3691236,2.4108765,3.5408764,1.4108765,6.3608766,6.8308764,5.3308764,2.6408765,7.6108766,7.7408767,7.4008765,6.5708766,6.6908765,6.5208764,6.0508766,5.6208763,5.2608767,5.0208764,4.7408767,4.6008763,4.1008763,3.7908764,4.0408764
6.7108765,6.4308763,6.3208766,6.3308764,6.2408767,6.5708766,6.6008763,5.9008765,6.1208763,2.7108765,2.3208764,1.2308764,0.6408765,-0.13912353,0.14087647,0.7008765,0.22087647,0.30087647,0.23087646,-0.19912353,0.22087647,0.08087646,-0.019123536,0.7508765,0.38087645,0.80087644,0.83087647,0.33087647,0.42087647,0.37087646,0.5708765,0.33087647,2.6308765,3.1308765,1.1708765,-0.39912355,0.11087646,-1.0891235,2.9908764,5.7208767,6.0408764,3.2508764,5.1108766,7.3408766,6.8908763,6.8108764,6.1908765,6.2208767,6.1008763,6.200876,6.2408767,6.2808766,6.200876,6.0908766,5.8208766,5.2508764,5.1308765,4.9908767
5.8608766,5.2908764,5.8008766,5.9108763,5.7508764,5.5608764,5.4208765,5.7608767,5.1408763,5.4008765,0.83087647,0.61087644,-0.36912355,0.72087646,0.35087645,0.5108765,0.6408765,0.32087648,-0.109123535,-0.16912353,-0.29912353,-0.24912353,-0.18912354,-0.33912355,1.2008765,0.040876463,-0.53912354,-0.52912354,0.15087646,1.7008765,-0.22912353,0.050876465,8.764648E-4,0.09087647,-0.16912353,0.39087647,-0.95912355,0.47087646,1.8808764,5.4008765,3.8108764,3.0008764,6.950876,7.1508765,6.8008766,6.4408765,6.0608764,6.0208764,6.0308766,6.1208763,6.1808763,6.200876,6.0808764,5.8108764,5.8408766,5.9008765,5.8308764,5.7408767
4.6008763,5.3608766,5.8308764,5.9308763,5.700876,5.5408764,5.1208763,5.0208764,4.8908763,4.7608767,4.4608765,0.86087644,0.97087646,0.9308765,0.13087647,0.47087646,0.60087645,0.30087647,0.15087646,-0.57912356,-0.6791235,-0.41912353,-0.34912354,-0.75912356,-0.90912354,-1.3791236,-0.47912353,-0.079123534,0.39087647,0.38087645,0.24087647,-0.109123535,0.040876463,2.1908765,1.9308765,2.2908764,3.7008765,2.3108764,2.8908765,5.5708766,3.0308764,6.3308764,6.3908763,6.6608763,6.5408764,5.8208766,5.5408764,5.6608763,5.5908766,5.5808764,5.6608763,5.6908765,5.5008764,5.1908765,5.8708763,6.0908766,5.8008766,5.8308764
5.2408767,5.450876,5.4808764,5.5708766,5.3708763,4.9608765,4.8308764,4.3408766,3.5708764,3.2908764,3.2908764,2.7908764,0.9508765,0.6808765,0.6908765,-0.049123537,0.41087645,0.42087647,0.09087647,0.14087647,-0.51912355,-0.15912354,-0.31912354,-1.1591235,-1.4591235,-1.1991235,-1.1791235,-1.2991235,-1.5991235,-2.2591236,-0.45912352,-0.44912353,1.0108764,-0.079123534,0.8708765,0.09087647,0.13087647,2.8908765,0.61087644,3.0908766,6.3108764,5.8208766,5.7608767,6.200876,5.6808763,5.6508765,5.5608764,5.5808764,5.6508765,5.8808765,6.0508766,6.1108766,6.1808763,5.7508764,5.4308763,5.450876,5.8508763,6.1608763
5.4308763,5.2908764,5.2708764,4.9808764,4.8308764,4.6008763,4.0908766,3.7208765,3.3808765,3.3808765,3.3308764,3.0508764,2.2508764,0.66087645,0.65087646,0.5108765,0.24087647,0.24087647,0.34087646,-0.19912353,0.20087646,-0.39912355,-0.44912353,-0.78912354,-1.0491235,-1.7491236,-1.8991235,-1.9191235,-0.82912356,-0.95912355,-0.46912354,0.77087647,1.3408765,1.2308764,1.7108765,0.54087645,-0.82912356,1.0708765,0.8708765,2.0108764,5.0208764,5.3308764,5.5208764,5.8908763,5.950876,5.9208765,5.8308764,5.9208765,6.0208764,6.200876,6.3808765,6.3008766,6.2508764,6.200876,5.8908763,5.0608764,5.3208766,5.9908767
4.950876,4.6708765,4.6508765,4.4908767,4.1508765,4.1908765,3.6308765,3.4308765,3.7108765,3.9408765,3.9308765,3.5108764,3.8308764,0.79087645,8.764648E-4,-0.18912354,-0.079123534,-0.37912354,-0.7391235,-0.09912354,-0.30912355,-0.21912354,0.060876466,-0.12912354,-0.59912354,-0.46912354,-0.65912354,-1.0491235,-0.9291235,-0.45912352,0.29087648,0.030876465,1.6308764,0.97087646,1.5908765,0.29087648,-0.109123535,0.65087646,0.39087647,3.6808765,4.2608767,4.3908763,5.2608767,5.6808763,5.8508763,5.5908766,5.7908764,5.9608765,6.2808766,6.4908767,6.4308763,6.2308764,6.0208764,6.0108767,5.6408763,5.3908763,5.3908763,6.1908765
4.6808763,4.2208767,4.0208764,3.9608765,3.6708765,3.2608764,3.0608764,2.8508766,2.8408766,3.2208765,3.3708766,3.7308764,3.7508764,1.4908764,1.1808765,0.8708765,-0.11912353,-0.64912355,-0.52912354,-0.09912354,-0.049123537,-0.64912355,-0.33912355,-0.27912354,0.030876465,-1.3091235,-0.6191235,-0.6291235,-0.21912354,0.24087647,0.19087647,0.7508765,-0.22912353,1.5708765,0.67087644,0.7508765,0.33087647,0.14087647,0.6808765,1.1208764,3.8108764,3.5408764,3.8308764,5.2508764,5.6208763,4.9008765,4.9908767,5.6308765,6.0208764,6.3608766,6.4208765,6.3108764,6.1508765,5.7408767,5.7608767,5.8108764,6.4308763,7.2908764
4.3208766,3.8708766,3.5508764,3.3608766,3.1108766,2.7108765,2.7708764,3.0808764,3.0108764,3.2908764,3.7108765,3.8308764,3.6808765,2.9508765,0.49087647,0.6808765,0.9408765,-0.25912353,-0.27912354,0.040876463,8.764648E-4,-0.23912354,-0.49912354,-0.21912354,-0.50912356,-0.31912354,-1.1491235,-1.1891235,0.5708765,0.40087646,0.31087646,-0.22912353,2.6008766,0.73087645,2.2008765,0.14087647,1.1108764,-1.3091235,-0.37912354,0.8808765,3.8408766,3.6008766,3.4308765,4.0808764,4.950876,4.0808764,4.1308765,5.1008763,5.8908763,6.4408765,6.7308764,7.0808764,7.4908767,6.3908763,7.2408767,6.3808765,7.1608763,7.6208763
4.2808766,3.9508765,3.7208765,3.6108766,3.3708766,3.0208764,2.7508764,2.7208765,3.0408764,3.5508764,4.0508766,4.2808766,3.9808764,3.9308765,0.79087645,0.78087646,0.9408765,0.7608765,-1.9191235,-1.3491235,-0.43912354,-0.8691235,-0.83912355,-0.6891235,0.60087645,0.92087644,-0.46912354,1.2908765,3.2008765,1.8708764,2.4708765,1.8308765,1.0108764,1.3408765,1.9508765,0.77087647,-1.1291236,-1.3391235,0.6408765,1.3608764,4.1208763,3.5608764,3.4908764,3.1208766,3.3308764,4.1708765,3.4608765,4.8808765,6.2308764,6.9608765,7.4908767,7.7408767,8.030876,7.9008765,7.1108766,7.4808764,7.3308764,7.6708765
4.5208764,4.4708767,4.2808766,3.9208765,3.7108765,3.8608766,4.0008764,3.9508765,3.8108764,3.8608766,3.9108765,3.9808764,3.9408765,3.6208766,1.4008765,-0.28912354,-0.7491235,-0.82912356,-0.95912355,-0.69912356,-0.69912356,-0.83912355,0.58087647,0.92087644,1.8808764,0.61087644,2.9108765,2.9308765,2.8308764,2.6508765,2.2808764,1.2508764,0.73087645,0.6208765,4.950876,-1.3791236,0.91087645,0.7008765,0.45087647,1.3908764,4.7808766,4.2408767,3.0308764,3.1608765,2.7708764,2.5408764,2.1508765,4.1408763,6.0808764,7.3908763,7.1708765,7.200876,7.4108763,7.9008765,7.5808764,7.0008764,7.2708764,7.7508764
4.3808765,4.4408765,4.450876,4.3508763,4.4708767,4.2608767,4.2508764,4.4408765,4.3908763,4.3308764,3.9208765,3.4608765,3.0208764,2.3108764,0.99087644,-0.24912353,0.78087646,0.30087647,-0.44912353,0.17087646,-0.28912354,-0.52912354,-0.28912354,-0.19912353,-0.51912355,1.3708764,1.3308765,2.0008764,1.2808765,2.1008766,2.8308764,0.55087644,3.0508764,2.1908765,0.26087648,1.1308764,1.2708764,0.18087646,0.20087646,-0.14912353,1.5508765,4.5408764,3.7008765,2.6308765,2.5808764,0.85087645,-0.28912354,1.8808764,5.4408765,7.8508763,8.550877,8.230877,5.9208765,6.4308763,6.7708764,6.9308763,6.6808763,6.950876
4.9708767,4.8408766,4.6808763,4.6908765,4.5308766,4.5408764,4.4308763,4.4808764,4.4308763,4.0508766,3.7308764,3.6708765,2.8708766,3.6208766,0.09087647,0.72087646,-0.8791235,-0.26912352,0.070876464,0.35087645,0.6208765,2.6808765,1.2408764,0.59087646,0.79087645,0.5108765,1.3208765,1.3708764,1.5708765,0.71087646,1.1308764,3.1408765,1.2208765,1.8308765,3.0508764,0.5608765,2.5208764,1.8908764,0.6808765,1.1908765,1.1108764,5.2608767,4.3808765,3.3908765,2.4608765,1.8208765,-1.3491235,0.5108765,2.4608765,6.2408767,9.790876,10.020877,8.130877,5.8108764,5.7108765,5.1908765,5.3708763,6.1408763
5.0608764,4.9008765,4.8508763,4.6208763,4.6108766,4.4708767,4.3308764,4.4908767,4.0908766,3.6208766,3.3908765,3.0908766,3.6708765,0.6208765,-0.08912353,0.24087647,0.7508765,1.6008765,0.20087646,0.99087644,1.3908764,1.8208765,1.2808765,-0.15912354,-0.109123535,0.040876463,0.8808765,0.8808765,0.8908765,1.1708765,2.6208766,1.8208765,1.0108764,1.3908764,2.6308765,0.79087645,1.2008765,0.74087644,1.8208765,2.3308764,2.0108764,6.8208766,4.9808764,3.9208765,3.0608764,3.0708764,2.0208764,-1.4191235,0.43087646,0.33087647,10.550877,9.430877,8.540876,7.8608766,7.5108767,5.3108764,4.6708765,5.5608764
