raw-data-f/2018100800.json
{"header": { "discipline":0, "disciplineName":"Meteorological products", "gribEdition":2, "gribLength":74832, "center":7, "centerName":"US National Weather Service - NCEP(WMC)", "subcenter":0, "refTime":"2018-10-08T00:00:00.000Z", "significanceOfRT":1, "significanceOfRTName":"Start of forecast", "productStatus":0, "productStatusName":"Operational products", "productType":1, "productTypeName":"Forecast products", "productDefinitionTemplate":0, "productDefinitionTemplateName":"Analysis/forecast at horizontal level/layer at a point in time", "parameterCategory":2, "parameterCategoryName":"Momentum", "parameterNumber":3, "parameterNumberName":"V-component_of_wind", "parameterUnit":"m.s-1", "genProcessType":2, "genProcessTypeName":"Forecast", "forecastTime":0, "surface1Type":103, "surface1TypeName":"Specified height level above ground", "surface1Value":10.0, "surface2Type":255, "surface2TypeName":"Missing", "surface2Value":0.0, "gridDefinitionTemplate":0, "gridDefinitionTemplateName":"Latitude_Longitude", "numberPoints":65160, "shape":6, "shapeName":"Earth spherical with radius of 6,371,229.0 m", "gridUnits":"degrees", "resolution":48, "winds":"true", "scanMode":0, "nx":360, "ny":181, "basicAngle":0, "lo1":0.0, "la1":90.0, "lo2":359.0, "la2":-90.0, "dx":1.0, "dy":1.0 }, "data":
[rows 78 to 103 of 181, columns 236 to 294 of 360]
11.329092,11.649092,10.019092,8.939092,8.409092,7.2290916,5.0590916,3.6490917,3.0790918,0.7390918,0.1790918,-0.6809082,-1.4709082,-2.9809082,-3.6809082,-0.7509082,0.8990918,-1.0409082,1.2890918,1.0190918,-0.48090822,0.9690918,2.6590917,2.6890917,3.7490919,3.8790917,4.719092,1.8590918,-0.5309082,-0.9209082,-0.4709082,1.9290918,4.119092,7.489092,5.4590917,5.6690917,5.199092,2.5790918,0.009091797,0.9490918,0.3090918,2.2390919,1.8690917,0.6790918,1.3890918,0.84909177,-1.2409081,-2.8909082,-2.1809082,-2.6509082,-2.7609081,-3.2609081,-3.520908,-4.3109083,-1.6809082,-2.4909081,-2.2609081,-2.8309083,-3.4209082
11.039092,10.589092,10.119092,8.999092,7.8990917,6.6290917,5.739092,4.2890916,3.3990917,2.729092,1.3690917,0.16909179,-0.3709082,-0.7509082,-1.6409082,-2.800908,-2.8709083,-2.1609082,2.0690918,2.219092,2.479092,3.1890917,3.5990918,4.349092,4.779092,5.1090918,4.6290917,3.6890917,3.729092,1.6590918,0.6690918,2.8890917,5.0190916,6.579092,6.819092,5.699092,4.579092,3.6690917,3.3490918,-1.1109082,0.16909179,0.4090918,0.5890918,0.19909179,0.4290918,0.3790918,-1.7609082,-2.4709082,-3.6509082,-2.6509082,-0.3709082,-0.5309082,-1.7909082,-3.6009083,-1.9209082,-0.5609082,-2.1709082,-2.030908,-3.6409082
10.059092,9.549091,9.189092,8.929091,8.289092,7.349092,5.839092,4.7890916,4.159092,3.979092,2.979092,2.2590919,1.5490918,0.029091798,-0.2309082,-2.3909082,-2.8409083,-0.2309082,0.2290918,1.7090918,2.969092,3.8790917,4.619092,5.099092,5.6890917,6.489092,6.3790917,5.7290916,4.6890917,4.1890917,4.569092,6.9990916,7.8090916,6.889092,5.759092,4.659092,4.339092,3.5090919,2.5890918,1.5190918,-0.030908203,0.3490918,-0.7809082,-1.4409082,-1.7809082,-2.7109082,-3.6609082,-3.1109083,-3.8209083,-1.9309082,-1.6309083,-0.5709082,0.059091795,-0.7609082,-1.8109082,0.4090918,0.4190918,-0.8109082,-1.0309082
9.239092,9.349092,9.099092,8.179091,7.9990916,6.7690916,5.6290917,5.3090916,4.4990916,4.4790916,4.119092,3.3790917,2.4090917,1.5990918,1.5490918,2.4090917,3.459092,4.1490917,4.549092,5.369092,5.3790917,5.349092,6.989092,7.0390916,6.779092,6.619092,6.989092,6.509092,5.989092,6.929092,6.8990917,6.6290917,6.529092,6.0190916,5.349092,4.619092,3.959092,3.6690917,2.1090918,2.0590918,0.7990918,0.4990918,-0.7509082,-1.8509082,-0.3209082,1.1490918,-0.3509082,-3.7409081,-1.8909082,-1.7209082,-0.90090823,-0.2509082,-0.7609082,1.0790918,-0.8709082,0.2590918,-0.2309082,-1.0509082,-1.2909082
9.749092,9.1390915,8.729092,8.199092,7.7090917,7.2690916,6.089092,5.099092,5.079092,4.8790917,4.6290917,4.009092,3.1890917,2.3690917,3.1190917,4.349092,4.889092,5.3790917,6.329092,7.1690917,6.9790916,7.2490916,7.139092,7.0590916,6.589092,6.869092,6.3990917,5.839092,6.889092,6.9790916,6.599092,6.8590918,6.509092,5.9390917,4.949092,4.619092,3.7490919,3.0690918,3.2690918,2.6690917,1.0390918,1.2990918,0.5890918,2.2390919,3.7690918,1.6390918,0.48909178,-1.6909082,-1.0009083,-1.9509082,-1.1709082,0.079091795,0.3290918,-1.3209082,0.2790918,-0.4709082,-0.8809082,-0.6809082,-1.3609082
9.449092,8.959092,8.799091,7.9390917,7.569092,7.089092,6.239092,5.9790916,5.1890917,4.819092,4.4390917,4.319092,4.029092,4.3990917,5.3990917,6.1690917,6.3590918,7.219092,7.299092,7.159092,6.929092,6.8090916,6.6090918,6.549092,6.969092,6.8790917,6.339092,6.5590916,6.9990916,6.409092,6.659092,6.6090918,6.089092,5.7890916,4.9590917,4.279092,3.459092,3.1090918,2.8990917,2.1690917,0.9690918,0.6690918,0.4490918,-0.2709082,2.2790918,0.9590918,-1.0009083,0.6590918,-1.0109082,-0.4409082,0.7290918,-0.26090822,0.4190918,0.059091795,-0.9109082,-2.0609083,-2.6509082,-0.9809082,0.16909179
9.279092,9.229092,7.949092,7.3590918,6.9190917,6.389092,6.489092,6.0390916,5.6290917,4.909092,4.4990916,4.3590918,4.449092,5.219092,6.1890917,6.589092,6.889092,7.329092,7.089092,6.6290917,6.929092,6.989092,6.4990916,6.659092,6.7490916,6.679092,6.5190916,6.799092,6.679092,6.0190916,6.069092,5.889092,5.1290917,4.7290916,4.4390917,4.1290917,3.7990918,3.5090919,2.0190918,1.1090918,0.8890918,0.5190918,-0.060908202,-0.3909082,0.2190918,-0.4409082,-1.1209083,0.2790918,0.2890918,-0.22090821,0.59909177,0.8090918,-0.5609082,-1.2609082,-1.4609082,-0.4009082,1.2290918,0.3490918,-0.010908203
8.809092,7.7490916,7.2690916,6.9790916,6.449092,6.1490917,5.7690916,5.989092,5.8590918,5.2290916,5.3790917,5.579092,5.759092,6.279092,6.679092,6.759092,7.5190916,7.409092,7.3790917,6.8090916,6.699092,5.9990916,6.159092,5.9190917,6.2290916,6.469092,6.8590918,6.849092,6.839092,6.1490917,4.989092,4.5390916,4.259092,4.179092,3.8090918,3.8390918,3.479092,2.9890919,1.9790918,1.5590918,0.9190918,0.3590918,-0.29090822,-0.7409082,-1.1809082,-1.9609082,-2.3609083,0.5190918,-0.8209082,-0.0909082,0.9690918,-1.0209082,-0.8509082,-0.5309082,-1.4209082,-1.7909082,-0.4909082,-0.3209082,0.5090918
7.119092,6.719092,6.619092,6.279092,5.929092,5.7090917,5.3990917,5.449092,5.4790916,5.619092,5.409092,5.429092,5.3790917,5.619092,5.929092,6.6890917,6.9590917,7.2290916,6.989092,6.3990917,6.1090918,5.8590918,5.569092,5.509092,5.5590916,6.2890916,6.9590917,6.759092,6.0590916,5.389092,5.0590916,4.199092,3.8390918,3.979092,4.139092,3.8690917,3.4390917,2.7390919,2.3690917,1.5290918,1.2990918,0.3490918,-0.5409082,-1.2409081,-1.8709083,-2.030908,-1.8509082,0.119091794,1.4790918,-0.7009082,-0.4409082,-0.3909082,-0.7709082,-0.100908205,-0.6809082,-0.8009082,-1.2109082,-1.1809082,0.1290918
6.1090918,5.949092,5.579092,5.429092,5.279092,5.199092,5.199092,5.319092,5.5190916,5.6890917,5.8590918,5.9790916,5.9390917,6.069092,5.9390917,5.589092,5.549092,5.509092,5.3790917,5.349092,5.3990917,5.389092,5.3590918,5.5190916,5.549092,5.8090916,6.509092,5.7290916,5.449092,5.259092,5.009092,3.5990918,3.949092,4.069092,4.099092,4.009092,3.5690918,3.4290917,3.0890918,2.699092,1.5590918,0.7990918,-0.0909082,-1.0809082,-1.2209082,-1.5109082,-2.6909082,-0.5509082,0.8090918,1.4690918,-0.2809082,-0.3609082,-0.1309082,-0.060908202,0.2590918,0.7590918,0.2090918,0.26909178,-0.2509082
5.6490917,5.569092,5.2090917,4.779092,4.589092,4.579092,4.6690917,4.819092,5.2090917,5.4990916,5.8590918,6.049092,5.889092,5.5590916,5.2690916,5.049092,4.7690916,4.569092,4.7290916,4.759092,4.799092,4.969092,5.219092,5.549092,5.639092,5.599092,5.4590917,5.2690916,5.509092,5.3990917,4.759092,3.8190918,3.7790918,3.719092,4.1290917,4.009092,3.8590918,3.7890918,3.2490919,2.7890918,2.3290918,0.9690918,0.1490918,0.3490918,-0.4109082,-1.2109082,0.13909179,0.2190918,0.9490918,-1.2909082,0.5090918,-0.9609082,-0.9709082,-0.2409082,0.2290918,0.6990918,0.1590918,-0.4009082,1.0290918
5.7890916,5.469092,4.869092,4.429092,4.219092,4.2690916,4.4390917,4.7290916,5.0590916,5.329092,5.4790916,5.489092,5.2490916,5.089092,4.799092,4.5590916,4.409092,4.119092,4.119092,3.8890917,4.4590917,4.599092,4.7490916,4.8790917,4.719092,4.839092,4.699092,4.5190916,4.7890916,4.9190917,4.409092,3.8790917,2.8790917,3.1290917,3.449092,3.699092,4.1290917,3.8590918,3.219092,3.209092,2.2690918,2.0990918,2.0390918,1.4990917,2.4190917,-0.8609082,0.3490918,0.5290918,-0.4309082,-0.050908204,0.8290918,0.9590918,-0.1809082,-0.2709082,0.3390918,-0.26090822,-0.26090822,0.7990918,0.6390918
5.2290916,4.699092,4.4990916,4.1490917,4.0590916,4.069092,4.639092,5.139092,5.349092,5.3590918,5.2290916,5.029092,4.779092,4.5190916,4.089092,3.5690918,3.2590919,3.0390918,3.1290917,3.5190918,3.6890917,3.6590917,3.4990919,3.6790917,3.7490919,3.8090918,3.9290917,4.179092,3.8890917,4.409092,3.979092,4.1490917,5.3090916,-0.5909082,3.3590918,4.1490917,4.079092,3.9190917,3.5390918,2.6590917,3.1790917,4.839092,5.219092,4.889092,0.5190918,0.2490918,0.2990918,0.079091795,1.1690918,0.8990918,-0.2409082,-0.5109082,0.4790918,-0.3609082,-0.8709082,-1.2809082,-0.0909082,-0.4309082,-0.7709082
4.4590917,4.2690916,4.0390916,3.8690917,4.0590916,4.489092,5.0190916,5.409092,5.509092,5.599092,5.3990917,5.1890917,4.929092,4.579092,4.279092,3.8090918,3.6790917,3.3590918,3.229092,3.4290917,3.8090918,3.459092,2.709092,2.7490919,2.7890918,2.8290918,3.1590917,3.4290917,3.0090919,3.7490919,3.5690918,4.2690916,5.319092,3.709092,4.569092,4.639092,4.0590916,3.959092,3.1490917,3.6790917,4.2890916,5.219092,6.1290917,5.4790916,-1.9609082,0.9890918,-0.4909082,1.3190918,1.0390918,0.7090918,0.5590918,0.1790918,-0.2809082,0.8690918,0.5390918,0.0890918,-1.1409082,-0.9409082,-0.1109082
4.1090918,4.069092,4.0590916,4.2290916,4.599092,5.029092,5.299092,5.299092,5.569092,5.5590916,5.3790917,5.0390916,4.969092,5.0390916,5.0590916,4.7490916,4.509092,4.299092,3.8690917,3.469092,3.2690918,3.4990919,3.479092,3.5190918,3.4090917,2.8590918,2.459092,2.8690917,2.9090917,2.969092,2.7890918,3.3090918,3.5790918,2.9990919,3.4190917,4.1090918,3.8390918,3.209092,3.4990919,4.1090918,5.299092,5.619092,4.9390917,4.529092,4.159092,-0.1309082,0.049091797,0.3590918,-0.050908204,-0.3509082,0.0990918,-0.060908202,-9.0820313E-4,0.2190918,0.16909179,-0.3009082,0.079091795,-0.050908204,0.3690918
3.6790917,3.6790917,4.079092,4.569092,4.7490916,4.9990916,5.049092,5.029092,4.8990917,4.929092,5.119092,5.139092,5.0590916,4.9590917,4.7090917,4.409092,4.099092,3.3990917,2.7490919,2.6890917,3.2890918,3.479092,3.1390917,2.7690918,3.2390919,3.0890918,3.0690918,2.0690918,2.3090918,1.9890918,2.3890917,2.4390917,2.7390919,2.7390919,3.5090919,3.469092,3.0990918,2.959092,3.7690918,5.299092,5.719092,5.699092,7.279092,5.659092,1.4090918,0.4990918,-0.3509082,-1.1109082,-1.3109082,-1.3209082,-0.7409082,-0.3809082,0.1590918,-0.4309082,-0.1509082,-0.29090822,-0.9609082,-0.9409082,-0.9709082
3.5190918,3.8090918,4.199092,4.349092,4.4790916,4.719092,4.6890917,4.779092,4.679092,4.589092,4.679092,4.739092,4.429092,4.079092,3.8990917,3.6890917,3.4090917,3.1390917,2.9190917,2.7490919,2.5290918,2.9190917,3.1190917,2.6590917,2.5790918,2.469092,2.0990918,2.1290917,2.0590918,2.1090918,2.1790917,2.2690918,2.5090919,2.3790917,2.8090918,3.1690917,2.949092,2.9390917,4.159092,5.5390916,5.909092,6.3990917,8.219091,7.049092,0.6390918,-0.1609082,-0.5009082,0.039091796,-0.030908203,-0.4409082,-0.7709082,-0.8109082,-0.7609082,-0.5709082,-0.1509082,0.3490918,0.1590918,0.2190918,0.0990918
3.4290917,3.7790918,3.959092,4.2090917,4.409092,4.7090917,4.699092,4.699092,4.569092,4.5190916,4.3590918,4.069092,3.8390918,3.5790918,3.3490918,3.3890917,3.4990919,3.5890918,3.5390918,3.209092,2.8290918,2.6390917,2.7790918,2.7590919,2.1790917,2.1790917,2.0390918,1.9290918,2.5490918,2.8390918,2.1490917,2.0890918,2.1090918,2.479092,2.6290917,2.7890918,2.7890918,3.3690917,4.659092,5.839092,5.9590917,6.2690916,6.9590917,6.1690917,2.0090919,-0.8809082,0.9390918,-0.9109082,-0.9309082,-0.7209082,-0.3509082,-0.4009082,0.039091796,-0.4609082,0.4390918,0.8090918,0.7490918,0.4790918,0.2090918
3.6390917,3.9990919,4.2290916,4.5190916,4.679092,4.7090917,4.5190916,4.3990917,4.1690917,4.069092,4.069092,4.119092,3.7590919,3.6390917,3.5690918,3.7390919,3.8190918,3.8490918,3.7890918,3.7990918,3.699092,2.979092,3.0590918,3.0090919,2.6590917,2.219092,1.9490918,2.1090918,2.699092,2.729092,2.5590918,2.5290918,2.3190918,2.209092,2.6090918,3.0090919,3.2790918,4.349092,4.7290916,5.139092,5.9190917,5.759092,6.719092,7.279092,6.1890917,-0.5809082,-0.26090822,-0.22090821,-1.1509082,-1.0009083,-0.8409082,-0.6409082,-0.2509082,-0.030908203,-0.9909082,-0.9509082,-0.3909082,0.2590918,0.4390918
3.8090918,4.0590916,4.349092,4.429092,4.349092,4.409092,4.2290916,4.339092,4.389092,4.139092,4.179092,4.069092,4.0190916,3.709092,3.7490919,3.7490919,3.8090918,3.709092,3.5590918,3.709092,3.5090919,3.3790917,3.0290918,3.219092,3.1890917,2.8890917,2.7790918,2.9390917,3.0490918,3.0390918,3.0690918,2.8090918,2.8190918,2.7790918,2.969092,3.1290917,3.3590918,3.9890919,4.4790916,4.329092,4.4190917,5.2290916,6.179092,6.0390916,5.7690916,0.6290918,-2.1709082,-0.5809082,-0.7709082,-1.1509082,-0.90090823,-0.9509082,-1.2409081,-0.5109082,-0.1509082,0.029091798,-0.030908203,-0.2309082,-0.1609082
3.5790918,3.8990917,4.2690916,4.589092,4.589092,4.159092,4.1290917,4.2090917,4.089092,4.009092,4.009092,4.0190916,4.089092,4.049092,3.9390917,4.069092,3.9190917,3.8290918,3.5290918,3.3090918,3.229092,3.2490919,3.199092,3.1190917,3.1090918,2.7590919,2.4290917,2.9190917,3.0290918,3.1390917,3.1590917,3.3390918,3.5290918,3.5990918,3.4390917,3.3590918,4.199092,4.409092,4.599092,4.549092,4.7290916,5.009092,5.819092,6.1290917,4.929092,3.3390918,0.119091794,-0.2109082,-1.0209082,-1.2309082,-1.1209083,-0.9709082,-0.8809082,-1.2009082,-0.7909082,-0.5009082,-0.5409082,-1.1209083,-1.0609082
3.3090918,3.7590919,4.1290917,4.009092,4.089092,4.199092,3.8690917,3.8290918,3.729092,3.5790918,3.459092,3.5390918,3.729092,3.9990919,4.119092,3.969092,3.8690917,3.7990918,3.709092,3.4990919,3.2590919,3.2790918,3.1590917,2.5690918,2.6490917,2.9390917,2.6590917,2.4090917,2.3490918,2.5690918,2.8090918,2.969092,2.8390918,3.229092,3.5490918,3.5490918,3.8890917,4.099092,3.9990919,4.2090917,4.389092,4.599092,5.639092,6.119092,6.069092,5.2890916,0.109091796,-2.1709082,0.9090918,-1.0109082,-1.2009082,-1.1109082,-1.0109082,-1.0809082,-1.4809082,-1.2309082,-0.8009082,-0.4109082,-0.4709082
3.3690917,3.6790917,3.8190918,3.709092,3.709092,3.7690918,3.5790918,3.5390918,3.229092,2.959092,3.2990918,3.6590917,3.5490918,3.5290918,3.719092,3.7490919,3.5490918,3.5390918,3.2690918,3.1590917,3.449092,2.7390919,2.9390917,2.7990918,2.1390917,1.7390918,2.0990918,2.2390919,2.1290917,2.2890918,2.3090918,2.4890919,2.5990918,3.0490918,3.0290918,3.3590918,3.5790918,3.3090918,3.5490918,3.7990918,4.509092,5.349092,5.489092,5.699092,6.0190916,5.599092,2.1190917,2.8190918,-0.9209082,-0.6109082,-1.0809082,-1.0109082,-1.0009083,-1.1409082,-1.1709082,-1.9309082,-1.7309082,-1.1709082,-0.9309082
3.949092,3.699092,3.6390917,3.5790918,3.199092,3.3090918,3.1490917,3.0790918,3.0590918,2.969092,3.1690917,3.229092,3.4290917,3.7990918,3.7590919,3.4890919,3.1790917,3.209092,3.1490917,3.2690918,2.979092,2.6690917,2.2590919,2.4090917,2.5790918,2.469092,2.2490919,2.199092,2.0490918,2.0490918,2.209092,2.1690917,2.4190917,2.2690918,2.4190917,2.2590919,2.7790918,3.0490918,3.6390917,3.9290917,4.599092,5.1690917,5.279092,5.2690916,5.509092,5.469092,4.989092,1.8690917,-0.8109082,1.1490918,-1.3709083,-1.1109082,-0.8409082,-1.0009083,-1.2009082,-1.2809082,-1.6209083,-1.4109082,-1.1209083
3.8290918,3.469092,3.3090918,3.9890919,3.7690918,3.5390918,3.2590919,2.9290917,2.9290917,3.0290918,3.3890917,3.6090918,3.5690918,3.5690918,3.4990919,3.4990919,3.4190917,3.0790918,2.9290917,2.959092,2.8890917,2.7990918,2.5790918,2.2390919,1.8590918,1.8790917,1.9290918,1.9490918,2.0390918,1.9390918,1.9690918,1.9890918,2.0190918,1.9290918,1.9890918,1.7390918,1.9990917,2.7590919,3.0990918,3.8690917,4.9190917,5.2290916,4.969092,5.2090917,5.0390916,4.6690917,4.3590918,2.699092,2.7590919,-0.050908204,1.9090918,0.7390918,1.2090918,-0.9209082,-1.3809083,-1.2409081,-1.1709082,-1.2309082,-1.3109082
3.6190917,3.4990919,3.3990917,4.029092,3.6190917,3.5090919,3.2490919,2.8790917,2.7890918,2.949092,3.0290918,3.0290918,3.1190917,3.3090918,3.3590918,3.2790918,3.1290917,3.0790918,2.9990919,2.8890917,2.8490918,2.7790918,2.5290918,2.219092,1.7990918,1.4290918,1.7790918,1.9490918,2.0790918,1.9090918,1.9090918,1.5690918,1.5890918,1.4790918,1.3090918,1.1490918,1.5090919,1.8090918,2.7590919,3.719092,4.4790916,4.909092,5.1090918,5.069092,4.7290916,4.449092,3.6490917,2.699092,0.3390918,3.6390917,-0.6409082,0.1790918,-1.1409082,1.5790918,0.6390918,-2.1309083,-2.1309083,-2.1809082,-2.1309083
