raw-data-f/2018100706f3.json
{"header": { "discipline":0, "disciplineName":"Meteorological products", "gribEdition":2, "gribLength":75226, "center":7, "centerName":"US National Weather Service - NCEP(WMC)", "subcenter":0, "refTime":"2018-10-07T06:00:00.000Z", "significanceOfRT":1, "significanceOfRTName":"Start of forecast", "productStatus":0, "productStatusName":"Operational products", "productType":1, "productTypeName":"Forecast products", "productDefinitionTemplate":0, "productDefinitionTemplateName":"Analysis/forecast at horizontal level/layer at a point in time", "parameterCategory":2, "parameterCategoryName":"Momentum", "parameterNumber":2, "parameterNumberName":"U-component_of_wind", "parameterUnit":"m.s-1", "genProcessType":2, "genProcessTypeName":"Forecast", "forecastTime":3, "surface1Type":103, "surface1TypeName":"Specified height level above ground", "surface1Value":10.0, "surface2Type":255, "surface2TypeName":"Missing", "surface2Value":0.0, "gridDefinitionTemplate":0, "gridDefinitionTemplateName":"Latitude_Longitude", "numberPoints":65160, "shape":6, "shapeName":"Earth spherical with radius of 6,371,229.0 m", "gridUnits":"degrees", "resolution":48, "winds":"true", "scanMode":0, "nx":360, "ny":181, "basicAngle":0, "lo1":0.0, "la1":90.0, "lo2":359.0, "la2":-90.0, "dx":1.0, "dy":1.0 }, "data":
[rows 100 to 124 of 181, columns 114 to 170 of 360]
-6.0256176,-5.8356175,-5.5856175,-5.1256175,-3.8356178,-3.1856177,-1.3756176,-2.1156178,-1.9856176,-0.65561765,-5.6456175,-1.3056177,-1.6356177,-0.34561768,-0.8856177,-1.5856177,-3.0256176,-4.3556175,-4.9256177,-5.205618,-5.1956177,-5.745618,-6.4356174,-6.5856175,-6.3156176,-6.015618,-6.1456175,-7.475618,-7.9256177,-6.4456177,-5.7756176,-5.9656177,-6.845618,-8.825618,-3.0156176,-0.4356177,-3.7356176,-2.2956176,-4.6156178,-5.1356177,-4.6056175,-3.9156177,-3.9156177,-4.4856176,-5.535618,-5.3156176,-4.555618,-5.475618,-3.9756176,-4.535618,-4.1856174,-4.5256176,-4.515618,-3.9756176,-3.0356176,-2.5156176,-2.1256177
-5.6456175,-5.5656176,-5.3556175,-4.9356174,-4.725618,-4.5056176,-4.0456176,-2.7356176,-2.1356177,-2.4256177,-2.6756177,-0.28561768,0.46438232,0.21438232,-0.39561766,0.18438232,-0.13561767,-4.955618,-4.3356175,-7.1356177,-5.1256175,-4.955618,-5.305618,-5.765618,-5.455618,-4.745618,-3.9256177,-5.595618,-9.1456175,-7.055618,-6.205618,-6.475618,-7.265618,-7.7756176,-7.495618,-6.995618,-6.6956177,-5.1656175,-5.2356176,-4.9056177,-4.9656177,-4.205618,-3.9656177,-4.1656175,-4.2356176,-5.5456176,-5.1856174,-3.0956178,-4.325618,-3.5056176,-3.5356176,-4.075618,-2.8656178,-4.725618,-4.1256175,-3.0756178,-3.1056178
-4.8856177,-4.9256177,-4.705618,-4.575618,-4.6856174,-4.495618,-3.3456178,-2.1656177,-1.5756177,-1.2556176,0.18438232,2.0243824,2.6543822,2.0243824,0.7443823,1.7043823,4.274382,-1.7456176,-0.78561765,-4.265618,-2.8256178,-5.055618,-5.745618,-4.705618,-3.9856176,-2.8656178,0.5543823,0.5643823,-0.45561767,-4.6956177,-6.2556176,-6.4656177,-6.805618,-6.9056177,-6.5056176,-6.225618,-5.9456177,-5.7556176,-5.6456175,-5.4456177,-5.015618,-4.6356177,-4.0256176,-3.8356178,-4.035618,-4.1656175,-5.6756177,-5.535618,-4.9856176,-4.015618,-2.9356177,-4.2356176,-4.1356177,-4.2356176,-5.0456176,-5.0256176,-3.8756177
-4.9856176,-4.705618,-4.475618,-4.205618,-4.0656176,-3.5056176,-2.7456176,-1.4456177,-0.24561767,1.1543823,2.5443823,3.8143823,4.1043825,3.6743822,2.7743824,2.7943823,3.8243823,-0.025617676,-2.2356176,-3.9356177,-2.9356177,-3.4756176,-3.6556177,-3.8256178,-2.8156176,-1.5556177,2.9443824,4.2043824,1.3643823,-4.3656178,-6.325618,-6.3956175,-6.345618,-6.4256177,-6.015618,-5.725618,-5.7356176,-5.6856174,-5.6256175,-5.6056175,-5.2356176,-4.8356175,-4.4156175,-3.8556178,-3.5956178,-3.7556176,-4.6956177,-5.595618,-5.825618,-5.225618,-3.9956176,-4.5056176,-3.3056176,-4.575618,-5.845618,-5.4256177,-4.595618
-4.9656177,-4.475618,-4.075618,-3.7256176,-3.2656176,-2.6456177,-1.5156177,-0.29561767,1.3043823,2.6243823,5.1043825,6.5843825,5.984382,4.4143825,2.9243822,4.1043825,4.5543823,-1.2656177,-2.6356177,-3.2356176,-3.7556176,-4.4456177,-1.8856177,-4.205618,-2.0656176,-1.1756177,2.4943824,4.8843822,2.4243822,-4.455618,-7.7156177,-6.8956175,-6.2156177,-6.075618,-5.6956177,-5.5256176,-5.575618,-5.495618,-5.3656178,-5.4356174,-5.325618,-4.825618,-4.6556177,-4.1556177,-3.6356177,-3.4556177,-4.245618,-6.035618,-5.785618,-5.0256176,-4.705618,-3.7856176,-3.9556177,-2.4356177,-6.8156176,-5.725618,-5.4256177
-4.4056177,-3.7656176,-3.1256177,-2.6256177,-2.0756178,-1.5656177,-0.26561767,1.4343823,3.2243824,4.5743823,7.544382,8.444383,5.5743823,0.53438234,-1.6356177,4.3543825,6.6343822,-2.7456176,-2.7956176,-2.9456177,-6.1356177,-5.0656176,-3.4056177,-2.8556178,-1.8356177,-0.33561766,1.5543823,5.274382,4.8043823,-4.3856177,-3.5256176,-2.2456176,-6.6256175,-5.975618,-5.4356174,-5.075618,-5.325618,-5.455618,-5.245618,-5.055618,-4.8856177,-4.785618,-4.5656176,-4.555618,-4.475618,-3.3956177,-4.0256176,-5.8156176,-5.955618,-5.825618,-5.075618,-5.1656175,-4.285618,-2.0456176,-6.705618,-6.2156177,-5.1056175
-3.8356178,-3.0756178,-2.1756177,-1.2456176,-0.58561766,-0.06561767,0.98438233,2.7043824,5.0943823,6.9943824,9.904383,3.9443824,-1.8556176,-1.8556176,-2.0556176,-0.23561768,-5.305618,-3.3756177,-4.0456176,-2.4256177,-3.0356176,-3.8556178,-2.4856176,-1.0156177,-1.6656177,-0.8656177,1.7243823,4.734382,5.424382,1.1243824,-5.225618,-2.8456178,-5.015618,-5.9856176,-5.055618,-4.8856177,-5.1356177,-5.2556176,-5.1656175,-4.9856176,-4.575618,-4.3956175,-4.6556177,-4.845618,-4.6756177,-4.5256176,-4.8856177,-6.2756176,-5.785618,-5.3356175,-5.7956176,-6.2756176,-6.705618,-4.705618,-5.6456175,-6.3556175,-5.745618
-3.0556176,-2.2956176,-1.3256177,-0.10561767,0.91438234,1.4743823,2.1843824,4.1243825,6.9143825,3.8043823,5.8243823,0.38438234,-3.3956177,0.8243823,-5.7356176,-0.95561767,-5.5456176,-3.8056176,-5.3156176,-4.1856174,-3.5356176,-2.5656176,-3.9556177,-2.0056176,-0.6856177,1.3243823,1.1143823,3.3943822,3.7043824,1.8043823,2.2443824,-4.4356174,-2.3956177,-5.765618,-4.8856177,-4.495618,-4.7756176,-5.035618,-5.1356177,-4.955618,-4.6056175,-4.595618,-4.6156178,-4.9656177,-4.3856177,-4.9856176,-5.4856176,-4.785618,-4.8756175,-4.7156177,-5.075618,-5.535618,-6.1156178,-6.1156178,-6.845618,-5.995618,-5.6356177
-2.1056178,-0.9256177,0.10438232,1.3843824,2.4143822,3.1243823,3.4443824,5.6343822,7.2243824,9.884382,-1.1056176,0.71438235,0.79438233,0.09438232,-2.0756178,-2.4556177,-4.7756176,-2.8956177,-3.8356178,-3.6956177,-3.5756178,-3.5356176,-3.5856178,-3.6056178,-2.2256176,-2.8556178,0.7043823,3.4243822,-0.28561768,-0.19561768,3.6843824,-4.1656175,-0.96561766,-5.3656178,-4.6756177,-4.305618,-4.4156175,-4.6556177,-4.8556175,-4.6256175,-4.7356176,-4.8756175,-4.7156177,-4.7956176,-4.225618,-3.8956177,-3.8956177,-3.6056178,-3.4456177,-3.5756178,-3.4156177,-4.205618,-4.725618,-5.0656176,-4.7156177,-6.1856174,-5.1056175
-1.1856177,0.65438235,2.6143823,3.8243823,4.504382,5.3643823,5.6243825,7.2843823,8.774383,1.3243823,2.3343823,2.1643822,-1.4856176,1.1043823,0.59438235,-3.0756178,-3.8156176,-0.76561767,-2.6156178,-4.1556177,-3.7956176,-3.8556178,-3.4756176,-2.8456178,-2.2456176,-2.4856176,-2.6756177,-1.2456176,0.24438232,0.84438235,-0.36561766,-5.8656178,-4.0056176,-3.9256177,-4.595618,-3.6956177,-3.9456177,-4.1656175,-4.3656178,-4.1256175,-4.2156177,-4.3656178,-4.4156175,-4.285618,-3.5356176,-3.4156177,-3.6256177,-3.5456176,-3.1156178,-2.2756176,-1.3456177,-2.4856176,-3.3956177,-3.9956176,-4.0256176,-4.1656175,-4.2156177
0.5043823,2.9543824,5.3743825,7.0543823,6.8243823,7.9543824,8.594382,7.274382,5.3843822,2.8043823,2.9843824,1.0143824,-1.2656177,1.5743823,0.2843823,-1.7356176,-2.0556176,-1.7256176,-2.8756177,-2.7756176,-3.0956178,-3.7856176,-3.9656177,-2.9856176,-2.1756177,-1.7356176,-2.0056176,-2.0456176,-1.3756176,-0.035617676,0.52438235,-0.89561766,-6.7356176,-3.1556177,-1.7556176,-2.9956176,-3.3056176,-3.3956177,-3.8156176,-3.7256176,-3.6556177,-3.4056177,-3.0556176,-2.8456178,-2.8256178,-2.5156176,-2.4156177,-2.5956178,-2.5256176,-1.9856176,0.15438232,-1.5856177,-2.1556177,-3.4256177,-3.7056177,-3.8756177,-3.5156176
3.7443824,6.4343824,8.304382,7.1343822,7.444382,8.004382,7.044382,7.174382,4.8743825,5.0743823,2.0943823,2.1643822,2.0243824,-2.2956176,-0.14561768,0.34438232,-1.1156176,-0.96561766,-1.9756176,-1.4856176,-2.6256177,-4.1356177,-3.7056177,-3.3456178,-2.6056178,-2.5256176,-0.8156177,-0.65561765,-1.7556176,-1.0156177,-0.44561768,2.3443823,-6.8856177,-3.0856178,-3.8356178,-0.78561765,-3.0556176,-2.7756176,-3.2256176,-3.5256176,-3.3656178,-2.8356178,-2.1656177,-1.6156176,-1.5556177,-1.2956177,-1.8656176,-1.8356177,-1.6956177,-1.9256177,-3.3056176,-0.32561767,-2.6256177,-2.9156177,-3.5856178,-2.6956177,-2.5756178
5.3443823,6.3443823,5.3643823,6.424382,7.8743825,8.414382,8.344382,7.4543824,7.1143823,5.8943825,4.154382,2.6243823,3.0643823,0.084382325,0.37438232,0.97438234,0.32438233,-0.5456177,-1.0656177,-1.4156177,-1.8856177,-3.2456176,-3.5356176,-3.1156178,-3.8956177,-2.9856176,-0.9456177,0.54438233,0.024382325,-0.6256177,-0.5656177,1.9843823,-5.2956176,-2.1356177,-6.765618,-2.4256177,-2.3856177,-2.5356176,-2.7956176,-3.2156177,-3.1256177,-2.7556176,-2.0156176,-1.3156177,-0.70561767,-0.76561767,-1.8556176,-2.2756176,-2.8356178,-2.8956177,-3.1256177,-2.9256177,-1.4156177,-2.8256178,-2.9256177,-2.1156178,-1.8056177
6.274382,4.774382,6.3243823,7.5743823,7.8343825,8.754382,8.294382,8.084382,7.6843824,7.274382,6.694382,4.4543824,3.3043823,2.6943824,1.2543824,1.8043823,1.5343823,-0.10561767,-0.025617676,0.5043823,-2.5856178,-2.6456177,-2.7456176,-2.6256177,-4.2356176,-2.3356178,-1.1156176,0.22438233,0.60438234,-0.51561767,0.034382325,0.41438234,-3.9256177,-4.9856176,-0.21561767,-4.055618,-1.6956177,-2.0656176,-3.0956178,-2.8056176,-2.9156177,-2.2756176,-1.4956176,-1.1956177,-0.8056177,-0.97561765,-2.3656178,-3.3156176,-4.305618,-4.555618,-4.5456176,-4.205618,-4.6656175,-3.3456178,-1.5956177,-1.0656177,-0.23561768
3.5643823,4.0743823,4.8843822,7.3643823,9.224382,8.814383,9.834382,7.654382,8.724382,8.194383,7.774382,7.274382,4.7643824,2.5343823,3.2943823,1.8543823,1.3243823,0.9443823,1.0943823,-0.32561767,-4.8856177,-2.6756177,-1.7756177,-3.2756176,-3.6256177,-1.9356177,-1.0056176,0.15438232,-0.9156177,0.06438232,-0.18561767,-0.14561768,-3.0056176,-2.7656176,-0.6156177,-2.0456176,-3.5756178,-1.5356177,-2.3756177,-3.0556176,-2.9056177,-2.0456176,-1.5156177,-0.59561765,-1.2256176,-2.3056176,-3.3256178,-3.9556177,-4.3856177,-4.8556175,-5.265618,-5.6456175,-5.6056175,-5.0856175,-4.7356176,-4.5856175,-4.4156175
3.6443822,5.0743823,5.464382,6.8343825,8.444383,11.064383,9.074383,8.894382,9.194383,9.364383,9.344382,8.314383,5.2043824,5.6243825,3.6243823,3.0743823,2.2443824,0.85438234,-0.4956177,-0.95561767,0.10438232,-0.20561768,-2.5556176,-3.1256177,-3.7356176,-2.0056176,-1.4756176,-0.5656177,-1.6456177,0.024382325,-0.22561768,0.17438233,-1.2856177,1.2543824,-0.4656177,-0.89561766,0.07438233,-2.7556176,-1.6056176,-3.0756178,-2.9456177,-2.1256177,-1.7356176,-1.2856177,-2.4356177,-3.4356177,-4.2156177,-4.5056176,-5.075618,-5.6056175,-5.5856175,-4.7156177,-4.345618,-4.265618,-4.015618,-3.8956177,-3.3256178
4.4943824,6.0843825,6.1243825,6.6143823,7.8643823,9.344382,10.224382,7.674382,8.384382,8.444383,9.514382,9.3543825,3.7443824,4.774382,5.0143824,3.9443824,1.1743823,-1.3556176,-2.4856176,-3.2956176,0.09438232,-2.4356177,-1.4856176,-3.9356177,-2.6656177,-2.6056178,-1.8656176,-1.5256177,-1.8456177,-1.2156177,0.15438232,-0.8856177,0.6843823,0.4743823,-1.4456177,-2.6456177,-4.4156175,-1.5356177,-2.9456177,-1.3956177,-2.5256176,-2.3256178,-2.2156177,-2.2856176,-3.5356176,-4.6556177,-5.1756177,-5.6656175,-5.975618,-5.7356176,-5.6356177,-5.5856175,-4.9156175,-4.705618,-4.535618,-3.2756176,-1.5756177
3.1743822,6.3043823,5.1043825,7.5743823,6.6443825,7.6443825,9.204382,6.694382,8.204382,4.404382,2.9343824,0.9343823,-5.6156178,-7.6956177,-5.9456177,-6.095618,-4.0456176,-2.4356177,-2.3656178,-4.0056176,6.7443824,1.1943823,-0.22561768,-3.2056177,-2.5556176,-1.9156177,-3.2756176,-2.3956177,-2.2556176,-1.4156177,-0.59561765,-2.1056178,-0.6856177,-0.48561767,-2.1156178,-2.7856176,0.07438233,1.8743824,-2.7056177,-0.9856177,-1.7756177,-3.2056177,-2.4556177,-3.1656177,-5.1156178,-5.1556177,-5.595618,-5.9356174,-5.9856176,-6.4156175,-6.7756176,-6.4656177,-6.055618,-5.8856177,-5.5256176,-5.095618,-3.4956176
2.1543822,5.1343822,5.1343822,3.3343823,3.2343824,6.3743825,3.9243822,5.774382,-4.265618,-7.515618,-5.8956175,-5.975618,-6.515618,-6.1256175,-5.8556175,-3.8156176,-4.305618,-2.8456178,-0.72561765,0.38438234,1.8343823,0.39438233,0.43438232,-2.9356177,-1.9156177,-2.6256177,-3.0356176,-3.2856176,-2.4356177,-1.0656177,-0.90561765,-1.8256177,-0.16561767,0.11438233,-2.3556178,-0.6856177,-1.0556177,-0.42561767,-3.3956177,-1.3256177,-3.7456176,-3.0156176,-2.5456176,-3.1656177,-5.245618,-5.1156178,-5.4156175,-5.955618,-6.205618,-6.6556177,-6.7156177,-6.3756175,-6.1556177,-6.225618,-6.5256176,-6.3956175,-5.535618
1.9343823,3.5343823,1.3943824,-0.77561766,-5.475618,-7.4656177,-7.4456177,-3.1256177,-5.3956175,-6.8656178,-5.595618,-5.4456177,-4.1356177,-2.5256176,-3.9956176,-2.6456177,-2.9556177,-0.52561766,-0.21561767,0.8043823,2.8743823,8.294382,1.8343823,-2.8656178,-1.5556177,-2.2656176,-2.5156176,-3.7856176,-2.2056177,-1.2356176,-1.3656176,-1.1956177,-0.39561766,0.5043823,-2.9156177,0.71438235,-0.76561767,-0.70561767,-0.11561768,-1.4656177,-5.2356176,-4.455618,-2.8856177,-2.8256178,-5.1656175,-5.1356177,-6.1256175,-5.9356174,-6.1656175,-6.805618,-6.8856177,-6.845618,-6.8156176,-6.515618,-6.575618,-6.6156178,-6.6656175
0.09438232,2.2343824,-2.7856176,-4.8856177,-5.6256175,-7.1756177,-6.515618,-5.975618,-5.0656176,-4.5656176,-4.1156178,-3.7856176,-1.7956177,-1.8056177,-2.1356177,-2.7656176,-2.7656176,-1.9456177,0.3143823,1.0543823,3.6543822,6.2643824,-0.15561767,-3.8556178,-1.5656177,-0.5656177,-2.1156178,-1.6156176,-2.2856176,-1.1556177,-2.0356176,0.29438233,0.06438232,-3.0956178,-1.7256176,2.5643823,-1.0256177,-0.8856177,-0.6156177,-1.2156177,-4.6956177,-4.6656175,-2.4456177,-2.8456178,-5.2556176,-6.1656175,-7.3956175,-6.6356177,-6.7356176,-7.495618,-7.8556175,-7.4056177,-6.825618,-5.9256177,-5.455618,-5.6456175,-5.725618
-1.6456177,-0.16561767,-0.6156177,-4.1456175,-3.3856177,-5.3156176,-3.2556176,-4.015618,-0.4656177,-1.9756176,-1.1356177,-0.24561767,-0.16561767,0.35438234,-4.6056175,-4.9056177,-4.2356176,-2.8256178,-1.7156177,0.39438233,3.3343823,6.7443824,-2.0156176,-2.9956176,-1.5356177,-4.9056177,-0.26561767,0.084382325,-1.6756177,-2.4556177,-1.7856177,-0.6956177,-0.4356177,-3.2656176,0.3143823,0.9343823,-3.9256177,-0.6356177,-0.7456177,-2.2556176,-2.7356176,-2.1356177,-1.4156177,-2.6056178,-5.6856174,-7.3156176,-7.845618,-7.305618,-7.4056177,-7.8556175,-7.325618,-6.785618,-6.245618,-5.8356175,-5.7156177,-5.285618,-5.1856174
-2.5956178,-0.035617676,-0.22561768,-1.9556177,-1.8156177,-2.4656177,-1.6556177,-1.4256177,1.0343823,-0.19561768,0.54438233,-2.7556176,-3.7456176,-5.2156177,-5.6656175,-4.7956176,-3.9256177,-3.2556176,-2.2056177,-0.14561768,2.4543824,3.9543824,-0.6356177,-4.2356176,0.10438232,-3.2056177,-0.08561768,-0.6856177,-4.6756177,-0.5456177,-2.0156176,-1.9656177,-3.2156177,-0.96561766,0.8743823,-1.7356176,-1.5856177,-1.3056177,1.3543823,5.794382,3.1843824,1.5143824,-0.025617676,-3.9856176,-6.725618,-7.6156178,-7.5856175,-7.1856174,-7.495618,-7.4856176,-7.285618,-7.0256176,-6.475618,-5.9656177,-5.4856176,-5.5456176,-5.6256175
-1.6356177,2.5343823,-2.3256178,-1.1356177,-1.8556176,-1.8956177,-1.2056177,-1.9656177,0.32438233,-1.5656177,-3.7356176,-3.4656177,-3.6556177,-5.035618,-5.225618,-4.325618,-3.3756177,-2.5456176,-1.8156177,-0.47561768,0.46438232,2.3243823,2.4243822,-2.1056178,-3.0156176,-1.6256176,-3.0156176,-2.0556176,-2.5756178,-3.9656177,-1.6356177,-2.1756177,-1.9156177,-0.22561768,-1.5556177,-1.3656176,-0.32561767,0.9943823,10.694383,14.264382,8.624382,1.9143823,-2.6556177,-6.285618,-8.025618,-7.575618,-7.3956175,-7.455618,-7.5456176,-7.8156176,-7.4856176,-7.265618,-6.9056177,-6.475618,-6.1356177,-5.725618,-5.0256176
-2.7756176,-1.5356177,-0.7556177,-1.8356177,-2.8056176,-2.2856176,-1.8756176,-1.0856177,-0.16561767,-0.8756177,0.4443823,-0.28561768,-4.075618,-4.6356177,-4.5256176,-3.8956177,-3.1056178,-2.1856177,-1.5756177,-0.76561767,0.43438232,0.5143823,-1.4456177,-6.7956176,-0.76561767,-1.3656176,-2.5056176,-4.555618,-3.4156177,-3.7356176,-2.0356176,-0.9256177,-2.4056177,-1.0356177,-2.1356177,-2.3856177,0.36438233,3.2743824,1.3143823,-7.0656176,-5.8356175,-2.5556176,-7.4856176,-8.565618,-8.1456175,-7.6856174,-7.4256177,-7.825618,-8.085618,-8.405618,-7.2556176,-6.475618,-6.1056175,-5.805618,-5.4056177,-4.9456177,-4.7556176
