raw-data-f/2018100806.json
{"header": { "discipline":0, "disciplineName":"Meteorological products", "gribEdition":2, "gribLength":74680, "center":7, "centerName":"US National Weather Service - NCEP(WMC)", "subcenter":0, "refTime":"2018-10-10T06:00:00.000Z", "significanceOfRT":1, "significanceOfRTName":"Start of forecast", "productStatus":0, "productStatusName":"Operational products", "productType":1, "productTypeName":"Forecast products", "productDefinitionTemplate":0, "productDefinitionTemplateName":"Analysis/forecast at horizontal level/layer at a point in time", "parameterCategory":2, "parameterCategoryName":"Momentum", "parameterNumber":2, "parameterNumberName":"U-component_of_wind", "parameterUnit":"m.s-1", "genProcessType":2, "genProcessTypeName":"Forecast", "forecastTime":0, "surface1Type":103, "surface1TypeName":"Specified height level above ground", "surface1Value":10.0, "surface2Type":255, "surface2TypeName":"Missing", "surface2Value":0.0, "gridDefinitionTemplate":0, "gridDefinitionTemplateName":"Latitude_Longitude", "numberPoints":65160, "shape":6, "shapeName":"Earth spherical with radius of 6,371,229.0 m", "gridUnits":"degrees", "resolution":48, "winds":"true", "scanMode":0, "nx":360, "ny":181, "basicAngle":0, "lo1":0.0, "la1":90.0, "lo2":359.0, "la2":-90.0, "dx":1.0, "dy":1.0 }, "data":
[rows 78 to 103 of 181, columns 0 to 59 of 360]
2.877771,2.487771,3.107771,2.907771,1.917771,2.017771,2.727771,2.567771,4.267771,4.887771,4.007771,3.497771,2.597771,3.297771,4.307771,3.807771,1.967771,2.107771,0.657771,-1.4122291,-2.032229,-1.572229,-1.422229,-0.812229,-2.522229,-2.502229,-4.842229,-2.782229,0.287771,0.44777098,2.607771,1.347771,3.317771,1.467771,0.377771,-1.462229,-0.572229,-2.122229,-1.652229,-0.842229,0.107770994,0.777771,0.167771,-1.082229,1.117771,-0.142229,-0.052229002,0.427771,0.277771,0.837771,2.577771,2.667771,2.967771,6.437771,10.567771,10.567771,12.877771,15.287771,17.60777,14.287771
1.687771,1.667771,1.957771,1.727771,2.177771,1.077771,0.487771,1.667771,2.047771,2.247771,1.827771,1.787771,2.877771,2.787771,1.847771,-0.282229,1.517771,1.147771,-0.192229,-0.382229,0.167771,0.767771,0.307771,1.137771,1.0877709,2.247771,3.257771,2.637771,1.277771,1.577771,1.167771,1.227771,1.787771,-0.352229,-0.872229,-0.792229,-0.772229,-0.512229,-2.462229,-0.952229,0.55777097,-0.402229,-3.142229,-0.912229,0.657771,1.417771,1.787771,0.827771,0.12777099,0.407771,-0.182229,1.457771,5.267771,7.987771,10.297771,12.267771,13.307771,13.907771,13.967771,12.217771
0.47777098,0.907771,1.007771,2.117771,2.337771,1.377771,-0.582229,-0.172229,0.86777097,2.177771,0.137771,2.767771,0.667771,2.227771,1.377771,4.107771,2.587771,1.947771,1.247771,1.317771,1.457771,0.527771,0.837771,1.137771,2.047771,1.777771,2.007771,3.037771,2.687771,1.947771,1.007771,-0.092229,-0.822229,-0.072229005,-1.302229,-0.10222901,-0.572229,-1.642229,-0.792229,0.177771,-1.792229,1.197771,-0.94222903,-0.582229,2.197771,2.377771,2.107771,0.627771,3.807771,3.087771,4.107771,2.727771,7.697771,9.287771,10.357771,11.357771,12.247771,12.567771,12.377771,11.317771
0.18777099,0.747771,0.817771,1.017771,2.197771,2.137771,0.937771,-0.552229,-0.10222901,1.867771,3.367771,1.537771,0.917771,0.727771,0.377771,1.107771,1.027771,1.467771,2.807771,2.057771,1.807771,0.18777099,0.277771,-0.142229,1.847771,1.767771,2.117771,2.377771,2.387771,1.237771,0.777771,-0.94222903,-1.092229,-0.622229,-0.132229,-0.562229,-0.432229,0.44777098,-3.022229,-3.762229,-0.10222901,-1.752229,0.377771,4.017771,5.767771,3.727771,2.087771,3.767771,4.707771,5.817771,6.227771,6.507771,8.467771,9.587771,9.947771,10.087771,10.967771,10.427771,10.397771,9.747771
0.387771,1.667771,0.947771,1.077771,1.417771,2.157771,1.8377709,0.357771,0.337771,1.497771,1.057771,-1.182229,1.277771,-0.10222901,-0.292229,1.227771,0.997771,1.927771,1.867771,2.107771,1.077771,-0.062229004,0.167771,0.247771,1.157771,2.327771,1.967771,2.147771,1.597771,1.617771,1.3377709,-0.782229,0.857771,0.41777098,-2.932229,-0.23222901,-1.502229,-0.662229,-3.222229,1.357771,-1.9122291,0.047770996,0.457771,3.817771,5.107771,4.417771,3.107771,2.917771,4.337771,6.417771,5.317771,7.037771,8.367771,9.077771,9.107771,9.237771,9.397771,8.957771,8.767771,8.487771
0.227771,1.237771,1.617771,1.507771,0.747771,1.137771,1.507771,0.497771,0.057770997,1.987771,-0.452229,-2.462229,-1.102229,-1.202229,-1.022229,0.15777099,2.007771,1.997771,2.457771,1.427771,1.177771,0.647771,1.347771,0.837771,0.377771,1.867771,1.867771,1.657771,1.397771,1.207771,0.337771,1.287771,2.327771,-0.832229,-1.952229,-1.072229,-1.442229,-1.312229,-0.392229,-3.662229,-1.532229,2.487771,0.957771,1.027771,3.927771,4.017771,2.857771,3.567771,4.607771,6.577771,5.847771,7.367771,7.507771,8.037771,7.997771,7.837771,7.827771,7.777771,7.717771,7.537771
1.417771,2.497771,4.747771,5.037771,5.257771,2.307771,0.55777097,0.827771,-0.092229,-0.27222902,-1.272229,0.597771,-0.172229,0.107770994,-0.362229,-0.932229,1.3377709,1.177771,1.127771,1.287771,2.077771,1.487771,1.907771,0.907771,1.027771,1.777771,0.637771,1.0877709,1.517771,1.107771,0.607771,1.677771,2.977771,-2.632229,-4.592229,-5.072229,-0.27222902,-0.992229,0.397771,-0.212229,-0.15222901,0.987771,3.047771,2.837771,2.957771,2.707771,3.027771,4.137771,5.407771,4.557771,5.947771,6.367771,6.517771,6.347771,6.617771,6.637771,6.627771,6.337771,6.817771,7.067771
3.857771,4.107771,4.067771,4.547771,4.607771,4.247771,1.427771,1.427771,-0.252229,-0.972229,0.337771,-0.012229004,-0.062229004,0.297771,-0.712229,-0.392229,-0.462229,0.577771,2.217771,1.927771,1.997771,1.827771,1.347771,0.367771,0.747771,1.267771,1.097771,1.407771,1.067771,0.457771,0.197771,1.437771,1.277771,-2.482229,-7.602229,-9.062229,-6.522229,-2.282229,-3.902229,-1.312229,-0.27222902,2.947771,1.717771,3.157771,3.327771,1.497771,3.697771,4.087771,4.737771,5.447771,5.127771,5.317771,5.607771,5.327771,5.407771,5.577771,5.387771,5.447771,6.367771,6.437771
2.727771,3.327771,3.897771,3.927771,3.917771,4.127771,4.427771,3.577771,1.807771,1.797771,-0.582229,-0.952229,0.327771,0.177771,0.697771,0.217771,-0.122229,0.707771,1.487771,1.637771,0.977771,1.157771,0.857771,0.487771,0.44777098,0.927771,0.627771,0.787771,0.227771,-0.522229,-0.772229,1.177771,0.357771,-2.292229,-5.672229,-10.682229,-9.472229,-9.392229,-8.272229,-1.442229,0.267771,1.877771,1.667771,1.557771,2.387771,2.987771,4.417771,3.377771,4.847771,3.907771,4.237771,4.927771,4.857771,4.607771,4.727771,5.007771,4.847771,5.547771,5.767771,5.817771
2.647771,2.457771,3.467771,3.747771,3.557771,4.007771,3.577771,2.097771,1.847771,1.237771,-1.252229,0.497771,0.347771,0.61777097,0.247771,0.497771,0.07777099,0.657771,0.947771,0.277771,0.587771,0.997771,1.0877709,0.607771,0.44777098,0.637771,0.367771,0.177771,-0.252229,-0.352229,-0.722229,0.507771,0.627771,0.277771,-4.052229,-3.302229,-7.682229,-8.722229,-8.072229,-3.372229,-0.182229,1.017771,1.077771,0.607771,1.767771,2.987771,2.747771,3.517771,2.897771,3.227771,3.617771,3.977771,4.257771,3.927771,4.317771,4.427771,4.657771,5.417771,5.597771,5.787771
1.387771,2.707771,2.937771,3.497771,3.007771,3.727771,3.707771,2.817771,1.897771,-0.602229,0.15777099,0.917771,0.747771,1.017771,0.517771,1.0877709,0.737771,0.377771,0.147771,-0.10222901,0.377771,0.817771,1.017771,0.507771,0.647771,0.997771,0.767771,-0.30222902,-0.582229,-0.552229,-0.652229,-0.022229005,-0.322229,2.437771,2.277771,-0.532229,-2.292229,-4.622229,-6.612229,-3.482229,-1.432229,0.207771,0.427771,0.947771,1.097771,1.397771,2.517771,2.417771,2.437771,2.557771,2.567771,2.867771,3.387771,3.527771,3.697771,3.777771,4.397771,5.467771,5.937771,5.607771
1.787771,2.867771,2.697771,2.637771,2.397771,3.237771,4.687771,2.347771,1.017771,-0.062229004,-0.802229,0.407771,0.467771,0.717771,1.357771,1.257771,0.997771,0.507771,0.047770996,-0.012229004,0.41777098,0.707771,1.007771,0.667771,0.247771,0.23777099,0.367771,-0.15222901,-0.63222903,-0.282229,0.647771,-0.252229,-0.092229,1.697771,0.987771,-0.502229,0.207771,-1.842229,-5.102229,-2.632229,-1.232229,-0.412229,0.307771,0.55777097,0.44777098,1.217771,1.047771,1.157771,0.877771,1.3377709,1.687771,1.867771,2.667771,3.057771,3.687771,3.677771,4.567771,5.587771,5.797771,5.577771
1.527771,1.817771,2.117771,2.487771,2.477771,3.167771,4.987771,3.247771,2.057771,-1.782229,-0.702229,0.037770998,0.41777098,1.197771,1.887771,1.647771,1.287771,0.637771,-0.042229004,-0.002229004,0.277771,0.80777097,0.627771,0.487771,0.337771,0.147771,-0.27222902,0.117771,-0.492229,0.247771,0.857771,-0.642229,-0.402229,3.447771,-0.982229,-1.422229,-0.342229,-1.482229,0.18777099,-0.782229,-0.462229,-0.602229,-0.27222902,-0.352229,-0.362229,-0.122229,-0.352229,-0.132229,0.017770996,0.277771,0.757771,1.227771,1.777771,2.377771,2.847771,3.667771,4.787771,5.217771,5.757771,5.407771
1.277771,1.257771,1.697771,2.367771,2.317771,2.787771,3.487771,3.007771,2.627771,0.137771,-0.642229,-0.002229004,1.137771,0.987771,2.217771,2.737771,1.467771,0.217771,0.507771,-0.242229,0.017770996,0.467771,0.327771,0.517771,0.577771,-0.082229,0.217771,-0.142229,-0.582229,0.497771,0.247771,-0.622229,1.3377709,-5.842229,-4.952229,-5.102229,-4.332229,-1.482229,-1.112229,-0.362229,-0.482229,-1.172229,-1.282229,-1.512229,-1.862229,-1.222229,-1.472229,-0.912229,-0.252229,-0.262229,0.167771,0.427771,1.157771,1.577771,2.577771,3.847771,4.547771,4.967771,5.027771,3.917771
0.607771,1.187771,1.487771,1.947771,2.387771,2.317771,2.677771,3.107771,2.627771,1.787771,-0.10222901,0.027770996,1.317771,0.627771,1.747771,2.837771,1.187771,0.307771,0.80777097,0.337771,0.147771,0.357771,0.177771,0.267771,0.55777097,-0.832229,-0.452229,-0.762229,0.147771,0.797771,0.527771,0.457771,-0.562229,-4.102229,-4.542229,-4.432229,-3.022229,-4.692229,-2.562229,-0.552229,-1.452229,-2.092229,-2.052229,-2.412229,-3.272229,-2.812229,-2.262229,-1.492229,-1.602229,-1.922229,-1.342229,-1.142229,-0.112229005,0.86777097,2.137771,3.587771,3.127771,0.667771,0.44777098,0.927771
0.767771,0.717771,1.407771,2.037771,2.187771,2.477771,2.317771,2.647771,2.537771,2.687771,0.86777097,1.117771,0.457771,0.737771,1.377771,2.467771,1.637771,1.007771,1.027771,0.777771,0.197771,-0.002229004,0.097771,-0.052229002,0.12777099,-0.572229,-0.052229002,-0.472229,-0.852229,-1.182229,0.947771,0.207771,-2.282229,-4.092229,-4.812229,-6.062229,-2.072229,-0.69222903,-1.202229,-1.032229,-2.482229,-3.512229,-2.602229,-3.132229,-3.762229,-4.042229,-3.612229,-2.962229,-2.742229,-2.922229,-2.562229,-1.972229,-0.772229,0.487771,0.787771,0.087771,-2.512229,-2.552229,-2.352229,-2.762229
0.107770994,0.787771,1.237771,1.417771,1.637771,1.947771,2.467771,2.447771,2.057771,2.497771,2.777771,2.387771,0.707771,1.157771,2.167771,2.627771,2.257771,1.437771,1.147771,1.007771,0.067770995,0.507771,0.217771,-0.162229,0.647771,0.507771,-0.182229,-0.702229,-0.122229,-1.482229,-3.322229,-2.122229,-3.612229,-4.752229,-4.932229,-4.342229,-2.632229,-5.692229,-1.522229,-0.762229,-3.282229,-4.462229,-3.982229,-4.572229,-4.652229,-4.582229,-4.702229,-4.182229,-3.502229,-3.392229,-3.392229,-2.462229,-1.022229,-1.072229,-1.752229,-3.392229,-4.762229,-4.522229,-3.582229,-3.362229
-0.402229,0.067770995,0.337771,0.47777098,1.367771,1.927771,2.537771,2.947771,2.567771,2.347771,3.257771,2.507771,1.257771,0.827771,1.557771,2.327771,2.667771,1.107771,0.86777097,0.517771,0.067770995,0.367771,0.817771,0.377771,0.227771,0.427771,-0.462229,-0.422229,-0.532229,-1.302229,-2.832229,-4.052229,-4.362229,-5.082229,-4.432229,-5.692229,-4.002229,-4.672229,-1.592229,0.687771,-4.362229,-5.532229,-5.412229,-5.632229,-5.712229,-5.272229,-5.552229,-5.042229,-4.252229,-4.492229,-4.132229,-2.992229,-1.9122291,-2.872229,-4.482229,-5.912229,-6.102229,-5.352229,-4.532229,-4.412229
-1.052229,-0.592229,0.107770994,0.877771,1.737771,2.337771,2.797771,3.117771,2.957771,2.777771,2.737771,2.677771,1.897771,0.987771,1.357771,2.027771,1.307771,0.697771,1.567771,1.567771,0.987771,0.627771,0.857771,0.687771,0.347771,0.15777099,-1.142229,0.457771,-1.012229,-3.442229,-0.812229,-3.012229,-4.222229,-3.592229,-5.052229,-4.042229,-4.252229,-2.972229,-1.082229,1.127771,-4.872229,-6.342229,-6.592229,-6.582229,-6.942229,-6.092229,-6.022229,-5.562229,-5.142229,-5.402229,-4.712229,-3.412229,-3.372229,-4.952229,-6.032229,-6.462229,-6.552229,-5.962229,-5.082229,-4.312229
-1.502229,-0.672229,0.207771,1.197771,1.817771,2.487771,2.987771,3.067771,2.867771,2.857771,2.717771,2.457771,1.377771,0.317771,1.127771,1.5877709,1.417771,0.387771,1.5877709,1.687771,1.247771,0.967771,0.847771,0.507771,0.457771,-0.20222901,-0.702229,-0.562229,-0.112229005,-3.312229,-4.812229,-5.002229,-3.252229,-4.682229,-4.272229,-2.752229,-2.692229,-1.192229,-1.232229,-1.542229,-5.182229,-6.702229,-7.302229,-8.082229,-8.102229,-7.532229,-6.932229,-6.472229,-6.252229,-6.212229,-5.262229,-4.182229,-4.862229,-6.492229,-6.382229,-6.942229,-7.462229,-6.512229,-5.222229,-4.282229
-1.802229,-1.232229,-0.502229,0.797771,1.877771,2.597771,2.877771,2.947771,2.787771,2.627771,2.707771,2.247771,1.187771,0.017770996,0.297771,0.647771,1.817771,0.207771,0.197771,2.127771,1.787771,0.677771,0.727771,0.437771,0.197771,0.317771,-0.23222901,-0.382229,-1.212229,-1.302229,-2.262229,-0.462229,-3.152229,-3.992229,-3.012229,-2.162229,-3.632229,-2.342229,-2.072229,-2.062229,-4.012229,-6.322229,-7.332229,-9.092229,-8.982229,-8.612229,-7.932229,-7.222229,-6.542229,-6.532229,-5.972229,-5.122229,-5.452229,-6.912229,-7.542229,-7.592229,-7.272229,-6.572229,-5.862229,-4.822229
-1.982229,-1.392229,-0.672229,0.467771,1.327771,1.557771,1.997771,2.477771,2.607771,2.537771,2.517771,1.937771,1.017771,0.687771,-0.512229,1.097771,2.147771,1.307771,0.027770996,1.007771,1.257771,1.157771,0.757771,0.457771,0.057770997,0.327771,0.457771,-1.722229,-3.312229,-4.002229,-4.062229,-4.082229,-2.492229,-2.042229,-1.962229,-4.132229,-1.072229,-1.812229,-2.652229,-2.402229,-3.212229,-5.032229,-7.202229,-8.802229,-9.602229,-9.332229,-8.762229,-7.852229,-8.012229,-6.982229,-6.912229,-6.342229,-6.112229,-7.092229,-8.012229,-7.682229,-7.292229,-6.632229,-6.162229,-5.072229
-2.672229,-2.042229,-1.362229,-0.63222903,0.117771,0.197771,0.937771,1.357771,1.5877709,1.807771,1.8377709,1.067771,0.027770996,-0.062229004,-0.132229,0.917771,2.777771,2.697771,-0.052229002,-0.27222902,0.437771,1.427771,0.537771,-0.222229,-0.472229,-1.042229,-1.902229,-0.602229,-2.922229,-3.762229,-4.232229,-4.202229,-3.032229,-2.952229,-1.902229,-2.262229,-1.712229,-1.962229,-2.692229,-2.302229,-2.602229,-3.352229,-6.132229,-7.262229,-8.472229,-9.762229,-8.942229,-8.852229,-9.072229,-8.442229,-7.462229,-7.072229,-6.682229,-7.212229,-7.762229,-7.632229,-7.532229,-7.222229,-6.642229,-5.562229
-3.642229,-3.322229,-2.702229,-2.132229,-1.962229,-0.972229,-0.612229,0.067770995,0.107770994,0.317771,0.327771,-0.012229004,-0.10222901,-0.422229,0.987771,0.80777097,1.017771,-0.082229,0.507771,-0.822229,-0.262229,-1.322229,-2.112229,-2.742229,-3.382229,-3.082229,-4.542229,-4.422229,-3.422229,-4.352229,-5.132229,-3.632229,-3.322229,-1.522229,-3.332229,-3.012229,-1.322229,-3.012229,-2.492229,-2.272229,-1.902229,-1.942229,-2.372229,-6.352229,-4.912229,-6.282229,-7.752229,-7.332229,-9.282229,-9.152229,-7.742229,-7.082229,-6.792229,-7.352229,-7.342229,-7.642229,-7.652229,-7.382229,-7.422229,-6.672229
-4.632229,-4.232229,-3.942229,-3.582229,-3.152229,-2.012229,-1.522229,-1.242229,-1.172229,-0.852229,-0.682229,-0.592229,-0.542229,-0.672229,0.497771,0.707771,-0.442229,-1.832229,-1.122229,-0.962229,-2.152229,-3.582229,-4.712229,-2.502229,-3.962229,-3.762229,-4.492229,-4.652229,-4.102229,-3.712229,-3.262229,-4.332229,-2.362229,-2.762229,-1.422229,-2.332229,-3.072229,-2.302229,-2.372229,-2.502229,-2.322229,-3.022229,-1.902229,-2.942229,-0.572229,1.527771,1.367771,-4.762229,-6.402229,-7.082229,-7.982229,-6.732229,-6.782229,-7.172229,-7.442229,-7.642229,-7.722229,-8.192229,-8.562229,-8.212229
-5.082229,-4.802229,-4.702229,-4.552229,-3.792229,-2.572229,-1.6622291,-1.732229,-1.322229,-0.69222903,-0.872229,-0.682229,-0.212229,-0.522229,0.637771,-0.832229,-1.712229,-1.482229,-0.562229,-1.872229,-1.822229,-2.302229,-3.412229,-4.682229,-2.792229,-3.822229,-4.882229,-4.082229,-3.682229,-3.812229,-3.892229,-4.632229,-2.632229,-4.792229,-3.102229,-2.802229,-2.762229,-2.802229,-2.632229,-2.122229,-2.272229,-3.202229,-3.342229,-3.052229,-2.652229,-2.692229,-2.832229,-0.932229,-4.362229,-5.112229,-5.842229,-5.812229,-6.302229,-6.622229,-7.572229,-7.892229,-8.462229,-9.672229,-10.012229,-9.262229
