raw-data-f/2018100906.json
{"header": { "discipline":0, "disciplineName":"Meteorological products", "gribEdition":2, "gribLength":74709, "center":7, "centerName":"US National Weather Service - NCEP(WMC)", "subcenter":0, "refTime":"2018-10-09T06:00:00.000Z", "significanceOfRT":1, "significanceOfRTName":"Start of forecast", "productStatus":0, "productStatusName":"Operational products", "productType":1, "productTypeName":"Forecast products", "productDefinitionTemplate":0, "productDefinitionTemplateName":"Analysis/forecast at horizontal level/layer at a point in time", "parameterCategory":2, "parameterCategoryName":"Momentum", "parameterNumber":2, "parameterNumberName":"U-component_of_wind", "parameterUnit":"m.s-1", "genProcessType":2, "genProcessTypeName":"Forecast", "forecastTime":0, "surface1Type":103, "surface1TypeName":"Specified height level above ground", "surface1Value":10.0, "surface2Type":255, "surface2TypeName":"Missing", "surface2Value":0.0, "gridDefinitionTemplate":0, "gridDefinitionTemplateName":"Latitude_Longitude", "numberPoints":65160, "shape":6, "shapeName":"Earth spherical with radius of 6,371,229.0 m", "gridUnits":"degrees", "resolution":48, "winds":"true", "scanMode":0, "nx":360, "ny":181, "basicAngle":0, "lo1":0.0, "la1":90.0, "lo2":359.0, "la2":-90.0, "dx":1.0, "dy":1.0 }, "data":
[rows 52 to 77 of 181, columns 240 to 299 of 360]
-2.450896,-0.450896,1.419104,0.889104,-1.160896,-2.610896,-1.410896,-0.960896,0.309104,-0.950896,-1.380896,-0.650896,-1.060896,0.189104,-2.400896,-2.290896,-4.040896,-2.190896,-1.210896,-0.940896,0.689104,-1.280896,-3.600896,-3.080896,-2.280896,-1.840896,0.159104,-1.500896,-1.680896,-1.230896,-1.460896,-1.450896,-1.420896,-1.420896,-0.530896,-1.960896,-1.660896,-1.580896,-0.840896,-2.250896,-0.560896,-1.170896,-0.850896,-1.000896,-3.690896,-5.130896,-4.890896,-5.710896,-7.990896,-7.500896,-7.100896,-7.390896,-6.410896,-6.230896,-8.440896,-7.930896,-6.780896,-6.440896,-5.960896,-5.320896
0.239104,-1.5408959,0.429104,0.329104,-0.530896,-2.470896,-1.780896,-1.310896,-1.600896,-0.880896,0.389104,-0.240896,-3.470896,-2.370896,0.10910401,-1.160896,-2.850896,-1.590896,-1.090896,-1.220896,-0.870896,-4.270896,-2.400896,-0.770896,3.469104,-1.760896,-3.030896,-2.810896,-2.300896,-1.600896,-2.470896,-2.260896,-1.390896,-1.280896,-1.210896,-1.220896,-2.450896,-1.190896,-1.390896,-1.780896,-1.070896,-1.380896,-1.420896,-1.380896,-4.200896,-4.090896,-5.110896,-5.280896,-4.660896,-7.960896,-8.020896,-7.280896,-5.920896,-4.540896,-4.320896,-3.970896,-3.780896,-3.350896,-2.470896,-4.440896
3.379104,-0.340896,1.669104,1.379104,1.829104,0.67910403,-0.300896,-0.270896,0.119104005,2.239104,1.4591041,2.339104,5.129104,1.189104,-1.630896,-0.170896,-2.170896,-4.430896,-4.630896,-2.430896,-1.400896,-1.5408959,-0.880896,-0.250896,1.249104,-2.050896,-2.540896,-1.730896,-1.870896,-2.620896,-2.750896,-2.990896,-2.000896,-1.890896,-1.260896,-2.290896,-1.350896,-2.280896,-2.570896,-1.310896,-2.440896,-1.880896,-1.970896,-1.760896,-3.630896,-5.910896,-7.000896,-6.900896,-6.720896,-6.160896,-4.780896,-4.060896,-3.520896,-1.550896,0.019104004,0.029104004,0.24910401,0.07910401,-2.420896,-2.260896
-0.210896,-0.350896,4.749104,5.429104,0.599104,0.759104,-0.450896,-2.200896,-1.390896,1.769104,1.4591041,2.659104,2.239104,2.069104,0.969104,-1.970896,-1.000896,2.479104,-3.830896,-5.400896,-3.320896,-2.720896,-2.280896,-2.480896,0.759104,-0.110896,-2.220896,-1.850896,-2.580896,-2.990896,-2.640896,-2.560896,-2.970896,-2.680896,-1.650896,-0.830896,-3.540896,-2.670896,-2.190896,-3.310896,-2.080896,-3.290896,-3.160896,-1.480896,-7.420896,-8.500896,-8.120896,-7.920896,-7.450896,-6.740896,-6.110896,-5.850896,-5.070896,-4.060896,-3.500896,-3.510896,-3.620896,-3.380896,-3.160896,-2.550896
-0.030895997,-1.370896,0.209104,1.849104,2.479104,-1.990896,0.799104,-2.430896,-2.590896,-1.550896,-0.560896,0.73910403,1.639104,0.19910401,0.039104003,-2.100896,-8.959961E-4,3.249104,-3.770896,-2.220896,-4.940896,-2.860896,-3.930896,-2.420896,0.009104004,-1.210896,-2.450896,-2.020896,-2.200896,-2.950896,-2.750896,-2.720896,-2.970896,-2.510896,-2.080896,-2.240896,-4.120896,-2.380896,-2.630896,-3.690896,-3.560896,-3.020896,-4.880896,-9.350896,-9.600896,-9.560896,-9.180896,-8.880896,-8.460896,-8.130896,-7.840896,-7.340896,-6.550896,-5.790896,-5.140896,-4.890896,-5.070896,-4.440896,-3.950896,-4.080896
2.179104,0.359104,-1.830896,0.269104,5.479104,0.689104,0.98910403,3.319104,-3.020896,-0.590896,0.569104,0.439104,1.779104,-0.780896,-1.380896,-1.120896,0.629104,3.669104,-4.800896,-1.970896,-4.370896,-3.530896,-3.450896,-3.220896,-1.350896,-1.590896,-2.040896,-1.870896,-2.010896,-3.330896,-3.270896,-2.780896,-2.740896,-3.090896,-3.210896,-3.350896,-2.910896,-4.360896,-4.370896,-2.780896,-3.060896,-9.470896,-10.040896,-10.570896,-10.740896,-10.110896,-9.540896,-9.350896,-9.010896,-8.740896,-8.530896,-8.190896,-7.790896,-7.160896,-6.440896,-5.960896,-5.840896,-5.160896,-5.160896,-5.080896
1.899104,0.439104,-0.690896,1.579104,0.559104,2.819104,2.259104,3.979104,0.669104,0.069104,2.999104,2.749104,5.339104,-0.120896,2.049104,0.31910402,-0.410896,3.529104,-2.660896,-4.240896,-4.840896,-3.540896,-2.130896,-4.510896,-1.610896,-2.920896,-2.330896,-2.680896,-2.520896,-2.460896,-3.230896,-3.580896,-2.540896,-2.630896,-3.650896,-3.950896,-4.540896,-4.010896,-3.750896,-4.010896,-10.040896,-10.550896,-10.380896,-10.140896,-9.350896,-9.090896,-9.860896,-9.890896,-9.070896,-8.700896,-8.380896,-7.980896,-7.620896,-7.320896,-7.070896,-6.300896,-6.310896,-6.010896,-5.830896,-5.390896
0.499104,-0.490896,0.219104,1.509104,1.2091041,0.149104,1.519104,2.699104,2.109104,-0.900896,2.119104,2.609104,4.569104,1.169104,2.409104,0.909104,2.199104,3.229104,-6.780896,-6.700896,-5.030896,-2.630896,-1.350896,-4.590896,-1.880896,-1.700896,-2.300896,-2.340896,-3.460896,-2.090896,-2.180896,-2.350896,-2.370896,-2.430896,-3.440896,-4.510896,-4.850896,-2.990896,-2.030896,-9.680896,-9.910896,-10.120896,-10.190896,-9.960896,-9.790896,-10.440896,-10.540896,-9.580896,-8.930896,-8.810896,-8.870896,-8.440896,-8.020896,-7.650896,-7.320896,-7.110896,-6.270896,-5.940896,-5.910896,-6.050896
0.819104,0.209104,0.449104,0.98910403,2.469104,1.789104,2.919104,0.409104,2.609104,2.039104,0.819104,-1.320896,3.689104,2.509104,1.979104,0.67910403,4.989104,-7.100896,-10.120896,-7.730896,-4.240896,-2.610896,-2.400896,-3.200896,-2.330896,-2.900896,-3.350896,-3.180896,-3.280896,-2.520896,-6.680896,-9.960896,-10.410896,-10.870896,-9.800896,-2.250896,-7.510896,-2.390896,-2.730896,-10.250896,-10.730896,-11.230896,-10.830896,-10.960896,-11.080896,-11.200896,-11.070896,-10.290896,-9.510896,-8.920896,-8.290896,-7.750896,-7.510896,-7.830896,-7.830896,-6.760896,-6.520896,-6.240896,-5.860896,-5.440896
2.379104,2.289104,1.589104,1.449104,1.2091041,3.879104,1.819104,3.099104,2.009104,3.069104,-0.170896,-0.10089599,3.619104,3.829104,0.719104,1.4591041,6.609104,-1.740896,-3.000896,-5.450896,-5.160896,-3.840896,-3.350896,-3.410896,-3.140896,-6.580896,-6.860896,-7.830896,-8.070896,-6.950896,-9.290896,-7.920896,-10.870896,-10.810896,-11.820896,-12.870896,-11.620896,-8.880896,-3.570896,-4.790896,-10.990896,-11.960896,-11.880896,-11.810896,-12.120896,-11.990896,-11.710896,-11.040896,-10.250896,-9.450896,-9.130896,-9.080896,-8.630896,-7.700896,-6.800896,-6.820896,-6.680896,-6.090896,-5.730896,-5.440896
2.999104,2.959104,2.409104,2.419104,1.479104,1.149104,2.939104,2.239104,3.359104,1.989104,0.569104,0.299104,3.079104,3.209104,3.639104,4.119104,4.959104,-2.130896,-2.530896,-6.250896,-5.380896,-4.760896,-3.060896,-6.300896,-6.470896,-6.360896,-6.410896,-6.060896,-6.980896,-8.320896,-10.030896,-10.770896,-11.800896,-12.650896,-14.140896,-14.240896,-12.510896,-9.890896,-3.960896,-3.300896,-10.990896,-11.280896,-11.140896,-11.780896,-11.960896,-12.060896,-12.070896,-11.260896,-10.920896,-10.650896,-10.600896,-9.920896,-9.040896,-8.210896,-7.750896,-6.930896,-5.840896,-5.690896,-6.100896,-5.340896
3.889104,3.199104,2.709104,2.339104,2.129104,2.729104,1.759104,2.269104,-0.10089599,2.449104,1.589104,0.119104005,1.049104,6.459104,1.499104,3.269104,3.179104,-2.750896,-2.580896,-2.340896,-6.200896,-5.860896,-3.820896,-7.200896,-6.270896,-5.800896,-5.850896,-6.120896,-7.040896,-8.520896,-9.530896,-11.320896,-13.010896,-14.380896,-14.790896,-14.290896,-13.130896,-11.640896,-4.450896,-6.160896,-9.220896,-9.920896,-8.900896,-10.190896,-10.400896,-10.080896,-9.540896,-10.100896,-10.090896,-9.740896,-10.050896,-10.040896,-10.320896,-9.560896,-8.470896,-7.580896,-6.470896,-5.300896,-5.060896,-5.280896
2.889104,2.849104,2.819104,2.769104,2.759104,3.109104,3.709104,5.269104,2.929104,2.809104,0.359104,-0.730896,-0.210896,0.389104,2.459104,4.629104,3.209104,0.499104,-5.070896,-2.910896,-3.760896,-5.350896,-3.690896,-5.860896,-6.150896,-5.840896,-5.390896,-5.550896,-6.270896,-7.360896,-8.430896,-10.990896,-12.960896,-14.590896,-16.300896,-15.720896,-13.870896,-12.560896,-9.060896,-2.730896,-7.920896,-8.610896,-8.740896,-8.430896,-8.750896,-8.070896,-8.550896,-8.890896,-8.860896,-8.420896,-8.850896,-9.710896,-9.380896,-9.320896,-9.520896,-8.510896,-7.250896,-5.950896,-5.010896,-4.820896
1.729104,1.929104,2.219104,2.439104,2.709104,3.189104,3.989104,4.439104,2.399104,3.999104,6.029104,3.639104,0.229104,-1.190896,2.369104,2.889104,3.019104,4.499104,-0.020895995,-2.470896,0.92910403,-2.090896,-1.930896,-4.520896,-4.970896,-5.680896,-5.600896,-5.610896,-5.740896,-6.110896,-6.750896,-8.660896,-12.120896,-13.330896,-16.280895,-18.870895,-16.480896,-11.940896,-10.590896,-7.670896,-8.770896,-7.490896,-5.540896,-7.060896,-6.830896,-6.500896,-5.770896,-6.400896,-7.320896,-7.350896,-7.070896,-7.760896,-8.450896,-9.090896,-9.350896,-9.490896,-8.200896,-6.910896,-5.900896,-4.940896
2.049104,2.219104,2.279104,2.549104,2.619104,2.929104,3.759104,4.499104,4.529104,5.099104,3.809104,4.679104,2.729104,-0.43089598,-1.630896,3.509104,0.859104,3.429104,2.059104,-1.910896,-1.200896,-2.650896,-1.120896,-3.740896,-3.950896,-4.990896,-5.360896,-5.190896,-4.530896,-4.080896,-4.530896,-4.660896,-8.210896,-10.240896,-34.930897,-31.320896,-16.620895,-11.800896,-9.500896,-9.810896,-8.340896,-7.120896,-4.180896,-3.730896,-3.730896,-4.880896,-5.840896,-5.430896,-4.960896,-5.410896,-6.360896,-5.610896,-7.680896,-8.410896,-9.510896,-10.110896,-8.950896,-7.940896,-6.830896,-5.910896
1.789104,1.789104,2.049104,3.259104,3.359104,3.839104,4.319104,4.909104,5.229104,4.809104,4.429104,0.24910401,3.019104,2.859104,-1.450896,-1.140896,0.819104,2.619104,3.449104,-1.930896,-2.370896,0.019104004,0.449104,-3.510896,-3.820896,-4.610896,-4.270896,-4.020896,-3.030896,-2.240896,-1.340896,-0.540896,0.469104,4.379104,22.099104,4.599104,-7.220896,-6.730896,-4.440896,-4.430896,-6.780896,-6.120896,-4.730896,-3.930896,-4.320896,-5.140896,-4.780896,-5.780896,-6.590896,-6.440896,-7.020896,-6.620896,-7.280896,-7.990896,-9.590896,-9.560896,-8.920896,-8.740896,-7.860896,-6.810896
-0.43089598,0.269104,1.439104,2.559104,3.509104,4.249104,4.449104,4.859104,5.289104,5.499104,6.009104,8.479104,7.899104,6.089104,0.849104,-1.280896,1.009104,1.439104,0.589104,0.909104,-1.250896,0.519104,-1.610896,-3.590896,-3.390896,-3.590896,-3.400896,-1.960896,-0.260896,0.069104,1.409104,3.199104,6.759104,11.399104,14.589104,8.439104,0.529104,-3.170896,-5.230896,-5.650896,-2.000896,-2.270896,-2.040896,-5.030896,-4.360896,-4.430896,-4.180896,-3.800896,-4.980896,-6.600896,-7.380896,-8.180896,-8.370896,-7.980896,-8.480896,-8.850896,-9.400896,-8.820896,-8.230896,-7.810896
-2.370896,-1.610896,-0.14089599,1.119104,2.259104,3.279104,3.879104,4.369104,4.689104,4.849104,5.409104,5.899104,5.899104,4.769104,1.479104,-1.390896,1.069104,1.299104,1.269104,1.059104,0.409104,0.609104,-1.0408959,-3.720896,-3.410896,-2.870896,-2.680896,-1.750896,0.909104,2.179104,1.009104,1.349104,1.829104,2.429104,9.129104,6.689104,2.359104,-1.330896,-2.840896,-4.600896,-4.740896,-3.450896,-0.900896,1.079104,-0.210896,0.329104,-2.630896,-1.670896,-2.700896,-6.590896,-7.150896,-8.030896,-8.960896,-8.590896,-8.900896,-8.600896,-8.800896,-8.880896,-8.540896,-8.320896
-4.260896,-2.660896,-1.470896,0.089104004,0.799104,1.999104,2.749104,3.229104,3.609104,4.139104,4.189104,4.769104,4.889104,4.069104,2.799104,-1.2908959,-1.170896,0.599104,0.119104005,-0.010895996,-0.040895995,0.619104,1.569104,0.429104,-2.580896,-1.850896,-1.2908959,-1.130896,-0.470896,1.019104,0.609104,0.959104,1.049104,6.129104,6.719104,3.419104,1.179104,-1.960896,-2.710896,-3.080896,-3.190896,-3.950896,-4.940896,-1.310896,-0.350896,-0.710896,0.829104,-1.960896,-0.040895995,-2.230896,-6.170896,-7.920896,-9.440896,-8.580896,-7.700896,-8.730896,-8.910896,-8.980896,-8.250896,-8.550896
-4.550896,-3.860896,-3.040896,-1.510896,-0.670896,0.819104,1.419104,2.159104,2.629104,3.029104,2.549104,3.179104,3.829104,3.809104,4.329104,5.029104,-0.830896,1.099104,-1.230896,0.559104,-1.510896,-1.030896,-0.700896,1.199104,-0.10089599,-2.700896,-0.810896,-0.320896,-0.280896,-0.500896,0.229104,0.919104,0.879104,4.879104,3.119104,1.529104,-0.750896,-2.950896,-3.490896,-2.510896,-2.610896,-2.650896,0.639104,-3.690896,-2.820896,-2.590896,-1.370896,-2.920896,-1.330896,-0.230896,0.67910403,-3.030896,-7.640896,-8.120896,-7.240896,-7.070896,-8.140896,-8.280896,-8.020896,-8.670896
-0.740896,-0.550896,-0.320896,-1.680896,-1.110896,-0.470896,0.549104,1.109104,1.549104,2.199104,1.669104,2.559104,3.449104,3.229104,4.289104,4.959104,5.739104,3.399104,-1.420896,1.259104,0.399104,-0.080896,0.089104004,-0.150896,-0.210896,-2.240896,-1.000896,-0.37089598,0.439104,0.749104,0.559104,0.849104,2.699104,0.979104,1.129104,-1.720896,-2.390896,-3.300896,-3.180896,-2.040896,-2.030896,-3.420896,-4.030896,-0.310896,-3.150896,-5.990896,-5.500896,-4.600896,-2.200896,-1.550896,-4.950896,-6.670896,-6.040896,-1.570896,-1.550896,-5.960896,-6.240896,-7.070896,-7.250896,-7.680896
-0.57089597,-0.020895995,0.689104,3.169104,2.069104,0.009104004,-0.790896,-0.030895997,0.449104,0.859104,1.449104,1.949104,2.799104,2.469104,3.149104,4.249104,5.349104,5.639104,5.379104,0.009104004,-1.220896,-1.070896,-0.310896,0.999104,1.009104,-0.120896,0.179104,-0.030895997,0.31910402,0.699104,-0.460896,-0.330896,0.939104,-1.350896,-2.590896,-0.940896,-2.610896,-3.610896,-3.030896,-1.620896,-1.470896,-2.700896,-3.530896,-4.410896,-5.100896,-5.690896,-6.270896,-7.430896,-7.690896,-7.120896,-7.360896,-7.210896,-6.630896,-5.820896,-5.660896,-5.970896,-6.510896,-6.570896,-7.450896,-7.500896
1.659104,-0.010895996,-0.10089599,1.639104,2.579104,1.109104,-1.050896,-1.630896,-0.980896,-0.170896,0.519104,2.029104,1.699104,1.469104,2.249104,3.839104,4.509104,4.699104,4.819104,4.659104,4.689104,2.139104,-1.410896,0.089104004,0.599104,-1.500896,-6.280896,1.019104,0.209104,0.459104,0.339104,0.529104,0.219104,-0.310896,-1.180896,-0.82089597,-1.490896,-2.850896,-2.870896,-1.670896,-0.830896,-1.680896,-3.630896,-3.690896,-5.440896,-6.140896,-6.770896,-7.100896,-7.300896,-7.810896,-8.420896,-8.280896,-7.920896,-6.840896,-5.900896,-5.950896,-5.950896,-6.370896,-5.390896,-7.100896
1.029104,1.569104,0.189104,0.579104,2.559104,3.109104,1.849104,-1.630896,-1.080896,-0.550896,0.629104,1.9591041,1.349104,1.109104,2.379104,3.009104,3.289104,3.409104,4.039104,4.479104,4.299104,2.669104,2.969104,2.229104,3.669104,3.889104,1.289104,-7.010896,-0.170896,0.089104004,0.469104,0.149104,-0.130896,-0.020895995,0.539104,0.919104,-0.520896,-1.690896,-2.300896,-1.900896,-0.690896,-1.280896,-3.260896,-4.160896,-5.070896,-6.240896,-6.790896,-7.450896,-7.770896,-7.720896,-8.560896,-8.980896,-8.270896,-7.650896,-7.960896,-8.040896,-7.880896,-8.260896,-7.590896,-6.940896
1.489104,3.309104,1.669104,0.119104005,1.619104,2.639104,2.099104,0.059104003,-0.360896,-0.380896,1.139104,1.219104,1.789104,1.389104,1.849104,2.289104,2.319104,2.319104,2.239104,2.709104,2.579104,1.849104,1.159104,1.529104,2.529104,2.799104,3.529104,3.389104,-1.780896,-0.500896,0.92910403,-1.520896,1.079104,1.529104,1.379104,0.579104,-0.230896,-0.350896,-2.180896,-1.800896,-0.40089598,-0.610896,-2.150896,-3.370896,-5.180896,-6.380896,-7.070896,-7.580896,-7.740896,-8.040896,-8.810896,-8.890896,-8.510896,-7.870896,-8.260896,-8.470896,-9.160896,-8.980896,-8.760896,-6.000896
2.519104,2.959104,3.079104,0.92910403,1.059104,2.759104,2.509104,0.089104004,0.029104004,0.13910401,1.9591041,1.759104,1.589104,1.059104,1.2091041,2.099104,1.799104,2.069104,0.659104,0.549104,1.189104,1.329104,3.359104,4.439104,4.449104,3.779104,3.689104,4.509104,8.019104,2.999104,2.899104,2.639104,2.019104,-1.300896,1.109104,2.129104,0.019104004,0.92910403,-1.900896,-1.420896,-0.010895996,-0.120896,-0.420896,-3.490896,-4.570896,-6.470896,-7.380896,-7.710896,-7.410896,-8.300896,-8.570896,-8.850896,-8.400896,-7.730896,-8.100896,-8.400896,-9.110896,-8.490896,-8.340896,-7.570896
