raw-data-f/2018100912f3.json
{"header": { "discipline":0, "disciplineName":"Meteorological products", "gribEdition":2, "gribLength":74991, "center":7, "centerName":"US National Weather Service - NCEP(WMC)", "subcenter":0, "refTime":"2018-10-09T12:00:00.000Z", "significanceOfRT":1, "significanceOfRTName":"Start of forecast", "productStatus":0, "productStatusName":"Operational products", "productType":1, "productTypeName":"Forecast products", "productDefinitionTemplate":0, "productDefinitionTemplateName":"Analysis/forecast at horizontal level/layer at a point in time", "parameterCategory":2, "parameterCategoryName":"Momentum", "parameterNumber":3, "parameterNumberName":"V-component_of_wind", "parameterUnit":"m.s-1", "genProcessType":2, "genProcessTypeName":"Forecast", "forecastTime":3, "surface1Type":103, "surface1TypeName":"Specified height level above ground", "surface1Value":10.0, "surface2Type":255, "surface2TypeName":"Missing", "surface2Value":0.0, "gridDefinitionTemplate":0, "gridDefinitionTemplateName":"Latitude_Longitude", "numberPoints":65160, "shape":6, "shapeName":"Earth spherical with radius of 6,371,229.0 m", "gridUnits":"degrees", "resolution":48, "winds":"true", "scanMode":0, "nx":360, "ny":181, "basicAngle":0, "lo1":0.0, "la1":90.0, "lo2":359.0, "la2":-90.0, "dx":1.0, "dy":1.0 }, "data":
[rows 54 to 80 of 181, columns 248 to 309 of 360]
0.88281006,-2.80719,-1.00719,-0.8271899,0.43281007,-0.92718995,-1.41719,1.3128101,-4.66719,-8.2871895,-6.81719,-4.21719,-0.96718997,6.67281,8.84281,6.92281,5.44281,4.83281,5.68281,4.68281,3.8328102,5.53281,5.58281,5.62281,3.76281,4.21281,3.5928102,3.67281,-0.44718993,4.25281,2.78281,-0.85718995,0.07281006,0.65281004,0.65281004,1.21281,1.37281,2.3728101,3.54281,2.78281,2.15281,1.45281,0.23281007,-0.21718994,-0.40718994,0.07281006,0.33281004,-1.4571899,-2.59719,0.6128101,-0.31718993,-2.19719,0.75281006,0.8628101,-1.4771899,-3.8971899,-4.19719,-5.17719,-6.7971897,-7.86719,-8.59719,-9.65719
-1.27719,-0.41718996,1.6628101,0.53281003,-0.99718994,-1.90719,-0.9471899,1.69281,-2.25719,-5.92719,-5.30719,-2.33719,4.26281,4.64281,7.89281,6.46281,5.23281,4.04281,3.69281,3.26281,3.94281,5.11281,4.60281,3.8428102,3.50281,3.91281,3.42281,2.3628101,2.29281,0.5428101,-0.6971899,0.43281007,0.58281004,0.56281006,1.0428101,1.6828101,3.1128101,4.05281,3.81281,3.17281,2.43281,1.5628101,0.84281003,0.39281005,0.30281007,0.12281006,-0.34718993,-0.97718996,-1.53719,-1.90719,-2.8971899,-3.25719,-1.17719,0.062810056,-3.28719,-4.19719,-4.89719,-6.31719,-8.2471895,-8.83719,-9.75719,-10.04719
-1.7271899,-0.8371899,0.25281006,-1.4571899,-0.8371899,-1.66719,1.2928101,-1.6171899,-0.8271899,1.36281,-0.68718994,-0.22718994,3.31281,4.38281,6.59281,4.25281,4.80281,3.15281,2.66281,3.06281,3.41281,3.90281,3.50281,3.38281,2.44281,2.22281,1.50281,1.11281,-1.05719,-0.99718994,-0.52718997,-0.077189945,0.6628101,1.5628101,1.7628101,4.13281,3.79281,3.21281,3.01281,2.69281,2.3228102,1.71281,1.1328101,0.33281004,-0.62718993,-1.29719,-0.91718996,-0.91718996,-1.6071899,-2.23719,-3.3871899,-4.01719,-3.6571898,-0.41718996,-3.75719,-5.10719,-6.0271897,-7.74719,-9.27719,-9.84719,-10.55719,-10.36719
-0.37718993,1.1428101,0.69281006,-0.5771899,-0.5071899,0.71281004,1.32281,-0.42718995,1.6428101,1.0428101,0.44281006,0.32281005,6.12281,5.92281,6.16281,4.56281,4.76281,3.45281,2.91281,2.93281,2.77281,3.47281,2.95281,2.3228102,2.15281,1.95281,1.33281,0.18281005,-0.97718996,-0.23718995,-0.24718994,0.27281007,1.6428101,3.18281,3.88281,3.01281,2.98281,3.21281,3.1128101,2.89281,2.40281,1.7928101,0.93281007,0.24281006,-0.23718995,-0.39718994,-0.7071899,-1.6071899,-2.21719,-2.9271898,-3.9171898,-4.87719,-5.82719,-1.0771899,-4.34719,-6.0471897,-6.98719,-8.43719,-9.50719,-10.01719,-10.67719,-10.35719
2.42281,2.8328102,1.45281,-0.35718995,-1.8171899,-0.23718995,1.6728101,1.9228101,1.44281,0.7428101,0.76281005,-0.92718995,4.09281,4.2228103,6.59281,4.36281,3.31281,3.19281,2.00281,2.75281,2.65281,2.0928102,1.6428101,1.32281,1.49281,1.22281,1.0528101,0.11281006,-0.32718995,-0.26718995,-0.22718994,0.8528101,1.75281,2.51281,2.5928102,2.65281,2.69281,2.28281,2.00281,1.74281,1.8028101,1.8028101,1.47281,0.94281006,0.56281006,-0.41718996,-1.64719,-2.97719,-3.01719,-3.46719,-3.99719,-5.41719,-6.46719,-2.6271899,-4.91719,-6.76719,-7.60719,-8.69719,-9.66719,-10.00719,-10.5371895,-10.82719
-0.117189944,-0.10718994,-0.41718996,0.6728101,0.64281005,-0.24718994,0.51281005,0.96281004,1.32281,-1.00719,-3.1471899,-2.8971899,7.93281,7.41281,5.88281,3.01281,1.99281,1.25281,1.6528101,2.05281,3.19281,0.96281004,0.39281005,0.30281007,0.65281004,0.36281005,0.68281007,-0.14718994,-0.13718994,-0.117189944,0.25281006,1.6728101,2.3628101,2.6228101,2.05281,1.3828101,1.50281,1.6828101,2.03281,2.19281,2.3428102,1.62281,1.09281,1.0628101,0.39281005,-0.13718994,-0.87718993,-2.21719,-2.1771898,-1.9471899,-2.96719,-4.45719,-4.99719,-4.05719,-5.55719,-7.42719,-8.33719,-9.22719,-9.56719,-9.9971895,-10.05719,-10.22719
-0.09718994,-0.52718997,-0.027189942,0.6628101,1.35281,0.48281005,-0.27718994,-0.21718994,0.27281007,-1.24719,-6.33719,6.2428102,6.61281,7.10281,5.14281,4.58281,2.30281,0.83281004,2.30281,2.51281,2.64281,1.9028101,1.5428101,0.93281007,0.63281006,0.6628101,0.28281006,-0.28718993,-0.19718994,0.46281007,0.81281006,3.8728101,4.07281,3.74281,3.25281,3.49281,2.88281,1.94281,2.29281,2.20281,1.72281,1.32281,1.20281,0.83281004,0.52281004,0.52281004,-0.30718994,-0.117189944,-0.8971899,-1.65719,-1.99719,-2.98719,-4.08719,-4.88719,-6.59719,-8.06719,-8.65719,-8.96719,-9.21719,-9.34719,-9.72719,-9.80719
-1.9871899,0.18281005,0.47281006,-0.10718994,0.20281006,0.0028100586,-0.36718994,0.84281003,0.22281006,0.03281006,-1.7171899,1.72281,4.14281,3.52281,3.81281,3.8628101,3.38281,3.5728102,3.6128101,5.11281,4.15281,1.32281,-0.24718994,0.24281006,1.07281,1.0628101,1.1628101,1.71281,2.00281,1.0128101,1.44281,2.23281,4.41281,4.82281,5.63281,4.91281,4.80281,3.71281,3.43281,2.66281,1.99281,1.6528101,1.0328101,0.87281007,0.9128101,-0.03718994,-0.46718994,-0.9571899,-1.6171899,-2.3971899,-2.59719,-3.48719,-4.74719,-5.41719,-7.20719,-8.36719,-8.4971895,-8.50719,-8.5371895,-8.66719,-8.88719,-9.06719
-1.3371899,0.12281006,-0.08718994,0.95281005,2.02281,2.25281,1.98281,0.20281006,-1.92719,-1.5971899,-0.99718994,0.88281006,4.79281,4.50281,4.65281,5.09281,5.15281,3.5728102,1.75281,3.73281,1.62281,0.72281003,-0.5171899,-1.4671899,-0.9471899,0.04281006,1.5628101,3.24281,3.45281,2.45281,2.26281,2.1228101,4.78281,4.90281,5.17281,5.40281,4.52281,4.80281,4.11281,3.49281,3.8528101,3.47281,1.94281,1.12281,0.37281007,-0.04718994,-0.96718997,-1.6871899,-1.8571899,-2.45719,-3.1671898,-3.80719,-4.16719,-5.87719,-7.2771897,-7.89719,-7.7971897,-8.01719,-7.94719,-7.88719,-7.82719,-7.92719
0.8628101,1.09281,-0.56718993,0.45281005,0.63281006,6.06281,1.35281,-0.99718994,-2.1271899,-3.6571898,-1.29719,-0.47718993,3.1128101,5.86281,5.33281,6.80281,5.11281,3.81281,1.3028101,1.2628101,-0.16718994,-1.02719,-2.57719,-3.1671898,-4.12719,-2.76719,2.46281,6.07281,7.29281,5.77281,2.68281,2.89281,3.3328102,2.41281,3.66281,4.87281,4.27281,5.00281,4.55281,4.33281,4.51281,4.27281,3.8428102,3.22281,1.23281,-0.027189942,-1.0771899,-1.8271899,-2.28719,-2.56719,-2.6471899,-3.19719,-4.26719,-5.44719,-6.82719,-7.7771897,-7.69719,-7.41719,-7.83719,-7.65719,-7.63719,-7.85719
-0.46718994,-0.52718997,-0.19718994,-0.15718994,-0.04718994,1.71281,2.00281,4.9728103,0.29281005,-1.28719,1.22281,1.2928101,-0.22718994,5.35281,5.35281,5.75281,5.04281,3.14281,0.94281006,-0.62718993,-0.13718994,-2.60719,-4.64719,-6.36719,-8.84719,-8.35719,0.93281007,9.44281,11.85281,10.22281,5.9728103,3.3228102,4.23281,4.36281,4.68281,5.13281,4.04281,4.60281,5.15281,5.18281,5.39281,5.48281,3.81281,3.3728101,2.93281,1.08281,-0.52718997,-2.1271899,-2.79719,-3.23719,-3.6571898,-3.56719,-4.16719,-4.90719,-5.53719,-5.86719,-5.5071898,-5.44719,-5.28719,-5.86719,-5.53719,-5.85719
-1.9571899,-0.12718993,1.2628101,-0.09718994,0.16281006,-0.26718995,2.04281,1.8128101,1.4328101,2.43281,2.00281,1.9228101,0.48281005,2.68281,5.84281,6.2428102,5.07281,3.25281,0.41281006,-1.38719,-1.6071899,-3.74719,-4.12719,-8.23719,-11.41719,-22.69719,19.76281,22.59281,15.87281,11.23281,9.41281,5.33281,5.7228103,4.7428102,4.34281,5.92281,3.81281,3.99281,4.11281,4.2428102,4.88281,5.79281,4.65281,4.41281,3.01281,1.6828101,0.07281006,-1.13719,-2.54719,-3.68719,-4.39719,-4.92719,-5.15719,-5.19719,-5.55719,-5.7771897,-5.51719,-5.30719,-5.11719,-5.07719,-4.95719,-4.7971897
-2.60719,-3.34719,0.9228101,-3.6271899,-2.01719,-1.5671899,0.11281006,4.58281,3.00281,2.1128101,3.5828102,2.00281,0.89281005,2.6028101,3.43281,5.89281,4.4528103,3.18281,0.70281005,-1.6971899,-1.50719,-1.15719,-3.50719,-4.31719,-4.65719,0.20281006,17.43281,20.41281,16.36281,14.09281,11.31281,8.29281,6.64281,5.54281,4.43281,3.90281,3.19281,2.89281,3.93281,4.30281,5.67281,5.69281,5.4728103,4.43281,4.75281,2.3428102,0.33281004,-0.7671899,-2.07719,-3.30719,-4.47719,-5.2771897,-5.38719,-5.7971897,-5.83719,-5.7971897,-5.94719,-5.69719,-5.15719,-5.03719,-4.92719,-4.49719
-2.8971899,-3.11719,-3.1571898,-3.9271898,0.11281006,-0.21718994,0.31281006,-0.31718993,2.05281,3.13281,2.71281,0.34281006,-1.29719,3.04281,3.3628101,5.18281,4.2428102,3.3528101,1.09281,-0.74718994,-1.15719,-0.90718997,-0.55718994,-0.36718994,1.61281,5.67281,11.94281,14.36281,12.68281,9.48281,7.35281,4.9928102,4.69281,5.26281,3.80281,3.3628101,3.6128101,3.88281,3.26281,5.07281,5.75281,5.90281,5.61281,5.30281,5.38281,4.2028103,1.8128101,-0.43718994,-1.49719,-2.70719,-3.6771898,-4.09719,-4.47719,-4.58719,-4.41719,-4.45719,-4.5271897,-4.24719,-4.24719,-4.11719,-2.53719,-2.82719
-2.6671898,-3.21719,-4.18719,-3.76719,-0.98718995,-0.8971899,0.6028101,-0.027189942,-0.30718994,-0.42718995,2.8428102,1.8828101,-0.7671899,0.76281005,1.3828101,4.01281,3.77281,3.3628101,2.40281,1.0128101,-0.077189945,-0.22718994,0.14281006,1.4228101,4.40281,7.02281,10.03281,10.67281,6.69281,8.11281,8.69281,7.43281,2.28281,4.56281,1.8828101,3.18281,4.67281,3.99281,3.8428102,4.14281,6.55281,5.2028103,4.13281,4.35281,4.09281,2.6028101,2.22281,0.87281007,-1.65719,-2.35719,-2.97719,-3.69719,-4.42719,-4.44719,-5.09719,-4.19719,-3.18719,-3.3871899,-3.68719,-3.73719,-4.0071898,-4.30719
-3.80719,-3.48719,-3.8971899,-3.6671898,-3.33719,-3.75719,-3.50719,-0.077189945,0.17281006,0.24281006,0.6128101,1.82281,1.5328101,0.52281004,0.40281007,2.92281,4.61281,4.18281,3.05281,1.98281,1.2928101,1.23281,0.45281005,0.90281004,1.33281,1.86281,6.91281,8.51281,9.22281,9.66281,11.26281,9.04281,6.7028103,5.39281,4.05281,1.4228101,4.00281,0.64281005,3.8728101,2.31281,6.00281,5.52281,4.84281,2.52281,2.0728102,2.51281,1.85281,0.48281005,-0.03718994,-1.17719,-3.07719,-4.15719,-4.56719,-4.57719,-4.05719,-3.80719,-3.6271899,-3.79719,-4.30719,-4.7571898,-3.82719,-1.54719
-4.88719,-5.26719,-4.81719,-4.84719,-5.2971897,-5.45719,-6.41719,-0.31718993,-1.51719,-0.6971899,0.03281006,0.56281006,1.25281,0.90281004,0.84281003,-1.6071899,7.00281,4.53281,3.49281,1.9228101,1.46281,2.54281,0.5428101,0.63281006,1.23281,4.2028103,6.2228103,6.7028103,9.5028105,10.74281,8.95281,7.55281,6.85281,6.2228103,5.31281,2.17281,2.47281,2.06281,2.23281,-0.25718993,0.68281007,2.17281,5.07281,3.49281,3.03281,2.29281,1.0628101,0.5528101,-0.41718996,-1.9371899,-2.45719,-3.01719,-3.6571898,-3.96719,-3.74719,-3.50719,-3.9071898,-4.39719,-4.13719,-3.24719,-2.30719,-1.0971899
-4.71719,-5.31719,-5.7771897,-6.0271897,-5.64719,-6.08719,-6.0071898,-6.0071898,-0.18718994,-0.32718995,1.19281,0.57281005,0.062810056,1.4328101,1.74281,0.53281003,3.71281,2.75281,4.66281,2.0828102,1.35281,1.08281,1.12281,1.11281,1.34281,4.61281,5.06281,5.04281,9.18281,9.72281,8.98281,7.16281,6.46281,6.52281,2.06281,5.15281,3.91281,-0.03718994,0.82281005,2.03281,3.3628101,1.86281,1.9228101,1.07281,2.3728101,1.61281,1.57281,0.38281006,-1.04719,-2.09719,-2.58719,-2.78719,-3.36719,-3.74719,-3.78719,-4.12719,-3.86719,-2.9071898,-2.53719,-2.69719,-2.11719,-2.06719
-4.78719,-5.58719,-5.72719,-5.11719,-5.62719,-5.92719,-5.99719,-5.83719,-5.2971897,0.87281007,-0.5171899,-0.04718994,-0.87718993,-0.53718996,0.29281005,0.37281007,0.68281007,5.68281,1.62281,0.44281006,1.37281,1.8828101,1.00281,1.10281,1.5228101,4.98281,5.07281,7.66281,10.52281,9.99281,7.9928102,6.75281,5.77281,4.9728103,4.33281,2.99281,2.46281,2.77281,1.6728101,2.65281,1.98281,-0.38718995,-0.48718995,1.21281,1.36281,2.40281,0.39281005,0.0028100586,-1.2371899,-1.28719,-1.4671899,-2.26719,-2.78719,-3.82719,-3.52719,-3.1371899,-1.7071899,-2.50719,-2.9071898,-2.56719,-2.24719,-1.5871899
-5.23719,-5.2571898,-5.56719,-5.11719,-5.16719,-5.30719,-5.48719,-5.19719,-4.93719,-3.19719,-1.14719,-0.24718994,0.37281007,0.18281005,0.7328101,0.87281007,1.9228101,6.52281,2.39281,2.80281,0.48281005,1.1828101,1.00281,0.88281006,3.94281,4.2228103,4.27281,5.87281,9.38281,9.4628105,8.43281,6.85281,4.56281,3.8728101,2.53281,1.83281,1.0328101,0.82281005,1.08281,1.72281,0.96281004,0.33281004,0.32281005,1.5428101,1.21281,0.95281005,0.59281003,0.43281007,-0.5771899,-0.9571899,-0.97718996,-1.4471899,-2.6371899,-2.58719,-2.74719,-1.1171899,-1.3271899,-1.99719,-2.31719,-2.32719,-1.8271899,-2.01719
-4.55719,-4.99719,-4.82719,-4.92719,-5.28719,-5.2771897,-5.0471897,-5.0071898,-4.66719,-3.25719,-1.67719,-1.9571899,-2.94719,0.89281005,-0.91718996,0.51281005,2.01281,5.68281,5.18281,1.1628101,-0.40718994,-0.98718995,-0.14718994,1.6628101,2.46281,0.88281006,1.4228101,1.86281,7.68281,9.13281,7.4528103,5.23281,3.56281,2.5828102,1.23281,0.40281007,-0.09718994,-0.24718994,0.18281005,1.49281,1.58281,1.7828101,1.73281,1.50281,1.32281,1.4128101,1.1728101,0.69281006,0.12281006,-0.15718994,0.22281006,-1.24719,-2.1771898,-2.56719,-0.117189944,0.15281005,-1.12719,-2.45719,-2.6771898,-2.6371899,-2.47719,-2.68719
-4.53719,-4.89719,-5.0471897,-5.53719,-5.90719,-3.8771899,-3.6771898,-4.0471897,-3.48719,-1.91719,-1.76719,-2.20719,-2.03719,-0.15718994,0.102810055,-0.22718994,1.57281,3.15281,1.6428101,2.31281,1.12281,1.47281,1.70281,3.03281,1.82281,1.8828101,1.62281,1.71281,2.66281,8.04281,6.17281,4.18281,2.15281,0.58281004,-0.03718994,-0.99718994,-1.42719,-0.46718994,0.42281005,1.3928101,1.6828101,1.5328101,1.07281,1.09281,1.1728101,1.5628101,1.4328101,1.08281,0.38281006,-0.28718993,-0.9471899,-1.80719,-2.36719,-0.8271899,-0.14718994,-0.91718996,-2.10719,-3.03719,-2.8771899,-2.95719,-2.98719,-2.6671898
-4.22719,-4.5071898,-4.94719,-6.11719,-5.16719,-3.04719,-4.03719,-2.04719,-2.1571898,-1.8371899,-0.9571899,-1.04719,-0.8971899,1.48281,0.72281003,-0.117189944,1.2728101,4.09281,5.7228103,8.34281,11.29281,-0.8371899,1.21281,0.29281005,1.19281,2.76281,2.23281,0.89281005,1.84281,6.79281,5.09281,3.0728102,0.7328101,-0.60718995,-1.13719,-1.8471899,-1.63719,-0.48718995,0.53281003,1.3828101,1.3928101,1.4028101,0.89281005,0.5428101,1.2728101,1.49281,1.9128101,1.1828101,0.6128101,0.03281006,-0.54718995,-1.5871899,-2.07719,-1.64719,-1.50719,-2.1771898,-3.1771898,-3.57719,-3.4071898,-3.31719,-3.26719,-2.30719
-3.46719,-4.08719,-4.62719,-4.80719,-3.61719,-3.27719,-2.52719,-2.36719,-2.31719,-1.6071899,-0.7671899,0.43281007,1.70281,2.48281,1.2628101,2.94281,4.68281,7.62281,9.27281,9.4628105,9.09281,7.19281,5.17281,2.02281,1.8928101,0.89281005,0.9228101,2.21281,1.5428101,4.27281,3.3728101,1.72281,-0.59718996,-2.48719,-2.57719,-1.64719,-0.99718994,-0.14718994,0.052810058,-0.03718994,-0.10718994,0.11281006,0.56281006,0.95281005,1.84281,1.94281,1.22281,1.1628101,0.63281006,-0.47718993,-0.92718995,-1.52719,-1.39719,-2.22719,-2.59719,-3.20719,-3.85719,-2.4071898,-2.44719,-2.32719,-1.52719,-1.1971899
-2.55719,-3.44719,-4.14719,-3.6471899,-3.4271898,-2.72719,-0.72718996,-0.47718993,-2.59719,-0.98718995,-0.17718995,1.0328101,2.75281,2.91281,4.69281,5.55281,4.4928102,7.14281,7.40281,8.11281,8.15281,6.92281,6.79281,6.02281,5.08281,3.78281,0.43281007,1.58281,0.78281003,1.00281,1.59281,0.40281007,-1.92719,-3.50719,-1.9371899,-1.9871899,-0.8871899,0.052810058,-0.44718993,-0.10718994,0.47281006,0.7428101,1.61281,1.2928101,1.0228101,1.83281,1.48281,1.1728101,0.53281003,0.19281006,-1.4871899,-2.05719,-1.9671899,-2.3871899,-3.00719,-3.30719,-2.35719,-2.06719,-0.12718993,0.46281007,-0.28718993,-1.01719
-1.4871899,-2.9271898,-3.58719,-3.6471899,-2.97719,-1.8671899,-0.42718995,0.87281007,1.58281,1.36281,1.12281,2.6228101,3.90281,4.91281,5.77281,6.2428102,7.50281,7.73281,7.98281,8.32281,7.51281,7.60281,6.31281,5.78281,4.77281,3.66281,2.5728102,0.08281006,0.18281005,-0.19718994,0.82281005,-0.93718994,-2.71719,-3.19719,-3.23719,-2.29719,1.09281,2.6228101,-0.117189944,0.42281005,-1.0671899,2.19281,1.87281,-0.32718995,0.26281005,-0.35718995,1.1328101,0.62281007,0.33281004,-0.46718994,0.5528101,0.48281005,-1.17719,-1.74719,-1.49719,-1.14719,-1.1071899,-0.5871899,-0.10718994,0.44281006,0.03281006,0.09281006
-2.49719,-1.9671899,-2.09719,-2.19719,-1.5671899,-0.077189945,0.69281006,1.20281,1.8028101,1.84281,2.8628101,5.35281,6.01281,7.39281,8.04281,8.5028105,9.18281,8.59281,8.07281,8.32281,8.07281,7.05281,6.16281,5.4528103,4.73281,3.8328102,2.6228101,-0.05718994,-0.56718993,-0.5871899,-0.38718995,-1.9571899,-2.55719,-1.76719,-3.1571898,-1.05719,1.5228101,2.3628101,1.97281,0.21281005,-0.16718994,1.33281,-0.18718994,3.15281,1.4028101,1.10281,0.51281005,-0.32718995,1.3128101,0.39281005,-0.04718994,0.44281006,-0.65718997,-0.72718996,-0.71718997,0.15281005,1.7728101,2.16281,2.16281,1.7628101,0.94281006,0.8628101
