raw-data-f/2018100718f3.json
{"header": { "discipline":0, "disciplineName":"Meteorological products", "gribEdition":2, "gribLength":75496, "center":7, "centerName":"US National Weather Service - NCEP(WMC)", "subcenter":0, "refTime":"2018-10-07T18:00:00.000Z", "significanceOfRT":1, "significanceOfRTName":"Start of forecast", "productStatus":0, "productStatusName":"Operational products", "productType":1, "productTypeName":"Forecast products", "productDefinitionTemplate":0, "productDefinitionTemplateName":"Analysis/forecast at horizontal level/layer at a point in time", "parameterCategory":2, "parameterCategoryName":"Momentum", "parameterNumber":2, "parameterNumberName":"U-component_of_wind", "parameterUnit":"m.s-1", "genProcessType":2, "genProcessTypeName":"Forecast", "forecastTime":3, "surface1Type":103, "surface1TypeName":"Specified height level above ground", "surface1Value":10.0, "surface2Type":255, "surface2TypeName":"Missing", "surface2Value":0.0, "gridDefinitionTemplate":0, "gridDefinitionTemplateName":"Latitude_Longitude", "numberPoints":65160, "shape":6, "shapeName":"Earth spherical with radius of 6,371,229.0 m", "gridUnits":"degrees", "resolution":48, "winds":"true", "scanMode":0, "nx":360, "ny":181, "basicAngle":0, "lo1":0.0, "la1":90.0, "lo2":359.0, "la2":-90.0, "dx":1.0, "dy":1.0 }, "data":
[rows 52 to 77 of 181, columns 232 to 289 of 360]
0.891394,1.2013941,1.8413941,1.761394,2.8713942,4.491394,-1.128606,3.271394,1.291394,0.80139405,4.441394,2.861394,-0.74860597,0.69139403,-1.248606,-0.088605955,2.6413941,1.161394,2.981394,-0.35860595,0.33139405,0.15139404,0.42139405,-2.708606,-4.628606,-4.808606,-3.668606,-1.6586059,-4.588606,-4.158606,-2.5986059,-1.378606,-0.48860595,-0.088605955,-2.1186059,-1.268606,-0.608606,-0.38860595,0.23139404,-1.108606,-1.638606,-1.1786059,-1.208606,-1.4186059,-1.3186059,-1.628606,-1.218606,-1.2886059,-1.7786059,-2.708606,-1.648606,-0.918606,-0.40860596,-0.42860594,1.241394,0.7113941,0.41139403,-0.07860596
0.30139405,0.9613941,0.44139403,1.381394,1.4413941,4.531394,1.421394,0.821394,2.421394,1.8313941,2.9013941,2.921394,-1.258606,-0.06860596,-0.42860594,2.6513941,3.6613941,2.981394,0.17139405,-1.2986059,6.131394,0.80139405,2.1613941,0.81139404,0.21139404,-2.658606,-1.618606,-4.348606,-5.288606,-4.138606,-4.418606,-1.618606,-0.44860595,-0.23860596,1.7213941,0.23139404,-0.95860595,-0.69860595,-0.058605958,-0.84860593,-0.38860595,-0.988606,-2.198606,-1.508606,-1.888606,-0.978606,-2.058606,-2.918606,-1.9386059,-1.638606,-1.598606,-2.198606,-3.568606,-1.868606,-1.6886059,-1.6786059,-1.5686059,-2.048606
0.10139404,-0.18860596,0.32139406,0.68139404,2.041394,3.3913941,6.091394,-0.36860597,0.60139406,2.051394,-1.4086059,0.36139405,3.341394,1.4313941,1.4513941,1.921394,4.241394,1.871394,1.251394,2.3813941,6.851394,0.031394042,2.6213942,2.311394,-2.3486059,-4.798606,-3.508606,-2.728606,-4.458606,-5.258606,-3.828606,-2.818606,-1.758606,-0.90860593,-0.40860596,-0.23860596,-1.248606,0.29139405,-1.138606,-1.888606,-0.83860594,-0.83860594,-1.338606,-1.268606,-2.6286058,-1.958606,-1.958606,-1.738606,-1.9286059,-1.978606,-2.388606,-3.438606,-4.828606,-5.458606,-4.438606,-3.978606,-3.688606,-3.658606
-0.94860595,-0.32860595,0.581394,0.67139405,2.231394,3.611394,2.691394,7.141394,-1.478606,1.731394,-0.63860595,1.7213941,4.351394,0.93139404,2.991394,4.301394,1.611394,3.6613941,6.171394,4.571394,4.571394,3.821394,2.031394,4.061394,2.531394,1.7213941,-1.9386059,-2.808606,-2.298606,-1.7886059,-2.8386059,-1.878606,-1.248606,-0.39860594,-1.338606,-2.1286058,-1.718606,-1.618606,-1.388606,-3.028606,-1.488606,-2.6186059,-1.008606,-2.238606,-1.478606,-2.568606,-1.848606,-2.488606,-2.6086059,-2.988606,-2.798606,-2.778606,-4.178606,-4.738606,-6.048606,-5.118606,-4.768606,-4.298606
-1.708606,-0.678606,0.68139404,1.411394,2.431394,3.281394,2.8713942,4.821394,6.591394,2.541394,3.4113941,5.081394,4.801394,3.221394,4.921394,5.531394,3.301394,4.031394,4.201394,4.011394,4.711394,3.451394,4.211394,2.471394,1.041394,1.161394,1.251394,-0.868606,-1.388606,-1.5586059,-1.208606,-2.018606,-2.068606,-0.82860595,-1.878606,-1.628606,-2.8786058,-3.048606,-2.798606,-2.168606,-1.7886059,-2.558606,-2.768606,-1.8186059,-3.568606,-2.788606,-3.298606,-3.768606,-4.088606,-2.8386059,-3.478606,-4.388606,-4.628606,-4.988606,-6.338606,-5.328606,-4.938606,-4.358606
-1.718606,-0.69860595,0.13139404,1.131394,2.1513941,3.251394,4.141394,6.131394,3.801394,5.291394,1.121394,4.211394,-0.25860596,4.011394,3.831394,3.951394,6.191394,7.651394,6.761394,8.571394,5.511394,7.081394,4.471394,4.591394,-2.548606,0.24139404,-0.69860595,-0.65860593,-0.93860596,-1.608606,-1.848606,-1.128606,-1.9086059,-1.358606,-2.568606,-2.208606,-3.288606,-4.288606,-3.198606,-2.8686059,-3.1186059,-3.0986059,-3.1186059,-3.018606,-2.948606,-3.3686059,-4.198606,-3.3786058,-3.1086059,-7.658606,-6.368606,-5.278606,-5.458606,-5.918606,-6.118606,-6.298606,-5.388606,-4.618606
-2.158606,-1.1586059,-0.14860596,0.86139405,2.171394,3.181394,4.811394,5.361394,3.211394,4.121394,2.081394,4.241394,2.011394,2.961394,5.831394,5.181394,6.931394,6.561394,10.171394,9.861394,4.091394,8.391394,5.231394,6.561394,-0.5386059,-2.688606,-1.468606,-1.478606,-0.50860596,-0.74860597,-3.158606,-1.748606,-2.678606,-2.008606,-2.968606,-2.518606,-3.698606,-3.268606,-3.238606,-3.478606,-3.688606,-3.568606,-3.6286058,-3.688606,-4.148606,-3.918606,-4.298606,-4.2486057,-7.138606,-6.178606,-6.048606,-6.398606,-6.418606,-6.258606,-6.818606,-6.698606,-6.198606,-5.528606
-2.008606,-1.0586059,-0.23860596,0.79139405,2.3913941,3.861394,4.541394,3.691394,4.191394,3.991394,3.431394,4.611394,5.671394,-4.598606,1.6813941,5.181394,6.461394,8.471394,9.351394,10.411394,9.721394,7.811394,5.181394,3.191394,2.811394,-2.048606,-3.8386059,-1.208606,-0.48860595,-2.138606,-3.3486059,-2.768606,-3.188606,-1.118606,-1.1686059,-2.178606,-4.028606,-1.968606,-2.178606,-2.3686059,-3.3686059,-3.918606,-4.318606,-4.818606,-4.048606,-4.268606,-2.548606,-6.288606,-6.348606,-6.958606,-7.568606,-8.218606,-8.008606,-7.588606,-7.2286057,-6.928606,-6.628606,-6.038606
-2.018606,-1.1886059,-0.55860597,0.91139406,2.111394,3.281394,4.191394,4.741394,5.491394,4.941394,4.2713943,5.671394,6.181394,9.021394,2.491394,5.161394,7.081394,6.291394,7.131394,6.061394,10.741394,7.391394,4.211394,1.9613941,-0.57860595,-1.378606,-6.558606,-3.5986059,-1.758606,-2.3386059,-2.948606,-3.068606,-2.498606,-4.448606,-3.668606,-2.778606,-3.578606,-5.378606,-7.468606,-9.178606,-8.408606,-6.958606,-4.468606,-3.408606,-3.478606,-4.008606,-4.788606,-7.268606,-7.928606,-8.358606,-9.138606,-9.248606,-8.858606,-8.438606,-7.628606,-7.148606,-6.738606,-6.4786057
-2.008606,-1.338606,-0.62860596,0.45139405,1.521394,2.541394,2.8913941,3.3713942,4.341394,4.761394,4.7713943,4.921394,5.861394,5.951394,8.0113945,5.621394,6.971394,6.121394,5.701394,5.401394,10.151394,8.531394,4.461394,4.531394,1.6913941,-0.008605957,-1.0486059,-2.0886059,-3.778606,-3.008606,-4.508606,-3.518606,-3.388606,-5.888606,-6.548606,-6.668606,-7.408606,-7.218606,-8.288606,-7.318606,-8.558606,-8.838606,-9.008606,-7.678606,-5.048606,-7.2286057,-5.418606,-4.598606,-8.948606,-9.378606,-9.148606,-8.408606,-8.478606,-8.508606,-8.018606,-7.338606,-6.878606,-6.658606
-2.898606,-1.998606,-0.988606,0.031394042,1.0613941,2.031394,2.841394,3.591394,4.421394,4.991394,5.311394,5.0013943,5.091394,4.551394,5.311394,8.521394,6.7713943,6.7713943,4.281394,1.231394,6.031394,8.881394,6.711394,3.811394,1.101394,1.3113941,-1.968606,-2.1286058,-3.5886059,-3.978606,-5.428606,-4.948606,-4.4786057,-5.958606,-6.458606,-7.578606,-7.638606,-7.438606,-8.788606,-9.198606,-9.018606,-8.968606,-8.7386055,-7.618606,-6.688606,-7.438606,-5.438606,-5.468606,-8.368606,-8.518606,-7.568606,-8.068606,-8.258606,-7.948606,-8.058606,-7.278606,-8.208606,-7.698606
-3.638606,-2.678606,-1.8086059,-0.738606,0.33139405,1.511394,2.341394,2.861394,3.591394,4.091394,4.561394,4.631394,4.661394,4.651394,7.221394,4.591394,-4.628606,0.79139405,3.461394,0.20139404,2.051394,8.821394,7.241394,0.23139404,-1.3086059,-3.718606,-3.328606,-1.708606,-5.548606,-4.828606,-5.808606,-5.368606,-4.7286057,-6.158606,-6.288606,-7.298606,-7.558606,-7.818606,-8.258606,-9.418606,-9.398606,-9.348606,-9.068606,-8.398606,-6.408606,-7.808606,-6.418606,-6.508606,-7.798606,-8.408606,-7.888606,-7.628606,-8.548606,-8.378606,-8.2386055,-8.498606,-8.918606,-8.9886055
-4.338606,-3.6086059,-2.648606,-1.518606,-0.918606,-0.028605957,0.821394,1.401394,1.991394,3.321394,4.241394,4.711394,4.861394,5.171394,5.711394,6.371394,6.541394,-1.378606,2.9113941,1.7013941,1.031394,4.281394,5.201394,3.421394,-1.988606,0.50139403,0.041394044,-4.708606,-4.018606,-5.848606,-4.7486057,-5.128606,-5.738606,-5.328606,-6.318606,-6.878606,-7.708606,-7.958606,-8.418606,-9.428606,-10.158606,-10.258606,-9.908606,-9.158606,-8.128606,-6.298606,-5.158606,-6.168606,-8.458606,-8.578606,-8.768606,-8.798606,-9.708606,-9.2386055,-8.918606,-9.358606,-9.658606,-8.958606
-4.068606,-3.568606,-3.188606,-2.3686059,-1.388606,-0.52860594,0.40139404,1.521394,2.601394,3.821394,4.511394,4.791394,4.661394,5.191394,5.031394,5.291394,5.851394,6.831394,3.681394,2.8713942,0.48139405,1.041394,4.201394,3.521394,1.3213941,2.3713942,0.21139404,-0.738606,-3.308606,-4.418606,-5.378606,-3.748606,-6.238606,-5.858606,-6.158606,-7.628606,-8.168606,-8.338606,-9.008606,-10.608606,-11.408606,-11.388606,-10.918606,-10.4886055,-10.508606,-9.078606,-8.818606,-7.828606,-8.4886055,-9.218606,-8.208606,-8.848606,-9.558606,-9.698606,-9.288606,-8.938606,-8.698606,-8.558606
-5.088606,-4.518606,-4.128606,-3.478606,-2.648606,-1.638606,-0.43860596,0.7113941,1.9513941,2.981394,3.751394,4.101394,4.461394,4.2513943,4.631394,4.261394,4.631394,6.211394,2.8713942,-0.608606,-2.398606,0.41139403,1.7113941,5.891394,3.1413941,3.311394,1.651394,-1.6686059,-0.34860596,-3.8586059,-5.068606,-3.6286058,-5.678606,-6.108606,-5.9786057,-6.878606,-8.448606,-9.158606,-9.288606,-9.768606,-9.788606,-10.378606,-10.848606,-10.428606,-9.678606,-8.518606,-9.388606,-9.598606,-9.428606,-9.168606,-7.968606,-8.258606,-8.318606,-8.248606,-7.098606,-6.988606,-6.958606,-8.048606
-5.848606,-5.528606,-5.208606,-4.708606,-3.678606,-2.8686059,-1.738606,-0.50860596,0.59139407,1.501394,1.871394,2.731394,3.291394,3.421394,3.6313941,3.691394,3.841394,4.0013943,5.431394,1.521394,1.741394,-2.6086059,-0.34860596,0.7113941,3.291394,4.301394,2.4113941,-1.2786059,-2.718606,-2.1286058,-3.018606,-2.638606,-3.988606,-5.828606,-6.318606,-6.208606,-6.858606,-8.128606,-8.508606,-9.218606,-8.618606,-8.288606,-8.508606,-8.838606,-7.2286057,-3.738606,-2.298606,-0.918606,-5.968606,-8.778606,-8.678606,-8.728606,-7.988606,-7.718606,-7.7286057,-7.528606,-6.958606,-7.038606
-6.338606,-6.488606,-6.638606,-5.968606,-5.268606,-4.738606,-3.8386059,-2.578606,-1.448606,-0.37860596,0.78139406,1.7113941,2.181394,2.551394,2.581394,3.221394,3.501394,4.061394,4.931394,5.921394,4.161394,1.4513941,-0.978606,1.521394,2.6213942,2.251394,3.6313941,-0.24860595,-3.008606,-3.548606,-3.638606,-2.548606,-3.458606,-4.298606,-5.188606,-5.068606,-5.068606,-6.358606,-6.288606,-6.318606,-7.948606,-9.118606,-10.348606,-11.368606,-7.088606,-6.368606,-5.4786057,-2.468606,-0.19860595,-1.368606,-4.818606,-8.498606,-8.538606,-8.718606,-8.298606,-7.948606,-7.668606,-6.7286057
-8.048606,-8.018606,-7.958606,-7.448606,-6.9786057,-6.718606,-5.568606,-4.408606,-3.3586059,-2.318606,-0.93860596,0.61139405,1.541394,2.061394,2.811394,3.431394,3.8813941,4.111394,4.011394,4.191394,4.471394,3.4013941,0.36139405,2.231394,2.191394,3.421394,2.581394,1.9513941,-1.1786059,-2.278606,-2.808606,-3.078606,-3.478606,-3.228606,-2.5986059,-3.008606,-2.6286058,-3.6186059,-1.5586059,-1.018606,-2.288606,-3.248606,-15.168606,-15.168606,-13.618606,-8.638606,-5.928606,-3.568606,-2.228606,-1.508606,-1.448606,-3.8386059,-5.9786057,-7.828606,-6.618606,-7.528606,-7.568606,-6.358606
-8.928606,-9.298606,-9.408606,-9.288606,-8.908606,-8.018606,-7.098606,-6.2486057,-4.598606,-3.398606,-1.868606,-0.09860596,1.5713941,2.561394,3.291394,3.791394,3.541394,3.421394,3.341394,3.051394,3.3913941,2.471394,1.7013941,2.081394,2.091394,1.511394,1.3213941,1.741394,1.671394,1.631394,-1.8186059,-1.7986059,-2.918606,-1.8186059,-1.618606,-0.48860595,0.74139404,1.7013941,-2.178606,-0.668606,-1.5686059,-10.758606,-10.698606,-9.128606,-9.998606,-9.188606,-6.848606,-4.468606,-3.178606,-3.248606,-2.788606,-0.50860596,0.07139404,-2.768606,-3.058606,-5.898606,-7.068606,-7.428606
-10.208606,-11.168606,-11.2386055,-11.008606,-10.448606,-9.368606,-8.298606,-7.308606,-6.218606,-4.758606,-2.918606,-0.46860597,1.141394,2.561394,3.181394,3.531394,3.1213942,3.3913941,3.681394,1.921394,0.571394,0.66139406,1.621394,3.8913941,3.041394,0.98139405,0.19139405,0.631394,2.1313941,0.631394,2.821394,-2.138606,-2.208606,0.881394,-0.07860596,0.30139405,2.701394,2.071394,0.10139404,0.65139407,0.32139406,-0.89860594,5.0213943,3.6313941,-2.688606,-4.888606,-5.938606,-3.3486059,-2.248606,-0.35860595,-3.1286058,-4.488606,-2.048606,-0.64860594,-3.318606,1.501394,-2.6286058,0.35139406
-12.068606,-13.498606,-12.578606,-11.708606,-10.728606,-9.008606,-7.168606,-5.888606,-5.098606,-4.968606,-3.248606,-1.738606,0.30139405,1.5913941,2.731394,3.361394,3.3913941,3.261394,1.4713941,-0.63860595,-0.24860595,0.571394,1.3413941,2.981394,3.6613941,4.031394,1.521394,1.111394,1.6813941,1.351394,2.591394,-2.508606,-1.078606,-0.47860596,1.5813941,2.711394,2.771394,4.081394,3.021394,1.0713941,5.961394,9.141394,9.2613945,4.0013943,2.601394,-0.678606,-4.088606,-2.768606,-2.678606,-2.678606,-0.88860595,-0.90860593,-1.338606,-1.718606,-5.738606,-7.928606,-4.568606,-1.338606
-14.338606,-15.958606,-13.578606,-12.318606,-8.818606,-7.298606,-6.188606,-4.2286057,-3.0986059,-2.8786058,-1.898606,-1.4386059,-0.058605958,1.281394,2.281394,3.3813941,3.841394,3.611394,2.171394,1.521394,0.60139406,0.571394,0.54139405,1.671394,2.981394,3.291394,2.9013941,3.981394,2.421394,0.9613941,1.131394,0.69139403,-2.018606,-0.048605956,-0.03860596,1.3113941,-0.16860595,1.531394,2.851394,2.851394,-1.0386059,6.0213943,5.961394,3.051394,3.791394,-0.52860594,-2.558606,-2.148606,-1.4186059,-2.488606,-2.6186059,-2.408606,-1.338606,-1.0586059,-3.498606,-5.608606,-6.508606,-4.878606
-17.698606,-22.348606,-16.108606,-11.258606,-7.988606,-5.148606,-2.808606,-1.948606,-2.688606,1.521394,0.49139404,-0.028605957,-0.43860596,1.001394,3.011394,3.3713942,3.821394,4.071394,4.071394,1.981394,0.97139406,0.68139404,0.56139404,1.051394,1.511394,2.561394,3.201394,3.681394,3.781394,3.251394,4.221394,0.97139406,-0.10860596,0.951394,1.9613941,1.901394,3.311394,-1.588606,1.911394,3.1613941,3.691394,1.8113941,0.831394,0.0113940425,1.6913941,-0.548606,-1.598606,-1.248606,-1.208606,-1.748606,-1.9386059,-2.178606,-2.6286058,-2.448606,-3.888606,-3.928606,-5.818606,-6.208606
-18.658606,-25.638605,-11.878606,-7.338606,-5.658606,-3.8386059,-1.628606,-1.128606,0.87139404,0.121394046,0.30139405,0.46139404,-0.13860595,0.54139405,3.111394,4.451394,4.781394,3.6313941,3.521394,2.591394,0.56139404,0.18139404,0.36139405,0.61139405,0.84139407,1.601394,1.5713941,1.741394,2.331394,2.671394,2.841394,2.311394,1.521394,0.091394044,-1.9086059,-2.008606,1.1813941,-1.4186059,-1.648606,1.391394,0.23139404,0.67139405,0.29139405,0.29139405,0.72139406,0.99139404,-1.198606,-0.678606,-0.918606,-0.94860595,-1.198606,-2.968606,-3.018606,-3.058606,-3.168606,-3.778606,-5.158606,-5.638606
35.241394,14.071394,0.951394,-1.378606,-1.878606,-1.598606,-0.41860595,0.581394,2.031394,1.881394,1.531394,2.1313941,1.0913941,0.59139407,2.461394,4.801394,4.981394,5.101394,2.611394,2.671394,0.94139403,0.7113941,0.87139404,0.66139406,1.5913941,0.84139407,0.13139404,1.391394,2.271394,2.341394,2.351394,1.631394,1.9313941,1.421394,1.4513941,2.6313941,1.8413941,0.05139404,0.33139405,-1.4186059,1.171394,2.581394,2.531394,0.091394044,0.45139405,-1.9386059,-1.368606,-0.83860594,-0.798606,-0.56860596,-0.048605956,-1.328606,-2.198606,-3.008606,-3.278606,-3.488606,-4.4786057,-5.608606
20.001394,14.411394,7.421394,3.071394,1.281394,0.44139403,0.17139405,1.781394,2.6513941,2.331394,2.181394,2.781394,2.591394,2.021394,2.731394,4.691394,6.011394,5.851394,5.161394,3.1513941,1.5613941,0.39139405,-0.20860596,0.17139405,1.261394,2.841394,0.87139404,2.431394,3.1413941,3.061394,3.591394,2.991394,2.8913941,4.061394,5.821394,4.401394,4.381394,-3.1186059,2.801394,0.23139404,1.351394,1.2213941,2.241394,1.411394,1.0713941,-2.678606,-0.858606,-1.268606,-0.978606,0.55139405,0.53139406,0.48139405,-1.0286059,-1.838606,-2.028606,-2.3786058,-4.528606,-4.588606
