raw-data-f/2018100700f3.json
{"header": { "discipline":0, "disciplineName":"Meteorological products", "gribEdition":2, "gribLength":74960, "center":7, "centerName":"US National Weather Service - NCEP(WMC)", "subcenter":0, "refTime":"2018-10-07T00:00:00.000Z", "significanceOfRT":1, "significanceOfRTName":"Start of forecast", "productStatus":0, "productStatusName":"Operational products", "productType":1, "productTypeName":"Forecast products", "productDefinitionTemplate":0, "productDefinitionTemplateName":"Analysis/forecast at horizontal level/layer at a point in time", "parameterCategory":2, "parameterCategoryName":"Momentum", "parameterNumber":3, "parameterNumberName":"V-component_of_wind", "parameterUnit":"m.s-1", "genProcessType":2, "genProcessTypeName":"Forecast", "forecastTime":3, "surface1Type":103, "surface1TypeName":"Specified height level above ground", "surface1Value":10.0, "surface2Type":255, "surface2TypeName":"Missing", "surface2Value":0.0, "gridDefinitionTemplate":0, "gridDefinitionTemplateName":"Latitude_Longitude", "numberPoints":65160, "shape":6, "shapeName":"Earth spherical with radius of 6,371,229.0 m", "gridUnits":"degrees", "resolution":48, "winds":"true", "scanMode":0, "nx":360, "ny":181, "basicAngle":0, "lo1":0.0, "la1":90.0, "lo2":359.0, "la2":-90.0, "dx":1.0, "dy":1.0 }, "data":
[rows 0 to 25 of 181, columns 177 to 235 of 360]
9.07376,9.05376,9.02376,8.99376,8.963759,8.923759,8.8837595,8.84376,8.80376,8.753759,8.70376,8.65376,8.60376,8.543759,8.48376,8.423759,8.36376,8.293759,8.22376,8.15376,8.07376,8.003759,7.92376,7.83376,7.75376,7.6637597,7.5737596,7.48376,7.3937597,7.29376,7.2037597,7.10376,6.9937596,6.8937597,6.7837596,6.67376,6.56376,6.4537597,6.3437595,6.2237597,6.10376,5.98376,5.86376,5.73376,5.61376,5.48376,5.35376,5.2237597,5.0937595,4.96376,4.8237596,4.6837597,4.54376,4.4137597,4.2637596,4.1237597,3.9837599,3.8337598,3.6937597
9.82376,9.76376,9.69376,9.6337595,9.543759,9.47376,9.3837595,9.30376,9.213759,9.11376,9.02376,8.923759,8.82376,8.72376,8.60376,8.49376,8.39376,8.27376,8.15376,8.02376,7.90376,7.7837596,7.6637597,7.5337596,7.4137597,7.29376,7.1637597,7.04376,6.9137597,6.79376,6.6637597,6.5337596,6.40376,6.27376,6.1437597,6.0137596,5.88376,5.75376,5.61376,5.48376,5.3437595,5.21376,5.08376,4.94376,4.8037596,4.6637597,4.5337596,4.3937597,4.25376,4.10376,3.9637597,3.8237598,3.6837597,3.5337598,3.3937597,3.2437599,3.1037598,2.9537597,2.8037598
9.583759,9.503759,9.423759,9.34376,9.24376,9.14376,9.043759,8.93376,8.81376,8.69376,8.56376,8.44376,8.333759,8.213759,8.09376,7.96376,7.8437595,7.71376,7.58376,7.44376,7.29376,7.1437597,6.9737597,6.79376,6.60376,6.3937597,6.1837597,5.9537597,5.73376,5.48376,5.2437596,5.00376,4.7637596,4.5137596,4.2837596,4.06376,3.8337598,3.6337597,3.4337597,3.2437599,3.0737598,2.9037597,2.7537599,2.6237597,2.4837599,2.3737597,2.2637599,2.1637597,2.0737598,1.9837598,1.9037597,1.8337598,1.7537597,1.6837598,1.6237597,1.5637598,1.4937598,1.4237598,1.3537598
9.10376,8.95376,8.80376,8.65376,8.49376,8.32376,8.16376,7.98376,7.77376,7.61376,7.4937596,7.3237596,7.1437597,6.94376,6.73376,6.4737597,6.2237597,5.98376,5.7437596,5.50376,5.2837596,5.08376,4.8937597,4.7237597,4.5937595,4.4737597,4.38376,4.3037596,4.2437596,4.2037597,4.1837597,4.1837597,4.2037597,4.2237597,4.25376,4.27376,4.29376,4.3037596,4.31376,4.2837596,4.2437596,4.19376,4.11376,4.0337596,3.9337597,3.8237598,3.7137597,3.5837598,3.4537597,3.3237598,3.1937597,3.0537598,2.9037597,2.7537599,2.5937598,2.4237597,2.2437599,2.0637598,1.8737597
8.51376,8.3837595,8.24376,8.10376,7.96376,7.8037596,7.63376,7.4537597,7.25376,7.04376,6.8237596,6.58376,6.3437595,6.10376,5.8737597,5.6437597,5.4337597,5.23376,5.0937595,4.9937596,4.92376,4.90376,4.90376,4.92376,4.98376,5.0337596,5.0737596,5.0937595,5.06376,5.02376,4.9537597,4.8237596,4.6637597,4.4937596,4.3037596,4.10376,3.9137597,3.7337599,3.5637598,3.3937597,3.2437599,3.0837598,2.9237597,2.7537599,2.5637598,2.3637598,2.1337597,1.8837597,1.6237597,1.3637598,1.0937598,0.8437598,0.60375977,0.37375978,0.16375977,-0.026240235,-0.22624023,-0.41624025,-0.58624023
8.1337595,7.9537597,7.73376,7.4737597,7.0737596,6.7637596,6.44376,6.13376,5.83376,5.5337596,5.27376,5.02376,4.8437595,4.7037597,4.60376,4.5537596,4.56376,4.5737596,4.67376,4.6837597,4.61376,4.48376,4.3037596,4.0337596,3.7437599,3.4437597,3.1737597,2.9337597,2.7337599,2.5437598,2.3637598,2.1937597,2.0037599,1.7937598,1.5637598,1.3237598,1.0637598,0.8237598,0.5737598,0.33375975,0.09375977,-0.14624023,-0.38624024,-0.64624023,-0.9162402,-1.1962402,-1.4762403,-1.7262403,-1.9562402,-2.1862402,-2.3862402,-2.5562403,-2.6562402,-2.6762402,-2.6062403,-2.4562402,-2.2662401,-2.0362403,-1.7862402
6.54376,6.21376,5.85376,5.4737597,5.1637597,4.88376,4.61376,4.42376,4.31376,4.31376,4.3437595,4.38376,4.3737597,4.27376,4.08376,3.8437598,3.5037599,3.0937598,2.6637597,2.2137597,1.8037598,1.4537598,1.1837598,0.98375976,0.86375976,0.7637598,0.7037598,0.6437598,0.5737598,0.48375976,0.35375977,0.17375976,-0.056240235,-0.35624024,-0.69624025,-1.0462402,-1.3762403,-1.6562402,-1.8462403,-1.9462402,-1.9062402,-1.6962402,-1.3562403,-0.94624025,-0.46624023,0.013759766,0.42375976,0.75375974,0.9737598,1.0837598,1.1237597,1.0837598,0.98375976,0.85375977,0.69375974,0.54375976,0.42375976,0.35375977,0.33375975
5.2837596,5.0937595,4.92376,4.7237597,4.4737597,4.1837597,3.8237598,3.4337597,2.9937599,2.5137599,1.9937598,1.4737598,0.99375975,0.56375974,0.21375977,-0.056240235,-0.26624024,-0.44624025,-0.58624023,-0.70624024,-0.7962402,-0.8562402,-0.9062402,-0.93624026,-0.9762402,-1.0262402,-1.0962403,-1.1762402,-1.2462403,-1.2862402,-1.2762402,-1.2062402,-1.0662402,-0.86624026,-0.62624025,-0.34624022,-0.066240236,0.17375976,0.37375978,0.49375975,0.50375974,0.43375978,0.34375978,0.25375977,0.19375977,0.18375976,0.20375976,0.23375976,0.26375976,0.28375977,0.30375975,0.31375977,0.33375975,0.36375976,0.35375977,0.28375977,0.15375976,-0.036240235,-0.29624024
3.0337598,2.5037599,1.9137597,1.3237598,0.7637598,0.25375977,-0.22624023,-0.68624026,-1.1162403,-1.4962403,-1.7562402,-1.8762403,-1.8162402,-1.5762402,-1.2062402,-0.7362402,-0.25624025,0.19375977,0.56375974,0.8437598,1.0037597,1.0537598,1.0437598,0.9737598,0.88375974,0.7737598,0.68375975,0.60375977,0.5337598,0.47375977,0.40375978,0.34375978,0.26375976,0.18375976,0.103759766,0.013759766,-0.076240234,-0.17624024,-0.28624022,-0.38624024,-0.48624024,-0.55624026,-0.64624023,-0.7362402,-0.81624025,-0.87624025,-0.9062402,-0.89624023,-0.9062402,-0.9262402,-0.99624026,-1.1162403,-1.2762402,-1.4362402,-1.5962403,-1.7062402,-1.7462403,-1.7262403,-1.6362402
0.043759767,-0.80624026,-1.5462402,-2.1562402,-2.4662402,-2.4762402,-2.1562402,-1.6162403,-0.99624026,-0.43624023,-0.106240235,-0.066240236,-0.24624023,-0.50624025,-0.7262402,-0.81624025,-0.7962402,-0.69624025,-0.56624025,-0.43624023,-0.33624023,-0.24624023,-0.14624023,-0.0062402342,0.17375976,0.39375976,0.63375974,0.85375977,1.0637598,1.2537597,1.4037597,1.5037597,1.5637598,1.5837598,1.5637598,1.5337597,1.4837598,1.3937597,1.2037598,0.8937598,0.45375976,-0.076240234,-0.55624026,-0.86624026,-1.0562402,-1.2062402,-1.3662403,-1.5362402,-1.6862402,-1.7762402,-1.7962402,-1.8162402,-1.8562403,-1.9462402,-2.1362402,-2.2762403,-2.3362403,-2.4062402,-2.5062401
-3.3362403,-3.1662402,-2.6562402,-1.9962403,-1.4862403,-1.2762402,-1.2662402,-1.3862402,-1.4562402,-1.3462403,-1.0162402,-0.49624023,0.073759764,0.47375977,0.60375977,0.6437598,0.7737598,1.0737598,1.5037597,1.9137597,2.2337599,2.4037597,2.4537597,2.4037597,2.2937598,2.1737597,2.0837598,2.0237598,1.9937598,1.9837598,1.9637598,1.9437598,1.9137597,1.8737597,1.8337598,1.7637597,1.6737598,1.5637598,1.4437598,1.3037598,1.1737598,1.0537598,0.93375975,0.81375974,0.69375974,0.55375975,0.41375977,0.28375977,0.14375977,0.013759766,-0.16624023,-0.37624022,-0.6662402,-1.0562402,-1.5762402,-2.1662402,-2.8262403,-3.3862402,-3.8062403
-1.8362403,-1.4962403,-1.4762403,-1.5362402,-1.4462402,-1.1162403,-0.64624023,-0.14624023,0.19375977,0.38375977,0.47375977,0.43375978,0.30375975,0.26375976,0.50375974,1.0237597,1.5137597,2.0637598,2.4937599,2.7637599,2.9837599,3.2437599,3.4837599,3.7137597,3.8737597,3.9837599,3.9837599,3.9637597,3.9137597,3.8637598,3.8137598,3.7637599,3.6937597,3.6037598,3.4737597,3.3237598,3.1637597,3.0137599,2.8637598,2.7037597,2.5437598,2.3637598,2.1737597,1.9737598,1.7637597,1.5537598,1.3337598,1.1037598,0.87375975,0.6437598,0.38375977,0.11375976,-0.18624024,-0.49624023,-0.80624026,-1.1262403,-1.4462402,-1.8662403,-2.4062402
-1.9062402,-1.8462403,-1.5762402,-1.0762402,-0.62624025,-0.49624023,-0.62624025,-0.89624023,-0.99624026,-0.61624026,0.08375976,1.0737598,2.2937598,3.4837599,4.4937596,4.92376,4.4137597,4.3037596,4.77376,5.6637597,5.98376,6.08376,6.04376,5.8437595,5.79376,5.77376,5.7237597,5.65376,5.40376,4.8737597,4.13376,4.00376,4.0137596,3.9337597,3.8137598,3.7437599,3.7037597,3.6037598,3.4737597,3.3137598,3.1437597,2.9737597,2.7937598,2.6137598,2.4137597,2.2237597,2.0237598,1.7737597,1.4837598,1.1837598,0.8937598,0.55375975,0.14375977,-0.19624023,-0.47624025,-0.74624026,-1.0262402,-1.2762402,-1.5562402
-2.3662403,-2.1962402,-1.5262402,-1.1762402,-1.4962403,-1.7862402,-1.2062402,0.13375977,1.7437598,3.1737597,4.23376,5.0337596,5.5737596,5.8737597,6.08376,6.19376,6.2437596,6.31376,6.4137597,6.5337596,6.63376,6.6637597,6.60376,6.4737597,6.3237596,6.1237597,5.81376,5.48376,5.40376,5.2437596,5.7037597,5.79376,5.65376,4.7637596,4.13376,3.9837599,4.02376,4.02376,3.9837599,3.8937597,3.7537599,3.5837598,3.3737597,3.1737597,2.9337597,2.6637597,2.3637598,2.0637598,1.7437598,1.4437598,1.2137598,0.94375974,0.5137598,0.08375976,-0.21624023,-0.47624025,-0.70624024,-0.94624025,-1.2362403
-2.3662403,-1.8462403,-1.7262403,-1.8262402,-1.5462402,-0.39624023,1.1237597,2.6637597,4.11376,5.0737596,5.35376,5.4137597,5.5137596,5.5737596,5.6237597,5.65376,5.6837597,5.69376,5.69376,5.67376,5.5337596,5.3737597,5.4937596,5.6837597,5.8237596,6.02376,6.2637596,6.3937597,6.4737597,6.5537596,6.61376,6.60376,6.5337596,6.44376,6.38376,6.35376,6.1437597,5.40376,4.21376,4.17376,4.15376,4.04376,3.8437598,3.6237597,3.4037597,3.1637597,2.9137597,2.6537597,2.4137597,2.1537597,1.8737597,1.4937598,1.0337597,0.6437598,0.37375978,0.073759764,-0.26624024,-0.5462402,-0.7862402
-2.4462402,-3.0362403,-3.4062402,-2.9462402,-1.5662402,0.14375977,1.9137597,3.2237597,3.6937597,3.8137598,3.9937599,4.44376,4.67376,4.77376,4.7437596,4.79376,4.88376,4.9537597,4.9537597,5.02376,5.25376,5.52376,5.92376,6.15376,6.10376,6.0937595,6.29376,6.56376,6.7637596,6.8737597,6.98376,7.10376,7.21376,7.29376,7.36376,7.44376,7.50376,7.6237597,7.44376,5.5137596,4.54376,4.36376,4.42376,4.3737597,4.2437596,4.04376,3.7837598,3.5037599,3.1937597,2.8437598,2.4637597,2.0937598,1.7337598,1.3337598,1.0237597,0.7637598,0.45375976,0.14375977,-0.12624024
-3.5562403,-3.9762402,-4.5062404,-4.4862404,-2.6862402,0.16375977,1.6837598,1.9937598,2.3637598,2.7337599,3.0237598,3.2237597,3.3437598,3.6137598,3.8437598,3.9537597,4.13376,4.25376,4.4137597,4.56376,4.48376,4.5137596,4.94376,5.3937597,5.11376,3.8837597,5.35376,6.3237596,6.3037596,6.4537597,6.7037597,6.9337597,7.1437597,7.3237596,7.48376,7.60376,7.7037597,7.79376,7.9137597,8.01376,8.05376,8.10376,7.9137597,6.94376,4.8737597,4.48376,4.4537597,4.3437595,4.15376,3.7737598,3.3537598,2.9437597,2.5137599,2.1337597,1.7737597,1.4537598,1.1637597,0.7837598,0.43375978
-5.2762403,-5.5262403,-6.0262403,-5.66624,-3.0862403,-0.6062402,0.14375977,0.30375975,0.7737598,1.3237598,1.8437598,2.2937598,2.6037598,2.7937598,2.9137597,2.9137597,2.9337597,3.0837598,3.2537599,3.3937597,3.4137597,3.6037598,3.8937597,4.08376,4.27376,4.52376,4.65376,4.52376,4.0337596,4.35376,5.36376,6.21376,6.7037597,6.96376,7.13376,7.13376,7.4737597,7.6237597,7.81376,8.02376,8.173759,8.26376,8.30376,8.30376,8.19376,7.98376,7.31376,4.9137597,4.1237597,4.10376,3.8737597,3.5937598,3.2037597,2.7337599,2.2637599,1.8237598,1.3937597,0.9737598,0.75375974
-5.97624,-6.55624,-6.8562403,-5.8562403,-3.7862403,-1.4462402,-0.5462402,-0.6562402,-0.26624024,0.5237598,0.88375974,0.99375975,0.94375974,0.8237598,0.85375977,1.0237597,1.2837597,1.3437598,1.4537598,1.5937598,1.7737597,2.0237598,2.4237597,2.8637598,3.2637599,3.6237597,3.9037597,4.1437597,4.42376,4.75376,4.90376,5.06376,5.3737597,5.7037597,6.1237597,6.46376,6.69376,7.3737597,7.5537596,7.7837596,7.9537597,7.86376,7.8037596,7.90376,6.3437595,4.90376,4.7237597,4.2637596,3.9437597,3.8437598,3.7937598,3.6737597,3.4137597,3.0637598,2.6637597,2.1637597,1.4337598,0.49375975,-0.22624023
-7.28624,-6.82624,-3.7162402,-3.3962402,-3.9562402,-4.61624,-2.9562402,-1.5062402,-0.95624024,0.12375977,0.38375977,0.54375976,0.66375977,0.49375975,0.27375975,0.29375976,0.46375978,0.63375974,0.8437598,1.1937598,1.6437597,2.1137598,2.6337597,3.0237598,3.2237597,2.9537597,1.4837598,2.0837598,2.8837597,3.2337599,3.1837597,3.5737598,3.9837599,4.44376,4.94376,5.48376,5.92376,6.35376,6.9337597,7.44376,7.79376,8.293759,8.6337595,7.75376,7.04376,7.1237597,4.6437597,4.00376,3.7637599,3.4537597,3.3237598,3.1937597,3.0837598,2.9737597,2.8437598,2.6137598,2.1437597,1.6437597,0.99375975
-2.8562403,-0.41624025,-0.35624024,-3.2562401,-4.43624,-3.9462402,-3.0362403,-2.2262402,-1.4262402,-0.49624023,-0.066240236,-0.08624023,-0.34624022,-0.026240235,0.5737598,0.79375976,0.75375974,0.48375976,0.40375978,0.68375975,1.2737597,1.4037597,1.1837598,0.6537598,0.5837598,0.69375974,1.3137598,1.6837598,1.6637597,1.6337597,1.6137598,1.5037597,1.2937598,1.0537598,1.3837597,1.9337598,1.9837598,1.5937598,1.8937597,1.5737598,2.8037598,5.58376,7.8037596,9.95376,11.083759,10.74376,8.91376,7.6237597,5.6437597,5.2237597,4.46376,4.36376,3.8237598,3.5637598,4.13376,2.4837599,2.2137597,2.6137598,2.6537597
-1.4362402,-1.6262403,-1.4462402,-2.3462403,-3.8862402,-3.8862402,-2.8662403,-1.9862403,-1.6862402,-2.0162401,-1.5862403,-0.076240234,1.7737597,3.3937597,4.7037597,5.69376,5.8937597,5.13376,4.46376,2.2737598,1.2837597,1.3937597,2.0437598,3.0437598,3.3937597,3.2437599,2.6337597,1.8437598,1.4837598,1.5237597,1.5337597,1.7037598,2.0737598,3.7637599,4.11376,2.7537599,3.0537598,3.5237598,2.9837599,2.1537597,2.5737598,2.9237597,2.3537598,3.5537598,3.2137597,4.40376,7.60376,6.85376,2.4337597,2.4937599,3.9837599,2.4037597,2.8637598,3.1137598,2.2737598,2.1537597,2.0437598,1.9037597,2.0337598
-1.7962402,-2.0062401,-2.7862403,-2.1962402,-2.9062402,-3.6462402,-4.5662403,-3.6362402,-2.9462402,-2.0862403,-0.016240234,0.86375976,0.9037598,1.6037598,2.8937597,4.4537597,5.5537596,5.4537597,2.6237597,0.48375976,-0.41624025,-0.75624025,0.0037597655,0.34375978,1.4337598,0.9737598,0.7137598,1.3437598,1.5537598,2.1137598,1.9837598,2.5137599,1.7137598,0.75375974,0.5137598,0.7037598,0.87375975,-0.056240235,-1.2262403,-2.2662401,-2.2862403,-3.0862403,-0.21624023,2.1037598,2.0437598,0.7137598,0.9637598,2.9137597,0.9737598,0.5737598,1.3837597,0.26375976,0.34375978,0.103759766,0.47375977,1.2637597,1.3537598,1.3237598,1.1937598
-0.68624026,-1.0162402,-2.0362403,-3.2862403,-3.4462402,-2.8762403,-3.7662401,-3.0562403,-3.5362403,-3.2962403,-1.3362403,-0.30624023,-0.056240235,0.54375976,1.2237598,1.6937598,2.6437597,3.8437598,4.5937595,3.7837598,1.6737598,0.30375975,-0.56624025,-1.6662402,-1.1662402,0.5837598,1.1437597,0.5137598,-0.14624023,0.14375977,0.34375978,0.92375976,-0.24624023,-0.076240234,-0.18624024,-1.3962402,-2.4562402,-2.5362403,-2.6662402,-2.3362403,-1.3662403,-0.08624023,1.4037597,2.9237597,1.6437597,0.033759765,-0.55624026,-2.2662401,-3.4362402,-1.0462402,-1.0162402,0.18375976,0.39375976,0.55375975,1.0537598,1.0737598,1.2237598,1.9337598,0.30375975
-2.0562403,-2.2262402,-2.4762402,-3.2562401,-6.09624,-4.4462404,-3.8362403,-2.9362402,-3.7262402,-2.3862402,-1.1362402,-1.1162403,-0.8562402,-1.6462402,-0.45624024,0.62375975,1.1237597,0.24375977,0.11375976,0.6537598,0.74375975,0.56375974,0.56375974,0.44375977,1.8537598,1.6337597,-1.5462402,-2.8862402,-1.6762402,-1.3462403,-2.7362401,-0.13624023,1.2437598,-2.0262403,-3.4762402,-3.2562401,-1.4762403,-1.6262403,-1.9162402,-2.2862403,-0.9762402,-0.48624024,0.80375975,0.6537598,1.5237597,0.7837598,-0.51624024,-2.4562402,-4.32624,-2.7162402,-1.1262403,-0.056240235,-0.11624023,0.31375977,0.7237598,1.2637597,1.9237598,2.6637597,2.9037597
-3.7462401,-3.8262403,-4.89624,-5.57624,-3.9762402,-4.84624,-5.32624,-4.1262403,-3.3462403,-3.0662403,-1.1762402,-0.68624026,0.19375977,0.79375976,0.61375976,0.13375977,0.073759764,0.45375976,1.5437598,0.7237598,-0.8562402,-0.58624023,-1.2562402,-0.11624023,0.29375976,-1.4062402,-2.4362402,0.14375977,0.50375974,-0.74624026,-0.34624022,-0.51624024,-2.3562403,-3.1362402,-3.4362402,-2.1062403,-1.7262403,-2.0862403,-1.7162403,-1.9662403,-0.89624023,0.16375977,-0.86624026,-2.3662403,-1.8062402,-2.0962403,-3.1762402,-2.8762403,-3.3962402,-1.7862402,-0.35624024,-1.0962403,-0.45624024,0.68375975,0.61375976,1.4837598,1.5437598,0.11375976,0.28375977
