raw-data-f/2018100718f3.json
{"header": { "discipline":0, "disciplineName":"Meteorological products", "gribEdition":2, "gribLength":75437, "center":7, "centerName":"US National Weather Service - NCEP(WMC)", "subcenter":0, "refTime":"2018-10-07T18:00:00.000Z", "significanceOfRT":1, "significanceOfRTName":"Start of forecast", "productStatus":0, "productStatusName":"Operational products", "productType":1, "productTypeName":"Forecast products", "productDefinitionTemplate":0, "productDefinitionTemplateName":"Analysis/forecast at horizontal level/layer at a point in time", "parameterCategory":2, "parameterCategoryName":"Momentum", "parameterNumber":3, "parameterNumberName":"V-component_of_wind", "parameterUnit":"m.s-1", "genProcessType":2, "genProcessTypeName":"Forecast", "forecastTime":3, "surface1Type":103, "surface1TypeName":"Specified height level above ground", "surface1Value":10.0, "surface2Type":255, "surface2TypeName":"Missing", "surface2Value":0.0, "gridDefinitionTemplate":0, "gridDefinitionTemplateName":"Latitude_Longitude", "numberPoints":65160, "shape":6, "shapeName":"Earth spherical with radius of 6,371,229.0 m", "gridUnits":"degrees", "resolution":48, "winds":"true", "scanMode":0, "nx":360, "ny":181, "basicAngle":0, "lo1":0.0, "la1":90.0, "lo2":359.0, "la2":-90.0, "dx":1.0, "dy":1.0 }, "data":
[rows 104 to 129 of 181, columns 177 to 235 of 360]
0.49217528,0.8921753,0.5921753,1.0821753,0.7721753,1.5621753,1.9121753,2.0721753,2.2521753,2.1921754,2.5621753,2.1421752,2.0921752,2.6021752,2.8921752,3.0821753,2.5721753,1.8721753,1.7521753,1.6121753,1.2421753,0.3721753,-0.18782471,-0.5178247,-0.3078247,0.15217529,-0.1678247,-0.027824707,0.012175293,-0.7378247,-2.0978248,-3.0478246,-3.9878247,-4.7478247,-5.0178246,-4.1378245,-2.3178246,-1.3678247,-1.3178247,-3.5778246,-4.9278245,-4.0178246,-3.4578247,-2.0778246,-0.6478247,-0.12782471,-1.0178246,-0.8578247,-0.31782472,0.4021753,-2.3578248,-2.7078247,-2.4678247,-2.0878248,-0.9878247,-0.4078247,-0.05782471,1.5121753,2.3021753
0.82217526,0.8521753,0.7721753,1.0421753,0.9921753,0.3221753,1.1121753,1.6021752,2.1621752,1.8821753,1.6821753,2.7621753,3.0021753,2.6921754,1.8021753,1.8921753,1.6121753,1.3521752,1.0621753,1.0121753,0.102175295,-0.077824704,-0.4978247,-0.6678247,-0.86782473,-0.6578247,-0.24782471,0.022175293,0.3721753,0.7421753,0.002175293,-0.007824707,-2.6078248,-1.9978247,-3.3578248,-4.2678246,-2.8878248,-1.3678247,-0.4278247,-2.7978246,-5.277825,-4.877825,-3.9278247,-3.4778247,-2.3978248,-0.6378247,-0.5478247,-0.7378247,-0.5178247,0.23217529,0.17217529,-1.4878247,-2.0578246,-2.0878248,-2.2278247,-1.3378247,-0.4278247,0.9821753,1.9821754
1.2421753,0.82217526,0.3121753,0.7421753,0.5521753,0.6621753,0.6721753,1.1421753,1.8621753,2.4121752,1.7221752,1.5021753,1.6421753,1.9421753,2.9721754,2.7421753,1.0421753,0.09217529,0.4821753,-0.1978247,-1.0678247,-1.4378247,-1.0178246,-1.0678247,-0.9378247,-0.67782474,-0.1778247,0.2221753,0.7921753,1.5121753,1.9721752,1.7821753,1.0521753,-0.9478247,-2.0578246,-2.6278248,-2.2578247,-1.8978248,-1.5778247,-0.6378247,-4.0978246,-6.357825,-5.397825,-4.877825,-4.0778246,-3.1278248,-1.9678247,-1.4778247,-1.1878247,-0.7478247,-0.6578247,-0.7778247,-1.6278247,-3.2278247,-2.9378247,-2.4678247,-1.3378247,-0.5378247,0.5321753
-1.9278247,0.5221753,0.5421753,0.002175293,0.17217529,0.46217528,-0.2278247,0.052175295,0.3121753,0.8021753,1.4521753,1.4321753,1.3521752,1.2821753,1.2321754,1.1621753,2.1021752,1.0421753,0.3521753,-0.2078247,-0.9178247,-2.4878247,-2.2778246,-1.6778247,-0.5478247,-0.2078247,-0.5978247,-0.5678247,-0.1678247,0.9521753,1.7321754,1.6621753,1.1621753,-0.12782471,-0.7978247,-1.5678247,-2.4778247,-0.3778247,0.15217529,1.3121753,1.5921752,-4.967825,-6.527825,-5.5978246,-5.0178246,-4.4978247,-3.4278247,-2.7578247,-2.3878248,-1.5878247,-1.0778247,-1.0378247,-0.3078247,-2.4878247,-4.2278247,-3.0578246,-2.4878247,-1.8278247,-0.8778247
1.2921753,0.022175293,1.8121753,0.7421753,0.2121753,0.11217529,0.15217529,-0.12782471,-0.007824707,-0.047824707,0.5421753,0.8521753,0.7921753,0.8721753,0.9321753,0.9121753,0.9321753,0.82217526,0.17217529,-0.5878247,-1.6078247,-2.4178247,-3.1178248,-2.1678247,-2.0678246,-1.3678247,-1.1878247,-0.7678247,-0.2278247,0.6121753,1.5121753,1.3321753,0.2821753,-1.2278247,-2.0278246,-2.8278246,-1.7578247,-0.2978247,1.1021752,2.5121753,3.3621752,1.9021753,-2.2378247,-5.357825,-6.357825,-4.837825,-4.217825,-3.2078247,-2.8278246,-2.4578247,-2.4678247,-2.1278248,-2.0378246,-1.7178247,-3.9478247,-3.6878247,-2.9778247,-2.4278247,-2.0078247
4.392175,3.5221753,2.6321752,2.4421754,1.8321753,0.9021753,-0.1178247,-0.1178247,0.1821753,-0.12782471,-0.017824708,0.03217529,0.1821753,0.30217528,0.20217529,0.3921753,0.2821753,0.09217529,0.052175295,-0.6278247,-1.8078247,-3.6778247,-4.6678247,-4.3878245,-3.5378246,-2.8778248,-1.9278247,-1.0078247,-0.4978247,0.03217529,1.0521753,2.2121754,1.6921753,0.5421753,-0.08782471,-0.2078247,-0.4278247,-0.06782471,1.1821753,2.0521753,3.5221753,4.2121754,3.5021753,2.5721753,-2.5178246,-4.487825,-5.007825,-3.8978248,-3.6478248,-3.0178246,-2.6478248,-2.6478248,-3.0978248,-3.4978247,-3.8078246,-4.277825,-3.9278247,-2.7978246,-2.5778246
4.6721754,4.892175,4.472175,2.6621752,2.2521753,2.1621752,-0.08782471,-0.1478247,-0.9878247,0.94217527,1.7521753,1.5321753,-1.3478247,-1.2878247,-1.1078247,-0.9378247,-0.8378247,-0.6278247,-0.8878247,-1.4478247,-1.7678246,-4.127825,-5.2678246,-4.7878246,-4.4378247,-4.3278246,-3.6078248,-2.9478247,-1.8578247,-1.5778247,-1.0278248,0.052175295,1.1721753,0.20217529,-0.4678247,-0.8578247,-0.3878247,0.072175294,0.7121753,1.8921753,2.9621754,4.032175,4.262175,4.012175,1.7621753,-0.23782471,-5.0578246,-4.377825,-4.337825,-3.5978248,-3.3378248,-2.7978246,-2.6278248,-3.2678246,-3.8178246,-4.007825,-4.4978247,-3.9878247,-3.0178246
4.7121754,5.032175,5.0221753,4.1721754,3.0421753,2.4221754,1.9321753,1.7921753,1.8321753,3.1321752,3.6121752,4.0621753,4.2121754,4.372175,3.8021753,2.8421752,1.4021753,-1.1878247,-2.3678248,-2.2678246,-2.6978247,-3.5078247,-4.5778246,-5.5978246,-5.357825,-5.237825,-5.0178246,-3.8978248,-3.1878247,-2.7678246,-2.0778246,-1.3978248,-1.8178247,-1.7178247,-1.1978247,-0.09782471,0.3121753,0.7421753,1.4321753,1.9621753,2.6921754,3.1421752,3.6021752,4.4221754,5.472175,4.1921754,3.0321753,2.4221754,-1.1678247,-4.4478245,-4.0578246,-3.4078248,-3.5478246,-3.5078247,-3.2578247,-3.3878248,-4.737825,-4.2078247,-4.507825
4.8121753,4.7921753,4.9221754,5.5721755,5.1721754,3.7421753,2.4421754,1.4821754,2.5821753,3.1421752,3.7221754,4.0721755,4.492175,3.9921753,3.6021752,3.0721753,2.8421752,2.9421754,3.9821754,-1.7678246,-4.087825,-4.467825,-6.277825,-6.527825,-6.007825,-5.9478245,-6.087825,-4.9378247,-4.4378247,-3.8578248,-3.4878247,-2.7378247,-3.6978247,-4.147825,-2.4578247,-1.4578247,-0.5378247,0.20217529,0.57217526,1.0321753,1.3821753,1.5321753,2.4621754,2.9521754,3.7921753,3.8421752,2.8521752,4.722175,4.7121754,3.7021754,-5.817825,-3.5378246,-3.1178248,-4.5778246,-4.0778246,-4.067825,-4.9378247,-4.877825,-5.0378246
4.102175,4.682175,3.9721754,3.2821753,3.8621752,2.7121754,1.5721753,2.6821754,3.3421752,3.7721753,3.2821753,3.3621752,3.2821753,3.3321753,3.4821754,3.2021754,2.7021754,2.1221752,2.1521752,2.4321754,2.1921754,-3.2878246,-4.897825,-7.0978246,-6.007825,-6.357825,-7.2478247,-6.4078245,-5.8478246,-4.5578246,-3.7478247,-2.8978248,-4.0378246,-4.987825,-4.0978246,-2.6778247,-1.2378247,-0.1478247,0.5521753,0.6821753,0.8721753,1.1821753,1.7021753,2.1121752,2.7121754,3.2421753,4.0621753,5.0921755,6.1921754,4.012175,3.7321754,-7.4478245,-5.047825,-4.297825,-4.777825,-4.277825,-5.257825,-5.2478247,-5.147825
3.7321754,3.8121753,3.8821752,4.4821754,1.5021753,1.4821754,1.1921753,2.5921752,2.9321754,3.1821754,3.3221753,3.0121753,2.9021752,2.4721754,2.1021752,1.9721752,1.8921753,1.6921753,1.6521753,1.5421753,1.5621753,1.5821753,-2.7178247,-5.9578247,-7.6678247,-6.2078247,-6.9078245,-7.2078247,-6.8478246,-5.4078245,-3.7078247,-3.4878247,-4.3678246,-5.8278246,-5.2478247,-3.3578248,-2.0778246,-1.4378247,-0.8178247,-0.1778247,0.08217529,0.6421753,1.0321753,1.4321753,1.7921753,2.5321753,3.3621752,3.9621754,5.3021755,5.892175,3.2221754,0.1921753,-7.467825,-5.4378247,-4.8878245,-4.547825,-4.6378245,-4.9178247,-5.4478245
3.0121753,3.3621752,3.8621752,3.1521752,1.3021753,0.5921753,0.9721753,1.4921753,2.1321752,2.3921752,2.7021754,2.6521752,2.0621753,1.6021752,1.4421753,1.8021753,1.6521753,1.4421753,1.1821753,1.1421753,1.0021753,0.8621753,0.4021753,-4.6378245,-7.3478246,-7.297825,-7.9278245,-7.4178247,-7.737825,-6.527825,-4.8878245,-4.1978245,-4.217825,-5.627825,-4.257825,-2.8378248,-1.6878247,-1.2478247,-1.2578247,-1.4478247,-1.4478247,-0.6078247,0.43217528,0.4821753,0.7321753,1.4721752,2.3321753,3.4621754,4.2121754,6.0021753,5.012175,2.8421752,-5.1678247,-7.587825,-6.0578246,-4.7678246,-5.6178246,-5.297825,-5.467825
3.1721754,3.2521753,2.9221754,2.5521753,1.6421753,-0.8178247,-1.5578247,-0.5378247,1.9421753,3.1221752,3.6121752,3.8121753,4.242175,3.8721752,4.032175,3.3821752,2.2421753,0.6821753,-0.1178247,-0.44782472,0.042175293,-0.037824705,0.5321753,-0.2778247,-7.027825,-9.217825,-8.957825,-9.247825,-9.277824,-8.087825,-7.1978245,-5.1378245,-3.4378247,-2.9478247,-3.4278247,-2.9778247,-1.7278247,-0.3078247,0.012175293,-0.4578247,-1.0178246,-2.0578246,-0.9678247,0.94217527,0.8521753,0.8121753,1.2321754,2.5721753,3.4521754,4.742175,6.0921755,3.8521752,2.2821753,-7.877825,-9.277824,-7.397825,-5.4178247,-5.2678246,-5.9978247
3.7221754,4.992175,5.122175,2.8521752,0.9521753,-0.5078247,-1.0878247,-0.1678247,0.8921753,3.4321754,3.6921754,3.8021753,4.892175,5.102175,4.7321754,4.952175,4.742175,4.5421753,1.7721753,-1.1178247,-0.5478247,-0.28782472,-0.8278247,0.08217529,-2.4178247,-8.737824,-10.367825,-11.267825,-10.1978245,-8.1578245,-8.457825,-6.9378247,-4.7878246,-3.8378248,-2.9878247,-2.2478247,-1.7778248,-1.2278247,-0.2778247,-0.3478247,-0.5078247,-2.2278247,-1.3678247,0.88217527,0.5921753,1.3021753,0.4721753,1.4121753,2.5021753,3.6621752,5.5921755,5.8421755,3.1321752,-1.4478247,-8.667825,-9.767825,-8.597825,-6.9378247,-6.5378246
3.4321754,4.432175,5.102175,4.5521755,3.1921754,2.1621752,1.8321753,1.3321753,1.7021753,2.2121754,3.5621753,4.972175,6.242175,7.0221753,7.5221753,7.3821754,6.4221754,6.642175,6.3021755,3.4321754,-1.0278248,-0.3478247,-0.61782473,-0.077824704,-0.7778247,-5.0978246,-8.777824,-11.777824,-11.307825,-9.837825,-10.107824,-8.977825,-6.837825,-5.2278247,-3.6478248,-1.7978247,-0.6878247,-0.4678247,-0.3578247,-0.92782474,-1.8178247,-2.2278247,-1.6578248,-1.5178246,1.1721753,1.4021753,0.6021753,0.8521753,1.2021753,2.4021752,3.6021752,5.182175,4.9821754,1.1621753,-1.0978247,-8.097825,-8.1578245,-8.1578245,-7.047825
3.1721754,4.262175,4.2721753,4.9221754,5.5221753,5.012175,4.3421755,4.512175,4.3621755,4.742175,5.5221753,6.8121753,7.122175,7.222175,6.952175,6.1521754,5.7321754,7.222175,7.6721754,6.3321753,5.3321753,1.0921752,0.3221753,-0.5878247,-2.2878246,-2.6478248,-5.6178246,-9.457825,-11.207825,-10.767825,-10.047825,-9.847825,-8.217825,-5.8278246,-3.0978248,-1.4878247,-0.4578247,0.15217529,-1.4278247,-0.5978247,-1.4978247,-2.6578248,-3.9878247,-2.3578248,-0.047824707,1.4321753,0.2921753,0.8721753,0.9721753,2.2321754,2.1921754,2.8121753,4.0821753,3.0521753,0.23217529,-4.6778245,-7.9078245,-9.587825,-8.437824
2.4721754,3.9321754,4.5721755,4.5921755,4.142175,4.032175,3.9821754,4.4621754,4.602175,4.682175,5.1521754,6.032175,6.432175,7.0521755,7.7121754,8.202175,7.352175,6.602175,8.072175,8.5921755,8.3421755,5.9421754,4.8421755,5.0821753,1.2521753,-1.0278248,-3.3278246,-7.9478245,-11.977825,-8.277824,-10.587825,-9.4478245,-6.6878247,-4.297825,-1.8778247,0.12217529,1.0421753,-1.3378247,-0.7778247,-0.67782474,-1.2378247,-1.3078247,-4.0178246,-3.0178246,-1.6078247,-0.08782471,1.5421753,1.6221753,1.1021752,1.9021753,2.0521753,1.4721752,1.7921753,3.2221754,2.3421752,-1.2778248,-6.5978246,-8.537825,-8.717825
2.3121753,3.1121752,3.2921753,3.2521753,3.4921753,3.3221753,3.1921754,3.3321753,3.2621753,3.3521752,3.8821752,4.8621755,5.4821754,5.932175,6.392175,6.8621755,7.702175,7.9021754,7.4021754,7.8121753,7.852175,9.012176,5.3021755,5.4421754,5.1321754,2.8821752,0.3421753,-4.4178247,-7.277825,-6.9578247,-9.067824,-7.6578245,-6.4278245,-4.6678247,-3.7878246,-1.3078247,1.0421753,1.0621753,-0.67782474,-0.9478247,-0.7478247,-1.0078247,-2.4378247,-3.3878248,-2.9078248,-1.7078247,-0.15782471,0.8621753,1.1821753,1.4621753,1.6821753,1.7821753,0.1621753,0.2821753,1.7921753,-1.1878247,-6.5178246,-9.417825,-8.067824
2.1521752,1.5121753,1.4321753,1.9221753,1.8621753,2.0421753,2.4221754,2.7321754,2.8821752,3.0721753,3.2821753,4.2521753,4.8321753,5.0721755,4.722175,5.2321754,5.742175,6.1721754,6.602175,7.0521755,7.142175,6.782175,6.512175,6.142175,5.1521754,4.0821753,2.3021753,2.0021753,-1.2978247,-8.587825,-8.607824,-7.647825,-5.9078245,-5.857825,-4.8078246,-2.4778247,-0.5278247,0.57217526,0.9921753,1.4521753,-0.3978247,-2.2878246,-2.0778246,-1.5178246,-1.3078247,-1.3978248,-0.9078247,-0.6578247,-0.3478247,0.5321753,0.9521753,0.7221753,0.9721753,-0.67782474,-0.5378247,-0.8478247,-7.0578246,-8.397824,-8.577825
4.602175,4.622175,3.9721754,3.6621752,3.1821754,2.7921753,2.9521754,3.6921754,4.2721753,4.0921755,4.012175,4.3421755,4.5921755,5.722175,6.412175,3.3221753,3.6421752,4.6721754,5.0021753,5.722175,5.472175,5.6121755,5.7121754,5.3221755,5.032175,4.932175,4.912175,4.5921755,3.9521754,-2.7078247,-5.1678247,-5.1678247,-5.967825,-6.237825,-5.257825,-2.9878247,-0.8778247,-0.1778247,-0.3478247,0.1621753,0.1321753,-1.5278248,-3.1478248,-2.4578247,-1.7878247,-1.2578247,-0.9178247,-0.6878247,-1.0678247,-0.6678247,0.102175295,0.3621753,-0.5278247,-1.3378247,-1.9178247,-1.1178247,-9.6978245,-9.977825,-10.187824
2.5821753,2.7321754,2.8121753,2.6821754,2.7321754,3.1221752,3.0121753,3.2621753,3.9821754,4.782175,3.9021752,4.742175,5.3821754,6.4021754,7.2321754,4.222175,4.7321754,5.932175,6.162175,6.2721753,6.472175,6.5221753,5.512175,4.2121754,3.9321754,4.0921755,4.2521753,4.282175,3.8521752,2.1021752,0.3921753,-2.5778246,-4.7478247,-5.607825,-5.027825,-3.2478247,-0.80782473,-0.047824707,0.57217526,0.4221753,-0.7078247,-1.9078248,-3.8878248,-3.2178247,-2.0378246,-1.3278247,-1.2278247,-1.5378247,-1.7878247,-2.1378248,-1.4778247,-0.7178247,-0.6378247,-2.0378246,-3.5078247,-2.2978246,-10.667825,-11.137825,-11.437824
1.4221753,2.1121752,0.6421753,0.8521753,1.6221753,2.3821752,3.1821754,3.1521752,2.8721752,3.4721754,4.512175,4.3621755,4.702175,5.032175,5.642175,5.5921755,5.0521755,5.5021753,5.352175,5.0421753,4.992175,5.2121754,5.5821753,5.5221753,5.0821753,4.5221753,3.5321753,2.5321753,2.0121753,1.1821753,0.3121753,-0.41782472,-0.2778247,-3.1878247,-5.487825,-3.7578247,-1.4378247,-0.13782471,1.0121753,0.6621753,-0.8878247,-1.4678247,-2.4078248,-2.5678246,-2.2978246,-2.6378248,-3.0578246,-3.0278246,-2.9278247,-3.2278247,-2.8778248,-1.8878247,-1.3678247,-2.6378248,-5.027825,-4.4278245,-11.027824,-13.637825,-13.177825
2.9921753,4.952175,7.532175,-1.5078247,0.8521753,1.9821754,2.3721752,2.2121754,2.0321753,1.7421753,2.5121753,3.1321752,3.5721753,3.8521752,4.142175,3.8321753,4.2121754,4.2121754,4.0021753,3.9321754,4.0821753,4.662175,5.3121753,5.3021755,4.782175,3.8721752,3.2321754,2.9221754,2.7521753,2.6521752,1.3921753,0.022175293,-0.7778247,-1.8078247,-6.1378245,-4.4278245,-1.8378247,-0.24782471,-0.12782471,0.17217529,0.4021753,0.1321753,-0.4678247,-1.3678247,-2.1378248,-2.4678247,-3.1878247,-4.4378247,-4.8878245,-4.567825,-4.1878247,-3.3678248,-1.8078247,-2.8778248,-5.9378247,-6.527825,-12.147824,-15.267825,-15.067824
-2.8078246,6.0621753,9.392176,7.5721755,6.1321754,4.722175,2.3721752,0.6821753,0.8921753,0.5221753,1.2221752,2.2321754,3.1521752,3.8521752,4.0921755,4.2921753,4.0521755,4.102175,3.3121753,3.2721753,3.2721753,4.4821754,5.202175,5.762175,6.222175,5.722175,4.3621755,3.0921752,2.0721753,1.1821753,0.6521753,0.7921753,-0.9378247,-2.8178246,-7.0778246,-5.067825,-1.9078248,0.2121753,0.5021753,1.2621753,0.8921753,-0.077824704,-0.92782474,-1.9078248,-2.9478247,-3.9378247,-4.9478245,-5.3478246,-5.8078246,-5.8078246,-5.217825,-4.5178246,-2.6678247,-3.4978247,-6.737825,-9.687824,-12.467825,-11.557825,-10.307825
1.4821754,1.7121753,8.412175,7.5521755,7.2721753,6.6121755,5.9421754,3.8521752,-1.2378247,-1.6978247,-0.41782472,1.2121753,2.7121754,3.9621754,4.102175,4.2921753,3.5721753,3.4221754,4.3421755,3.4421754,4.142175,3.9721754,4.2121754,5.012175,6.1121755,6.6721754,6.3221755,5.8221755,4.412175,2.1221752,0.042175293,-1.0178246,-0.4978247,-1.8478247,-7.5578246,-4.9978247,-1.4378247,-0.24782471,1.2521753,2.1121752,1.8421752,1.2821753,-0.017824708,-1.5778247,-3.4578247,-4.967825,-6.587825,-8.187824,-7.9778247,-7.1978245,-6.3078246,-5.0978246,-3.4678247,-7.1578245,-9.227825,-10.627825,-11.217825,-9.127825,-9.757825
0.7221753,4.512175,6.0521755,7.012175,7.6721754,7.872175,7.6721754,6.0921755,1.4021753,-4.1578245,-2.2178247,1.9021753,2.3321753,3.2521753,3.7621753,3.5321753,4.142175,4.3321753,4.352175,3.5321753,3.0321753,4.472175,3.9521754,4.222175,5.6721754,6.662175,7.2721753,6.872175,6.0021753,3.3921752,1.6121753,-0.107824706,-1.4278247,-1.8278247,-7.607825,-4.377825,-0.9778247,0.5621753,2.8021753,3.5421753,3.4421754,1.9521753,0.2521753,-2.2178247,-5.047825,-6.9378247,-7.967825,-9.747825,-10.267825,-8.867825,-7.527825,-6.647825,-9.527824,-11.597825,-11.847825,-11.477825,-10.887825,-10.767825,-9.437824
