raw-data-f/2018100818f3.json
{"header": { "discipline":0, "disciplineName":"Meteorological products", "gribEdition":2, "gribLength":75239, "center":7, "centerName":"US National Weather Service - NCEP(WMC)", "subcenter":0, "refTime":"2018-10-10T06:00:00.000Z", "significanceOfRT":1, "significanceOfRTName":"Start of forecast", "productStatus":0, "productStatusName":"Operational products", "productType":1, "productTypeName":"Forecast products", "productDefinitionTemplate":0, "productDefinitionTemplateName":"Analysis/forecast at horizontal level/layer at a point in time", "parameterCategory":2, "parameterCategoryName":"Momentum", "parameterNumber":3, "parameterNumberName":"V-component_of_wind", "parameterUnit":"m.s-1", "genProcessType":2, "genProcessTypeName":"Forecast", "forecastTime":3, "surface1Type":103, "surface1TypeName":"Specified height level above ground", "surface1Value":10.0, "surface2Type":255, "surface2TypeName":"Missing", "surface2Value":0.0, "gridDefinitionTemplate":0, "gridDefinitionTemplateName":"Latitude_Longitude", "numberPoints":65160, "shape":6, "shapeName":"Earth spherical with radius of 6,371,229.0 m", "gridUnits":"degrees", "resolution":48, "winds":"true", "scanMode":0, "nx":360, "ny":181, "basicAngle":0, "lo1":0.0, "la1":90.0, "lo2":359.0, "la2":-90.0, "dx":1.0, "dy":1.0 }, "data":
[rows 104 to 129 of 181, columns 0 to 59 of 360]
5.993086,5.943086,5.8630857,6.103086,6.533086,6.703086,6.003086,5.163086,5.393086,3.9730859,2.463086,1.133086,0.34308594,-1.6769141,-0.42691407,-1.236914,-0.73691404,0.48308593,1.0630859,0.44308594,0.76308596,0.95308596,1.0730859,1.623086,0.38308594,0.37308595,0.13308594,0.20308594,1.0430859,1.013086,0.8030859,-0.83691406,0.8730859,0.24308594,-1.7069141,2.933086,-0.76691407,-0.016914062,-0.106914066,0.23308593,0.70308596,1.0630859,1.4130859,1.893086,2.643086,2.2330859,1.353086,-0.34691405,-2.2769141,0.29308593,3.123086,6.683086,6.573086,5.513086,5.463086,4.323086,4.663086,5.083086,5.853086,6.6330857
5.713086,5.343086,5.423086,5.753086,6.093086,6.513086,6.583086,6.563086,6.033086,5.6130857,3.953086,1.613086,0.22308594,0.17308594,-1.9169141,-2.686914,-1.2069141,1.0930859,1.013086,0.103085935,0.28308594,0.36308593,-0.7569141,1.273086,1.3030859,0.64308596,0.46308595,0.71308595,0.20308594,-0.83691406,0.59308594,0.36308593,0.59308594,2.293086,0.9930859,0.023085937,-0.27691406,-1.136914,0.77308595,1.5530859,1.3230859,2.463086,-0.17691407,-1.466914,1.2930859,1.6830859,0.15308593,0.46308595,2.953086,1.1730859,1.2130859,5.233086,5.033086,5.033086,5.073086,4.513086,4.793086,5.373086,5.703086,6.103086
5.313086,5.3830857,4.833086,4.973086,5.433086,5.843086,6.413086,6.643086,6.433086,5.523086,5.053086,4.033086,-2.4769142,-2.186914,-2.636914,-2.5069141,-0.70691407,0.40308595,0.25308594,-0.5569141,-0.37691405,-0.72691405,0.18308593,0.9230859,0.84308594,0.063085936,-0.52691406,0.08308594,0.31308594,-1.006914,0.16308594,-1.116914,-0.29691407,1.5830859,2.063086,2.453086,0.8130859,1.3030859,1.653086,2.0230858,1.5730859,0.5030859,-0.7469141,-2.9969141,-3.446914,-4.546914,0.5030859,1.4130859,1.3130859,3.793086,6.293086,3.7430859,3.353086,3.703086,4.533086,5.073086,5.273086,5.423086,5.443086,5.673086
5.803086,5.443086,4.963086,4.743086,5.223086,5.443086,5.833086,7.003086,7.313086,6.533086,6.053086,5.843086,-2.796914,-1.5569141,-0.92691404,-2.566914,-1.4169141,-0.08691406,-1.3069141,-1.3069141,-1.516914,-1.256914,-0.45691407,0.16308594,-0.38691407,-0.78691405,-0.40691406,-0.15691406,-3.2369142,-0.8169141,-1.126914,0.03308594,-0.8169141,0.38308594,1.8230859,2.143086,1.613086,1.0730859,1.1630859,2.153086,-1.266914,-1.876914,-0.9969141,-6.156914,-5.236914,0.14308594,0.5530859,1.733086,2.7230859,1.7230859,5.3630857,2.673086,2.353086,2.683086,3.2730858,4.233086,4.533086,4.723086,4.9030857,5.233086
5.533086,5.873086,5.603086,5.323086,5.353086,5.623086,5.503086,5.933086,7.423086,7.043086,6.423086,5.4030857,3.4830859,1.273086,-3.036914,-2.786914,-2.2569141,-1.4269141,-1.1969141,-1.5269141,-1.4569141,-1.3369141,-0.79691404,-0.79691404,-1.376914,-0.92691404,0.19308594,-3.296914,-1.636914,-1.136914,0.18308593,0.33308592,-0.91691405,0.63308597,1.2930859,1.4130859,0.71308595,2.213086,1.0430859,-0.35691407,-3.0169141,-2.366914,-2.626914,-4.356914,-2.536914,-0.79691404,-0.03691406,1.783086,3.873086,2.433086,2.833086,1.6630859,2.413086,2.143086,3.073086,3.7430859,4.073086,4.323086,4.213086,4.003086
5.853086,5.953086,6.3630857,6.293086,6.013086,6.243086,6.193086,6.013086,6.453086,7.743086,6.953086,7.163086,6.763086,2.813086,-1.596914,-4.006914,-3.426914,-2.626914,-1.2769141,-0.65691406,-0.41691408,-0.8769141,-0.8069141,-0.45691407,0.21308593,0.31308594,-1.216914,-1.4069141,-0.78691405,-0.41691408,0.64308596,1.8130859,2.2330859,-0.076914065,1.143086,1.5830859,3.9830859,0.14308594,-0.35691407,-2.2169142,-3.356914,-3.636914,-2.7669141,-1.9569141,0.48308593,-0.65691406,-0.28691405,1.033086,1.513086,2.053086,2.903086,1.133086,1.5530859,2.093086,3.0230858,4.033086,4.263086,5.083086,5.253086,4.9030857
5.043086,6.013086,6.293086,6.303086,6.3630857,6.593086,6.793086,6.603086,6.643086,7.373086,8.443086,8.053086,6.513086,6.253086,1.493086,-5.606914,-5.466914,-2.606914,-2.816914,-1.1769141,0.023085937,-0.52691406,-0.61691403,0.6930859,0.28308594,-0.65691406,-1.476914,-1.246914,-0.48691407,1.503086,1.373086,1.503086,1.4130859,1.0430859,0.77308595,3.103086,0.34308594,-1.3069141,-2.166914,-2.9769142,-3.4869142,-4.376914,-0.5069141,-2.2169142,-2.196914,-0.36691406,-0.6369141,-0.59691405,0.58308595,2.0330858,0.57308596,1.4130859,1.143086,1.3030859,2.043086,4.283086,5.4030857,2.9830859,5.053086,4.6530857
5.393086,5.423086,5.973086,6.753086,6.963086,7.023086,7.043086,6.873086,6.593086,6.8830857,7.743086,8.323086,7.6130857,6.683086,2.553086,-3.886914,-4.8669143,-3.5269141,-4.006914,-2.426914,-2.4969141,-2.706914,-1.096914,-1.3169141,-1.726914,-3.566914,-2.296914,0.09308594,0.90308595,0.5030859,0.26308593,0.27308595,1.3030859,1.6730859,1.743086,-0.09691406,-0.39691406,-2.786914,-3.866914,-4.086914,-3.9669142,-5.776914,-4.0969143,-0.25691405,-2.5269141,-1.9569141,-0.84691405,-0.8069141,0.58308595,-0.12691407,0.42308593,0.15308593,1.653086,3.193086,3.923086,1.393086,5.413086,3.853086,4.163086,4.253086
5.463086,5.753086,6.013086,6.523086,6.813086,6.8630857,6.793086,6.8630857,6.603086,6.343086,6.483086,6.693086,7.853086,7.893086,5.073086,0.91308594,-3.786914,-4.996914,-3.656914,-3.9969141,-3.656914,-3.096914,-2.706914,-3.086914,-3.656914,-2.4769142,-1.6669141,-1.4269141,-1.2869141,-1.4069141,-0.60691404,0.7530859,1.4730859,2.5330858,1.9430859,0.6130859,-0.65691406,-2.936914,-3.856914,-3.606914,-4.106914,-4.576914,-5.216914,-4.066914,-2.186914,-2.416914,-0.14691406,0.40308595,-0.53691405,-1.476914,-0.34691405,1.103086,1.7030859,2.333086,2.9830859,2.323086,2.933086,4.043086,4.233086,4.853086
4.333086,4.913086,5.453086,6.3830857,6.543086,6.343086,6.4030857,6.843086,6.763086,6.493086,6.673086,6.533086,6.203086,6.833086,7.743086,-0.05691406,-0.8169141,-4.726914,-5.206914,-3.446914,-4.996914,-4.606914,-4.296914,-3.896914,-3.156914,-1.0769141,-0.20691407,-3.186914,-4.036914,-2.646914,-0.42691407,-0.21691406,1.5430859,2.203086,1.863086,0.98308593,-0.46691406,-2.676914,-2.546914,-1.1669141,-2.5069141,-3.056914,-0.8769141,4.283086,-2.166914,-3.586914,-2.286914,0.65308595,-2.7569141,-1.6669141,-0.21691406,0.46308595,0.97308594,1.4130859,1.8430859,2.303086,3.5330858,4.953086,5.753086,6.1130857
4.1330857,3.903086,5.093086,5.3830857,5.783086,6.343086,6.123086,6.353086,6.6130857,6.773086,6.953086,7.243086,7.263086,6.913086,6.973086,1.403086,-0.45691407,-3.2169142,-5.3669143,-5.666914,-5.566914,-5.566914,-4.586914,-3.9769142,-4.156914,-2.326914,-1.856914,-3.376914,-1.756914,-1.8369141,-0.45691407,-1.6669141,-0.14691406,1.403086,1.6830859,0.5630859,0.79308593,-1.116914,-1.616914,-0.8269141,-1.1569141,-1.5369141,-1.016914,2.823086,-2.2369142,-2.356914,-3.556914,-0.46691406,-3.816914,-1.766914,-0.43691406,0.45308593,0.9230859,0.97308594,1.0830859,2.853086,3.9730859,5.083086,5.833086,6.373086
5.563086,5.523086,5.343086,5.693086,5.773086,5.3630857,5.933086,5.763086,6.273086,6.283086,6.533086,7.183086,7.873086,7.783086,7.973086,1.613086,-2.0269141,-3.126914,-2.686914,-6.946914,-4.326914,-5.476914,-5.1369143,-3.7769141,-3.436914,-2.056914,-2.416914,-2.906914,1.7030859,-2.036914,-2.346914,-1.366914,-1.346914,-0.14691406,2.863086,0.72308594,0.51308596,0.13308594,-0.47691405,-1.006914,-1.386914,-1.2769141,0.39308593,3.633086,3.173086,-1.6669141,-0.12691407,-3.9969141,-4.0969143,-1.8169141,-0.58691406,0.64308596,1.3330859,0.6230859,1.403086,2.643086,4.1530857,5.243086,5.913086,6.413086
4.8630857,5.203086,5.533086,5.703086,5.973086,5.743086,5.143086,5.593086,5.623086,5.873086,6.1330857,6.953086,7.623086,8.253086,8.833086,5.643086,-2.186914,-3.7669141,-1.5569141,-5.606914,-5.226914,-5.746914,-5.8669143,-3.706914,-4.246914,-2.346914,0.21308593,2.713086,1.373086,0.6830859,1.353086,-1.9069141,-3.346914,-0.97691405,-1.3369141,-0.77691406,0.27308595,-0.48691407,-1.506914,-1.7769141,-1.636914,-1.3269141,-1.3369141,-0.26691407,-0.076914065,-2.136914,-4.376914,-4.786914,-3.436914,-2.2169142,-0.58691406,0.44308594,0.65308595,1.3030859,2.0130858,2.953086,3.893086,4.743086,5.303086,5.623086
4.683086,4.743086,5.1130857,5.463086,5.873086,6.4030857,4.243086,4.473086,5.573086,5.793086,5.8630857,6.3630857,7.143086,7.423086,8.273086,10.343086,-1.136914,-4.496914,-0.66691405,-4.006914,-5.646914,-6.126914,-5.576914,-4.206914,-1.966914,-0.5669141,2.713086,4.143086,4.783086,3.563086,2.463086,-1.9469141,-3.616914,-4.356914,-4.146914,-2.7469141,-1.9369141,-2.156914,-2.0269141,-2.406914,-2.7269142,-2.656914,-2.416914,-2.186914,-2.426914,-3.2669141,-3.916914,-3.4869142,-2.846914,-1.646914,-0.5769141,0.073085934,0.103085935,0.32308593,1.403086,2.423086,3.2830858,3.863086,4.283086,5.013086
4.303086,4.4030857,4.333086,4.8630857,5.443086,6.1130857,6.8630857,2.793086,4.913086,5.773086,5.733086,6.033086,6.323086,6.513086,6.593086,6.4030857,4.853086,2.2230859,0.38308594,0.45308593,-2.806914,-7.516914,-5.836914,-5.446914,-2.056914,0.18308593,2.423086,4.073086,4.393086,2.963086,1.503086,-2.206914,-5.706914,-7.566914,-5.896914,-4.746914,-3.576914,-3.456914,-3.4869142,-3.376914,-3.136914,-2.956914,-2.796914,-2.876914,-2.586914,-2.846914,-3.596914,-3.316914,-2.426914,-1.4469141,-0.8769141,-0.98691404,-0.6269141,0.32308593,1.263086,2.103086,2.713086,3.0330858,3.7330859,4.233086
3.2330859,3.583086,3.843086,3.953086,4.283086,4.923086,5.6130857,5.603086,5.343086,5.673086,5.963086,4.713086,5.293086,5.6530857,5.253086,4.833086,4.343086,2.843086,-1.516914,-0.71691406,-1.846914,-7.256914,-5.926914,-5.076914,-1.766914,1.5830859,2.583086,3.5130858,2.373086,4.803086,-1.476914,-1.376914,-7.836914,-9.426914,-7.306914,-6.076914,-5.276914,-4.396914,-3.7769141,-3.5069141,-2.416914,-2.156914,-2.586914,-3.636914,-3.546914,-3.576914,-3.626914,-2.846914,-2.2369142,-1.9369141,-1.3169141,-0.84691405,-0.34691405,0.45308593,1.353086,1.4730859,1.4630859,2.173086,3.163086,3.7630858
1.5430859,2.053086,2.2630858,2.363086,2.863086,3.5130858,3.883086,4.393086,4.843086,5.243086,5.763086,5.753086,3.843086,4.393086,4.443086,4.583086,4.673086,6.413086,-0.14691406,1.3230859,2.0030859,-4.946914,-7.016914,-5.1169143,-1.0469141,0.78308594,2.393086,1.373086,2.2430859,4.3630857,2.383086,-5.896914,-11.226914,-9.406914,-7.816914,-7.206914,-6.156914,-4.966914,-4.186914,-3.2369142,-1.8369141,-1.596914,-2.416914,-2.9969141,-2.916914,-2.7269142,-2.786914,-2.5269141,-2.586914,-1.9169141,-0.90691406,-0.27691406,-0.12691407,0.0030859376,0.30308592,0.6230859,1.2930859,2.0030859,2.603086,3.2430859
0.013085937,0.013085937,0.35308594,0.6130859,0.44308594,1.283086,2.463086,3.133086,3.7430859,4.553086,5.213086,5.573086,5.443086,2.9830859,4.1330857,4.143086,4.393086,4.053086,3.153086,0.84308594,0.6230859,-3.446914,-8.496914,-6.006914,-3.426914,-1.6769141,-0.18691406,-3.086914,1.8030859,2.2730858,-0.36691406,-12.576914,-10.6069145,-9.3969145,-8.156914,-7.476914,-6.796914,-5.926914,-4.476914,-3.386914,-2.826914,-2.4669142,-2.0069141,-1.6569141,-1.966914,-2.9769142,-3.156914,-3.7269142,-3.396914,-2.686914,-2.2269142,-1.636914,-1.0569141,-0.95691407,-0.45691407,0.32308593,1.0830859,1.8330859,2.683086,3.583086
1.383086,-1.496914,-2.0169141,-1.7969141,-1.4369141,-1.226914,-0.65691406,0.90308595,2.343086,3.2730858,4.373086,4.923086,5.223086,4.993086,3.313086,3.583086,4.093086,4.583086,3.113086,-1.1869141,-0.076914065,-3.946914,-6.026914,-6.356914,-5.516914,-2.796914,-0.64691406,0.17308594,-0.42691407,1.0930859,-11.296914,-11.236914,-10.796914,-9.616914,-8.536914,-8.096914,-7.276914,-6.996914,-5.746914,-4.436914,-3.816914,-4.286914,-3.7569141,-2.576914,-3.116914,-3.786914,-3.166914,-4.046914,-4.026914,-3.436914,-3.2269142,-2.876914,-2.186914,-1.4069141,-0.52691406,0.40308595,1.3230859,1.9230859,2.793086,3.573086
1.3230859,1.603086,-1.7769141,-4.036914,-3.786914,-3.4869142,-2.596914,-1.6669141,-0.59691405,1.3130859,2.9730859,3.843086,4.233086,4.643086,5.083086,4.843086,4.303086,5.533086,6.343086,1.1630859,-1.8269141,2.393086,3.5230858,0.70308596,-1.006914,2.303086,3.393086,3.093086,3.7830858,-5.876914,-10.696914,-11.116914,-10.906914,-9.666914,-8.306914,-7.776914,-7.666914,-7.506914,-6.666914,-5.306914,-4.516914,-5.066914,-4.926914,-4.106914,-4.256914,-4.6169143,-4.156914,-3.886914,-4.756914,-4.466914,-4.166914,-3.636914,-2.806914,-1.766914,-0.78691405,-0.35691407,0.38308594,1.653086,2.683086,4.103086
0.31308594,-0.40691406,0.57308596,-2.406914,-5.3869143,-5.506914,-4.936914,-3.876914,-2.456914,-1.5869141,0.09308594,2.2730858,2.853086,3.623086,4.803086,5.523086,5.763086,6.073086,5.843086,1.993086,1.9430859,1.9130859,1.9130859,1.863086,2.063086,4.6130857,4.603086,3.133086,0.59308594,-8.826914,-10.886914,-11.626914,-11.246914,-9.926914,-8.376914,-8.126914,-7.726914,-7.5969143,-7.916914,-7.626914,-6.526914,-5.3869143,-4.946914,-4.8669143,-5.146914,-5.106914,-5.516914,-5.736914,-5.6369143,-5.376914,-5.026914,-4.296914,-3.2769141,-2.076914,-0.03691406,2.2230859,2.913086,2.823086,2.823086,3.643086
3.373086,0.17308594,-1.8369141,-1.4469141,-4.146914,-6.826914,-6.856914,-5.816914,-4.796914,-3.676914,-2.4669142,-0.58691406,1.353086,2.363086,3.7230859,5.253086,5.913086,6.003086,5.973086,2.653086,0.12308594,0.49308595,1.9430859,1.483086,1.4230859,3.0330858,3.313086,0.78308594,-4.726914,-9.776914,-10.976914,-11.476914,-11.3969145,-9.8569145,-9.326914,-8.846914,-8.526914,-7.996914,-8.286914,-8.036914,-6.906914,-6.376914,-5.726914,-5.306914,-5.656914,-6.1169143,-6.126914,-5.716914,-5.406914,-5.896914,-5.536914,-4.816914,-3.586914,-1.226914,1.013086,2.5030859,3.433086,3.403086,3.363086,3.7330859
5.543086,3.873086,0.13308594,-3.4869142,-3.2269142,-6.326914,-7.8469143,-7.296914,-5.726914,-5.196914,-4.666914,-3.2269142,-1.0269141,1.103086,2.333086,4.373086,5.443086,5.593086,6.033086,6.423086,3.443086,2.583086,3.193086,3.543086,4.6130857,5.313086,3.323086,-1.3169141,-8.716914,-10.456914,-10.666914,-11.076914,-11.066914,-10.1469145,-10.236914,-9.736914,-9.3969145,-9.056914,-7.606914,-7.076914,-6.676914,-6.086914,-6.216914,-6.836914,-6.126914,-5.946914,-6.036914,-5.316914,-5.246914,-5.706914,-5.576914,-4.646914,-2.9769142,-0.8769141,0.6930859,2.0230858,2.7530859,3.063086,3.2330859,3.7830858
4.313086,4.533086,4.123086,-1.246914,-5.196914,-6.1169143,-8.906914,-8.6069145,-6.486914,-6.3869143,-6.026914,-4.896914,-2.316914,0.39308593,1.4430859,3.7830858,4.783086,4.6330857,5.303086,6.353086,6.873086,3.353086,3.343086,3.303086,5.573086,8.183086,3.7730858,-1.9469141,-7.546914,-11.016914,-10.276914,-10.436914,-10.786914,-12.016914,-10.916914,-10.286914,-9.826914,-9.936914,-9.546914,-7.296914,-5.906914,-6.276914,-5.876914,-6.926914,-7.006914,-5.906914,-5.256914,-4.956914,-5.656914,-5.246914,-4.966914,-3.7769141,-2.086914,-0.7569141,0.24308594,1.3230859,2.163086,2.5030859,2.913086,3.333086
3.573086,3.423086,3.2630858,2.9730859,-3.2669141,-7.356914,-10.016914,-9.676914,-7.816914,-7.266914,-6.476914,-4.576914,-2.046914,-1.4069141,1.023086,2.163086,3.0230858,3.403086,3.693086,4.483086,6.393086,8.523086,1.6930859,1.233086,4.783086,6.843086,8.593086,-1.386914,-5.276914,-8.346914,-9.496914,-10.016914,-10.346914,-10.046914,-10.066914,-11.026914,-10.286914,-9.866914,-9.476914,-8.946914,-8.1069145,-6.876914,-5.836914,-6.326914,-7.236914,-5.976914,-5.276914,-4.936914,-5.076914,-5.3669143,-4.426914,-3.0269141,-1.846914,-1.0369141,-0.26691407,0.5530859,1.143086,1.853086,2.4730859,3.123086
2.163086,2.2430859,3.2830858,2.163086,2.9830859,-5.1169143,-11.296914,-11.306914,-10.006914,-9.026914,-7.176914,-5.446914,-4.3869143,-2.7469141,-0.9469141,0.6830859,1.393086,1.893086,2.393086,2.453086,4.753086,6.563086,3.393086,2.2630858,4.263086,5.993086,6.3630857,7.323086,-3.546914,-6.796914,-8.306914,-10.116914,-9.686914,-8.176914,-9.586914,-11.566914,-11.3569145,-10.086914,-8.466914,-8.886914,-9.166914,-7.996914,-6.3869143,-5.836914,-6.316914,-6.086914,-6.006914,-5.876914,-4.326914,-4.106914,-3.886914,-2.946914,-2.0069141,-1.226914,-0.90691406,-0.27691406,0.54308593,1.503086,1.8130859,2.383086
