raw-data-f/2018100818f3.json
{"header": { "discipline":0, "disciplineName":"Meteorological products", "gribEdition":2, "gribLength":75473, "center":7, "centerName":"US National Weather Service - NCEP(WMC)", "subcenter":0, "refTime":"2018-10-08T18:00:00.000Z", "significanceOfRT":1, "significanceOfRTName":"Start of forecast", "productStatus":0, "productStatusName":"Operational products", "productType":1, "productTypeName":"Forecast products", "productDefinitionTemplate":0, "productDefinitionTemplateName":"Analysis/forecast at horizontal level/layer at a point in time", "parameterCategory":2, "parameterCategoryName":"Momentum", "parameterNumber":2, "parameterNumberName":"U-component_of_wind", "parameterUnit":"m.s-1", "genProcessType":2, "genProcessTypeName":"Forecast", "forecastTime":3, "surface1Type":103, "surface1TypeName":"Specified height level above ground", "surface1Value":10.0, "surface2Type":255, "surface2TypeName":"Missing", "surface2Value":0.0, "gridDefinitionTemplate":0, "gridDefinitionTemplateName":"Latitude_Longitude", "numberPoints":65160, "shape":6, "shapeName":"Earth spherical with radius of 6,371,229.0 m", "gridUnits":"degrees", "resolution":48, "winds":"true", "scanMode":0, "nx":360, "ny":181, "basicAngle":0, "lo1":0.0, "la1":90.0, "lo2":359.0, "la2":-90.0, "dx":1.0, "dy":1.0 }, "data":
[rows 52 to 77 of 181, columns 0 to 58 of 360]
-4.775791,-2.725791,-2.415791,-0.59579104,-0.735791,0.784209,-0.46579102,-6.835791,-9.855791,-9.735791,-8.295791,-6.615791,-4.765791,-2.195791,-1.165791,0.84420896,0.754209,0.504209,1.644209,1.334209,1.8742089,0.25420898,-1.045791,-0.325791,-0.355791,2.454209,1.304209,0.574209,-0.625791,1.134209,1.234209,0.514209,-0.18579102,-1.525791,-2.0657911,-1.345791,-1.835791,-0.625791,-1.775791,-1.155791,0.874209,1.254209,-1.705791,-0.14579101,-0.355791,0.59420896,-0.84579104,-1.145791,0.434209,-2.3157911,-4.295791,-4.145791,-2.505791,-3.935791,-2.795791,-3.345791,-1.095791,-2.785791,-1.895791
-6.765791,-6.375791,-4.285791,-2.775791,-1.6257911,0.024208985,-0.505791,3.264209,-1.705791,-3.335791,-2.265791,-2.855791,-2.5757911,-0.815791,-1.165791,-0.585791,-1.3757911,-0.985791,0.054208983,1.044209,2.074209,0.994209,0.864209,-0.565791,-1.5057911,0.754209,3.914209,2.754209,0.59420896,-1.225791,0.21420899,-0.33579102,-0.72579104,0.024208985,-0.805791,-1.0057911,-1.115791,0.23420899,-2.435791,-2.025791,-3.155791,0.874209,-1.095791,-1.085791,-0.935791,-0.39579102,1.324209,-0.715791,-1.455791,0.24420899,-0.19579102,-5.775791,-3.995791,-2.115791,-2.135791,-1.0057911,0.304209,-0.415791,-0.935791
-3.945791,-1.435791,-1.405791,-1.495791,-1.465791,-1.475791,1.064209,1.344209,0.604209,-1.335791,-1.945791,-3.755791,-3.155791,-1.3757911,-0.045791015,-1.195791,-0.16579102,-0.525791,0.734209,1.334209,1.464209,0.994209,-0.475791,-3.125791,-1.915791,1.424209,3.394209,5.5542088,3.664209,3.394209,3.9242089,4.544209,3.754209,2.154209,3.864209,3.544209,1.014209,2.964209,2.384209,-2.335791,-4.045791,-3.555791,-1.8757911,-3.425791,-2.615791,-1.515791,-0.695791,-1.115791,-0.385791,-1.645791,-2.125791,0.47420898,0.65420896,0.22420898,-0.26579103,-1.245791,0.334209,-2.355791,-2.445791
-0.445791,0.11420898,0.304209,-0.375791,0.59420896,0.044208985,-2.005791,-0.585791,-0.59579104,-2.285791,-3.045791,-4.515791,-5.815791,-3.675791,-1.6257911,0.744209,2.574209,4.104209,3.484209,2.224209,1.344209,0.944209,0.464209,-0.045791015,-2.355791,-0.955791,0.47420898,5.344209,5.564209,6.474209,5.974209,5.184209,3.134209,1.044209,0.884209,3.604209,1.154209,1.644209,1.1142089,0.334209,-3.655791,-4.295791,-4.125791,-2.775791,-3.665791,-3.665791,-1.815791,-0.475791,-0.825791,-2.115791,-0.775791,-1.245791,-2.245791,-1.435791,-1.155791,-1.865791,-1.685791,-3.005791,-4.985791
-2.8257911,-1.225791,-0.14579101,-3.5757911,-0.055791017,-2.045791,-2.775791,-3.015791,-3.955791,-5.295791,-5.295791,-8.645791,-8.755791,-6.625791,-4.605791,-2.555791,-1.095791,-0.085791014,-0.20579101,-0.42579103,-0.475791,-0.27579102,0.334209,1.284209,2.584209,1.734209,0.924209,-0.42579103,3.844209,4.944209,5.294209,4.904209,4.134209,4.474209,4.474209,2.374209,1.064209,-0.79579103,2.6742089,1.974209,-2.345791,-3.485791,-3.535791,-4.365791,-3.935791,-2.695791,-2.235791,-0.445791,-1.445791,-0.635791,-1.295791,0.90420896,-2.0757911,-1.015791,-2.385791,-0.565791,-0.695791,-1.035791,0.31420898
1.564209,-2.915791,-0.075791016,-5.305791,-0.48579103,-4.295791,-4.775791,-4.615791,-3.885791,-1.785791,-5.675791,-5.385791,-9.175791,-8.025791,-6.315791,-5.015791,-3.915791,-3.365791,-2.835791,-2.805791,-3.435791,-4.225791,-2.135791,-0.775791,-0.23579101,1.304209,1.894209,2.084209,0.52420896,2.974209,4.044209,4.104209,3.9242089,3.774209,3.384209,1.974209,3.774209,5.194209,4.854209,3.484209,3.514209,-0.10579102,-0.79579103,-1.825791,-3.515791,-3.3157911,-4.685791,-1.3757911,-0.79579103,-1.585791,0.684209,-0.12579101,-0.085791014,-1.055791,-1.475791,-1.555791,1.304209,0.47420898,-1.425791
-2.275791,-0.775791,-1.805791,0.984209,2.414209,1.844209,1.574209,0.11420898,-2.715791,-2.455791,-2.465791,-4.735791,-3.885791,-5.525791,-4.375791,-4.1957912,-5.185791,-4.795791,-4.625791,-4.815791,-3.795791,-2.595791,-4.645791,-3.885791,-2.755791,-1.8857911,-1.355791,-0.885791,-0.575791,0.424209,2.154209,2.894209,3.334209,3.484209,3.404209,1.564209,2.974209,3.654209,1.514209,2.344209,1.984209,1.584209,0.424209,-1.285791,0.374209,0.28420898,-5.075791,-2.945791,-1.285791,-1.0057911,-1.425791,-0.565791,-0.965791,-1.205791,-0.385791,-0.15579101,0.10420898,2.564209,1.024209
0.07420898,0.364209,-2.295791,-2.185791,-1.865791,-1.585791,0.054208983,-0.285791,-1.855791,-2.245791,0.11420898,1.074209,-3.935791,-5.185791,-6.225791,-4.815791,-4.055791,-4.525791,-4.665791,-3.465791,-0.585791,-1.975791,-5.915791,-5.185791,-5.395791,-4.435791,-3.215791,-2.465791,-1.825791,-1.6257911,-0.505791,0.944209,2.134209,1.604209,1.944209,2.814209,3.284209,2.764209,2.654209,-0.515791,-1.475791,1.034209,-0.945791,-3.725791,-1.645791,-1.955791,-1.6357911,-0.715791,1.584209,0.35420898,-1.365791,-0.59579104,-1.1357911,1.354209,-1.945791,-0.18579102,1.184209,1.404209,1.544209
-0.085791014,-0.20579101,-3.595791,-2.605791,-4.635791,-4.025791,-1.645791,-1.905791,-2.745791,-2.965791,-1.185791,-3.155791,-6.105791,-5.625791,-4.255791,-4.9457912,-5.015791,-5.415791,-3.775791,-1.575791,0.10420898,0.364209,-1.925791,-1.985791,-2.025791,-4.385791,-5.315791,-5.555791,-4.865791,-2.995791,-1.575791,-0.48579103,-0.22579102,-0.645791,-0.015791016,-1.035791,1.674209,-0.66579103,1.634209,-0.06579102,-3.255791,-2.715791,-3.995791,-3.615791,-4.705791,-3.785791,-2.975791,-0.90579104,1.084209,3.494209,3.104209,-1.065791,-0.475791,-1.305791,-0.445791,-1.2557911,-1.035791,1.224209,0.84420896
-0.17579101,1.464209,-1.515791,-3.0757911,-3.595791,-4.425791,-3.485791,-3.185791,-3.225791,-3.715791,-3.285791,-4.6957912,-6.145791,-6.285791,-5.215791,-3.835791,-1.945791,-5.735791,-5.795791,-3.3257911,-1.805791,-1.425791,0.21420899,-2.905791,-3.275791,-2.535791,-4.045791,-3.915791,-4.875791,-3.225791,-0.945791,-0.555791,-1.465791,1.634209,-0.43579102,0.394209,-0.625791,1.284209,2.554209,-1.835791,-0.935791,-3.005791,-4.155791,-0.635791,1.154209,-1.725791,-0.025791015,-1.115791,0.754209,1.054209,3.594209,0.404209,-0.515791,-0.285791,-1.175791,0.974209,0.064208984,-1.2557911,-1.195791
-0.85579103,0.034208983,-1.405791,-3.355791,-4.535791,-4.115791,-3.735791,-4.235791,-3.665791,-3.445791,-3.845791,-2.695791,-6.615791,-6.365791,-5.325791,-4.085791,-5.765791,-7.825791,-5.365791,-2.965791,-4.395791,-3.695791,-2.165791,-0.625791,-1.735791,-4.525791,-4.405791,-5.035791,-4.165791,-2.375791,-1.285791,1.024209,0.32420897,2.314209,2.064209,2.084209,0.48420897,2.374209,1.724209,2.004209,-1.855791,-0.09579101,-1.685791,-0.21579102,-1.665791,0.024208985,-0.865791,-0.875791,-0.025791015,0.364209,0.47420898,2.584209,0.784209,0.464209,0.95420897,-1.265791,-0.375791,-1.745791,-0.585791
-2.205791,-2.605791,-2.545791,-3.555791,-4.155791,-4.455791,-2.355791,-2.685791,-2.925791,-4.365791,-4.835791,-4.755791,-2.435791,-4.025791,-2.915791,-3.885791,-1.365791,-6.065791,-5.365791,-3.425791,-4.185791,-5.115791,-4.045791,-1.055791,-0.85579103,-0.12579101,-3.115791,-4.435791,-3.405791,-3.515791,-1.695791,1.274209,1.2442089,-1.175791,5.984209,5.094209,2.124209,-0.39579102,2.534209,2.084209,-0.27579102,-2.755791,-1.195791,-1.305791,-1.095791,-0.375791,1.1142089,-0.39579102,-1.615791,-0.815791,1.214209,1.944209,4.724209,0.71420896,0.41420898,-1.075791,-2.595791,-0.695791,-2.785791
-1.675791,-1.565791,-1.8857911,-2.115791,-3.055791,-3.025791,-3.945791,-1.405791,-2.915791,-4.995791,-4.465791,-9.455791,-4.985791,-3.535791,-3.975791,-7.215791,-6.245791,-7.485791,-6.285791,-3.165791,-3.335791,-4.015791,-5.985791,-1.665791,-1.695791,-2.235791,-3.525791,-3.285791,-2.455791,-3.535791,-1.6357911,0.35420898,3.074209,3.784209,-0.805791,5.524209,4.644209,0.21420899,0.47420898,1.2442089,-1.065791,-2.125791,-3.005791,-3.085791,-2.505791,-2.905791,-0.48579103,2.444209,2.164209,-2.855791,-0.555791,0.724209,2.244209,2.094209,3.544209,1.8642089,-0.615791,0.08420899,-1.655791
0.0042089843,0.564209,0.22420898,0.764209,2.364209,-2.105791,-2.945791,-2.385791,-4.285791,-8.245791,-1.895791,-4.875791,-4.9457912,-1.945791,-0.045791015,0.24420899,-3.785791,-6.725791,-10.025791,-7.345791,-4.385791,-3.735791,-4.735791,-3.375791,-3.135791,-3.655791,-3.475791,-2.275791,-2.365791,-2.8257911,-1.455791,-0.90579104,2.054209,2.274209,-1.895791,3.6742089,4.014209,1.354209,0.18420899,0.404209,-0.865791,-2.595791,-2.8157911,-3.675791,-3.585791,-3.5757911,-2.645791,-0.645791,1.164209,0.874209,-2.525791,-1.535791,-1.225791,0.89420897,2.254209,-0.625791,0.514209,-1.605791,0.18420899
0.614209,1.724209,0.11420898,1.804209,1.184209,0.044208985,0.364209,1.8642089,2.564209,-3.295791,-0.885791,-3.175791,-6.135791,-4.725791,-2.685791,-1.185791,-4.885791,-4.645791,3.734209,-5.985791,-5.795791,-5.205791,-4.495791,-4.585791,-4.565791,-4.455791,-1.945791,-1.705791,-1.795791,-2.425791,-2.0657911,-0.12579101,1.254209,0.634209,0.604209,-0.775791,3.974209,2.754209,1.1242089,-0.16579102,1.064209,-3.3257911,-4.555791,-4.155791,-2.925791,-1.825791,-3.215791,-0.26579103,0.31420898,2.524209,-1.705791,-2.475791,-3.0657911,-0.43579102,-1.335791,-1.165791,-0.675791,2.004209,-0.985791
0.0042089843,1.894209,1.434209,1.6242089,1.704209,0.77420896,2.894209,5.344209,3.814209,5.014209,-0.645791,-1.435791,-0.515791,-7.845791,-1.685791,-2.035791,-2.215791,-4.795791,1.6142089,-2.505791,-2.515791,-5.215791,-4.985791,-4.665791,-3.745791,-3.405791,-3.035791,-2.675791,-1.645791,-1.575791,-1.515791,0.16420898,0.504209,-0.60579103,-0.45579103,-2.145791,1.104209,1.8642089,3.444209,0.304209,0.58420897,-4.345791,-3.345791,-2.595791,-1.595791,-1.545791,-3.735791,-3.045791,-0.46579102,1.104209,-1.685791,-2.475791,-2.875791,-2.035791,-1.305791,-0.735791,-0.43579102,-1.2557911,-0.30579102
-0.53579104,1.7442089,1.844209,1.574209,2.024209,2.854209,4.324209,4.794209,1.8642089,2.994209,-1.485791,-2.385791,0.364209,1.534209,0.10420898,1.654209,1.9942089,-0.22579102,5.214209,-0.885791,-2.455791,-4.615791,-4.995791,-4.175791,-2.165791,-2.785791,-3.885791,-2.835791,-1.865791,-1.395791,-1.085791,1.344209,1.234209,-0.085791014,0.52420896,-2.845791,0.10420898,2.234209,0.664209,-0.405791,-0.875791,0.28420898,-3.135791,-1.415791,-2.725791,-1.965791,-2.255791,-3.415791,-1.665791,-1.435791,-2.0757911,-2.3157911,-3.125791,-1.275791,-1.435791,-0.43579102,-5.635791,-3.655791,-1.465791
-0.885791,0.794209,1.274209,2.104209,2.344209,2.724209,2.524209,3.474209,3.384209,0.38420898,-0.525791,-0.22579102,1.314209,0.44420898,1.204209,1.844209,-6.215791,0.59420896,0.77420896,-0.985791,-3.305791,-4.485791,-4.1957912,-3.495791,-3.495791,-4.155791,-3.975791,-2.665791,-1.705791,-1.435791,-0.65579104,-0.515791,1.654209,-0.15579101,-0.54579103,-3.395791,-1.165791,-1.765791,-1.775791,-0.09579101,-1.155791,-2.225791,-4.165791,-3.765791,-2.685791,-3.195791,-2.465791,-2.395791,-2.125791,-2.3257911,-1.245791,-1.865791,-1.245791,0.394209,-0.36579102,0.19420898,-2.835791,-3.245791,-2.685791
-0.59579104,-0.79579103,0.84420896,2.284209,1.064209,2.604209,3.274209,1.464209,2.894209,-0.13579102,-2.745791,1.144209,-1.595791,-1.265791,0.18420899,0.08420899,0.744209,0.014208985,-3.545791,0.17420898,-3.665791,-4.395791,-4.335791,-3.135791,-4.145791,-4.625791,-4.125791,-2.745791,-1.395791,-0.675791,-1.145791,-0.445791,0.44420898,0.344209,-2.805791,-3.375791,-2.085791,-1.415791,-1.805791,-0.21579102,0.754209,0.14420898,-3.275791,-4.705791,-4.365791,-3.875791,-3.655791,-2.875791,-2.925791,-2.475791,-2.915791,-1.645791,-0.59579104,-0.255791,-0.525791,-2.665791,-2.8257911,-2.405791,-4.545791
-0.97579104,-0.39579102,0.064208984,1.3742089,0.44420898,1.524209,1.734209,2.504209,0.824209,-2.095791,-0.965791,-0.285791,-4.065791,-1.995791,-0.835791,-2.5657911,-1.365791,-0.85579103,-2.545791,-2.975791,-3.945791,-4.175791,-3.655791,-4.405791,-3.895791,-4.575791,-3.835791,-3.125791,-0.575791,-0.19579102,-0.39579102,-0.29579103,-2.795791,0.89420897,-0.10579102,-3.755791,-2.515791,0.32420897,0.44420898,-1.105791,-0.85579103,-0.325791,-1.3857911,-3.805791,-3.335791,-4.655791,-3.475791,-2.775791,-2.335791,-3.275791,-3.175791,-3.455791,-0.965791,-1.015791,-0.965791,-1.605791,-2.405791,-4.285791,-5.225791
-0.285791,0.70420897,-0.46579102,-1.445791,-0.0057910155,-0.18579102,2.644209,1.314209,-0.91579103,-3.045791,-1.665791,-1.945791,-3.465791,-3.805791,-1.235791,-3.235791,-3.0657911,-1.565791,-2.785791,-3.405791,-4.105791,-4.345791,-4.055791,-4.315791,-3.555791,-3.415791,-3.085791,-2.515791,-0.555791,-0.12579101,0.65420896,-0.375791,-2.345791,-1.515791,0.32420897,-4.525791,-2.685791,-1.615791,-0.565791,-0.115791015,-1.665791,-1.115791,0.17420898,-2.615791,-1.3757911,-4.095791,-3.115791,-2.335791,-2.225791,-1.955791,-4.115791,-3.785791,-4.205791,-3.105791,-1.525791,-2.165791,-2.635791,-5.145791,-6.485791
0.014208985,1.144209,-4.015791,-2.605791,-1.445791,-0.405791,-0.24579102,-1.115791,-2.365791,-1.205791,-2.205791,-2.425791,-2.845791,-3.055791,-2.345791,-2.845791,-2.995791,-2.525791,-2.705791,-3.105791,-3.665791,-4.935791,-5.175791,-3.485791,-2.235791,-1.935791,-2.505791,-1.905791,-0.60579103,0.14420898,1.444209,0.864209,0.22420898,-1.515791,-2.585791,-0.965791,-4.245791,-2.595791,-1.535791,0.52420896,-2.145791,-2.595791,0.804209,0.754209,-3.105791,-0.645791,-3.085791,-3.635791,-0.615791,-2.175791,-2.655791,-0.97579104,1.564209,-0.585791,1.424209,0.25420898,-1.405791,-5.045791,-6.305791
1.384209,0.07420898,-0.24579102,-1.155791,0.824209,-2.865791,1.144209,-2.975791,-3.945791,-2.375791,-2.345791,-2.735791,-2.3257911,-2.695791,-2.975791,-2.385791,-2.605791,-2.3257911,-2.205791,-1.785791,-1.395791,-3.425791,-4.075791,-3.645791,-2.155791,-2.355791,-1.405791,-1.805791,0.20420898,-0.0057910155,0.694209,-1.245791,0.434209,-0.315791,-0.78579104,-1.205791,-4.325791,-1.995791,-2.765791,1.274209,-3.235791,-4.1957912,-1.565791,-0.705791,-3.675791,-1.345791,-2.755791,-1.485791,-1.185791,-0.20579101,-2.0657911,-1.335791,-0.39579102,2.274209,3.254209,2.144209,-1.365791,-4.045791,-5.065791
-2.8157911,0.724209,-0.565791,-1.905791,1.324209,-1.365791,0.17420898,0.034208983,0.18420899,-2.145791,-3.805791,-2.755791,-2.175791,-1.275791,-2.8257911,-2.435791,-2.745791,-2.5657911,-2.645791,-1.695791,-1.715791,-3.335791,-4.035791,-2.455791,-2.795791,-3.365791,-1.415791,-0.765791,-0.115791015,-0.585791,0.034208983,-2.835791,0.874209,0.13420898,0.664209,0.70420897,0.024208985,0.28420898,-1.065791,-1.275791,-2.655791,-5.165791,-3.295791,-0.90579104,-0.16579102,0.404209,-0.59579104,-1.805791,0.944209,0.344209,0.89420897,1.154209,2.734209,3.604209,3.894209,4.004209,1.564209,-1.535791,-2.755791
-1.855791,0.71420896,-0.525791,3.324209,0.18420899,-2.215791,0.034208983,-2.705791,-0.085791014,-1.165791,-2.165791,-3.295791,-2.465791,-0.18579102,1.764209,-0.695791,-2.475791,-2.495791,-2.595791,-0.685791,-0.645791,-2.425791,-1.6357911,-1.585791,-2.225791,-3.245791,-1.785791,-1.365791,-1.1257911,-0.775791,-2.105791,-0.60579103,-2.735791,-0.33579102,2.624209,0.564209,1.584209,-1.685791,-1.1357911,-1.595791,-0.755791,-2.5757911,-3.885791,0.514209,-0.745791,0.48420897,0.17420898,0.554209,0.77420896,0.464209,-0.045791015,0.334209,2.1842089,3.384209,4.274209,5.174209,4.624209,2.534209,0.47420898
-0.27579102,0.094208986,1.414209,1.334209,1.644209,2.214209,1.154209,-2.375791,-0.84579104,0.404209,-1.315791,-4.435791,-3.255791,-1.395791,1.214209,2.074209,-0.90579104,-1.985791,-3.305791,1.724209,-0.315791,0.45420897,-1.285791,-0.935791,-1.355791,-0.735791,-1.065791,-0.715791,-1.0057911,-1.145791,-0.39579102,-1.275791,-3.5757911,-0.59579104,0.734209,-0.19579102,-2.205791,-1.645791,-0.53579104,-0.865791,-0.575791,-4.035791,-5.175791,-5.835791,-2.735791,-1.415791,-3.465791,-2.755791,-0.925791,-2.895791,-1.675791,-1.425791,0.544209,2.354209,4.5542088,6.634209,6.8042088,7.104209,6.524209
