raw-data/2018091806.json
{"header": { "discipline":0, "disciplineName":"Meteorological products", "gribEdition":2, "gribLength":74815, "center":7, "centerName":"US National Weather Service - NCEP(WMC)", "subcenter":0, "refTime":"2018-09-18T06:00:00.000Z", "significanceOfRT":1, "significanceOfRTName":"Start of forecast", "productStatus":0, "productStatusName":"Operational products", "productType":1, "productTypeName":"Forecast products", "productDefinitionTemplate":0, "productDefinitionTemplateName":"Analysis/forecast at horizontal level/layer at a point in time", "parameterCategory":2, "parameterCategoryName":"Momentum", "parameterNumber":3, "parameterNumberName":"V-component_of_wind", "parameterUnit":"m.s-1", "genProcessType":2, "genProcessTypeName":"Forecast", "forecastTime":0, "surface1Type":103, "surface1TypeName":"Specified height level above ground", "surface1Value":10.0, "surface2Type":255, "surface2TypeName":"Missing", "surface2Value":0.0, "gridDefinitionTemplate":0, "gridDefinitionTemplateName":"Latitude_Longitude", "numberPoints":65160, "shape":6, "shapeName":"Earth spherical with radius of 6,371,229.0 m", "gridUnits":"degrees", "resolution":48, "winds":"true", "scanMode":0, "nx":360, "ny":181, "basicAngle":0, "lo1":0.0, "la1":90.0, "lo2":359.0, "la2":-90.0, "dx":1.0, "dy":1.0 }, "data":
[rows 52 to 77 of 181, columns 177 to 235 of 360]
1.4544091,0.46440917,-0.59559083,-1.6755909,-2.3955908,-2.9155908,-3.275591,-4.005591,-5.355591,-6.4955907,-7.635591,-8.165591,-7.025591,-6.945591,-5.925591,-5.175591,4.284409,2.6544092,6.244409,4.644409,5.284409,5.704409,5.514409,5.144409,4.9244094,3.6844091,2.8344092,2.3344092,1.3644092,2.5944092,3.5644093,3.714409,3.5644093,3.0444093,1.6144092,0.3244092,-0.3955908,-0.9255908,-1.6455908,-2.245591,-1.8855908,-2.4555907,-1.8355908,-0.89559084,-0.95559084,-0.52559084,-0.9755908,-1.8655908,-3.3455908,-4.275591,-5.235591,-5.275591,-5.815591,-5.9955907,-5.5755906,-6.405591,-7.625591,-8.025591,-8.185591
0.7144092,-0.44559082,-1.7155908,-2.3155909,-2.3355908,-2.6055908,-3.1155908,-4.415591,-5.815591,-6.775591,-7.115591,-6.5155907,-4.105591,-1.1255908,1.0544091,1.6044092,2.264409,4.784409,3.254409,4.5244093,5.514409,4.434409,3.5344093,4.5044093,3.004409,2.1044092,1.0944092,0.54440916,0.3544092,1.6544092,2.3744092,3.5844092,3.9044092,3.1344092,1.8844092,0.54440916,-0.9155908,-1.4955908,-1.5955908,-2.035591,-2.9355907,-2.7055907,-1.9855908,-1.3255908,-1.2855908,-1.2155908,-1.2155908,-2.9055908,-4.0155907,-4.965591,-5.3455906,-5.335591,-5.615591,-5.355591,-5.045591,-5.7255907,-6.735591,-7.565591,-7.735591
-1.3355908,-2.6855907,-3.265591,-2.8655908,-2.6255908,-2.2955909,-2.8055909,-4.0755906,-5.3255906,-4.9355907,-1.3155909,1.2944092,1.3544092,1.4044092,1.1844091,2.6444092,2.8344092,2.234409,2.4144092,5.224409,4.0044093,2.8544092,3.0244093,2.974409,1.5744091,0.79440916,0.6844092,0.48440918,1.3444092,1.6044092,2.4444091,3.4344091,4.344409,3.264409,1.7744092,0.53440917,-0.8155908,-1.1955909,-1.1455908,-2.2055907,-2.8655908,-2.6655908,-2.1555908,-2.0855908,-1.9655908,-1.4055908,-1.7855908,-3.785591,-4.615591,-5.465591,-5.925591,-6.155591,-5.8255906,-5.545591,-4.775591,-4.9755907,-5.855591,-6.875591,-7.665591
-1.9955908,-2.3255908,-0.8155908,-0.51559085,0.2944092,0.08440918,0.46440917,0.67440915,0.48440918,1.1744092,2.5744092,2.474409,2.004409,2.0744092,2.0444093,1.3444092,1.6044092,-1.3855908,5.394409,4.2144094,2.6544092,1.1844091,2.8444092,1.7844092,0.37440917,-0.19559082,-1.0355908,0.66440916,0.6944092,1.7044091,2.1144092,1.9044092,3.8344092,2.714409,1.5144092,0.12440918,-0.48559082,-1.2055908,-1.6555908,-2.275591,-3.1755908,-3.6355908,-2.4555907,-2.3855908,-2.3055909,-2.1955907,-2.3255908,-3.7155907,-4.9955907,-5.8255906,-6.315591,-7.065591,-7.4955907,-4.5555906,-1.7255908,-3.4355907,-4.775591,-6.0355906,-7.165591
-0.9955908,0.30440918,0.09440918,0.14440918,1.5944092,2.2844093,1.9744092,1.3344092,1.3044091,1.9444091,2.5644093,2.004409,1.7444092,1.4244092,0.59440917,1.0544091,-1.0355908,0.19440918,3.6944091,3.0244093,1.9444091,-0.23559082,1.6844091,1.2944092,-0.22559083,0.10440918,0.5744092,0.46440917,2.6044092,2.6744092,2.2044091,1.5144092,3.004409,2.4344091,0.3844092,0.01440918,-0.06559082,-0.4255908,-1.3655908,-2.755591,-3.3555908,-3.275591,-2.7955909,-3.3655908,-3.245591,-1.7455908,-2.6455908,-3.8355908,-5.0155907,-6.0355906,-6.895591,-7.195591,-5.165591,-3.6855907,0.4744092,-2.6155908,-4.355591,-5.215591,-6.385591
-0.6855908,-0.70559084,-0.37559083,1.2144092,1.9444091,1.4444091,1.1144092,1.0544091,1.3244091,1.4344091,1.2944092,1.2544092,1.1644092,2.0544093,0.6144092,0.2544092,-0.43559083,1.9244092,3.1144092,2.234409,1.4844092,-0.70559084,0.59440917,-0.19559082,-0.18559082,-0.6155908,-0.46559083,3.3044093,2.744409,2.224409,1.6144092,-0.11559082,1.9644092,2.3544092,1.1744092,0.48440918,-0.43559083,-0.96559083,-1.1955909,-2.015591,-2.235591,-2.8755908,-3.2255907,-3.3055909,-3.8655908,-1.3755908,-2.9455907,-4.115591,-5.235591,-5.895591,-6.255591,-5.625591,-4.855591,-1.2655908,-1.8555908,-3.3755908,-4.5155907,-5.3255906,-6.365591
-1.4855908,-0.82559085,0.8844092,1.1344092,0.6144092,0.4444092,0.5544092,0.20440918,1.3144091,0.11440918,0.4744092,3.0844092,2.3244092,1.7644092,1.0944092,-0.38559082,0.43440917,1.2844092,1.4544091,0.91440916,0.6844092,0.8244092,0.08440918,0.02440918,0.73440915,2.6344092,2.8244092,2.214409,2.0244093,1.0944092,0.7444092,-0.64559084,0.8944092,0.7744092,0.19440918,-0.31559083,-1.0855908,-0.44559082,0.40440917,-0.6755908,-1.6055908,-2.5555909,-2.3455908,-2.8655908,-1.7955909,-2.285591,-3.1955907,-4.2455907,-5.645591,-6.2255907,-6.295591,-4.905591,-2.5655909,-2.6955907,-3.515591,-4.3255906,-4.7655907,-5.525591,-6.335591
-0.70559084,0.26440918,0.6344092,0.08440918,-0.46559083,-0.3955908,-0.7355908,-0.47559083,-0.23559082,-0.09559082,1.0444092,1.8144091,1.3044091,0.5844092,0.5544092,1.0744091,1.0044092,0.42440918,0.53440917,1.9644092,1.5444092,0.08440918,0.19440918,0.3244092,0.78440917,1.1344092,0.97440916,0.39440918,-0.14559083,-0.15559082,-0.9255908,-0.06559082,1.2344092,0.30440918,0.9344092,0.79440916,0.9344092,0.20440918,-0.2755908,-0.5055908,-1.0355908,-1.7355908,-2.235591,-2.535591,-2.8055909,-2.9055908,-3.525591,-4.2255907,-4.625591,-4.425591,-4.115591,-3.9355907,-4.155591,-3.255591,-3.6755908,-4.115591,-4.9555907,-5.545591,-6.355591
-0.59559083,-0.28559083,-0.43559083,-0.59559083,-1.0055908,-1.4655908,-2.015591,-2.005591,-1.0655909,-0.52559084,0.6444092,2.0544093,1.8044091,0.60440916,0.0044091796,0.08440918,1.0344092,0.53440917,0.24440917,1.6444092,0.49440917,0.11440918,0.53440917,0.24440917,0.36440918,0.17440918,-0.52559084,-0.6155908,-0.3955908,-0.5555908,-0.6055908,-0.3055908,0.3544092,0.9444092,0.36440918,0.12440918,-0.13559082,-0.6655908,-0.5555908,-0.4255908,-0.95559084,-1.4355909,-1.8155909,-2.1855907,-2.4455907,-2.8355908,-3.735591,-3.9255908,-3.3655908,-3.8055909,-4.415591,-4.695591,-4.605591,-3.3255908,-4.2855906,-4.3455906,-4.9555907,-5.875591,-6.7055907
-1.5555909,-1.5855908,-1.5355908,-1.7755908,-1.7555908,-2.1055908,-2.1955907,-1.9655908,-1.0255908,0.15440919,1.7844092,2.6144092,1.8444092,0.49440917,-0.6055908,0.45440918,1.2044091,1.0644091,0.8944092,0.91440916,0.30440918,-0.21559082,-0.3055908,-0.57559085,-0.29559082,-0.38559082,-0.24559082,-0.57559085,-1.1555908,-0.24559082,-0.5355908,0.20440918,0.22440918,-0.09559082,0.06440918,0.16440918,0.23440918,0.36440918,0.30440918,-0.15559082,-0.84559083,-1.2655908,-1.8255908,-2.1155908,-2.4255908,-2.6855907,-3.235591,-3.4755907,-3.755591,-3.6955907,-3.4155908,-4.0755906,-4.525591,-4.8455906,-5.275591,-5.005591,-5.4555907,-6.365591,-7.0355906
-2.775591,-2.0455909,-1.7255908,-2.1855907,-2.3655908,-2.6255908,-2.515591,-1.5855908,-0.6755908,1.5644091,2.8744092,2.5744092,1.0144092,-0.77559084,-0.15559082,2.494409,1.4244092,0.26440918,-0.21559082,0.28440917,0.42440918,0.22440918,-0.00559082,0.07440918,-0.41559082,-0.7855908,-0.57559085,-0.24559082,-0.03559082,-0.11559082,-0.16559082,-0.57559085,-0.8155908,-0.6755908,-0.70559084,-0.59559083,-0.6855908,-0.6955908,-0.5055908,-0.35559082,-0.40559083,-0.57559085,-1.0455909,-1.9655908,-2.3355908,-2.7255907,-3.1455908,-3.505591,-3.6755908,-3.9455907,-4.255591,-4.605591,-4.9555907,-5.315591,-5.3455906,-5.7455907,-6.2855906,-6.7255907,-7.2055907
-3.8755908,-3.5955908,-3.1855907,-3.035591,-3.6755908,-3.6855907,-2.5455909,-0.16559082,1.4244092,2.3944092,3.1644092,2.3544092,1.4544091,0.9644092,0.3544092,0.4144092,0.6144092,0.65440917,1.1944091,0.60440916,-0.16559082,-0.38559082,-0.17559081,-0.38559082,-0.9355908,-1.2355908,-0.9755908,-0.13559082,0.15440919,-0.38559082,-1.0655909,-1.7155908,-1.5755908,-1.8555908,-2.1655908,-2.3855908,-2.035591,-1.5955908,-1.1055908,-0.6655908,-0.3655908,-0.7955908,-1.3355908,-1.9255909,-2.5655909,-3.025591,-3.1955907,-3.3955908,-3.8155909,-4.235591,-4.695591,-5.065591,-5.165591,-5.365591,-5.855591,-6.1855907,-6.5355906,-6.9355907,-7.145591
-4.485591,-3.235591,-3.505591,-3.8155909,-4.235591,-3.3955908,-1.3655908,1.6244092,3.4344091,3.6344092,3.6944091,3.1144092,1.6744092,0.6844092,0.8244092,0.59440917,2.244409,0.8144092,-0.05559082,-0.64559084,0.37440917,-0.37559083,-0.6755908,-0.4255908,-0.84559083,-1.2655908,-1.4155908,-0.9155908,-1.0455909,-1.3955908,-1.3855908,-1.9055908,-2.8355908,-3.7955909,-3.4555907,-1.2355908,0.07440918,1.1644092,1.1244092,0.92440915,-0.12559082,-0.7855908,-1.4555908,-2.0655909,-2.6655908,-3.1355908,-3.495591,-3.8055909,-4.025591,-4.4355907,-4.915591,-5.145591,-5.2655907,-5.565591,-5.775591,-5.9555907,-6.335591,-6.7455907,-6.9955907
-4.5955906,-4.385591,-4.655591,-5.2455907,-4.925591,-3.745591,-1.0355908,2.4344091,5.0644093,4.594409,3.8544092,3.1044092,3.1944091,1.2044091,0.8844092,0.8144092,1.0944092,0.8644092,-0.06559082,-0.43559083,-0.35559082,-0.84559083,-1.4855908,-0.48559082,-0.90559083,-1.4355909,-1.9555908,-1.8655908,-1.7455908,-1.1455908,-1.6755909,-2.7155907,-4.2255907,-4.775591,-2.535591,0.16440918,1.3744092,1.4444091,0.6844092,0.4144092,0.23440918,-0.8655908,-1.1255908,-1.8355908,-2.525591,-3.0555909,-3.5755908,-3.9555907,-4.365591,-4.525591,-4.865591,-5.1855907,-5.445591,-5.4355907,-5.7655907,-6.065591,-6.425591,-6.7255907,-7.065591
-5.085591,-5.195591,-5.425591,-5.395591,-5.5155907,-3.8755908,-0.05559082,3.5744092,5.4044094,4.2744093,3.2044091,3.9344091,2.974409,2.5644093,1.7444092,1.4344091,0.7544092,0.6144092,-0.3355908,-1.0255908,-1.1355908,-1.1155908,-1.0955908,-1.1255908,-1.4855908,-1.1055908,-0.7555908,-0.8655908,-0.96559083,-1.4255909,-2.3755908,-3.535591,-5.085591,-4.5155907,-2.505591,0.04440918,1.0544091,1.6244092,1.0344092,0.30440918,-0.31559083,-0.6655908,-1.0755908,-1.6955909,-2.1055908,-2.8155909,-3.3555908,-3.8855908,-4.395591,-4.715591,-5.275591,-5.5555906,-5.775591,-6.045591,-6.1855907,-6.385591,-6.565591,-6.775591,-7.135591
-5.545591,-5.525591,-5.0755906,-6.0755906,-5.6855907,-2.515591,2.7844093,5.364409,4.7544093,3.3044093,2.5844092,2.0444093,2.474409,2.3044093,1.5644091,1.1444092,1.0144092,0.43440917,-0.7555908,-1.7255908,-1.7455908,-0.9355908,-1.3255908,-1.7055908,-0.9755908,-0.82559085,-1.2855908,-1.5455909,-1.9255909,-2.245591,-3.1155908,-3.7255907,-4.9555907,-4.5155907,-2.7955909,-0.3955908,1.3444092,2.464409,1.3844092,1.2744092,0.5244092,-0.02559082,-1.1855909,-1.7655908,-2.4355907,-2.9655907,-3.5555909,-4.105591,-4.5755906,-5.105591,-5.4355907,-5.8255906,-6.2055907,-6.485591,-6.415591,-6.545591,-6.505591,-6.775591,-7.2455907
-5.2455907,-5.2655907,-4.625591,-4.085591,-2.6655908,2.0544093,3.224409,5.054409,5.354409,3.3644092,3.2944093,2.224409,1.9244092,1.6244092,1.1244092,1.0244092,0.79440916,0.10440918,-0.7455908,-1.5655909,-2.755591,-1.6255908,-1.6055908,-1.2555908,-2.485591,-0.90559083,-1.3755908,-1.4555908,-1.8855908,-3.3455908,-3.4055908,-3.8755908,-4.5755906,-4.905591,-3.525591,0.05440918,1.2344092,2.4444091,4.0444093,2.0344093,0.72440916,0.02440918,-0.57559085,-1.5555909,-2.2055907,-2.9055908,-3.495591,-3.9555907,-4.485591,-4.9355907,-5.3055906,-5.815591,-6.235591,-6.2855906,-6.625591,-6.615591,-6.5555906,-6.885591,-7.105591
-3.3155909,-2.8655908,-2.3055909,-1.1555908,0.6944092,0.9444092,2.8644092,3.9544091,3.6044092,1.9544091,2.9244092,2.6444092,2.1044092,1.9744092,1.5844092,1.4744092,1.6644092,0.6144092,-0.24559082,-1.7855908,-1.8055909,-0.6755908,-1.6555908,-3.1655908,-2.255591,-4.6855907,-3.8055909,0.2544092,-1.8155909,-3.3655908,-3.8555908,-4.065591,-4.7455907,-5.2455907,-4.065591,-0.77559084,1.3744092,2.1244092,2.8544092,2.254409,0.91440916,-0.02559082,-0.57559085,-1.3655908,-2.0455909,-2.755591,-3.485591,-4.085591,-4.4555907,-4.8255906,-5.335591,-5.7855906,-6.195591,-6.445591,-6.645591,-6.755591,-6.835591,-6.905591,-6.855591
-2.7255907,-2.4355907,-1.7255908,-0.65559083,0.28440917,1.1744092,1.4044092,2.8344092,2.264409,1.2344092,1.7944092,1.8844092,1.7344092,1.0444092,1.0944092,1.5344092,1.7644092,0.4744092,-0.4555908,-1.1055908,-0.7455908,-1.2055908,-1.5755908,-2.1355908,-2.8355908,-3.0855908,-3.8455908,-5.465591,0.02440918,-3.3055909,-4.2055907,-4.2655907,-4.0355906,-3.9155908,-3.8855908,-1.4755908,0.4444092,2.1044092,0.73440915,1.5744091,0.9444092,0.06440918,-0.76559085,-1.4055908,-2.2255907,-3.2055907,-3.745591,-4.025591,-4.2655907,-4.755591,-5.235591,-5.7255907,-6.045591,-6.315591,-6.565591,-7.0555906,-7.025591,-6.9755907,-7.655591
-1.7655908,-1.2955909,-0.95559084,-0.59559083,-0.04559082,-0.31559083,1.4344091,1.2144092,1.0344092,0.13440917,0.72440916,1.1444092,0.6344092,1.2844092,0.8944092,1.1844091,0.42440918,-0.35559082,-0.7955908,-1.6655908,-1.5955908,-1.0155908,-1.1155908,-2.265591,-3.4155908,-1.8355908,-0.9255908,1.2944092,-6.0355906,-4.385591,-4.865591,-2.755591,-2.0455909,-2.9655907,-2.745591,-1.3555908,-0.71559083,0.6444092,0.13440917,0.4444092,0.48440918,-0.34559083,-0.8555908,-1.5355908,-2.1255908,-2.505591,-3.0855908,-3.5655909,-3.995591,-4.665591,-5.195591,-5.505591,-5.735591,-6.155591,-6.655591,-7.165591,-7.445591,-7.835591,-7.615591
-0.29559082,-0.09559082,0.01440918,0.7144092,0.5144092,0.12440918,0.14440918,0.37440917,0.21440917,0.4744092,-0.13559082,1.1044092,1.0044092,0.85440916,0.8244092,0.6844092,0.5144092,0.6144092,-0.03559082,-0.7455908,-1.5155908,-1.6755909,-0.15559082,-1.1655908,-2.1755908,-1.4555908,-1.3255908,-2.265591,-4.2255907,-4.425591,-4.1855907,-3.5755908,-2.9655907,-2.6655908,-2.775591,-2.3755908,-1.7055908,-0.4555908,-0.5355908,-1.0355908,-0.3955908,-0.51559085,-1.2955909,-1.4555908,-1.9955908,-2.4255908,-2.9055908,-3.4055908,-3.9555907,-4.315591,-4.675591,-5.0555906,-5.485591,-6.215591,-6.6855907,-7.135591,-7.695591,-7.915591,-6.915591
-0.58559084,-0.24559082,-0.01559082,0.01440918,0.04440918,-0.34559083,-0.28559083,-0.5655908,-0.77559084,-0.6255908,-0.6855908,-0.44559082,-0.20559081,0.65440917,0.9444092,1.0744091,1.2344092,0.66440916,-0.6155908,-1.1855909,-1.2655908,-0.46559083,-0.03559082,-1.1155908,-1.6855909,-2.285591,-2.285591,-2.5755908,-4.565591,-4.8055906,-4.6855907,-4.365591,-3.6455908,-3.6855907,-3.3255908,-3.3855908,-1.4555908,-1.3855908,-1.5455909,-1.6455908,-1.5255908,-0.9955908,-1.4955908,-2.1355908,-2.4255908,-2.995591,-3.2955909,-3.8255908,-4.365591,-4.8055906,-5.6855907,-5.7455907,-5.505591,-5.895591,-6.505591,-7.125591,-7.605591,-7.755591,-7.7255907
-0.21559082,-0.24559082,-0.25559083,-0.4255908,-0.6955908,-0.7455908,-0.9155908,-1.1955909,-1.8155909,-1.1355908,-2.005591,-1.6055908,-0.6355908,-0.00559082,0.39440918,0.8044092,0.73440915,0.22440918,-0.65559083,-1.3955908,-1.2755908,-0.6155908,-0.96559083,-1.2955909,-2.1055908,-2.6655908,-3.0655909,-3.3755908,-4.2055907,-5.0555906,-4.9555907,-4.215591,-2.6155908,-1.7355908,-1.7555908,-1.7755908,-1.9955908,-2.0955908,-2.6055908,-2.5655909,-2.3855908,-1.5055908,-1.4755908,-2.6055908,-3.0955908,-3.485591,-3.7255907,-4.005591,-4.3455906,-4.4955907,-4.775591,-4.9955907,-5.4955907,-6.0155907,-6.3255906,-6.875591,-7.445591,-7.865591,-8.015591
0.9544092,1.1544092,-0.3055908,-0.6255908,-1.4455909,-0.8855908,-1.2955909,-1.8155909,-1.4655908,-1.8055909,-2.995591,-1.9955908,-0.48559082,-0.21559082,0.31440917,0.5844092,1.3344092,0.6444092,-0.5455908,-1.0955908,-1.4055908,-1.4955908,-1.5855908,-2.1655908,-2.735591,-3.5755908,-4.0755906,-4.235591,-4.415591,-4.615591,-4.2255907,-2.8355908,-1.8955908,-1.3855908,-1.7855908,-2.2055907,-2.3255908,-2.765591,-3.0855908,-3.3455908,-3.3955908,-3.2155907,-2.7155907,-2.515591,-2.7955909,-4.125591,-4.835591,-4.9955907,-4.715591,-4.5155907,-4.255591,-4.235591,-4.7855906,-5.665591,-6.365591,-6.715591,-6.8055906,-7.0355906,-7.4555907
0.30440918,-0.5455908,-0.7455908,-0.9255908,-0.9255908,-0.7855908,-1.4355909,-2.0955908,-1.7955909,-2.2055907,-1.8955908,-1.4555908,-0.6155908,0.13440917,1.0144092,0.8244092,0.8944092,0.8944092,-0.23559082,-1.2655908,-1.5955908,-1.4655908,-2.0555909,-2.235591,-2.7255907,-3.4155908,-3.3455908,-3.9155908,-4.155591,-4.135591,-3.9755907,-3.265591,-2.6755908,-2.3355908,-2.5655909,-2.8355908,-3.275591,-3.515591,-3.735591,-4.0755906,-4.4955907,-3.3555908,-2.1655908,-1.1955909,-1.2655908,-2.0555909,-2.7255907,-3.6055908,-4.5755906,-5.0355906,-5.195591,-4.5155907,-4.5755906,-4.485591,-4.525591,-5.445591,-5.8455906,-5.415591,-4.4955907
-0.89559084,-1.7855908,-1.6455908,-1.7155908,-1.5555909,-1.5855908,-2.1855907,-2.3555908,-2.2955909,-2.3355908,-1.7255908,-0.6955908,-0.35559082,1.3844092,1.7244092,1.2444092,-0.24559082,0.23440918,0.02440918,-1.1655908,-1.5355908,-1.5755908,-2.015591,-2.4555907,-2.8255908,-3.1855907,-3.7955909,-4.175591,-4.275591,-4.4755907,-4.2855906,-4.0755906,-3.9355907,-3.3555908,-3.3355908,-3.1455908,-3.1455908,-3.6355908,-4.2855906,-4.7455907,-4.615591,-4.125591,-1.6455908,1.0844092,1.1544092,0.12440918,-1.5655909,-2.8655908,-2.015591,-2.535591,-2.8055909,-3.4355907,-4.005591,-4.215591,-4.0155907,-3.3655908,-2.9155908,-3.1355908,-3.6255908
