raw-data/2018091800.json
{"header": { "discipline":0, "disciplineName":"Meteorological products", "gribEdition":2, "gribLength":74658, "center":7, "centerName":"US National Weather Service - NCEP(WMC)", "subcenter":0, "refTime":"2018-09-18T00:00:00.000Z", "significanceOfRT":1, "significanceOfRTName":"Start of forecast", "productStatus":0, "productStatusName":"Operational products", "productType":1, "productTypeName":"Forecast products", "productDefinitionTemplate":0, "productDefinitionTemplateName":"Analysis/forecast at horizontal level/layer at a point in time", "parameterCategory":2, "parameterCategoryName":"Momentum", "parameterNumber":3, "parameterNumberName":"V-component_of_wind", "parameterUnit":"m.s-1", "genProcessType":2, "genProcessTypeName":"Forecast", "forecastTime":0, "surface1Type":103, "surface1TypeName":"Specified height level above ground", "surface1Value":10.0, "surface2Type":255, "surface2TypeName":"Missing", "surface2Value":0.0, "gridDefinitionTemplate":0, "gridDefinitionTemplateName":"Latitude_Longitude", "numberPoints":65160, "shape":6, "shapeName":"Earth spherical with radius of 6,371,229.0 m", "gridUnits":"degrees", "resolution":48, "winds":"true", "scanMode":0, "nx":360, "ny":181, "basicAngle":0, "lo1":0.0, "la1":90.0, "lo2":359.0, "la2":-90.0, "dx":1.0, "dy":1.0 }, "data":
[rows 78 to 103 of 181, columns 58 to 115 of 360]
5.7189293,4.8689294,4.1389294,4.7189293,4.8389297,3.8689294,3.3089294,2.5889294,1.6289295,0.80892944,0.20892945,-1.0310706,-1.4410706,-1.2310705,-1.2710706,-0.77107054,-1.4710705,-2.0310705,0.49892944,0.40892944,-0.28107056,-0.89107054,-3.1510706,-2.6310706,-0.8010706,-0.051070556,0.61892945,1.5089295,3.7189295,4.4389296,5.4989295,5.5089293,5.7889295,5.8289294,5.1289296,4.1989293,5.4789295,6.3089294,6.9689293,7.3189297,6.2089295,0.33892944,2.5189295,3.3589294,2.6489294,0.49892944,0.50892943,3.0489295,1.0989294,0.39892945,0.15892944,-0.90107054,4.9789295,6.3489294,5.5189295,4.4889293,3.3989294,2.0089295
6.6389294,5.6189294,5.7889295,5.8589296,4.5989294,4.1789293,3.0989294,2.3189294,1.4289294,0.34892944,-0.6010706,-1.2810706,-1.4510705,-1.7310705,-1.7310705,-1.4610705,-0.84107053,-1.1510706,-0.9210706,2.7889295,-0.18107055,-0.50107056,-0.35107055,2.6689293,1.7589295,2.5289295,3.7889295,3.6089294,3.6389294,4.8289294,4.798929,4.9989295,5.7889295,5.5089293,5.0189295,5.278929,6.3389297,6.4789295,6.7589293,6.028929,4.5989294,0.06892944,2.7489295,2.3789294,2.8889294,2.3789294,0.16892944,2.5289295,1.6389295,1.4089295,-0.16107056,3.1989295,5.0389295,4.8789296,4.1489296,3.5689294,2.0689294,0.31892943
6.3289294,5.2289295,4.548929,4.8789296,4.3489294,3.5189295,2.7189295,2.0889294,1.0989294,0.16892944,-0.69107056,-1.0610706,-1.5110706,-2.1610706,-1.8310705,-1.4910705,-1.2810706,-1.4310706,-1.0210706,-0.53107053,-0.8610706,-0.45107055,4.1589293,6.6189294,5.1689296,3.7589295,3.8389294,4.3589296,4.778929,5.3689294,5.2489295,5.8789296,6.1389294,6.3289294,6.6189294,7.0389295,7.2689295,7.4289293,6.8389297,5.8889294,4.1289296,-0.16107056,1.8489294,1.9489294,2.3589294,1.2189294,2.2489295,2.4989295,1.8689294,3.3889294,3.7389295,3.8289294,4.0189295,3.5489295,3.5789294,2.8589294,1.0189295,0.26892945
5.7589293,4.4889293,4.798929,4.1589293,3.4189293,2.9089293,2.4489295,1.5989294,0.62892944,-0.27107057,-0.9810706,-1.1810706,-1.4710705,-2.2710705,-2.3910706,-1.4110706,0.55892944,-0.17107056,-2.5610704,-0.6110706,1.7889295,4.0589294,5.048929,5.0989294,4.7889295,5.2689295,3.5789294,6.2289295,6.8989296,6.6189294,7.1189294,7.0589294,6.4989295,6.6189294,6.6089296,6.4289293,6.9289293,7.4489293,7.298929,6.3889294,4.798929,1.0489295,-0.87107056,4.278929,4.6389294,2.2689295,1.3389294,1.2889295,4.0189295,4.4389296,4.6389294,3.3689294,2.7789295,2.6689293,2.4989295,1.5289295,0.42892945,-0.21107055
4.4789295,4.0989294,4.3489294,3.5589294,2.7589295,2.2489295,1.8489294,1.3089294,0.25892943,-0.96107054,-1.5910705,-1.7110705,-1.6310706,-1.2810706,-1.3210706,0.038929444,0.66892946,-0.18107055,-1.2610706,-2.8510706,2.2989295,4.5389295,4.3689294,1.9989295,2.6289294,4.3589296,7.0689297,7.4189296,7.3489294,7.2689295,7.2189293,7.1289296,6.7889295,6.6189294,6.6689296,6.8689294,6.9689293,7.0589294,6.9889293,6.3089294,5.0389295,0.7089294,0.56892943,2.5289295,3.5789294,3.3089294,4.0189295,3.8589294,4.1189294,3.5089295,2.7389295,2.4489295,2.1689293,1.3989295,0.5889294,-0.14107056,-0.6110706,-1.0710706
3.5089295,3.7889295,3.4589295,2.9489295,2.3489294,1.8989295,1.4289294,0.8389294,-0.051070556,-1.4510705,-1.9610705,-1.7910706,-1.4410706,-1.0910705,-0.27107057,-0.26107055,-0.45107055,-0.25107056,-0.5510706,-0.46107057,0.34892944,2.6689293,1.5789294,0.9589294,6.8389297,8.008929,7.2389293,7.0989294,6.9789295,7.0689297,6.8589296,6.6189294,6.7589293,6.9189296,6.9089293,7.1589293,6.1689296,7.6489296,6.9389296,5.3789296,3.8289294,2.5789294,0.43892944,3.6689293,2.8389294,3.8289294,4.4789295,4.1689296,3.6389294,2.5389295,2.0589294,1.7189294,0.48892945,-0.21107055,-0.8610706,-1.4510705,-1.8010706,-1.7810706
3.5689294,3.8389294,3.3989294,2.5589294,1.9389294,1.5589294,1.0689294,0.6989294,0.62892944,0.34892944,0.6489294,0.54892945,0.81892943,0.55892944,-0.48107055,-0.6010706,-0.38107055,-0.65107054,0.008929444,0.80892944,1.7489295,2.8489294,2.4489295,2.5889294,5.2389293,6.3589296,6.6189294,6.9589295,7.1089296,7.4489293,7.1089296,7.3989296,7.7189293,7.8489294,8.18893,7.8689294,7.8589296,8.008929,2.7489295,2.5089295,1.9289294,1.2789295,2.2089295,0.7689294,0.78892946,-1.1210705,4.6489296,4.2489295,3.6289294,2.5289295,2.1789293,-0.34107056,-1.0310706,-1.8410705,-2.3610706,-2.4810705,-2.2910705,-1.7310705
3.8389294,3.4589295,2.9889295,2.2889295,1.6889294,1.4889294,1.2389294,0.84892946,0.25892943,0.33892944,0.53892946,0.10892944,0.33892944,0.29892945,0.40892944,0.09892944,0.04892944,0.118929446,-0.23107056,0.90892947,2.3989294,3.3389294,3.4189293,3.8989294,4.9589295,6.2589293,6.5089293,6.5689297,6.8189297,6.7389293,6.7089295,6.3389297,6.2389293,6.9989295,6.6889296,6.2089295,5.5989294,4.0789294,1.3589294,1.6789294,3.5289295,0.06892944,2.3289294,-0.07107056,0.35892946,-0.43107057,3.2789295,4.298929,3.3689294,2.7789295,1.7389294,-1.1210705,-1.9510705,-2.8610706,-3.2010705,-3.2610705,-1.9610705,0.44892943
3.5289295,2.9489295,2.4789295,2.1889296,1.8489294,1.3389294,0.7689294,0.28892943,0.18892944,0.12892944,0.12892944,0.09892944,-0.48107055,-0.63107055,0.5289295,0.96892947,0.5789294,0.7789295,1.1389295,1.8089294,2.4289293,2.2989295,2.8289294,3.2889295,4.3089294,4.5089293,4.6489296,5.3489294,6.1089296,6.2189293,6.6189294,6.9489293,6.6589293,6.4089293,6.0389295,5.0089293,4.4589295,3.4389296,-1.2010705,0.38892946,0.97892946,2.1089294,-0.69107056,-0.45107055,0.21892944,-0.29107055,4.7689295,4.4889293,4.028929,3.3789294,0.9489294,0.04892944,-2.4910705,-3.6710706,-3.4410706,-2.4510705,0.23892945,0.17892945
3.5689294,2.8489294,2.5289295,2.2589295,2.0189295,1.9389294,1.3289294,0.99892944,0.22892945,-0.021070557,0.018929444,-0.38107055,0.04892944,1.5789294,2.8189294,2.4089293,2.4689295,1.2189294,1.9789294,2.5189295,3.1689293,3.7589295,3.2089295,3.3789294,3.7589295,3.8589294,4.7489295,5.548929,6.1189294,5.8789296,6.0789294,6.4689293,6.6889296,6.1789293,5.2189293,5.3989296,5.048929,3.3589294,0.8889294,-1.6910706,0.28892943,1.2589295,-2.5510705,1.3889295,-0.58107054,-0.51107055,3.7289295,4.6789293,4.2689295,3.7689295,2.1789293,1.1189294,-2.4310706,-3.9210706,-2.2310705,-0.011070557,-0.23107056,0.42892945
3.0989294,2.5789294,2.1489294,1.9589294,2.2789295,2.0389295,1.6189294,1.7289294,2.1489294,1.9989295,1.2489295,3.3689294,2.8189294,3.2389295,2.1389294,2.4989295,2.2589295,2.4989295,3.0789294,3.7389295,2.1789293,2.2789295,3.2989295,3.6489294,3.7989295,4.298929,5.278929,5.1689296,4.6789293,4.4189296,5.0389295,5.4989295,5.7489295,5.2189293,4.7089295,5.1589293,4.3089294,2.7589295,0.25892943,-0.21107055,-0.8610706,-0.10107055,0.09892944,0.04892944,0.6389294,-1.1110705,1.0589294,4.3889294,4.8689294,4.298929,2.6589293,1.1789294,-1.9110706,-3.1910706,0.038929444,-0.41107056,0.10892944,-0.061070558
2.8889294,2.6389294,2.2189295,3.4689295,3.1589293,3.3989294,3.3789294,3.4489295,3.1089294,3.3089294,3.8789294,4.0189295,4.5389295,4.1489296,3.4789295,3.5289295,3.7189295,3.8589294,2.6589293,1.4189295,1.7889295,2.2389295,2.5889294,3.2889295,4.1489296,4.1489296,4.3589296,4.0589294,3.6089294,4.5689297,4.9789295,5.8289294,5.548929,5.1589293,4.048929,4.1789293,3.4389296,3.1989295,0.5189294,1.2689295,0.66892946,-0.44107056,0.61892945,-0.031070556,-0.12107056,1.1789294,1.7989295,4.4689293,5.1589293,5.2389293,3.3189294,0.10892944,-0.51107055,0.028929444,0.09892944,0.19892944,0.028929444,-0.49107057
5.0889297,3.7889295,3.2789295,2.8189294,2.1189294,2.5989294,3.5389295,3.9989295,3.9789295,4.2689295,4.0589294,4.0189295,4.0689297,5.2089295,5.3089294,4.4789295,3.8189294,3.5289295,3.0789294,2.6089294,3.3189294,3.5389295,3.5289295,3.4289293,2.9289293,3.0389295,3.2389295,2.8289294,4.4989295,5.3889294,5.4489293,4.8589296,4.7389293,4.4189296,3.8089294,4.1889296,3.6189294,1.5889294,-0.93107057,-2.3710706,-0.26107055,-2.1910706,-1.0410706,0.32892945,0.36892945,0.56892943,4.0189295,5.3189297,4.8189297,5.3089294,3.9889295,0.55892944,-0.25107056,0.21892944,-0.11107056,0.68892944,-0.32107055,-0.7210705
5.9089293,5.3989296,4.6589293,4.3289294,4.5989294,4.3089294,4.7189293,5.0889297,4.8489294,4.7489295,5.1489296,5.4689293,4.5989294,4.6189294,4.8589296,4.2489295,4.8289294,3.8889294,3.8589294,3.7189295,3.3289294,2.5889294,2.0289295,1.8089294,0.91892946,1.4789294,2.5289295,2.8589294,3.1589293,3.7289295,3.8189294,3.9189293,3.9289293,3.6389294,3.6889296,4.2089295,5.5589294,4.5389295,2.3189294,-0.46107057,-1.4010706,-0.56107056,-1.3310705,0.68892944,0.7089294,1.0189295,3.4889295,4.1689296,4.3889294,4.2189293,3.3489294,1.5689294,-0.30107057,-0.061070558,0.19892944,-0.45107055,-0.46107057,-0.37107056
6.7089295,6.4189296,5.9589295,5.4589295,5.4489293,5.7089295,5.798929,5.9789295,6.298929,6.1489296,5.0889297,4.4089293,5.548929,6.0689297,5.4589295,4.9989295,4.7289295,5.0689297,3.8389294,2.8489294,1.6989294,1.3089294,0.7689294,0.74892944,1.5789294,2.2389295,2.3289294,2.5989294,2.8789294,3.4689295,3.1789293,2.9589295,2.5389295,2.8189294,3.7789295,4.5189295,5.0089293,5.4789295,4.4289293,4.548929,5.8889294,6.0189295,4.4089293,-1.1110705,0.21892944,0.8389294,1.2789295,4.548929,1.3989295,3.5289295,3.0789294,1.8689294,-0.7310706,-0.25107056,-0.07107056,0.018929444,-0.24107055,-0.25107056
6.6589293,6.6489296,6.3689294,6.1089296,5.5589294,5.1389294,5.4389296,5.5789294,6.298929,6.0389295,4.8589296,5.6989293,5.4989295,5.7589293,5.3289294,4.8889294,4.3089294,3.7789295,3.1689293,3.2389295,3.2489295,2.3489294,3.0989294,2.2389295,2.8589294,2.3289294,2.5289295,3.0189295,3.8789294,3.9289293,3.1189294,2.8489294,3.0989294,4.0089293,4.3289294,4.6289296,4.9189296,5.0789294,5.6489296,6.6989293,7.298929,6.2189293,5.6389294,4.6889296,-1.0610706,0.16892944,1.4489294,1.8689294,1.8389294,3.1589293,1.2489295,2.5889294,3.2389295,0.49892944,0.48892945,0.60892946,0.118929446,0.34892944
6.6089296,6.9189296,5.8889294,5.6189294,5.4089293,4.9789295,5.028929,5.3889294,5.6789293,5.0989294,5.2089295,5.7189293,5.7089295,6.0089293,5.5589294,4.2589293,3.4589295,3.3289294,3.7389295,3.6889296,3.5889294,1.5789294,1.9289294,1.7789295,2.5289295,2.9189293,2.6789293,3.6989295,3.5089295,4.7389293,4.548929,4.3889294,5.0189295,4.8589296,4.778929,4.3889294,4.1889296,4.6289296,4.9589295,5.8689294,6.5089293,6.7389293,7.4389296,6.8689294,6.1189294,0.7089294,1.4389294,2.4389296,3.8789294,2.1689293,1.8589294,3.1189294,3.1589293,3.4989295,3.2789295,3.3389294,3.0589294,1.2589295
6.4589295,6.2389293,6.2189293,4.9289293,4.9589295,4.5789294,3.9189293,3.9489295,4.778929,5.9189296,5.3989296,5.2689295,5.4789295,5.5589294,5.2689295,4.9689293,3.9289293,2.9589295,3.4089293,4.1189294,3.7189295,2.9389296,2.0789294,2.1589293,1.8989295,1.8889295,2.6189294,2.3989294,3.1189294,4.1189294,5.5089293,5.4089293,5.1289296,4.528929,3.8089294,3.4889295,3.4589295,3.7789295,4.2689295,5.1989293,5.9289293,6.3389297,7.0689297,7.5889297,6.9589295,6.3689294,0.56892943,2.9189293,3.1289294,2.5889294,3.7889295,3.3589294,3.7489295,3.2289295,2.4189293,1.9389294,2.9689295,3.1389294
5.298929,4.7889295,4.6389294,5.3189297,4.548929,4.8089294,4.5089293,4.3389297,4.3789296,4.6889296,4.6689296,4.6389294,4.6489296,4.8689294,5.1689296,4.8489294,4.4789295,4.0689297,4.2389293,3.5489295,3.3389294,1.8989295,1.1589295,0.54892945,0.78892946,0.60892946,0.6989294,1.3789295,2.4489295,3.3889294,3.8189294,4.0689297,3.2189295,2.9989295,2.8789294,2.9089293,3.2389295,3.6289294,3.8989294,4.4989295,5.4489293,6.1289296,6.7589293,6.7889295,7.2189293,6.9689293,7.3589296,6.5889297,2.1989295,1.8989295,4.5089293,6.2889295,3.4489295,4.9589295,3.5089295,1.8089294,2.2289295,3.5189295
4.1789293,3.7289295,3.5389295,4.0989294,4.3689294,4.1689296,3.2989295,3.4389296,4.3389297,4.3489294,4.3789296,4.2589293,4.4389296,4.4389296,4.8389297,5.2289295,5.3789296,5.2189293,4.0389295,3.7089295,2.9989295,2.9289293,2.9889295,2.7289295,1.5189295,0.86892945,0.99892944,1.4689294,1.8089294,1.4889294,1.5489295,1.8389294,2.2889295,2.9189293,3.0989294,3.0089295,3.5489295,3.7189295,3.6489294,4.1589293,5.0089293,5.298929,5.798929,6.278929,6.9189296,6.9889293,6.4789295,6.0389295,4.4189296,1.1989294,2.6189294,4.528929,1.1389295,3.5189295,3.3189294,1.5689294,2.0289295,3.1489294
2.6089294,2.2489295,2.5789294,2.8889294,3.4389296,2.2689295,3.6489294,3.9189293,4.1289296,4.0889297,3.9589295,3.9689295,4.2189293,4.4689293,4.9589295,5.1689296,5.4689293,5.4089293,4.5589294,3.4689295,2.8089294,3.1289294,3.0089295,2.8989294,2.1389294,1.2289294,0.96892947,0.6389294,0.86892945,1.4289294,1.5489295,1.8989295,1.8989295,2.1989295,2.7789295,3.1489294,3.3489294,3.7889295,3.8389294,3.6689293,4.0589294,4.3389297,5.2389293,5.9389296,6.1189294,5.9489293,5.7689295,5.3989296,4.7889295,4.3789296,2.1189294,1.8489294,1.4789294,1.7889295,3.0089295,0.8389294,0.7089294,1.8889295
2.0989294,0.36892945,0.16892944,0.8289294,1.5789294,1.8089294,2.6989295,3.8289294,4.1489296,4.0789294,3.9089293,3.5089295,3.6389294,4.0989294,4.8689294,5.048929,5.2089295,5.1789293,5.1089296,4.5589294,3.6889296,3.2289295,2.9789295,2.8789294,1.7689295,1.8089294,0.90892947,0.09892944,0.088929445,1.0389295,2.5189295,3.3589294,2.9789295,1.8789295,2.3689294,2.7189295,3.2289295,3.2589295,3.8589294,4.4489293,4.0789294,4.1689296,5.1589293,5.8089294,5.8889294,6.0189295,5.9989295,5.5389295,4.8589296,4.3789296,3.9089293,3.9689295,3.7889295,3.1089294,2.7189295,1.9889294,0.84892946,0.78892946
1.9989295,-2.4410706,-2.8210707,-1.8810706,0.40892944,1.5289295,2.6689293,3.4789295,3.8389294,4.0089293,3.8289294,3.3889294,3.1689293,3.8589294,4.5689297,4.9789295,5.2189293,5.4389296,5.0089293,4.5089293,3.8389294,3.8489294,4.1289296,3.9889295,3.9689295,2.6889296,0.81892943,2.1189294,0.7089294,0.68892944,1.5489295,2.7089295,3.3989294,3.3189294,3.0489295,3.2789295,3.0089295,3.2789295,4.0089293,4.6289296,4.7489295,4.5389295,4.778929,5.8389297,6.0889297,6.2489295,6.1189294,5.9389296,5.6089296,5.1589293,5.0589294,4.8989296,4.4789295,3.6989295,3.1189294,2.5189295,2.1389294,2.0389295
6.0189295,-3.5810707,-4.2110705,-2.2910705,0.35892946,2.6489294,3.7289295,3.6989295,4.0389295,4.1789293,3.7289295,3.1189294,3.2689295,3.9289293,4.3689294,4.3689294,4.6989293,5.1889296,5.028929,4.5889297,4.6489296,4.5689297,4.3489294,4.5789294,4.2889295,3.9489295,2.7389295,2.0189295,1.5989294,1.5089295,1.8089294,1.6689295,2.3689294,2.4389296,2.4589295,3.0689294,3.5189295,2.9489295,3.2789295,4.0089293,4.3789296,4.6289296,5.1089296,5.6089296,6.2089295,6.4289293,6.3689294,6.4289293,6.3289294,6.0989294,5.8889294,5.6889296,5.3889294,4.9989295,4.4589295,3.8689294,3.2589295,2.4489295
8.168929,-1.4610705,-1.6810706,0.73892945,2.8489294,3.9589295,4.6289296,4.7189293,4.4989295,4.4689293,3.5089295,2.8689294,3.1389294,3.1889296,3.4389296,3.8189294,4.3489294,4.6089296,4.8189297,4.7689295,4.2589293,4.2289295,3.8289294,4.0589294,4.2089295,4.1989293,3.8489294,2.6789293,2.1189294,2.1689293,3.1089294,3.3189294,3.0889294,2.4689295,1.8389294,2.9289293,3.4489295,3.6489294,3.2989295,3.2089295,3.6589293,4.7889295,5.2689295,5.3889294,5.9789295,5.9589295,6.4089293,6.5389295,6.4789295,6.5989294,6.3089294,6.2189293,6.1189294,6.0989294,5.6889296,5.278929,4.4489293,3.5189295
6.548929,3.8289294,3.0589294,3.5389295,3.9289293,4.2089295,4.1989293,4.4489293,4.4389296,4.4989295,3.2589295,2.4789295,2.6889296,2.6289294,3.3589294,3.5389295,3.8589294,4.4189296,4.4389296,4.1489296,3.4289293,3.2889295,3.5089295,3.6389294,3.7789295,3.6189294,3.7289295,2.8489294,2.5789294,2.8889294,3.2589295,3.6289294,3.9289293,3.5989294,3.3089294,2.9389296,3.0489295,3.0689294,3.3289294,3.7889295,4.2389293,4.5789294,5.2189293,5.4889293,5.6989293,5.8289294,6.0089293,6.278929,6.5089293,6.778929,6.8189297,6.778929,6.798929,6.8589296,6.7589293,6.4589295,5.6689296,4.6489296
