raw-data/2018091918.json
{"header": { "discipline":0, "disciplineName":"Meteorological products", "gribEdition":2, "gribLength":74468, "center":7, "centerName":"US National Weather Service - NCEP(WMC)", "subcenter":0, "refTime":"2018-09-19T18:00:00.000Z", "significanceOfRT":1, "significanceOfRTName":"Start of forecast", "productStatus":0, "productStatusName":"Operational products", "productType":1, "productTypeName":"Forecast products", "productDefinitionTemplate":0, "productDefinitionTemplateName":"Analysis/forecast at horizontal level/layer at a point in time", "parameterCategory":2, "parameterCategoryName":"Momentum", "parameterNumber":3, "parameterNumberName":"V-component_of_wind", "parameterUnit":"m.s-1", "genProcessType":2, "genProcessTypeName":"Forecast", "forecastTime":0, "surface1Type":103, "surface1TypeName":"Specified height level above ground", "surface1Value":10.0, "surface2Type":255, "surface2TypeName":"Missing", "surface2Value":0.0, "gridDefinitionTemplate":0, "gridDefinitionTemplateName":"Latitude_Longitude", "numberPoints":65160, "shape":6, "shapeName":"Earth spherical with radius of 6,371,229.0 m", "gridUnits":"degrees", "resolution":48, "winds":"true", "scanMode":0, "nx":360, "ny":181, "basicAngle":0, "lo1":0.0, "la1":90.0, "lo2":359.0, "la2":-90.0, "dx":1.0, "dy":1.0 }, "data":
[rows 26 to 51 of 181, columns 0 to 58 of 360]
7.0312595,8.46126,9.66126,9.76126,8.99126,7.2612596,4.2812595,2.1212597,1.1212598,-0.64874023,-1.5487403,-2.0087402,1.4412597,6.4912596,3.2312598,1.5212598,0.81125975,0.85125977,0.7812598,0.62125975,-0.43874022,-1.0287403,-0.8387402,0.56125975,0.92125976,0.9512598,1.0912597,1.3812598,1.7912598,1.9512597,2.0712597,2.2312598,2.1712599,1.9712597,2.0512598,2.1812599,2.1912599,4.77126,2.7612598,1.4612597,1.5512598,1.4712597,1.4912598,1.3812598,1.1112598,0.98125976,0.98125976,0.75125974,0.48125976,0.39125976,-0.13874024,-0.5887402,-0.89874023,-1.0087402,-1.2887403,-1.5587403,-2.0987403,-1.1087402,-0.37874022
-3.4487402,-1.4687402,5.79126,10.401259,7.77126,2.2412598,-2.5187402,-4.0687404,-2.0687401,0.55125976,7.44126,8.18126,7.5612597,7.27126,5.75126,3.6112597,2.6612597,2.6712599,1.9012598,4.3312597,3.5712597,2.7412598,1.6912597,1.8312597,2.2512598,1.9312598,2.6612597,1.9912598,2.4612598,1.6112598,2.0412598,1.8512597,2.2212598,2.6912599,2.7712598,2.8112597,2.5812597,2.7812598,2.8312597,2.1112597,1.8112597,1.8212597,1.8012598,1.3712598,1.0212598,0.54125977,0.23125976,0.061259765,-0.13874024,-0.49874023,-0.8387402,-1.0887402,-1.3087403,-1.9587402,-2.2387402,-2.1087403,-1.1587403,-2.1887403,-3.3887403
8.0712595,15.25126,18.54126,20.99126,19.81126,7.1012597,1.8212597,4.4312596,6.57126,9.441259,9.70126,7.8312597,10.12126,8.03126,5.6212597,3.8012598,3.2712598,2.5712597,5.9912596,5.5312595,5.0812597,4.8912597,2.1312597,2.5312598,2.0812597,1.8312597,1.9112598,1.6812598,1.5312598,1.3612598,1.0512598,1.3912598,1.3712598,2.3312597,2.3612597,7.3312597,3.9612598,2.5312598,2.7412598,2.5912597,2.2512598,1.6712598,1.1412598,1.6312598,1.3312597,0.49125975,-0.038740233,-0.40874022,-0.8587402,-0.9187402,-1.0887402,-1.4987402,-1.8587402,-2.7387402,-2.6287403,-1.3987403,-2.9787402,-4.28874,-2.4987402
14.22126,16.76126,18.61126,20.76126,22.001259,22.47126,3.1412597,3.6312597,11.97126,7.9512596,6.2812595,5.54126,6.05126,5.34126,3.6012597,3.8512597,4.2812595,3.8712597,7.5812597,7.0812597,6.0812597,5.2412596,2.1012597,2.5212598,2.2012599,1.6012597,1.4912598,1.4712597,1.0712597,1.1712598,2.2412598,1.7112597,1.3212597,0.9712598,2.0712597,2.3912597,5.2212596,2.5112598,2.2412598,2.0412598,1.8512597,1.8012598,1.3512597,0.8312598,0.55125976,-0.008740234,-0.44874024,-0.57874024,-1.1687403,-1.6787403,-1.5187402,-2.0487401,-3.1687403,-3.8287401,-2.8187401,-3.2987401,-4.59874,-2.9787402,-0.68874025
10.42126,14.35126,17.58126,20.001259,20.88126,20.69126,12.78126,13.55126,14.28126,9.00126,5.5812597,6.92126,5.5312595,4.96126,5.04126,4.09126,3.0812597,2.5812597,2.4312599,4.2012596,4.52126,4.1812596,4.0812597,2.2912598,1.6812598,2.1612597,1.5912597,0.38125977,-0.13874024,-0.6087402,-0.81874025,-0.008740234,0.6412598,1.6112598,1.9512597,2.0612597,2.6312597,2.8012598,2.0612597,1.4912598,1.5912597,1.6812598,1.2612598,0.44125977,0.17125976,-0.028740235,-0.38874024,-0.55874026,-1.2487402,-1.8287402,-2.3687403,-3.0187402,-4.28874,-3.7787402,-3.8187401,-5.22874,-4.11874,-1.0987402,0.07125977
9.151259,11.96126,15.08126,18.21126,17.80126,16.89126,12.42126,12.42126,11.39126,6.4512596,11.74126,11.84126,4.21126,7.29126,6.90126,3.1412597,3.2212598,2.8012598,3.8712597,6.69126,6.55126,5.30126,4.29126,3.1112597,1.5412598,1.5412598,0.94125974,0.38125977,0.61125976,0.73125976,0.93125975,1.5112598,2.1412597,2.2512598,1.7212597,1.5112598,1.8412597,2.2112598,2.4612598,1.2312598,1.5512598,1.3112597,1.2112597,0.17125976,-0.27874023,-0.5487402,-0.8487402,-1.1787403,-1.6187402,-2.3487403,-2.9087403,-3.3887403,-4.2187405,-4.07874,-5.1087403,-4.82874,-2.5387402,-0.16874023,0.031259764
7.67126,10.91126,13.71126,14.521259,13.70126,12.0712595,12.41126,12.47126,12.87126,14.14126,12.18126,10.68126,5.6012597,4.3312597,4.1612597,3.3212597,2.7512598,4.67126,6.2012596,6.5312595,6.75126,5.6012597,5.05126,3.6512597,2.2212598,0.37125978,0.19125977,0.36125976,0.33125976,0.99125975,1.5812597,2.2312598,2.0712597,1.9712597,1.3312597,1.2612598,1.1212598,1.4912598,1.8912598,1.5512598,0.7212598,0.8412598,-0.028740235,-0.13874024,-0.21874024,-0.49874023,-0.95874023,-1.2287402,-1.5687402,-2.4587402,-4.11874,-5.44874,-6.30874,-5.07874,-5.19874,-5.6287403,-2.7687402,1.4612597,1.7712598
9.75126,10.16126,11.05126,11.3212595,9.96126,9.271259,12.20126,14.31126,13.72126,9.88126,5.9712596,9.271259,9.111259,2.9512599,2.9012597,2.6712599,2.3312597,6.2412596,6.98126,5.88126,4.71126,4.1412597,1.7612598,1.1012597,0.30125976,-0.11874023,0.061259765,1.0012598,1.9312598,2.0712597,1.5912597,2.1412597,1.8412597,1.5212598,1.3012598,1.3112597,1.1812598,0.8312598,0.63125974,0.17125976,1.0212598,1.0212598,0.55125976,-0.028740235,-0.29874024,-0.64874023,-1.0187402,-2.0487401,-2.3587403,-3.4387403,-4.20874,-3.3787403,-4.45874,-4.19874,-5.26874,-5.7187405,-2.5287402,4.29126,3.4212599
7.4712596,8.53126,8.981259,7.75126,6.29126,10.06126,13.87126,14.28126,12.88126,6.79126,5.52126,6.6812596,5.48126,3.2612598,1.9212598,3.6212597,4.19126,5.0612597,4.7812595,4.2612596,3.0312598,1.6412598,1.3812598,0.7612598,0.40125978,0.47125977,0.81125975,1.1612598,1.2412598,1.4312598,1.5812597,1.5112598,1.6012597,1.8412597,1.5912597,1.3812598,1.1912597,0.45125976,-0.08874024,0.19125977,0.14125976,1.4212598,1.6912597,0.9512598,-0.068740234,-0.67874026,-1.4387403,-1.8787402,-1.9087403,-2.6087403,-4.07874,-4.45874,-5.13874,-5.19874,-4.4387403,-2.6887403,-0.44874024,2.0512598,2.7312598
7.5112596,6.40126,3.5512598,4.27126,8.50126,12.84126,13.25126,13.13126,11.12126,4.92126,3.1412597,2.7212598,4.3312597,4.59126,3.3312597,2.6512597,3.4112597,3.0512598,2.0412598,0.121259764,-0.008740234,-0.08874024,-0.5287402,-0.6687402,-0.69874024,-0.068740234,0.82125974,1.8112597,1.7612598,2.2712598,1.9112598,2.2612598,1.7812598,1.4812598,1.1812598,0.9112598,0.7812598,0.6412598,0.25125977,-0.31874025,-0.27874023,-0.37874022,1.2412598,0.9612598,-0.13874024,-1.1587403,-1.9487402,-1.7287402,-2.5087402,-2.2787402,-3.9487402,-4.4687405,-4.7187405,-5.30874,-4.5887403,-1.8187402,-0.14874023,1.1112598,1.9412597
3.9812598,4.52126,5.9912596,8.651259,12.361259,13.191259,12.5712595,9.66126,6.5612597,2.1912599,0.7812598,4.00126,3.0612597,2.3712597,2.8012598,2.5012598,2.1212597,1.0612597,-0.5887402,-1.0887402,-2.0687401,-2.1687403,-2.1487403,-1.3087403,0.50125974,1.6912597,1.6312598,2.2112598,1.8512597,1.6912597,2.0212598,1.9212598,2.0712597,1.9912598,1.4612597,1.2112597,1.0312598,0.60125977,0.061259765,-0.43874022,-0.5387402,-0.57874024,-0.33874023,1.6812598,0.37125978,-1.2087402,-1.3787402,-2.3787403,-3.4287403,-2.9287403,-3.0487401,-4.13874,-5.88874,-5.5687404,-4.6687403,-1.6087402,-0.40874022,0.62125975,-0.49874023
3.1112597,5.73126,8.231259,11.56126,12.521259,9.54126,3.9712598,3.0612597,2.0012598,1.1012597,1.9512597,2.1512597,1.4812598,2.1712599,2.3812597,2.1412597,1.1312598,0.45125976,-0.20874023,0.081259765,2.0212598,1.9512597,1.3712598,2.1112597,2.2712598,2.1512597,2.0012598,2.2412598,1.6312598,1.7512598,2.0612597,1.6412598,1.9812598,1.4612597,1.2812598,1.0712597,0.8312598,0.54125977,0.24125977,0.041259766,-0.21874024,-0.32874024,-0.49874023,0.16125977,-0.048740234,-1.8687402,-1.9387403,-2.5487401,-3.0387402,-2.3287401,-2.3587403,-3.8787403,-4.15874,-5.1687403,-4.0687404,-3.5387402,-1.1387402,0.051259767,-0.45874023
4.65126,6.00126,10.18126,10.441259,8.29126,3.2812598,2.0812597,1.0712597,0.061259765,2.0812597,3.2012599,2.6312597,2.2412598,2.6212597,2.6912599,1.9112598,1.1912597,0.33125976,0.17125976,1.9312598,2.4912598,2.5812597,2.5412598,2.1612597,1.4512597,1.6812598,1.8212597,1.4512597,1.5112598,1.7612598,1.6512598,1.6212598,1.4512597,1.5712597,0.92125976,0.7212598,0.75125974,0.46125975,0.38125977,-0.058740236,0.061259765,-0.33874023,-0.36874023,-0.19874023,-0.55874026,-2.2587402,-2.6087403,-2.4687402,-2.6487403,-2.7087402,-2.3387403,-4.3387403,-5.51874,-5.7587404,-4.7987404,-3.5187402,-2.2687402,-1.5087402,-1.8787402
4.82126,5.7212596,6.1812596,3.5212598,3.1312597,1.6612598,0.39125976,0.29125977,2.1412597,2.2912598,2.4812598,2.9812598,3.6212597,3.9712598,2.2312598,2.1712599,0.9612598,1.0612597,1.8112597,2.8412597,1.6512598,1.4012598,2.5612597,1.7812598,1.5812597,1.8212597,1.4712597,0.85125977,1.7612598,2.0212598,1.2812598,1.2112597,1.7212597,1.5112598,1.0712597,0.87125975,0.43125975,-0.32874024,-0.098740235,0.07125977,-0.068740234,-0.20874023,-0.7287402,-1.0587403,-1.2987403,-1.9987402,-3.5287402,-2.5787401,-2.8087401,-3.6787403,-2.9387403,-3.2187402,-3.7887402,-6.24874,-4.30874,-3.4187403,-3.1787403,-3.2487402,-1.8987403
4.6412597,4.67126,2.1012597,2.6412597,1.8312597,0.86125976,1.2312598,1.3312597,1.5812597,2.0312598,2.4612598,2.1212597,1.5612597,1.3612598,1.8812598,1.7712598,2.0912597,0.61125976,2.4412599,1.5012598,0.45125976,0.041259766,1.5612597,2.1312597,1.0912597,1.3312597,0.21125977,1.7212597,2.4212599,1.5912597,1.4512597,1.2312598,0.49125975,0.38125977,0.48125976,-0.33874023,-0.74874026,-0.99874026,-0.50874025,-0.82874024,-0.36874023,-0.7987402,-0.99874026,-1.3487402,-1.8487402,-2.4987402,-3.1087403,-2.3987403,-3.2787402,-4.2587404,-4.6487403,-3.9687402,-3.5587401,-3.3287401,-4.9387403,-4.5287404,-3.9187403,-3.2687402,-2.6187403
2.9912598,1.9912598,2.0112598,1.8512597,0.48125976,0.37125978,0.121259764,1.0812597,1.7312598,1.0112598,2.3512597,2.1012597,1.6612598,0.9612598,0.75125974,0.031259764,1.0612597,0.7712598,-0.12874024,0.111259766,0.23125976,0.7012598,0.28125978,0.87125975,1.8512597,1.2612598,0.85125977,1.5212598,1.6112598,1.8612598,1.6212598,0.37125978,0.37125978,1.3112597,-0.12874024,-1.1887403,-1.5687402,-1.0487403,-0.8387402,-1.6387402,-1.6387402,-1.3987403,-1.4787402,-1.9587402,-1.8787402,-2.8687403,-3.2187402,-3.6287403,-3.2787402,-4.0487404,-4.03874,-5.24874,-6.3387403,-3.2987401,-4.0287404,-4.09874,-4.47874,-3.9187403,-0.9787402
1.0812597,0.6612598,0.7012598,0.09125976,0.47125977,0.22125977,0.48125976,0.5812598,1.3412597,1.2712598,1.3012598,0.42125976,1.3512597,1.2412598,2.1512597,1.3612598,0.61125976,0.33125976,-1.4387403,-1.1987402,-0.14874023,0.011259765,1.1512598,-0.80874026,-0.34874022,0.67125976,1.8112597,2.7312598,2.2112598,2.0212598,1.1012597,0.56125975,0.051259767,-0.35874024,-1.2787403,-1.4187403,-2.0187402,-1.8087403,-1.4287403,-1.8487402,-1.6287402,-1.2487402,-1.7787403,-2.3387403,-2.4187403,-2.6587403,-2.9787402,-3.5087402,-3.6987402,-4.0287404,-4.2587404,-4.2387404,-5.7787404,-6.7587404,-6.38874,-4.45874,-5.3987403,-2.3987403,-0.18874024
1.0012598,0.6512598,-0.018740235,-0.7287402,-0.62874025,-1.3787402,0.16125977,-0.29874024,1.7812598,0.7712598,-0.93874025,-2.0787401,-1.8787402,-1.3987403,-0.70874023,-0.07874023,-0.19874023,-1.6387402,-1.3487402,-2.1787403,0.93125975,-0.86874026,-0.63874024,1.9412597,0.42125976,-0.37874022,0.7712598,3.2112598,2.2712598,1.6812598,2.3112597,2.0812597,1.0712597,-0.57874024,0.16125977,-1.0187402,-2.5087402,-2.8387403,-1.1887403,-0.44874024,-1.4987402,-1.7587402,-2.1187403,-2.1487403,-2.7487402,-3.4387403,-4.3787403,-4.57874,-4.30874,-5.09874,-4.72874,-6.03874,-4.03874,-5.7387404,-6.07874,-5.30874,-4.72874,-2.3387403,1.2312598
-1.5987402,-0.95874023,-0.56874025,-2.0887403,-2.3587403,-1.3987403,-1.9087403,-1.3787402,-1.1987402,0.111259766,-0.62874025,-0.34874022,-1.0587403,-0.94874024,-0.6087402,0.10125977,-0.80874026,-0.95874023,-0.88874024,-2.6887403,2.3712597,2.4212599,0.0012597656,-0.6087402,1.3712598,0.73125976,0.69125974,1.7912598,2.5312598,3.8412597,2.5112598,1.1912597,-1.1487403,-1.7687402,-0.82874024,2.1912599,0.16125977,-0.62874025,-1.1687403,-1.7087402,-1.8387402,-1.9387403,-2.2187402,-2.6187403,-3.3587403,-3.7987401,-4.5087404,-4.3587403,-3.8287401,-4.4887404,-5.76874,-5.51874,-4.6487403,-3.9587402,-2.5487401,-2.2787402,-1.0987402,-0.5887402,-0.068740234
-2.3187401,-0.55874026,-0.8587402,-1.1087402,-0.70874023,-1.4387403,-1.9987402,-0.38874024,-0.86874026,0.37125978,1.0112598,-1.0387403,1.6012597,-1.0387403,-1.9187403,-0.70874023,0.111259766,0.16125977,-0.64874023,-0.008740234,0.94125974,2.3412597,0.56125975,-2.2887402,-1.2487402,-0.9887402,-1.3887402,2.0412598,3.0612597,1.7712598,0.46125975,-2.0587401,-4.28874,-6.15874,0.69125974,-0.9087402,-2.4587402,-3.6387403,-1.1987402,-1.6987402,-0.51874024,0.0012597656,-0.068740234,-0.9187402,-2.2387402,-3.2587402,-3.6187403,-3.3487403,-4.5287404,-3.5287402,-2.1687403,-1.4087403,-2.4587402,-2.7387402,-2.8487403,-1.4987402,-0.67874026,-0.5287402,0.021259766
-0.55874026,-1.5287403,-1.2187402,-0.61874026,2.0712597,0.73125976,-0.13874024,-0.68874025,-0.95874023,0.081259765,-2.7987401,-2.0787401,0.28125978,-0.11874023,-3.1287403,-4.30874,-1.5087402,-1.1387402,-0.9787402,-0.81874025,0.17125976,0.7112598,-0.31874025,1.0512598,-0.44874024,-0.8587402,-0.6687402,2.5312598,1.5612597,0.16125977,-1.3787402,-2.2887402,-2.6287403,-1.5687402,-1.4087403,-3.4587402,-4.15874,-5.92874,-5.32874,-5.63874,-0.08874024,2.1612597,2.6612597,1.2212597,-0.38874024,0.35125977,0.21125977,0.29125977,-2.1187403,-4.51874,-4.9187403,-2.8987403,-0.68874025,-1.7487402,-1.9487402,-2.1787403,-1.6687403,-0.49874023,0.8312598
0.13125977,1.1312598,0.111259766,2.3712597,1.7212597,-0.62874025,1.1712598,-1.2087402,-2.7987401,-1.2387402,-1.9487402,0.27125975,-1.6187402,-0.28874025,-1.0687402,-2.5387402,-2.3587403,-1.2887403,-1.0687402,-1.4987402,0.26125976,-1.6587403,0.10125977,-0.62874025,1.7612598,1.6312598,1.6812598,0.6412598,-1.8487402,-2.3287401,-2.4887402,-2.9087403,-2.9887402,-2.1187403,-1.4687402,-2.0887403,-2.2087402,-2.3287401,-2.2787402,-1.4287403,-1.1987402,-0.15874024,-2.1387403,-2.4687402,1.3212597,2.2812598,2.6812599,1.0212598,0.68125975,6.04126,2.2712598,-1.6187402,-0.6687402,-1.4387403,-2.4287403,-1.8687402,-0.5887402,-0.038740233,-0.26874024
1.7012597,1.6012597,1.4012598,1.6212598,-1.7987403,-3.0387402,-4.3987403,-3.5787401,-2.9287403,-0.19874023,-2.9387403,-2.8187401,-2.3887403,-0.34874022,-1.1887403,-1.4387403,0.41125977,-2.1387403,-3.4787402,-3.9587402,-1.8487402,0.5212598,-0.40874022,-0.22874023,0.82125974,1.6212598,-0.86874026,-2.2387402,-2.2287402,-4.01874,-4.67874,-5.5287404,-6.5287404,-1.7187402,1.5412598,1.5712597,-0.81874025,-1.2687402,-0.50874025,0.0012597656,-1.3687402,-0.9087402,0.46125975,1.1212598,1.0612597,-0.18874024,-1.7487402,-0.70874023,1.4112598,5.5312595,0.5912598,-2.3487403,-3.3887403,-3.3687403,-2.9787402,-2.7787402,-1.2787403,-0.7387402,-1.6887403
2.3212597,1.8212597,0.55125976,-1.4287403,-3.2287402,-4.7187405,-5.3787403,-3.4787402,-1.6287402,-0.35874024,-4.53874,-2.9987402,-0.7287402,-0.64874023,-0.8387402,-0.75874025,-1.6587403,-1.1287402,-2.6887403,-2.9987402,-0.33874023,0.87125975,0.6512598,2.4512599,0.50125974,-3.0887403,-2.6587403,-2.4287403,-5.15874,-4.3387403,-2.2887402,-0.94874024,1.1712598,-1.0887402,-2.2687402,-1.8487402,-1.1687403,1.6012597,1.9612597,0.9112598,0.7212598,-0.46874022,-2.0387402,-2.3087401,-1.6487403,1.4912598,1.5412598,0.99125975,-0.17874023,1.7612598,-0.5987402,-2.9187403,-3.8587403,-3.4187403,-4.0287404,-2.6087403,-1.6387402,-1.0487403,-1.4887402
0.33125976,-1.1787403,-1.6387402,-2.0287402,-2.3387403,-4.7787404,-5.1687403,-5.6487403,-7.4387403,-0.7787402,-6.45874,-2.3987403,2.1612597,5.92126,2.0312598,-2.0087402,-0.41874024,1.3212597,0.82125974,-1.4587402,-1.0487403,0.39125976,1.8412597,3.1012597,-2.3387403,-4.24874,-7.2987404,-2.5887403,-3.4387403,-1.3187402,-1.4987402,-2.2687402,-1.3887402,-0.9887402,-2.1487403,-3.1487403,-2.0187402,-2.8287401,-1.8287402,-1.7887403,-2.0987403,-2.5187402,-3.1887403,-2.7387402,-1.3087403,-2.3487403,-0.31874025,1.1612598,-1.5087402,0.41125977,0.021259766,-3.2187402,-4.47874,-4.69874,-4.13874,-4.4187403,-1.1987402,-1.5587403,-2.4387403
-1.2087402,-2.6187403,-2.5787401,0.13125977,-2.8087401,-5.0487404,-5.5087404,-5.3987403,-4.65874,-1.4787402,-1.5987402,-1.2787403,1.1012597,3.9312599,2.9812598,-0.6687402,-1.4787402,0.7212598,0.9712598,-1.3987403,-2.9387403,0.0012597656,0.24125977,-1.1587403,-6.0687404,-11.058741,-6.40874,-3.8187401,-5.13874,-3.5587401,-1.6887403,-2.2787402,-2.3487403,-4.78874,-3.2087402,-3.5987403,-1.9087403,-2.5487401,-2.6987402,-1.6087402,-2.4387403,-2.3087401,-3.1787403,-2.4387403,-1.7587402,-2.2387402,0.121259764,-1.0287403,-0.94874024,2.0112598,-0.92874026,-2.7187402,-4.5687404,-7.11874,-6.9187403,-1.9187403,-1.8387402,-3.0487401,-4.1687403
