raw-data/2018091618.json
{"header": { "discipline":0, "disciplineName":"Meteorological products", "gribEdition":2, "gribLength":74738, "center":7, "centerName":"US National Weather Service - NCEP(WMC)", "subcenter":0, "refTime":"2018-09-16T18:00:00.000Z", "significanceOfRT":1, "significanceOfRTName":"Start of forecast", "productStatus":0, "productStatusName":"Operational products", "productType":1, "productTypeName":"Forecast products", "productDefinitionTemplate":0, "productDefinitionTemplateName":"Analysis/forecast at horizontal level/layer at a point in time", "parameterCategory":2, "parameterCategoryName":"Momentum", "parameterNumber":2, "parameterNumberName":"U-component_of_wind", "parameterUnit":"m.s-1", "genProcessType":2, "genProcessTypeName":"Forecast", "forecastTime":0, "surface1Type":103, "surface1TypeName":"Specified height level above ground", "surface1Value":10.0, "surface2Type":255, "surface2TypeName":"Missing", "surface2Value":0.0, "gridDefinitionTemplate":0, "gridDefinitionTemplateName":"Latitude_Longitude", "numberPoints":65160, "shape":6, "shapeName":"Earth spherical with radius of 6,371,229.0 m", "gridUnits":"degrees", "resolution":48, "winds":"true", "scanMode":0, "nx":360, "ny":181, "basicAngle":0, "lo1":0.0, "la1":90.0, "lo2":359.0, "la2":-90.0, "dx":1.0, "dy":1.0 }, "data":
[rows 0 to 25 of 181, columns 228 to 284 of 360]
3.8790941,3.8590941,3.8290942,3.7990942,3.7690942,3.7290943,3.6990943,3.6690943,3.6290941,3.5890942,3.5590942,3.5190942,3.4790943,3.4390943,3.3890944,3.3490942,3.3090942,3.2590942,3.2190943,3.1690943,3.1190941,3.0690942,3.0190942,2.9690943,2.9190943,2.8690941,2.8090942,2.7590942,2.6990943,2.6490943,2.5890942,2.5290942,2.4690943,2.4090943,2.3490942,2.2890942,2.2290943,2.1690943,2.1090941,2.0390942,1.9790943,1.9190942,1.8490943,1.7790942,1.7190943,1.6490942,1.5790943,1.5190942,1.4490943,1.3790942,1.3090942,1.2390943,1.1690942,1.0990943,1.0290942,0.9590942,0.88909423
1.7790942,1.7490942,1.7290943,1.6990943,1.6690942,1.6490942,1.6190943,1.5890943,1.5490942,1.5290942,1.4890943,1.4590943,1.4190942,1.3690943,1.3290943,1.2790942,1.2290943,1.1790942,1.1290942,1.0790943,1.0290942,0.97909427,0.91909426,0.85909426,0.79909426,0.74909425,0.68909425,0.61909425,0.56909424,0.49909425,0.43909425,0.37909424,0.30909425,0.24909423,0.17909424,0.11909424,0.05909424,-0.010905761,-0.07090576,-0.13090576,-0.19090576,-0.26090577,-0.32090577,-0.38090575,-0.43090576,-0.50090575,-0.55090576,-0.61090577,-0.6609058,-0.7209058,-0.77090573,-0.83090574,-0.88090575,-0.93090576,-0.9809058,-1.0309057,-1.0709058
1.4890943,1.4490943,1.4190942,1.3690943,1.3290943,1.2690942,1.2090943,1.1490942,1.0790943,1.0090942,0.92909425,0.8490942,0.7690942,0.67909425,0.5990942,0.49909425,0.40909424,0.31909424,0.23909424,0.15909424,0.07909424,0.009094238,-0.05090576,-0.120905764,-0.18090576,-0.23090576,-0.29090577,-0.34090576,-0.41090575,-0.48090577,-0.55090576,-0.62090576,-0.69090575,-0.77090573,-0.8509058,-0.93090576,-1.0009058,-1.0809058,-1.1509057,-1.2209058,-1.3109058,-1.4009057,-1.4909058,-1.5409057,-1.5909058,-1.6509057,-1.7209058,-1.7909057,-1.8709058,-1.9409058,-2.0109057,-2.0909057,-2.1609058,-2.2409058,-2.3109057,-2.3809059,-2.4609058
0.67909425,0.7090942,0.73909426,0.7690942,0.7690942,0.7690942,0.75909424,0.72909427,0.67909425,0.61909425,0.5290942,0.42909423,0.32909423,0.20909424,0.08909424,-0.040905762,-0.17090577,-0.28090575,-0.39090577,-0.50090575,-0.6009058,-0.70090574,-0.7809058,-0.86090577,-0.94090575,-1.0209057,-1.1009058,-1.1809058,-1.2709057,-1.3809057,-1.5109057,-1.6709057,-1.8409058,-2.0509057,-2.2409058,-2.4209058,-2.6209059,-2.8309057,-3.0209057,-3.1909058,-3.3509057,-3.4909058,-3.6109056,-3.7209058,-3.8309057,-3.9309058,-4.040906,-4.1509056,-4.2609057,-4.3609056,-4.470906,-4.5509057,-4.640906,-4.750906,-4.850906,-4.930906,-5.0109057
-0.6009058,-0.6509058,-0.7109058,-0.75090575,-0.81090575,-0.9009058,-1.0209057,-1.1509057,-1.3109058,-1.4409058,-1.5509057,-1.6609057,-1.7409058,-1.8109058,-1.8709058,-1.9209057,-1.9709058,-2.0309057,-2.0909057,-2.1709058,-2.2609057,-2.3509057,-2.4509058,-2.5709057,-2.6909058,-2.8209057,-2.9609058,-3.1009057,-3.2409058,-3.3709059,-3.5009058,-3.6209059,-3.7509058,-3.8709059,-3.9909058,-4.1109056,-4.240906,-4.370906,-4.520906,-4.6709056,-4.8209057,-4.9809055,-5.140906,-5.310906,-5.450906,-5.5909057,-5.720906,-5.830906,-5.930906,-6.0309057,-6.140906,-6.290906,-6.430906,-6.540906,-6.660906,-6.790906,-6.9009056
0.57909423,0.62909424,0.61909425,0.5290942,0.36909425,0.13909423,-0.17090577,-0.5409058,-0.99090576,-1.4309058,-1.8309058,-2.1309059,-2.3309057,-2.4609058,-2.5609057,-2.6209059,-2.6709058,-2.7209058,-2.7809057,-2.8509057,-2.9609058,-3.1109056,-3.2709057,-3.4409058,-3.6209059,-3.7909057,-3.9309058,-4.0509057,-4.160906,-4.310906,-4.4009056,-4.520906,-4.6709056,-4.830906,-5.020906,-5.180906,-5.370906,-5.4609056,-5.5309057,-5.680906,-5.890906,-6.0509057,-6.1909056,-6.250906,-6.2109056,-6.220906,-6.290906,-6.4209056,-6.600906,-6.810906,-6.9809055,-7.100906,-7.1709056,-7.200906,-7.2309055,-7.2809057,-7.3809056
0.7090942,0.74909425,0.7190942,0.54909426,0.21909423,-0.30090576,-0.89090574,-1.4209057,-1.8209058,-2.0709057,-2.2009058,-2.2809057,-2.3509057,-2.4409058,-2.5609057,-2.7109058,-2.8509057,-3.0009058,-3.1509058,-3.3609056,-3.5409057,-3.7109058,-3.9009058,-4.060906,-4.220906,-4.3409057,-4.4609056,-4.620906,-4.790906,-4.950906,-5.1109056,-5.3009057,-5.5109057,-5.7309055,-5.9609056,-6.1909056,-6.4009056,-6.600906,-6.8209057,-6.950906,-7.1309056,-7.2609057,-7.390906,-7.3609056,-7.3409057,-7.390906,-7.560906,-7.830906,-7.950906,-7.9609056,-7.870906,-7.7609057,-7.6309056,-7.5309057,-7.4609056,-7.410906,-7.370906
0.97909427,0.93909425,0.87909424,0.79909426,0.63909423,0.36909425,-0.010905761,-0.47090575,-0.9009058,-1.2909057,-1.6409057,-1.9309058,-2.2509058,-2.5609057,-2.8309057,-3.0609057,-3.2409058,-3.4209058,-3.6309059,-3.8009057,-3.9909058,-4.1309056,-4.270906,-4.4209056,-4.6109056,-4.8609056,-5.1509056,-5.4609056,-5.750906,-6.0109057,-6.3209057,-6.5509057,-6.740906,-6.8609056,-6.9409056,-6.950906,-7.0509057,-7.1709056,-7.3009057,-7.410906,-7.6109056,-7.810906,-7.990906,-8.150906,-8.2709055,-8.460906,-8.620906,-8.660906,-8.500906,-8.090906,-7.390906,-6.5109057,-5.750906,-5.180906,-4.7109056,-3.8509057,-2.4009058
1.0890943,1.1190943,1.1190943,0.97909427,0.62909424,0.06909424,-0.64090574,-1.3509058,-1.8909057,-2.2209058,-2.3409057,-2.4309058,-2.5209057,-2.7009058,-2.9009058,-3.0809057,-3.1609058,-3.1809058,-3.1809058,-3.2409058,-3.3609056,-3.5509057,-3.7909057,-4.060906,-4.370906,-4.6909056,-5.020906,-5.390906,-5.750906,-6.0109057,-6.2109056,-6.4009056,-6.540906,-6.7109056,-6.7809057,-6.6909056,-6.560906,-6.310906,-5.970906,-5.450906,-4.620906,-3.6709058,-2.5509057,-1.7609057,-1.3009057,-1.2609057,-1.2509058,-1.1809058,-1.0409057,-1.0409057,-1.2909057,-1.8609058,-2.2009058,-2.1209059,-1.9509058,-1.4509058,-1.3409058
0.15909424,0.14909424,0.28909424,0.44909424,0.5190942,0.35909423,-0.020905761,-0.5409058,-1.0309057,-1.3609058,-1.5409057,-1.7109058,-1.9309058,-2.2609057,-2.5409057,-2.7309058,-2.8509057,-2.9909058,-3.1509058,-3.2609057,-3.3009057,-3.3709059,-3.5709057,-3.8809059,-4.2809057,-4.680906,-4.9809055,-5.160906,-5.3209057,-5.390906,-5.2809057,-5.200906,-5.180906,-5.310906,-5.580906,-5.6909056,-5.6509056,-3.8609056,-3.2109058,-2.4509058,-1.5209057,-0.48090577,-0.17090577,-0.5309058,-0.74090576,-0.9109058,-1.2009058,-1.7409058,-1.8309058,-1.5309057,-1.7009058,-1.8509058,-1.8409058,-2.6709058,-2.6709058,-2.4509058,-2.2509058
1.1690942,0.99909425,1.0090942,1.2390943,1.5490942,1.6990943,1.4990942,1.0190942,0.49909425,0.13909423,-0.060905762,-0.14090577,-0.27090576,-0.55090576,-0.95090574,-1.3709058,-1.6809058,-1.8809057,-2.0009058,-2.1309059,-2.3609056,-2.6909058,-3.0309057,-3.2309058,-3.2909057,-3.3009057,-3.2809057,-3.2209058,-3.1409059,-3.1009057,-3.1909058,-3.2509058,-2.7809057,-1.8509058,-0.77090573,-0.22090577,-0.33090577,-1.0409057,-2.0109057,-3.2709057,-3.0909057,-1.2009058,0.8490942,1.2590942,0.74909425,-0.43090576,-1.5309057,-2.4709058,-2.5809057,-1.9509058,-1.2209058,-1.3609058,-2.1809058,-3.0509057,-2.7109058,-2.2909057,-1.5209057
1.8990942,2.1490943,2.2590942,2.2490942,2.1690943,2.0390942,1.9490943,1.9690943,2.0190942,1.9290942,1.6690942,1.4090942,1.3390943,1.3990942,1.4290942,1.2990942,0.98909426,0.5390942,0.11909424,-0.20090576,-0.41090575,-0.7109058,-1.1709057,-1.7509058,-2.3109057,-2.6909058,-2.7009058,-2.3909059,-1.9309058,-1.3609058,-0.70090574,-0.32090577,-0.47090575,-1.0809058,-1.7909057,-2.3709059,-2.4609058,-1.8709058,-1.1509057,-0.5409058,-1.0509057,-1.8309058,-1.9609058,-2.2609057,-1.9709058,-1.8309058,-2.1809058,-2.7409058,-2.5909057,-2.3009057,-2.1609058,-2.5609057,-2.2309058,-1.8509058,-1.4509058,-1.4209057,-1.8809057
2.6790943,2.6690943,2.9590943,3.5490942,4.1590943,4.459094,4.299094,3.7990942,3.2290943,2.8390942,2.6590943,2.5790942,2.4490943,2.2190943,1.9390942,1.7390943,1.6490942,1.5190942,1.3290943,1.1490942,1.0990943,1.1190943,1.0790943,0.79909426,0.11909424,-0.88090575,-1.6109058,-1.7209058,-1.5109057,-1.3509058,-1.3909057,-1.7509058,-1.7809057,-1.5609058,-1.3509058,-1.1809058,-1.1209058,-0.7809058,0.35909423,1.3090942,0.5990942,-1.7909057,-3.6209059,-3.4509058,-2.1709058,-1.1809058,-1.2609057,-1.5609058,-1.2809057,-0.37090576,-1.6109058,-4.600906,-3.0109057,-0.93090576,-1.1509057,-2.5609057,-2.6709058
3.4290943,3.3790941,3.3190942,3.3190942,3.4190943,3.5990942,3.9490943,4.3690944,4.779094,5.0390944,5.009094,4.729094,4.319094,4.049094,3.8290942,3.5490942,3.2090943,2.9290943,2.7890942,2.8890944,2.8690941,2.4790943,2.0690942,1.9290942,1.8790942,1.5790943,0.9590942,0.28909424,-0.020905761,-9.057617E-4,0.049094237,0.03909424,-9.057617E-4,-0.010905761,0.049094237,0.05909424,-0.70090574,-1.7309058,-1.8409058,-0.89090574,-0.11090576,0.40909424,0.7190942,0.94909424,0.87909424,0.34909424,-0.10090576,-0.43090576,-0.57090575,-0.68090576,-1.1809058,-1.7609057,-1.5709058,-1.0009058,-0.35090578,-0.77090573,-2.2809057
1.8290943,2.5790942,3.2990942,3.5790942,3.5190942,3.4290943,3.4890943,3.6490943,3.7390943,3.8690941,4.089094,4.459094,4.439094,4.459094,4.9290943,5.569094,4.799094,4.3290944,4.499094,4.9090943,4.6190944,4.259094,4.189094,3.7190943,2.9190943,2.9790943,3.0390942,2.7790942,2.4690943,1.8890942,1.6190943,1.2090943,1.3590943,1.6490942,1.1990943,0.82909423,1.1190943,0.88909423,0.06909424,-0.7309058,-0.9809058,-1.2409058,-1.4209057,-1.4309058,-1.1709057,-0.9009058,-1.0409057,-2.4009058,-4.2109056,-4.5709057,-3.7409058,-3.2409058,-2.9609058,-2.4509058,-1.9409058,-1.1309057,-1.3409058
0.69909424,1.3490943,2.1690943,2.3190942,2.0690942,2.3990943,3.0490942,3.3490942,3.3790941,3.4790943,3.6490943,3.8190942,4.009094,4.169094,4.299094,4.569094,4.939094,4.319094,3.5590942,3.7090943,3.5790942,3.4890943,3.8890944,4.0790944,4.229094,4.0790944,3.7290943,3.3890944,3.5390942,4.0590944,4.359094,4.149094,3.8090942,3.6490943,2.4390943,1.3990942,1.1390942,1.0590942,0.5190942,-0.36090577,-0.41090575,-0.70090574,-0.92090577,-0.6009058,0.22909424,0.45909423,-0.80090576,-3.1209059,-3.8809059,-0.76090574,2.6890943,1.4090942,0.11909424,2.8790941,6.049094,7.189094,7.0590944
0.85909426,0.73909426,0.94909424,1.3790942,1.7490942,2.1990943,2.7190943,2.9590943,2.8190942,3.1790943,3.4990942,3.5890942,3.4490943,4.1190944,5.089094,4.4690943,4.7390943,5.4290943,5.4890943,5.4490943,5.1190944,4.7190943,4.5390944,4.7190943,5.0790944,5.2690945,5.419094,5.649094,5.9690943,6.5590944,6.049094,5.729094,5.5590944,5.189094,4.689094,3.8690941,3.0990942,2.9190943,2.9190943,3.0690942,3.4490943,2.8090942,1.9490943,2.4390943,3.1990943,3.1490943,2.6690943,3.0990942,4.499094,4.6790943,3.6590943,4.459094,6.3290944,4.8890944,0.94909424,-0.77090573,0.36909425
1.4190942,1.7590942,2.0690942,2.4290943,2.7190943,2.9090943,3.1290941,3.4590943,3.8790941,4.299094,4.609094,5.109094,4.6190944,4.089094,4.3690944,4.609094,4.6790943,5.1390944,4.859094,5.259094,6.399094,6.799094,7.169094,6.999094,6.9490943,6.7190943,6.0990944,6.1390944,5.729094,5.799094,5.8090944,5.7690945,5.839094,5.779094,5.5790944,5.1990943,4.899094,5.5590944,5.0790944,4.4290943,4.4690943,4.5590944,4.879094,4.4690943,3.9590943,3.4190943,3.7790942,2.7090943,0.87909424,2.5190942,2.6690943,-0.23090576,-1.1509057,1.0590942,2.4590943,2.8290942,4.029094
0.94909424,1.7690942,2.4990942,3.0990942,3.6390944,4.2890944,5.069094,4.0590944,4.3090944,5.839094,6.9490943,7.4290943,8.429094,7.0390944,6.169094,6.279094,6.509094,6.7390943,6.979094,7.029094,6.9490943,6.8490944,6.509094,5.2890944,4.1990943,6.129094,7.4490943,6.339094,5.7890944,6.149094,6.9890943,7.049094,6.049094,5.4090943,5.419094,5.1790943,4.689094,6.1990943,7.069094,6.3690944,6.3690944,6.0190945,5.799094,5.1390944,4.729094,4.439094,3.6090941,2.8790941,2.4390943,2.0390942,1.7590942,1.6790942,1.8890942,1.5890943,0.92909425,1.3490943,1.9390942
-2.4009058,-1.9909058,-1.6809058,-0.74090576,0.22909424,1.1390942,2.0990942,3.5390942,4.4090943,6.1190944,6.629094,6.5590944,6.819094,6.649094,5.979094,6.6590943,7.419094,7.8090944,7.509094,7.189094,7.2390943,7.1390944,7.419094,6.939094,6.6790943,6.629094,6.129094,6.359094,7.149094,7.089094,6.299094,6.189094,6.4290943,6.689094,6.709094,6.1990943,6.2390943,6.3690944,7.089094,5.279094,5.0590944,5.8090944,6.189094,6.0990944,5.649094,5.0990944,4.8890944,4.049094,3.2890942,2.8890944,2.5190942,2.4290943,2.5690942,2.3690941,1.3490943,1.7390943,1.9790943
0.93909425,1.4290942,2.1190941,2.8090942,2.5390942,2.8890944,2.8790941,2.9690943,3.7990942,4.9490943,7.3490944,9.119094,9.349094,8.789094,8.489094,7.669094,7.9290943,8.129094,8.659094,8.139094,8.2290945,7.6990943,7.569094,7.499094,7.249094,7.0990944,7.2390943,7.249094,7.1590943,6.9090943,6.6790943,6.4490943,6.3290944,6.7890944,7.5190945,7.089094,5.999094,5.7390943,6.0990944,6.5990944,7.569094,8.059094,7.9090943,7.6590943,6.3690944,5.649094,4.759094,4.089094,3.7090943,4.2890944,3.9090943,3.4390943,2.2190943,1.3190942,1.1290942,0.80909425,1.2890942
-0.03090576,0.28909424,0.39909422,1.2890942,1.5990943,2.3990943,1.8990942,2.0690942,2.4490943,1.8590943,3.0690942,7.089094,6.089094,5.379094,3.6390944,4.2890944,6.229094,8.139094,9.109095,8.459094,8.239094,8.139094,7.8290944,7.3890944,7.609094,8.209094,8.809094,8.319095,7.979094,7.759094,8.179094,8.579094,8.159094,6.959094,6.6590943,6.609094,6.339094,6.999094,6.8090944,6.5190945,7.109094,6.7690945,7.069094,6.6590943,5.419094,5.339094,4.509094,5.0190945,5.1390944,3.6090941,1.4090942,-0.15090576,-1.2009058,0.09909424,1.4390942,1.7290943,1.0590942
-1.3309058,-1.1809058,-0.75090575,-0.52090573,0.08909424,0.5390942,1.0990943,1.4890943,1.8590943,2.0290942,3.6190941,4.259094,6.209094,6.1790943,5.1390944,5.399094,4.399094,5.749094,6.7190943,7.8090944,8.7290945,9.809094,11.169094,11.989094,11.719094,9.649095,8.759094,8.069095,8.049094,9.759094,10.239094,10.299094,9.929094,9.619094,8.149095,7.919094,8.039094,7.299094,6.8690944,7.459094,7.959094,7.5590944,6.779094,6.689094,5.0990944,4.0590944,4.2190943,5.1790943,4.399094,3.6590943,2.8890944,3.0190942,2.5790942,0.16909423,-0.5309058,-0.67090577,-0.63090575
-3.5309057,-2.6109056,-2.3809059,-2.3709059,-2.5209057,-2.2809057,-1.8109058,-0.67090577,0.30909425,1.0490942,1.8590943,2.5590942,4.1990943,4.759094,4.8090944,5.5790944,4.999094,5.609094,7.0990944,6.8890944,7.3490944,6.979094,7.069094,6.839094,6.0190945,6.3290944,7.509094,8.149095,7.9290943,8.099094,7.5990944,7.689094,8.169094,8.349094,8.319095,8.039094,6.6790943,6.529094,7.0590944,6.759094,6.499094,6.499094,6.009094,5.759094,5.169094,3.0690942,3.8490942,3.8590941,3.1490943,2.9090943,2.2490942,1.1790942,0.7190942,-0.37090576,-0.45090577,-0.70090574,-1.7509058
-1.2209058,-2.5609057,-3.1109056,-2.8109057,-2.2309058,-2.1209059,-3.0109057,-2.3309057,-1.4909058,-0.9809058,-0.17090577,0.82909423,1.5190942,2.7390943,3.4690943,3.5890942,4.5590944,4.8890944,4.6190944,5.839094,6.049094,6.259094,6.689094,6.009094,5.8290944,5.899094,6.1790943,6.439094,7.0390944,7.009094,6.9690943,7.4090943,7.919094,7.879094,7.689094,7.2890944,6.9490943,6.8490944,6.859094,6.499094,6.129094,5.499094,4.979094,4.749094,4.129094,3.2290943,2.5490942,4.0390944,3.8290942,3.0890942,2.5490942,1.6490942,0.5990942,-9.057617E-4,-0.62090576,-1.1609057,-1.5609058
1.2890942,1.1090943,1.1790942,1.2790942,-0.05090576,-2.5909057,-3.4809058,-2.4209058,-2.6409059,-2.8609056,-2.0009058,-0.47090575,0.8390942,0.5190942,0.8390942,1.9490943,2.3990943,3.2390943,3.8890944,4.149094,4.4090943,4.7690945,4.839094,5.1190944,5.479094,5.499094,5.689094,6.009094,6.2890944,6.149094,6.2890944,6.4890943,6.8490944,7.0190945,7.0590944,6.7190943,6.6990943,6.3290944,6.1990943,6.149094,5.6790943,4.859094,4.709094,3.8890944,4.689094,3.5590942,2.5290942,3.0090942,3.7390943,4.649094,5.1190944,3.7690942,1.7190943,0.8990942,1.1690942,0.7690942,0.17909424
