raw-data/2018091812.json
{"header": { "discipline":0, "disciplineName":"Meteorological products", "gribEdition":2, "gribLength":74753, "center":7, "centerName":"US National Weather Service - NCEP(WMC)", "subcenter":0, "refTime":"2018-09-18T12:00:00.000Z", "significanceOfRT":1, "significanceOfRTName":"Start of forecast", "productStatus":0, "productStatusName":"Operational products", "productType":1, "productTypeName":"Forecast products", "productDefinitionTemplate":0, "productDefinitionTemplateName":"Analysis/forecast at horizontal level/layer at a point in time", "parameterCategory":2, "parameterCategoryName":"Momentum", "parameterNumber":2, "parameterNumberName":"U-component_of_wind", "parameterUnit":"m.s-1", "genProcessType":2, "genProcessTypeName":"Forecast", "forecastTime":0, "surface1Type":103, "surface1TypeName":"Specified height level above ground", "surface1Value":10.0, "surface2Type":255, "surface2TypeName":"Missing", "surface2Value":0.0, "gridDefinitionTemplate":0, "gridDefinitionTemplateName":"Latitude_Longitude", "numberPoints":65160, "shape":6, "shapeName":"Earth spherical with radius of 6,371,229.0 m", "gridUnits":"degrees", "resolution":48, "winds":"true", "scanMode":0, "nx":360, "ny":181, "basicAngle":0, "lo1":0.0, "la1":90.0, "lo2":359.0, "la2":-90.0, "dx":1.0, "dy":1.0 }, "data":
[rows 0 to 25 of 181, columns 174 to 231 of 360]
-5.4210887,-5.411089,-5.4010887,-5.3810887,-5.3610888,-5.341089,-5.321089,-5.301089,-5.281089,-5.251089,-5.2310886,-5.201089,-5.1710887,-5.141089,-5.101089,-5.071089,-5.031089,-5.001089,-4.9610887,-4.9210887,-4.871089,-4.831089,-4.791089,-4.741089,-4.6910887,-4.641089,-4.591089,-4.541089,-4.491089,-4.431089,-4.371089,-4.321089,-4.261089,-4.201089,-4.141089,-4.071089,-4.011089,-3.941089,-3.881089,-3.8110888,-3.7410889,-3.671089,-3.6010888,-3.5310888,-3.451089,-3.381089,-3.3010888,-3.2310889,-3.151089,-3.0710888,-2.9910889,-2.911089,-2.8310888,-2.7510889,-2.671089,-2.5810888,-2.5010889,-2.411089
-5.121089,-5.101089,-5.081089,-5.061089,-5.031089,-5.011089,-4.9810886,-4.9610887,-4.9410887,-4.9210887,-4.891089,-4.871089,-4.841089,-4.811089,-4.781089,-4.751089,-4.721089,-4.6910887,-4.6510887,-4.621089,-4.591089,-4.551089,-4.521089,-4.4810886,-4.4410887,-4.4010887,-4.3610888,-4.321089,-4.281089,-4.241089,-4.1910887,-4.1510887,-4.101089,-4.051089,-3.9910889,-3.941089,-3.881089,-3.8310888,-3.7710888,-3.711089,-3.661089,-3.6110888,-3.5510888,-3.4810889,-3.411089,-3.3510888,-3.2810888,-3.211089,-3.141089,-3.0710888,-3.0110888,-2.941089,-2.8610888,-2.7810888,-2.701089,-2.621089,-2.5410888,-2.471089
-4.221089,-4.201089,-4.181089,-4.1510887,-4.1310887,-4.091089,-4.061089,-4.021089,-3.971089,-3.921089,-3.871089,-3.8210888,-3.7610888,-3.691089,-3.621089,-3.5610888,-3.4910889,-3.421089,-3.3410888,-3.2710888,-3.191089,-3.121089,-3.0410888,-2.961089,-2.871089,-2.7910888,-2.701089,-2.621089,-2.5410888,-2.461089,-2.371089,-2.2910888,-2.211089,-2.141089,-2.0710888,-2.0110888,-1.9410889,-1.8910888,-1.8410889,-1.8010888,-1.7710888,-1.7410889,-1.7210889,-1.7010889,-1.6910889,-1.6810889,-1.6810889,-1.6910889,-1.6910889,-1.6910889,-1.6910889,-1.6910889,-1.6910889,-1.6810889,-1.6710888,-1.6510888,-1.6310889,-1.6110889
-2.651089,-2.621089,-2.5910888,-2.5610888,-2.5110888,-2.471089,-2.431089,-2.3610888,-2.3010888,-2.2510889,-2.191089,-2.151089,-2.121089,-2.0910888,-2.0710888,-2.0510888,-2.0410888,-2.0310888,-2.0210888,-2.0010889,-1.9810889,-1.9610889,-1.9410889,-1.9110888,-1.8810889,-1.8410889,-1.8010888,-1.7610888,-1.7110889,-1.6510888,-1.5910889,-1.5110888,-1.4210888,-1.3110889,-1.2010889,-1.0710889,-0.93108886,-0.7910889,-0.6510889,-0.52108884,-0.38108885,-0.27108887,-0.17108887,-0.08108887,-0.011088867,0.048911132,0.08891113,0.108911134,0.108911134,0.08891113,0.058911134,-0.0010888672,-0.051088866,-0.12108887,-0.19108887,-0.25108886,-0.29108888,-0.32108888
0.30891114,0.36891115,0.42891112,0.49891114,0.5789111,0.6589111,0.73891115,0.8289111,0.9089111,0.98891115,1.0589111,1.1289111,1.1889111,1.2689111,1.3389112,1.4189111,1.4889112,1.5389111,1.5789112,1.6089112,1.6089112,1.5989112,1.5789112,1.5489111,1.5189111,1.4989111,1.4689112,1.4589112,1.4389111,1.4389111,1.4489112,1.4689112,1.4989111,1.5289111,1.5689111,1.5889112,1.5989112,1.5789112,1.5489111,1.5089111,1.4689112,1.4389111,1.4089111,1.3889111,1.3689111,1.3789111,1.3789111,1.3989111,1.3989111,1.4289111,1.4589112,1.4889112,1.4989111,1.4989111,1.4489112,1.3789111,1.2789111,1.1589111
1.9489112,2.048911,2.1389112,2.2189112,2.308911,2.3889112,2.4589112,2.5189111,2.588911,2.6389112,2.6989112,2.7489111,2.818911,2.878911,2.9489112,3.0189111,3.098911,3.1589112,3.2289112,3.278911,3.348911,3.4089112,3.4789112,3.538911,3.598911,3.6689112,3.7289112,3.788911,3.818911,3.828911,3.808911,3.7489111,3.6889112,3.618911,3.548911,3.4589112,3.358911,3.2589111,3.1689112,3.068911,2.9789112,2.9089112,2.838911,2.7589111,2.6689112,2.568911,2.4689112,2.368911,2.2689111,2.2089112,2.1689112,2.1789112,2.2089112,2.2589111,2.2689111,2.2289112,2.1589112,2.0189111
1.9089111,2.038911,2.1489112,2.2689111,2.3989112,2.5089111,2.628911,2.7289112,2.818911,2.9189112,3.0089111,3.098911,3.2189112,3.348911,3.4989111,3.6689112,3.868911,4.048911,4.198911,4.3089113,4.3689113,4.398911,4.3889112,4.378911,4.3689113,4.358911,4.378911,4.408911,4.438911,4.448911,4.418911,4.358911,4.248911,4.0989113,3.9389112,3.808911,3.7089112,3.6689112,3.6589112,3.6789112,3.6889112,3.6689112,3.6389112,3.578911,3.4689112,3.308911,3.128911,2.9589112,2.838911,2.7689111,2.7089112,2.6889112,2.6889112,2.6889112,2.6989112,2.6989112,2.6589112,2.598911
0.9589111,0.97891116,0.99891114,1.0389111,1.1089112,1.2289112,1.3889111,1.6089112,1.8089111,2.0089111,2.1989112,2.4489112,2.7589111,3.128911,3.3889112,3.628911,3.858911,4.0389113,4.208911,4.3489113,4.418911,4.428911,4.408911,4.3489113,4.3289113,4.358911,4.398911,4.448911,4.498911,4.5589113,4.628911,4.728911,4.8489113,4.958911,5.0389113,5.0789113,5.068911,4.978911,4.818911,4.608911,4.408911,4.228911,4.0789113,3.9889112,3.9089112,3.818911,3.7089112,3.548911,3.368911,3.1989112,3.088911,3.038911,3.028911,3.028911,3.0089111,2.9489112,2.878911,2.788911
0.29891112,0.41891113,0.5289111,0.6589111,0.7889111,0.93891114,1.0889112,1.2289112,1.3789111,1.5489111,1.7189112,1.8989111,2.098911,2.278911,2.538911,2.7689111,2.9689112,3.1589112,3.348911,3.548911,3.7489111,3.9289112,4.068911,4.148911,4.188911,4.3689113,4.488911,4.548911,4.458911,4.428911,4.488911,4.588911,4.7689114,4.898911,4.998911,5.0589113,5.0589113,5.0189114,4.998911,4.968911,4.998911,5.0389113,4.988911,4.908911,4.8089113,4.718911,4.648911,4.568911,4.438911,4.2689114,4.0989113,3.9189112,3.778911,3.6389112,3.5089111,3.3889112,3.298911,3.1989112
-0.7910889,-0.70108885,-0.6010889,-0.51108885,-0.41108885,-0.32108888,-0.21108887,-0.09108887,0.048911132,0.22891113,0.42891112,0.6489111,0.80891114,0.8989111,0.98891115,1.1989112,1.3989111,1.4989111,1.4789112,1.5189111,1.8589112,2.4189112,2.628911,2.4189112,2.088911,1.9489112,2.098911,2.368911,2.598911,2.788911,3.0089111,3.2089112,3.4389112,3.6389112,3.7189112,4.108911,4.3889112,4.998911,5.248911,5.1189113,4.918911,4.698911,4.748911,4.898911,5.0589113,5.128911,5.128911,5.088911,5.068911,4.968911,4.7689114,4.588911,4.3489113,4.168911,3.9689112,3.778911,3.628911,3.4389112
-2.121089,-2.0910888,-2.0910888,-2.0810888,-2.0510888,-1.9910889,-1.8910888,-1.7610888,-1.5910889,-1.4210888,-1.2810888,-1.1810889,-1.0810889,-0.93108886,-0.75108886,-0.5310889,-0.28108886,0.018911133,0.23891114,0.23891114,-0.0010888672,-0.16108887,-0.021088867,0.33891115,0.62891114,0.73891115,0.8289111,1.0289111,1.3289112,1.6689111,1.9689112,2.2489111,2.5189111,2.798911,3.088911,3.328911,3.538911,3.7189112,3.8889112,4.048911,4.208911,4.378911,4.5389113,4.6389112,4.678911,4.698911,4.748911,4.688911,4.658911,4.758911,4.978911,4.958911,4.778911,4.588911,4.3689113,4.088911,3.808911,3.5089111
-3.5810888,-3.5910888,-3.6010888,-3.5910888,-3.5810888,-3.5410888,-3.471089,-3.401089,-3.431089,-3.211089,-3.1110888,-3.0110888,-2.901089,-2.7510889,-2.5510888,-2.3010888,-2.0010889,-1.6310889,-1.3110889,-1.2210889,-1.4010888,-1.5010889,-1.3210889,-0.9610889,-0.70108885,-0.5910889,-0.50108886,-0.36108887,-0.18108886,0.038911134,0.28891113,0.60891116,1.0089111,1.4489112,1.8689111,2.2489111,2.628911,2.9489112,3.2089112,3.4189112,3.628911,3.838911,3.9689112,4.1389112,4.208911,4.318911,4.358911,4.418911,4.448911,4.528911,4.718911,4.858911,4.608911,4.3489113,4.218911,4.048911,3.588911,3.108911
-4.551089,-4.741089,-4.9410887,-5.081089,-5.011089,-4.891089,-4.891089,-4.9410887,-4.871089,-4.701089,-4.701089,-4.291089,-4.071089,-3.8610888,-3.691089,-3.5910888,-3.721089,-3.421089,-3.2310889,-3.2410889,-3.2510889,-3.0710888,-2.7410889,-2.5210888,-2.2510889,-1.9510889,-1.5910889,-1.2010889,-0.8510889,-0.6110889,-0.55108887,-0.5910889,-0.46108887,-0.10108887,0.38891113,0.8289111,1.1089112,1.3189111,1.6189111,2.048911,2.5189111,2.878911,3.1389112,3.308911,3.4089112,3.4689112,3.548911,3.608911,3.6589112,3.6789112,3.878911,4.008911,3.6789112,3.4689112,3.338911,3.1489112,2.828911,2.578911
-5.1110888,-5.1310887,-5.061089,-5.091089,-5.251089,-5.371089,-5.411089,-5.411089,-5.391089,-5.491089,-5.7110887,-6.221089,-6.271089,-6.201089,-5.2310886,-4.781089,-5.041089,-5.141089,-5.1510887,-5.1310887,-5.161089,-5.041089,-4.841089,-4.6110888,-4.351089,-4.051089,-3.7510889,-3.431089,-3.0910888,-2.721089,-2.3110888,-1.8910888,-1.4910889,-1.0710889,-0.6110889,-0.17108887,0.17891113,0.34891114,0.33891115,0.5289111,0.8989111,1.2889111,1.7189112,1.9789112,2.1689112,2.2089112,2.1589112,2.1989112,2.348911,2.5189111,2.6889112,2.6789112,2.608911,2.538911,2.4789112,2.3989112,2.298911,2.1589112
-5.341089,-5.4410887,-5.391089,-5.561089,-5.8610888,-6.001089,-6.141089,-6.3610888,-6.521089,-6.721089,-7.041089,-6.9010887,-6.571089,-7.1110888,-7.301089,-7.1110888,-6.6910887,-6.511089,-6.351089,-6.521089,-6.641089,-6.641089,-6.4810886,-6.271089,-6.051089,-5.831089,-5.591089,-5.311089,-5.011089,-4.701089,-4.4010887,-4.081089,-3.681089,-3.2310889,-2.7910888,-2.401089,-2.0710888,-1.7610888,-1.4510889,-1.1810889,-0.8610889,-0.6110889,-0.28108886,0.008911133,0.24891113,0.46891114,0.56891114,0.8489111,1.1489111,1.3589112,1.5189111,1.7289112,1.8589112,1.8489112,1.7989111,1.8589112,1.8589112,1.6689111
-3.971089,-4.091089,-4.311089,-4.4210887,-4.551089,-5.321089,-6.891089,-7.411089,-7.761089,-7.911089,-7.9610887,-8.111089,-8.311089,-8.111089,-8.091089,-8.031089,-7.951089,-7.4810886,-7.221089,-7.1710887,-7.271089,-7.351089,-7.3610888,-7.311089,-7.261089,-7.1910887,-7.071089,-6.9010887,-6.6910887,-6.4810886,-6.241089,-5.931089,-5.581089,-5.221089,-4.8610888,-4.511089,-4.181089,-3.8610888,-3.5710888,-3.3410888,-3.131089,-2.891089,-2.5910888,-2.2310889,-1.8410889,-1.2310889,-0.75108886,-0.26108888,0.34891114,0.7689111,0.94891113,1.1389111,1.4789112,1.6689111,1.5289111,1.2289112,1.0489111,0.9689111
-2.9910889,-2.681089,-2.971089,-3.621089,-3.471089,-2.8010888,-2.961089,-3.3010888,-3.671089,-4.431089,-5.471089,-6.321089,-6.801089,-7.2110887,-7.491089,-7.581089,-7.661089,-7.771089,-7.811089,-7.9410887,-7.991089,-7.951089,-7.9810886,-8.161089,-8.271089,-8.261089,-8.301089,-8.371089,-8.281089,-8.081089,-7.9410887,-7.801089,-7.581089,-7.271089,-6.9210887,-6.551089,-6.2110887,-5.891089,-5.571089,-5.301089,-5.071089,-4.8810887,-4.6110888,-4.2310886,-3.7810888,-3.3210888,-2.691089,-1.4810889,-0.5410889,0.08891113,0.40891114,0.81891114,1.2889111,1.6589111,1.9589112,1.7589111,0.86891115,0.42891112
-1.0110888,-1.3910888,-2.2510889,-3.0510888,-3.2310889,-3.2510889,-3.6010888,-3.8510888,-3.6110888,-3.2410889,-3.0910888,-3.211089,-3.5110888,-3.9810889,-4.701089,-5.551089,-6.281089,-6.781089,-7.041089,-7.271089,-7.6310887,-7.851089,-7.9410887,-8.421089,-8.991089,-9.281089,-9.401089,-9.671089,-9.831089,-9.791089,-9.681088,-9.571089,-9.431088,-8.861089,-8.051089,-8.271089,-8.021089,-7.911089,-7.1510887,-7.4410887,-7.061089,-6.621089,-6.251089,-5.911089,-5.541089,-5.041089,-4.4810886,-3.901089,-3.0310888,-2.131089,-1.3310889,-0.7110889,-0.021088867,0.5389111,1.1989112,1.5689111,1.5289111,1.3489112
-1.7510889,-0.95108885,-0.111088865,-0.64108884,-2.5310888,-4.501089,-5.2110887,-4.751089,-4.061089,-3.661089,-3.5610888,-3.4910889,-3.401089,-3.211089,-2.941089,-2.5210888,-2.0010889,-2.1010888,-3.461089,-5.1110888,-6.071089,-6.721089,-7.1510887,-7.7310886,-8.081089,-8.541089,-9.281089,-10.071089,-10.781089,-11.121089,-11.071089,-10.851089,-11.281089,-11.251089,-11.311089,-11.401089,-10.981089,-10.521089,-9.981089,-9.111089,-9.531089,-9.341089,-8.621089,-7.951089,-7.311089,-6.7110887,-6.1110888,-5.4210887,-4.681089,-3.921089,-3.141089,-1.8510889,-0.50108886,-0.25108886,-0.52108884,-0.0010888672,0.91891116,1.2189112
4.0389113,3.4489112,2.808911,1.9589112,0.92891115,-0.24108887,-0.64108884,-1.3810889,-1.4310889,-1.2710888,-1.2210889,-1.3210889,-1.3610889,-1.2510889,-1.3210889,-1.7010889,-2.0110888,-1.7710888,-1.5610889,-1.9210888,-1.7410889,-1.5110888,-2.7710888,-4.791089,-5.9610887,-6.721089,-7.591089,-8.431088,-8.951089,-6.971089,-8.181088,-10.111089,-11.911089,-12.541089,-13.481089,-13.931088,-14.211089,-14.091089,-13.541089,-13.581089,-12.811089,-12.061089,-11.311089,-10.921089,-10.151089,-9.181088,-8.061089,-6.911089,-5.8810887,-4.891089,-3.921089,-3.0110888,-2.1110888,-1.1910889,-0.15108886,0.38891113,0.6389111,0.97891116
1.7789111,3.118911,4.818911,5.938911,5.8289113,3.288911,-0.20108886,-1.5710889,-1.8510889,-1.6510888,-1.5110888,-1.9210888,-1.7910888,-1.0610889,-0.20108886,0.60891116,0.85891116,-0.25108886,-1.5610889,-1.7810888,-1.1510888,-0.99108887,-1.8010888,-2.1110888,-1.3610889,-1.3510889,-1.4910889,-2.151089,-2.901089,-3.5710888,-4.061089,-4.1910887,-4.291089,-4.121089,-3.711089,-5.1110888,-6.041089,-6.9610887,-7.841089,-9.071089,-10.061089,-12.081089,-10.211089,-10.941089,-13.361089,-12.551089,-9.541089,-7.721089,-6.9010887,-6.021089,-5.121089,-4.301089,-3.5210888,-2.8010888,-1.8410889,-0.7810889,-0.071088865,0.16891113
1.5889112,1.2389112,1.4789112,1.0889112,0.68891114,1.7089112,3.4689112,3.068911,0.028911132,-2.8210888,-2.7610888,-2.471089,-2.3410888,-1.5210888,-0.9110889,-0.051088866,0.7889111,0.8989111,0.26891112,-0.6610889,-1.0810889,-1.3710889,-1.4910889,-1.1210889,-0.49108887,-0.21108887,0.5389111,1.0689111,0.6589111,0.7089111,1.1689111,1.3589112,1.3289112,0.7889111,0.61891115,0.99891114,1.0989112,1.2389112,-0.5310889,-0.9210889,-0.64108884,0.32891113,0.7689111,0.54891115,-0.14108887,-0.071088865,-1.8510889,-0.7210889,-3.151089,-7.011089,-5.6110888,-2.701089,-2.3610888,-2.6110888,-1.3710889,-0.5910889,0.27891114,0.94891113
1.0589111,1.1989112,1.0989112,1.5789112,0.9689111,1.0289111,0.5389111,-0.23108886,1.6489111,0.94891113,-1.1110889,-1.4410889,-1.4510889,-0.8610889,-0.0010888672,0.54891115,1.3989111,2.2289112,2.1789112,1.3489112,1.1489111,0.22891113,-1.2610888,-1.3910888,-1.3710889,-1.4310889,-1.0210888,-1.3110889,-1.4610889,-0.76108885,-0.9810889,-0.81108886,-0.6710889,-0.18108886,-0.16108887,-0.6510889,0.43891114,0.48891112,0.43891114,0.26891112,-0.24108887,-0.89108884,-1.1710888,-1.5610889,-2.4910889,-1.3910888,-1.3310889,-1.9810889,-1.7310889,-1.0710889,-0.69108886,-1.1910889,-2.371089,-3.0810888,-1.8010888,-1.2810888,-0.44108886,-0.021088867
1.2089112,1.4689112,1.7889111,1.5689111,1.9489112,1.7089112,1.5389111,1.6089112,1.8289112,1.3189111,0.9589111,0.94891113,0.92891115,0.6489111,-0.12108887,0.5989111,1.9789112,2.7189112,3.2689111,3.6889112,4.008911,3.798911,4.1389112,3.2289112,-0.051088866,-2.2710888,-1.8410889,-1.8610889,-1.6510888,-1.7710888,-1.5610889,-1.0310888,-0.9710889,-1.0010889,-0.82108885,-1.2410889,-1.1710888,0.38891113,-0.071088865,-0.75108886,-1.3710889,-1.8910888,-2.171089,-1.7910888,-1.6810889,-1.2910888,-1.3810889,-1.2310889,-1.3210889,-3.5510888,-1.6210889,-0.6510889,-1.6710888,-3.1110888,-2.7810888,-1.4310889,-1.4810889,-0.9810889
-0.82108885,2.0089111,1.0389111,3.858911,3.308911,3.9289112,3.358911,6.678911,3.618911,4.1189113,5.238911,5.218911,3.358911,1.4989111,2.1989112,1.3189111,1.8089111,4.858911,3.7089112,1.5089111,1.1989112,1.4889112,2.1989112,2.368911,2.4289112,0.94891113,-0.94108886,-0.9010889,0.038911134,-0.88108885,-1.1610888,-0.6110889,-0.7910889,-0.111088865,-0.7210889,-0.83108884,-0.011088867,0.12891114,0.058911134,0.54891115,0.68891114,0.8989111,0.47891113,0.07891113,-0.21108887,-0.81108886,-0.061088867,-0.87108886,-2.3610888,-1.8110889,-1.7410889,-0.7810889,-0.36108887,-1.3810889,-2.151089,-2.8510888,-1.9310889,-1.3810889
0.87891114,2.1589112,3.2589111,3.4989111,2.578911,3.798911,6.5189114,8.558911,8.318912,7.5789113,6.218911,4.3689113,2.9089112,1.1989112,1.4289111,5.528911,6.0789113,5.5389113,5.1189113,4.068911,1.1089112,0.018911133,-0.22108887,0.23891114,1.5489111,0.5989111,0.39891112,-0.061088867,0.24891113,0.61891115,0.15891114,-0.34108886,-0.17108887,0.028911132,-0.25108886,-0.44108886,-0.64108884,-0.7910889,-0.45108888,-0.94108886,-0.41108885,0.11891113,1.1889111,1.1789111,0.8289111,-0.8610889,0.068911135,0.98891115,0.85891116,-0.071088865,-0.64108884,0.43891114,0.18891114,-0.111088865,0.47891113,-0.6710889,0.49891114,-0.20108886
