raw-data/2018091512.json
{"header": { "discipline":0, "disciplineName":"Meteorological products", "gribEdition":2, "gribLength":74143, "center":7, "centerName":"US National Weather Service - NCEP(WMC)", "subcenter":0, "refTime":"2018-09-15T12:00:00.000Z", "significanceOfRT":1, "significanceOfRTName":"Start of forecast", "productStatus":0, "productStatusName":"Operational products", "productType":1, "productTypeName":"Forecast products", "productDefinitionTemplate":0, "productDefinitionTemplateName":"Analysis/forecast at horizontal level/layer at a point in time", "parameterCategory":2, "parameterCategoryName":"Momentum", "parameterNumber":2, "parameterNumberName":"U-component_of_wind", "parameterUnit":"m.s-1", "genProcessType":2, "genProcessTypeName":"Forecast", "forecastTime":0, "surface1Type":103, "surface1TypeName":"Specified height level above ground", "surface1Value":10.0, "surface2Type":255, "surface2TypeName":"Missing", "surface2Value":0.0, "gridDefinitionTemplate":0, "gridDefinitionTemplateName":"Latitude_Longitude", "numberPoints":65160, "shape":6, "shapeName":"Earth spherical with radius of 6,371,229.0 m", "gridUnits":"degrees", "resolution":48, "winds":"true", "scanMode":0, "nx":360, "ny":181, "basicAngle":0, "lo1":0.0, "la1":90.0, "lo2":359.0, "la2":-90.0, "dx":1.0, "dy":1.0 }, "data":
[rows 0 to 24 of 181, columns 232 to 289 of 360]
4.356345,4.226345,4.086345,3.9563453,3.8263452,3.686345,3.5463452,3.4163451,3.2763453,3.1363451,2.9863453,2.8463452,2.7063453,2.5663452,2.4163451,2.2763453,2.1263452,1.9763452,1.8363452,1.6863452,1.5363452,1.3863453,1.2363452,1.0863452,0.9363452,0.78634524,0.6363452,0.4863452,0.33634523,0.18634522,0.036345214,-0.113654785,-0.2636548,-0.41365477,-0.5636548,-0.71365476,-0.8636548,-1.0136548,-1.1636548,-1.3136548,-1.4636548,-1.6136547,-1.7636548,-1.9036548,-2.0536547,-2.2036548,-2.3436549,-2.4936547,-2.6336548,-2.7736547,-2.9236548,-3.063655,-3.2036548,-3.3436549,-3.4836547,-3.6136549,-3.7536547,-3.8936548
6.1763453,6.056345,5.936345,5.806345,5.686345,5.556345,5.4263453,5.306345,5.166345,5.036345,4.9063454,4.766345,4.626345,4.4863453,4.3463454,4.2163453,4.066345,3.926345,3.7763453,3.6363451,3.4963453,3.3463452,3.1963453,3.0563452,2.9063451,2.7563453,2.6063452,2.4563453,2.3163452,2.1663451,2.0263453,1.8763452,1.7263452,1.5763452,1.4363452,1.2863452,1.1463453,0.9963452,0.85634524,0.7163452,0.5763452,0.42634523,0.2863452,0.14634521,0.006345215,-0.12365478,-0.2636548,-0.40365478,-0.5336548,-0.6736548,-0.8036548,-0.9436548,-1.0736548,-1.2036548,-1.3336548,-1.4636548,-1.5936548,-1.7136548
7.686345,7.5763454,7.476345,7.356345,7.246345,7.1363454,7.0263453,6.9063454,6.786345,6.666345,6.546345,6.4263453,6.296345,6.166345,6.046345,5.916345,5.786345,5.6563454,5.5263453,5.396345,5.266345,5.1363454,5.0063453,4.876345,4.746345,4.626345,4.496345,4.376345,4.2563453,4.1363454,4.016345,3.8963451,3.7763453,3.6663451,3.5463452,3.436345,3.3163452,3.2063453,3.0863452,2.9763453,2.8663452,2.7463453,2.6363451,2.5163453,2.4063451,2.2963452,2.186345,2.0763452,1.9663452,1.8663452,1.7563453,1.6463453,1.5363452,1.4363452,1.3263452,1.2163452,1.1063452,1.0063453
8.486345,8.416346,8.326345,8.2463455,8.156345,8.086346,8.006345,7.936345,7.856345,7.796345,7.7163453,7.6363454,7.566345,7.4863453,7.416345,7.336345,7.2563453,7.1763453,7.086345,7.0063453,6.916345,6.8263454,6.746345,6.6563454,6.586345,6.496345,6.416345,6.336345,6.2563453,6.1763453,6.0963454,6.016345,5.9263453,5.8463454,5.766345,5.6763453,5.586345,5.496345,5.4063454,5.316345,5.226345,5.1363454,5.066345,4.976345,4.9063454,4.8263454,4.7563453,4.6963453,4.626345,4.5763454,4.516345,4.476345,4.4263453,4.396345,4.356345,4.336345,4.296345,4.2763453
8.7863455,8.766345,8.766345,8.756345,8.756345,8.7463455,8.736345,8.726345,8.696345,8.666346,8.636345,8.596345,8.546345,8.486345,8.426345,8.396345,8.356345,8.306345,8.2463455,8.176345,8.096345,7.996345,7.9063454,7.806345,7.706345,7.606345,7.496345,7.3863454,7.286345,7.186345,7.0963454,7.0063453,6.936345,6.8663454,6.806345,6.7363453,6.6763453,6.626345,6.566345,6.5263453,6.4863453,6.4463453,6.4063454,6.3663454,6.316345,6.286345,6.266345,6.2363453,6.226345,6.226345,6.226345,6.2363453,6.246345,6.2563453,6.2763453,6.286345,6.296345,6.316345
6.8463454,6.816345,6.806345,6.8463454,6.9463453,7.056345,7.1363454,7.2163453,7.266345,7.2763453,7.286345,7.286345,7.266345,7.246345,7.226345,7.1763453,7.126345,7.056345,6.996345,6.936345,6.876345,6.796345,6.6963453,6.6163454,6.5063453,6.4063454,6.316345,6.226345,6.1363454,6.036345,5.9463453,5.896345,5.796345,5.726345,5.646345,5.556345,5.456345,5.3463454,5.2763453,5.1963453,5.1163454,5.036345,4.9663453,4.8863454,4.816345,4.706345,4.666345,4.626345,4.5763454,4.536345,4.4863453,4.4463453,4.4063454,4.376345,4.3463454,4.336345,4.316345,4.306345
4.4263453,4.376345,4.316345,4.2763453,4.246345,4.2163453,4.206345,4.206345,4.226345,4.2563453,4.2363453,4.1763453,4.086345,3.9863453,3.9063451,3.8363452,3.7863452,3.7463453,3.7163453,3.676345,3.6663451,3.6263452,3.5763452,3.4863453,3.3663452,3.2063453,3.0363452,2.8863451,2.7263453,2.5863452,2.4663453,2.3363452,2.2263453,2.1263452,2.0063453,1.9063452,1.8163452,1.7463452,1.6563452,1.5663452,1.4763452,1.3863453,1.3063452,1.2363452,1.1563452,1.0963452,1.0063453,0.8863452,0.73634523,0.5863452,0.4563452,0.3563452,0.30634522,0.3263452,0.4163452,0.5563452,0.7063452,0.8663452
2.4563453,2.6063452,2.7563453,2.8763452,2.926345,2.8863451,2.7563453,2.5363452,2.2363453,1.9063452,1.6263452,1.4563452,1.3563452,1.3063452,1.2863452,1.2563453,1.2263452,1.1963452,1.2063452,1.2163452,1.2163452,1.1863452,1.1463453,1.0363452,0.8863452,0.72634524,0.5563452,0.39634523,0.21634522,0.016345214,-0.21365479,-0.4236548,-0.5736548,-0.6036548,-0.5336548,-0.4236548,-0.3336548,-0.2736548,-0.23365478,-0.20365478,-0.18365479,-0.18365479,-0.25365478,-0.3936548,-0.51365477,-0.5536548,-0.4236548,-0.16365479,0.16634521,0.53634524,0.7663452,1.0963452,1.1363453,1.1263452,1.1263452,1.0263453,0.97634524,1.0163453
1.8263452,1.9763452,2.176345,2.3463452,2.4763453,2.4863453,2.3763452,2.2063453,2.0063453,1.8163452,1.6563452,1.5063453,1.3663452,1.2063452,1.0363452,0.8463452,0.6363452,0.43634522,0.2663452,0.13634521,0.056345213,-0.0036547852,-0.033654787,-0.073654786,-0.14365478,-0.2736548,-0.3936548,-0.47365478,-0.5036548,-0.5036548,-0.5336548,-0.5636548,-0.5936548,-0.6036548,-0.64365476,-0.76365477,-0.9136548,-1.0436548,-0.8536548,-0.77365476,-0.6136548,-0.64365476,-0.7936548,-0.7836548,-0.5536548,-0.16365479,0.14634521,0.23634522,-0.043654785,-0.6236548,-1.1436548,-1.3036548,-1.4636548,-1.3936548,-0.9836548,-0.5936548,-0.23365478,-0.24365479
2.6263452,2.6163452,2.6063452,2.5963452,2.5563452,2.5063453,2.4163451,2.3363452,2.2363453,2.1363451,2.0163453,1.9063452,1.7863452,1.6763452,1.5663452,1.4463452,1.3563452,1.2663453,1.2163452,1.1563452,1.0563452,0.9063452,0.7663452,0.6363452,0.5163452,0.3563452,0.19634521,0.006345215,-0.22365479,-0.4636548,-0.6236548,-0.5436548,-0.25365478,0.16634521,0.6463452,1.3063452,2.5263453,2.9163451,2.5863452,2.1263452,2.0663452,1.8563452,0.7763452,-0.073654786,-0.6236548,-0.95365477,-1.2036548,-1.3836548,-1.3136548,-1.8436548,-1.3236548,-1.0536548,-0.9136548,-0.8836548,-0.89365476,-0.9236548,-1.0536548,-1.3936548
3.2763453,3.1663451,3.0763452,3.0063453,2.9463453,2.8863451,2.8163452,2.7563453,2.7263453,2.6963453,2.686345,2.6563451,2.6463451,2.6363451,2.6563451,2.6963453,2.7463453,2.7863452,2.7963452,2.7963452,2.8263452,2.8763452,2.8963451,2.8463452,2.7563453,2.6963453,2.686345,2.6663451,2.4663453,2.1363451,1.8463452,1.8463452,1.8363452,0.8963452,-0.7936548,-2.0236547,-1.8236548,-0.7436548,0.39634523,1.1263452,1.6063452,1.9763452,1.7763453,2.0763452,2.5363452,2.176345,1.1863452,-0.08365478,-0.6336548,-0.7936548,-0.7936548,-0.7336548,-0.6336548,-0.8036548,-0.8736548,-0.77365476,-0.70365477,-0.76365477
5.166345,5.036345,4.916345,4.786345,4.6563454,4.536345,4.396345,4.2363453,4.056345,3.8663452,3.6563451,3.426345,3.2363453,3.1363451,3.1163452,3.1563451,3.2463453,3.4063451,3.5763452,3.676345,3.7263453,3.7963452,3.8563452,3.6963453,3.4163451,3.2663453,3.8263452,4.0063453,3.9163451,3.8163452,3.8263452,3.926345,3.9663453,3.7863452,2.8463452,1.1063452,0.43634522,0.5063452,0.046345215,-0.5636548,-0.5336548,-0.08365478,0.49634522,0.72634524,0.79634523,0.9063452,0.73634523,0.53634524,0.97634524,0.2563452,-1.1436548,-1.6336548,-1.4736547,-1.5136548,-2.4836547,-3.0936549,-3.3436549,-3.3436549
5.9263453,5.9863453,6.016345,6.0263453,6.016345,5.996345,5.956345,5.9263453,5.8863454,5.856345,5.796345,5.706345,5.516345,5.246345,4.9263453,4.796345,4.8463454,4.816345,4.5063453,4.306345,4.126345,4.2363453,4.146345,4.086345,4.1563454,4.1363454,3.9863453,4.0263453,3.3963451,3.4863453,4.0063453,3.5563452,3.4563453,4.1563454,4.516345,5.0763454,5.126345,4.4263453,3.6563451,2.3063452,1.7463452,2.1063452,1.9863452,1.1463453,1.0563452,1.0763452,0.15634522,0.3563452,0.6763452,-0.9336548,-1.9436548,-1.3136548,-0.52365476,-0.22365479,0.066345215,0.2663452,0.11634521,0.056345213
5.9263453,5.896345,5.8863454,5.896345,5.956345,6.056345,6.1563454,6.146345,6.166345,6.186345,6.226345,6.4063454,6.1563454,5.666345,5.4063454,5.376345,5.286345,5.0763454,4.9463453,4.996345,4.766345,4.4863453,4.536345,5.1763453,4.856345,3.9863453,4.086345,4.4663453,4.606345,4.726345,4.496345,4.5763454,4.106345,5.876345,6.6163454,5.3263454,5.0963454,5.286345,5.246345,5.066345,3.4763453,1.6263452,1.3363452,1.6663452,1.4863452,1.2163452,0.7063452,1.4363452,2.4163451,2.4063451,1.6663452,1.0963452,0.6863452,-0.073654786,-1.7836548,-4.063655,-4.5936546,-2.7136548
5.0263453,5.016345,5.016345,4.976345,5.0263453,5.456345,4.516345,4.046345,3.5563452,3.426345,3.5363452,4.0063453,2.9163451,3.4163451,4.806345,5.6363454,6.4063454,5.286345,4.286345,4.3463454,4.3863454,4.316345,5.0063453,5.3663454,4.2563453,3.4063451,3.3863451,3.186345,2.8263452,3.4163451,4.066345,4.0763454,4.9263453,5.626345,5.3863454,4.226345,2.9963453,3.2363453,3.5363452,5.0063453,6.4863453,7.836345,8.396345,8.7863455,9.306345,9.7463455,9.676345,9.026345,8.4963455,6.8263454,6.046345,4.586345,3.1463451,2.0463452,2.0063453,2.7263453,2.8163452,0.8063452
3.0963452,3.1163452,3.1663451,3.2263453,3.2963452,3.5363452,3.8963451,4.1763453,4.3463454,4.646345,5.016345,4.416345,3.2363453,2.5263453,1.9063452,1.5263453,2.0763452,1.3963453,1.9763452,2.9863453,2.7663453,2.8663452,2.7663453,2.3863451,3.0363452,3.8563452,3.9063451,3.5663452,2.7063453,2.426345,2.9463453,3.0563452,2.5363452,2.5363452,3.4063451,3.9463453,2.2063453,2.1263452,2.686345,2.8463452,2.5763452,3.1163452,2.4763453,2.1363451,1.7863452,1.3163452,2.6563451,2.0663452,0.066345215,0.14634521,1.9963452,3.3263452,4.436345,4.8463454,4.8263454,4.916345,4.436345,3.0663452
2.1363451,2.2563453,2.3863451,2.7163453,1.7463452,1.9963452,2.676345,2.3263452,2.0363452,2.0163453,3.8663452,5.146345,4.5963454,4.496345,4.0963454,2.7563453,1.5963452,1.4563452,1.6963452,1.9863452,2.1263452,2.2563453,2.3463452,2.3663452,1.8663452,1.7963452,1.8963453,2.3363452,2.9463453,3.2963452,3.426345,3.7663453,3.7063453,3.3763452,3.5763452,4.1763453,4.6763453,4.796345,5.1763453,5.516345,6.306345,7.2763453,7.6563454,7.6763453,8.166346,8.776345,8.976345,9.4963455,11.146345,11.706346,10.806345,9.896345,9.616345,10.216345,10.376346,9.836346,9.306345,8.796345
1.4563452,1.7763453,1.9463452,1.6663452,1.1063452,1.2363452,1.8063452,1.8563452,2.2563453,2.4463453,2.3063452,1.5663452,1.3663452,2.3263452,2.5563452,1.9463452,2.4963453,2.1263452,1.6663452,1.3763452,0.9063452,1.5563452,1.9663452,1.5663452,1.1663452,0.98634523,0.8663452,0.5563452,-0.0036547852,0.40634522,0.9963452,1.0363452,0.3563452,0.16634521,1.0263453,0.27634522,0.8863452,1.4763452,-0.113654785,-0.77365476,0.6463452,1.8963453,2.3663452,0.8963452,0.5163452,0.78634524,1.7963452,1.6963452,0.12634522,0.17634521,2.1363451,2.9063451,4.036345,3.7663453,3.9863453,3.936345,4.806345,5.3263454
0.6363452,0.8063452,0.39634523,-0.4636548,-0.16365479,0.8163452,1.8463452,2.176345,2.186345,0.22634521,0.66634524,1.2563453,1.5363452,1.6863452,1.3263452,1.1363453,1.3263452,1.0163453,0.72634524,1.1663452,1.2463452,0.4863452,0.7563452,1.3463452,0.6863452,-0.41365477,-1.2436547,-1.6036547,-1.6936548,-1.8336548,-1.8636547,-1.5936548,-2.0836549,-2.7336547,-2.7636547,-2.4036548,-2.0336547,-2.1436548,-2.8036547,-1.7836548,-1.4836547,-1.3436548,-1.5336548,-1.9836547,-1.3936548,-0.8736548,0.37634522,0.9663452,0.97634524,0.20634522,-1.2136548,-0.18365479,1.9863452,2.8863451,3.6063452,4.356345,6.286345,8.346345
-0.113654785,0.4163452,0.60634524,0.3563452,0.43634522,-0.5336548,-0.9336548,-0.6736548,-0.64365476,-0.41365477,0.16634521,0.8463452,1.3363452,1.2963452,1.0563452,1.0163453,0.6263452,0.2963452,0.8063452,1.1263452,1.2163452,1.5163453,1.4663452,0.8463452,0.3563452,-0.20365478,-1.0836548,-1.5436548,-1.9836547,-3.0836549,-3.3036547,-3.9436548,-3.4436548,-3.4036548,-2.4736547,-1.7936548,-4.2236547,-4.933655,-4.563655,-4.123655,-3.8036547,-3.1436548,-2.6036549,-2.5136547,-2.7636547,-2.5036547,-2.2236547,-2.3736548,-2.3936548,-2.4836547,-2.3736548,-1.2536548,0.40634522,1.1963452,1.3163452,1.4263452,2.5263453,3.5463452
-0.3336548,1.1163452,1.5963452,1.5363452,2.8163452,4.186345,4.706345,3.0963452,0.42634523,-0.08365478,0.3563452,0.7063452,1.6763452,1.6963452,1.6463453,1.8563452,1.5663452,1.3763452,1.2263452,1.0663452,0.6763452,0.20634522,0.07634521,0.15634522,0.046345215,0.4863452,0.42634523,-0.4836548,-1.0836548,-0.9736548,-1.1436548,-1.9836547,-2.8836548,-3.2436547,-2.4336548,-1.8636547,-2.7236547,-3.8836548,-5.0736547,-5.2836547,-4.003655,-3.6336548,-3.7036548,-3.3036547,-2.8636549,-3.8336549,-4.4036546,-6.9936547,-6.713655,-5.713655,-5.4936547,-2.5336547,-2.1536548,-3.0136547,-1.4836547,1.8663452,0.78634524,-0.34365478
0.3163452,0.6563452,0.8263452,1.6163452,1.5063453,1.1563452,1.2863452,2.426345,3.3863451,4.316345,1.8963453,0.8363452,1.1463453,0.3863452,-0.51365477,0.22634521,0.8263452,0.5763452,0.4763452,0.91634524,0.6863452,0.036345214,-0.22365479,-0.12365478,-0.023654785,-0.013654785,-0.9736548,-2.3036547,-2.3836548,-1.9036548,-1.7136548,-1.9436548,-2.7936547,-3.6036549,-2.4736547,-2.1436548,-2.1936548,-1.3836548,-2.1536548,-2.6336548,-3.823655,-4.443655,-3.3336549,-3.4536548,-3.9336548,-4.0936546,-2.6736548,-3.6336548,-4.7636547,-4.2236547,-4.1536546,-5.4736547,-6.333655,-4.943655,-2.6836548,-2.0536547,-1.4236548,-0.8436548
0.12634522,0.20634522,0.5263452,0.7163452,0.9963452,1.2063452,1.3863453,1.6663452,1.9463452,2.4863453,3.0163453,3.2763453,1.7163452,1.4663452,2.5363452,2.8963451,2.0563452,1.2363452,0.72634524,0.9463452,0.78634524,0.66634524,1.2263452,1.3563452,0.5963452,-0.013654785,-0.96365476,-2.4536548,-2.1236548,-1.9336548,-1.2836548,-1.3836548,-2.5436547,-2.3536549,-1.7136548,-1.3836548,-1.1136547,-0.40365478,-0.013654785,-0.12365478,-0.20365478,-1.1736548,-2.2236547,-2.7636547,-2.1136549,-2.0836549,-2.3836548,-3.0036547,-3.573655,-3.8036547,-3.9636548,-3.6436548,-3.4636548,-4.2636547,-4.3636546,-4.4036546,-2.7736547,-1.2936548
-0.44365478,-0.51365477,-0.3036548,0.23634522,0.6763452,1.1263452,2.4063451,1.4563452,1.2163452,1.0063453,1.3363452,2.7863452,2.9563453,4.286345,3.9863453,2.9763453,3.3463452,3.4863453,3.0463452,1.9663452,2.6463451,1.3963453,1.7363452,2.7963452,3.4863453,3.436345,3.2463453,1.1663452,0.066345215,0.5863452,0.54634523,0.42634523,-0.44365478,-1.0336548,-0.7936548,-0.6836548,-1.1736548,-0.5736548,0.18634522,0.18634522,0.9663452,1.2163452,0.7663452,-0.16365479,-2.3736548,-2.9336548,-1.5836548,-2.2336547,-4.213655,-4.8036547,-5.2236547,-5.5536547,-5.163655,-4.5536547,-4.253655,-4.4936547,-4.2836547,-3.7136548
-0.073654786,0.66634524,0.8063452,0.8963452,0.42634523,1.0363452,1.3363452,2.3263452,3.6063452,3.5763452,2.0563452,0.5163452,1.8063452,2.5663452,2.8863451,4.1963453,3.2563453,2.9763453,3.676345,3.9963453,4.1563454,2.5363452,1.7963452,3.0163453,3.8063452,3.8363452,3.5663452,3.5163453,2.4563453,0.9363452,0.97634524,1.3863453,0.07634521,-0.47365478,-0.09365478,0.6363452,0.8263452,0.46634522,0.20634522,0.17634521,1.2063452,2.2663453,2.5463452,1.6163452,-1.0636548,-2.5036547,-2.4536548,-2.6636548,-3.3636549,-5.733655,-6.7436547,-5.703655,-6.3636546,-6.453655,-4.703655,-4.063655,-3.3436549,-2.9036548
