raw-data/2018091418.json
{"header": { "discipline":0, "disciplineName":"Meteorological products", "gribEdition":2, "gribLength":48515, "center":7, "centerName":"US National Weather Service - NCEP(WMC)", "subcenter":0, "refTime":"2018-09-14T18:00:00.000Z", "significanceOfRT":1, "significanceOfRTName":"Start of forecast", "productStatus":0, "productStatusName":"Operational products", "productType":1, "productTypeName":"Forecast products", "productDefinitionTemplate":0, "productDefinitionTemplateName":"Analysis/forecast at horizontal level/layer at a point in time", "parameterCategory":2, "parameterCategoryName":"Momentum", "parameterNumber":2, "parameterNumberName":"U-component_of_wind", "parameterUnit":"m.s-1", "genProcessType":2, "genProcessTypeName":"Forecast", "forecastTime":0, "surface1Type":103, "surface1TypeName":"Specified height level above ground", "surface1Value":10.0, "surface2Type":255, "surface2TypeName":"Missing", "surface2Value":0.0, "gridDefinitionTemplate":0, "gridDefinitionTemplateName":"Latitude_Longitude", "numberPoints":65160, "shape":6, "shapeName":"Earth spherical with radius of 6,371,229.0 m", "gridUnits":"degrees", "resolution":48, "winds":"true", "scanMode":0, "nx":360, "ny":181, "basicAngle":0, "lo1":0.0, "la1":90.0, "lo2":359.0, "la2":-90.0, "dx":1.0, "dy":1.0 }, "data":
[rows 78 to 103 of 181, columns 58 to 115 of 360]
3.4740663,3.4740663,2.9740663,2.674066,2.674066,2.5740662,2.4740663,2.374066,2.2740662,2.174066,2.174066,2.2740662,2.174066,2.374066,1.7740662,1.8740661,1.5740662,2.0740662,0.8740662,1.7740662,-1.7259338,1.8740661,3.0740662,1.9740661,2.2740662,2.5740662,3.4740663,3.874066,4.8740664,5.4740663,6.4740663,7.074066,7.274066,7.3740664,6.8740664,5.574066,6.774066,6.074066,5.674066,5.074066,3.5740662,-0.42593384,7.674066,8.674067,6.774066,0.37406617,0.57406616,1.1740662,-0.12593384,-1.1259339,0.47406617,0.8740662,2.9740663,5.4740663,6.074066,6.8740664,6.8740664,7.574066
3.874066,3.674066,2.7740662,2.674066,2.4740663,2.2740662,2.0740662,1.8740661,1.8740661,1.6740662,1.5740662,1.4740661,1.3740661,1.4740661,1.7740662,1.6740662,1.8740661,3.0740662,0.47406617,5.174066,3.9740663,0.07406616,2.174066,2.7740662,0.57406616,1.3740661,2.0740662,4.274066,5.074066,6.174066,6.4740663,6.8740664,6.774066,7.074066,7.074066,6.574066,6.774066,7.274066,7.074066,6.274066,4.574066,0.97406614,8.874066,10.374066,10.274066,3.5740662,1.1740662,1.5740662,2.174066,0.97406614,2.2740662,7.674066,8.274066,8.574066,9.274066,9.774066,10.074066,10.274066
3.7740662,3.0740662,2.4740663,2.374066,1.9740661,1.7740662,1.5740662,1.3740661,1.2740662,0.97406614,0.97406614,0.8740662,0.97406614,1.2740662,1.1740662,1.6740662,1.6740662,2.874066,2.9740663,0.27406615,-1.3259338,0.17406616,2.374066,0.17406616,-1.2259338,1.1740662,2.874066,3.9740663,4.774066,5.574066,6.274066,6.174066,6.3740664,7.074066,7.274066,7.674066,8.174067,8.174067,7.674066,6.4740663,5.3740664,0.47406617,7.274066,8.574066,8.774066,8.174067,6.674066,6.3740664,1.2740662,7.074066,8.774066,8.874066,9.874066,10.074066,9.674067,10.674067,10.874066,11.474066
2.9740663,2.4740663,2.2740662,1.8740661,1.7740662,1.3740661,1.1740662,0.8740662,0.6740662,0.6740662,0.47406617,0.47406617,0.77406615,1.4740661,1.7740662,1.7740662,1.7740662,2.374066,3.2740662,0.97406614,3.9740663,3.0740662,2.374066,3.0740662,1.0740662,1.0740662,2.7740662,3.9740663,4.674066,5.774066,5.674066,5.9740663,6.574066,7.174066,7.3740664,7.3740664,8.274066,8.174067,8.774066,7.674066,3.5740662,0.27406615,2.2740662,4.3740664,6.574066,6.174066,4.9740663,2.0740662,6.574066,6.774066,7.9740663,9.274066,9.874066,9.774066,9.174067,10.674067,10.874066,11.174067
2.374066,2.174066,1.7740662,1.5740662,1.4740661,1.2740662,0.8740662,0.57406616,0.37406617,0.57406616,0.6740662,0.57406616,0.97406614,1.5740662,1.4740661,1.4740661,1.8740661,2.4740663,3.674066,5.574066,9.874066,5.8740664,2.2740662,2.874066,2.9740663,2.674066,3.5740662,4.074066,4.8740664,5.3740664,5.774066,5.9740663,6.074066,6.4740663,7.274066,7.274066,7.4740663,8.474066,8.374066,8.974066,7.4740663,1.4740661,2.174066,5.774066,5.4740663,3.7740662,3.0740662,3.7740662,5.274066,6.4740663,6.8740664,7.9740663,8.874066,9.674067,9.574066,10.174067,9.574066,9.574066
2.0740662,1.7740662,1.5740662,1.3740661,1.0740662,1.0740662,0.77406615,0.47406617,0.17406616,0.6740662,0.97406614,1.1740662,1.2740662,1.2740662,1.3740661,1.5740662,2.174066,2.7740662,4.174066,5.274066,6.274066,5.174066,-0.025933838,1.5740662,4.674066,4.674066,4.3740664,4.574066,4.8740664,5.3740664,5.4740663,5.274066,5.574066,5.674066,5.8740664,5.9740663,5.3740664,7.274066,8.574066,9.374066,7.9740663,5.674066,0.57406616,3.7740662,6.274066,4.9740663,2.0740662,2.5740662,4.074066,4.8740664,5.774066,6.8740664,7.774066,7.774066,7.8740664,8.374066,8.474066,7.774066
1.9740661,1.4740661,1.1740662,1.0740662,0.8740662,0.77406615,0.77406615,0.57406616,0.57406616,0.8740662,0.97406614,1.2740662,1.5740662,1.6740662,1.6740662,1.8740661,2.7740662,3.374066,3.4740663,4.274066,4.674066,4.774066,4.174066,6.3740664,6.9740663,4.9740663,4.9740663,4.674066,4.9740663,5.074066,5.074066,4.3740664,4.074066,3.9740663,3.9740663,4.4740663,4.674066,5.3740664,7.9740663,7.074066,7.174066,6.074066,3.9740663,-0.42593384,0.07406616,-1.6259339,-0.42593384,1.2740662,3.174066,4.8740664,5.674066,5.8740664,5.774066,6.274066,6.8740664,7.174066,6.4740663,5.074066
1.5740662,1.1740662,0.8740662,0.97406614,0.77406615,0.97406614,0.77406615,0.57406616,0.6740662,1.0740662,1.2740662,1.5740662,1.8740661,2.374066,2.674066,2.374066,2.874066,3.5740662,3.7740662,3.7740662,3.874066,4.674066,4.674066,5.274066,4.9740663,4.9740663,5.174066,5.174066,4.9740663,4.674066,3.874066,3.874066,2.174066,2.374066,2.4740663,2.9740663,2.874066,-1.9259338,-0.025933838,0.57406616,0.77406615,3.374066,0.8740662,-0.52593386,0.07406616,0.77406615,-0.8259338,0.57406616,3.174066,4.174066,3.874066,4.774066,5.9740663,6.074066,6.174066,6.074066,4.574066,0.6740662
1.9740661,1.0740662,0.6740662,1.1740662,1.3740661,1.0740662,-0.12593384,0.8740662,0.8740662,0.8740662,1.8740661,1.7740662,2.2740662,2.874066,3.2740662,3.174066,3.674066,3.9740663,3.5740662,2.874066,3.0740662,2.874066,4.174066,3.4740663,3.674066,4.4740663,4.774066,4.674066,4.274066,3.2740662,2.4740663,1.2740662,0.77406615,1.4740661,1.1740662,0.97406614,1.7740662,-0.42593384,-2.7259338,-0.22593383,0.8740662,3.2740662,-0.22593383,-0.72593385,0.27406615,0.77406615,-1.0259339,0.37406617,1.3740661,2.5740662,1.8740661,5.3740664,5.774066,4.9740663,4.574066,4.174066,-0.42593384,0.17406616
1.7740662,1.2740662,0.8740662,1.6740662,1.8740661,0.47406617,1.3740661,1.4740661,2.2740662,1.7740662,2.374066,2.2740662,2.5740662,3.0740662,3.5740662,2.874066,2.9740663,3.7740662,1.5740662,1.2740662,1.6740662,1.8740661,2.374066,2.4740663,3.4740663,3.4740663,3.4740663,3.2740662,2.674066,1.7740662,0.57406616,0.47406617,0.17406616,-0.025933838,-0.32593384,-0.72593385,-0.52593386,0.07406616,-0.22593383,-0.42593384,-0.6259338,0.57406616,2.0740662,-2.0259337,0.77406615,0.27406615,-0.42593384,-0.92593384,-0.025933838,1.0740662,2.7740662,4.674066,5.774066,5.174066,1.7740662,-0.32593384,-0.52593386,0.17406616
1.9740661,1.4740661,1.4740661,2.2740662,1.8740661,2.174066,2.374066,3.0740662,3.7740662,2.7740662,3.0740662,3.374066,3.4740663,3.4740663,4.174066,3.7740662,3.2740662,3.5740662,2.174066,1.0740662,1.6740662,1.3740661,1.7740662,2.2740662,2.674066,2.174066,2.2740662,1.9740661,1.4740661,0.17406616,-0.32593384,-0.025933838,-0.52593386,-1.5259339,-1.7259338,-1.6259339,-1.9259338,-2.125934,-1.1259339,-0.42593384,-1.0259339,0.37406617,0.37406617,-0.12593384,-0.32593384,-0.12593384,-0.22593383,-1.6259339,-1.3259338,-0.42593384,1.2740662,1.8740661,3.4740663,0.47406617,0.17406616,-0.025933838,-0.72593385,0.77406615
1.9740661,1.9740661,2.174066,2.5740662,2.374066,3.174066,3.4740663,4.274066,3.9740663,4.3740664,4.774066,4.574066,4.774066,5.174066,4.9740663,5.174066,4.8740664,4.9740663,3.7740662,2.4740663,1.2740662,0.6740662,1.5740662,1.1740662,1.2740662,1.1740662,0.57406616,0.37406617,-0.32593384,-1.1259339,-1.5259339,-1.4259338,-1.6259339,-1.9259338,-2.5259337,-2.9259338,-2.625934,-3.0259337,-2.125934,-2.625934,-0.22593383,-1.2259338,0.37406617,1.0740662,-0.025933838,0.07406616,-1.7259338,-2.825934,-2.4259338,-1.5259339,-0.12593384,-0.42593384,0.37406617,0.6740662,0.07406616,-0.6259338,-0.32593384,0.07406616
1.7740662,2.2740662,2.4740663,2.7740662,3.374066,3.174066,4.4740663,4.574066,3.7740662,4.274066,5.074066,4.9740663,5.4740663,5.174066,5.574066,5.274066,5.674066,5.774066,4.3740664,2.0740662,1.4740661,0.07406616,0.27406615,0.17406616,-0.22593383,-0.52593386,-0.8259338,-1.6259339,-2.125934,-1.6259339,-2.7259338,-2.5259337,-2.5259337,-2.7259338,-2.625934,-2.9259338,-2.9259338,-3.2259338,-2.825934,-1.6259339,-1.1259339,-2.825934,-0.8259338,0.8740662,-0.025933838,0.07406616,-3.825934,-4.425934,-3.4259338,-2.125934,-1.5259339,-1.4259338,0.57406616,0.47406617,0.27406615,-0.92593384,0.07406616,-0.025933838
1.2740662,2.2740662,2.374066,3.0740662,3.5740662,3.174066,4.3740664,4.8740664,4.174066,3.5740662,4.3740664,4.3740664,4.574066,4.574066,4.774066,4.8740664,5.674066,5.4740663,3.4740663,0.37406617,0.37406617,0.17406616,-0.32593384,-1.0259339,-1.5259339,-2.4259338,-2.9259338,-2.825934,-3.125934,-3.4259338,-3.825934,-4.225934,-3.625934,-3.325934,-3.4259338,-3.825934,-3.2259338,-2.4259338,-3.4259338,-2.625934,-2.0259337,-1.9259338,-3.125934,0.97406614,0.07406616,-0.52593386,-2.4259338,-4.0259337,-3.7259338,-2.4259338,-2.325934,-3.325934,-0.52593386,-0.8259338,-0.92593384,0.8740662,0.77406615,0.57406616
-1.0259339,1.6740662,2.5740662,2.0740662,2.5740662,2.874066,3.2740662,3.374066,2.7740662,2.674066,2.374066,2.5740662,2.5740662,3.174066,3.7740662,4.574066,4.674066,3.9740663,2.874066,1.0740662,-0.32593384,-0.8259338,-1.4259338,-2.325934,-3.325934,-4.325934,-4.1259336,-4.1259336,-4.225934,-4.725934,-5.0259337,-4.5259337,-4.1259336,-4.225934,-4.1259336,-4.225934,-4.225934,-3.625934,-3.325934,-3.325934,-2.625934,-4.5259337,-2.625934,-0.92593384,0.77406615,-0.22593383,-0.72593385,-4.825934,-0.42593384,-2.625934,-2.625934,-3.4259338,-3.625934,-0.52593386,-0.42593384,-0.12593384,-0.52593386,-0.22593383
-3.7259338,-3.325934,-2.2259338,-1.4259338,-2.4259338,-0.6259338,-1.5259339,-0.8259338,-0.22593383,-0.025933838,-0.8259338,-0.22593383,0.6740662,1.7740662,3.174066,3.4740663,3.2740662,2.7740662,0.6740662,-0.12593384,-0.6259338,-2.325934,-2.5259337,-3.5259337,-4.425934,-5.225934,-5.325934,-5.1259336,-5.325934,-5.825934,-5.225934,-5.1259336,-5.0259337,-4.825934,-4.825934,-4.925934,-4.925934,-5.0259337,-4.5259337,-4.0259337,-3.125934,-4.5259337,-3.625934,-5.1259336,-0.6259338,-0.42593384,-0.72593385,-0.8259338,-1.2259338,-2.5259337,-0.22593383,-3.625934,-4.825934,-2.125934,-0.92593384,-1.4259338,-0.6259338,-0.52593386
-4.325934,-4.725934,-4.225934,-3.0259337,-4.425934,-4.725934,-3.625934,-3.325934,-2.7259338,-2.125934,-2.0259337,-0.92593384,0.07406616,1.1740662,2.674066,3.0740662,2.374066,1.5740662,0.17406616,-2.0259337,-1.6259339,-3.0259337,-3.9259338,-4.6259336,-5.925934,-6.425934,-6.225934,-5.825934,-6.225934,-6.425934,-5.6259336,-5.6259336,-5.425934,-5.325934,-5.6259336,-5.725934,-5.825934,-5.6259336,-5.225934,-4.725934,-4.425934,-4.5259337,-4.1259336,-3.625934,-5.6259336,-0.22593383,-0.12593384,-1.3259338,-0.92593384,-2.825934,-3.325934,-3.5259337,-4.425934,-5.725934,-5.925934,-5.225934,-5.1259336,-2.2259338
-4.225934,-5.1259336,-3.4259338,-4.0259337,-4.5259337,-5.325934,-5.425934,-4.925934,-3.5259337,-3.625934,-1.1259339,-0.6259338,0.17406616,0.6740662,2.4740663,2.2740662,1.4740661,0.37406617,0.17406616,-3.0259337,-4.0259337,-2.9259338,-4.725934,-5.825934,-7.225934,-7.225934,-7.0259337,-6.425934,-6.825934,-6.725934,-5.925934,-5.925934,-5.725934,-5.925934,-6.5259337,-6.725934,-6.5259337,-6.225934,-6.0259337,-5.225934,-5.225934,-4.825934,-4.925934,-5.425934,-3.7259338,-6.325934,-0.025933838,0.27406615,3.5740662,0.6740662,-2.325934,-4.925934,-4.5259337,-5.325934,-5.825934,-5.425934,-5.325934,-4.5259337
-5.425934,-5.425934,-5.5259337,-5.325934,-5.725934,-5.825934,-5.425934,-4.925934,-3.825934,-2.825934,-1.7259338,-0.8259338,-0.22593383,0.07406616,0.8740662,0.57406616,0.07406616,-0.32593384,-1.7259338,-4.825934,-5.925934,-3.7259338,-5.0259337,-7.0259337,-8.725934,-7.925934,-7.325934,-7.0259337,-7.325934,-6.925934,-6.225934,-6.0259337,-5.925934,-6.425934,-6.925934,-7.325934,-7.0259337,-6.6259336,-6.6259336,-6.325934,-5.725934,-5.725934,-6.1259336,-5.925934,-5.0259337,-4.6259336,-5.1259336,-2.7259338,1.1740662,-0.025933838,-2.5259337,-0.52593386,-4.925934,-3.0259337,-5.325934,-5.6259336,-5.425934,-4.925934
-5.725934,-6.225934,-6.5259337,-6.925934,-6.6259336,-6.225934,-5.725934,-4.925934,-3.7259338,-2.7259338,-1.8259338,-1.7259338,-1.2259338,-0.42593384,0.97406614,0.47406617,-0.92593384,-1.2259338,-4.425934,-6.925934,-6.6259336,-5.1259336,-5.825934,-7.825934,-8.825933,-8.325933,-7.725934,-7.725934,-7.6259336,-7.0259337,-6.5259337,-6.425934,-6.5259337,-7.0259337,-7.325934,-7.425934,-7.225934,-6.925934,-6.725934,-6.425934,-6.325934,-6.425934,-6.425934,-6.1259336,-5.5259337,-5.0259337,-5.5259337,-5.5259337,-5.825934,0.47406617,-0.12593384,0.8740662,0.6740662,0.6740662,0.77406615,-1.0259339,-2.9259338,-0.32593384
-6.325934,-6.5259337,-6.825934,-6.725934,-6.6259336,-6.5259337,-5.825934,-5.0259337,-3.625934,-2.9259338,-2.325934,-2.325934,-1.5259339,0.77406615,3.2740662,2.2740662,-0.72593385,-3.7259338,-6.5259337,-7.5259337,-7.0259337,-7.325934,-6.925934,-9.225934,-8.725934,-8.525934,-8.025934,-8.125934,-7.725934,-7.325934,-7.1259336,-7.0259337,-7.225934,-7.5259337,-7.725934,-7.6259336,-7.425934,-7.225934,-6.825934,-6.5259337,-6.5259337,-6.5259337,-6.5259337,-6.225934,-5.925934,-5.5259337,-5.725934,-6.225934,-5.925934,-6.5259337,-4.6259336,-4.825934,-3.2259338,-0.42593384,0.97406614,0.47406617,-0.22593383,1.5740662
-6.425934,-7.0259337,-6.925934,-7.0259337,-6.725934,-6.1259336,-5.725934,-5.1259336,-3.825934,-3.125934,-2.625934,-3.125934,-1.4259338,0.8740662,4.274066,2.7740662,-3.5259337,-6.425934,-7.725934,-7.425934,-7.5259337,-8.425934,-8.225934,-7.925934,-8.725934,-8.725934,-8.525934,-8.125934,-7.1259336,-6.5259337,-6.6259336,-7.225934,-7.825934,-8.125934,-7.925934,-7.6259336,-7.325934,-7.225934,-7.225934,-6.725934,-6.6259336,-6.5259337,-6.325934,-6.0259337,-6.0259337,-5.725934,-5.725934,-5.825934,-5.925934,-5.6259336,-4.6259336,-4.1259336,-3.625934,-3.9259338,-3.625934,-3.5259337,-2.7259338,-2.0259337
-6.325934,-6.5259337,-6.925934,-7.425934,-6.925934,-6.0259337,-5.5259337,-5.425934,-4.425934,-3.325934,-3.2259338,-3.825934,-2.7259338,-3.5259337,-6.325934,-10.025934,-9.125934,-8.625934,-7.925934,-8.025934,-8.125934,-8.125934,-7.5259337,-7.1259336,-8.525934,-9.425934,-8.825933,-7.6259336,-6.825934,-7.825934,-8.425934,-8.525934,-8.725934,-8.525934,-8.125934,-7.925934,-7.6259336,-7.325934,-7.325934,-7.325934,-7.0259337,-6.825934,-6.425934,-6.0259337,-5.825934,-5.6259336,-5.825934,-5.425934,-5.225934,-5.225934,-4.325934,-3.7259338,-3.325934,-3.625934,-3.625934,-3.5259337,-3.4259338,-3.2259338
-6.0259337,-6.225934,-6.725934,-7.325934,-7.0259337,-6.1259336,-5.6259336,-5.225934,-5.225934,-3.825934,-3.2259338,-4.325934,-4.225934,-6.0259337,-10.125934,-11.125934,-10.725934,-9.125934,-8.425934,-9.125934,-8.825933,-7.325934,-6.825934,-7.6259336,-9.025934,-9.525934,-8.125934,-7.925934,-8.625934,-8.525934,-8.225934,-8.125934,-8.225934,-8.025934,-7.925934,-7.925934,-7.825934,-7.725934,-7.6259336,-7.325934,-7.1259336,-7.0259337,-7.0259337,-6.325934,-5.825934,-5.825934,-5.5259337,-5.225934,-4.6259336,-4.6259336,-3.825934,-3.325934,-3.325934,-3.4259338,-3.325934,-3.325934,-3.5259337,-3.7259338
-6.1259336,-6.425934,-6.325934,-6.825934,-6.925934,-6.1259336,-5.725934,-5.225934,-5.0259337,-4.325934,-3.7259338,-4.925934,-5.1259336,-6.325934,-9.225934,-9.825933,-9.625934,-9.725934,-9.825933,-10.025934,-8.125934,-8.125934,-8.425934,-9.025934,-9.325933,-9.425934,-9.025934,-9.525934,-9.025934,-8.325933,-8.125934,-7.825934,-7.825934,-7.725934,-7.825934,-8.125934,-8.125934,-7.825934,-7.825934,-7.6259336,-7.5259337,-7.325934,-7.225934,-7.225934,-6.5259337,-5.925934,-5.225934,-5.425934,-4.825934,-4.225934,-3.5259337,-3.325934,-3.325934,-3.325934,-3.2259338,-2.9259338,-3.0259337,-3.5259337
-6.5259337,-6.6259336,-6.6259336,-6.6259336,-6.725934,-6.425934,-5.725934,-5.1259336,-4.925934,-4.6259336,-4.5259337,-5.0259337,-5.5259337,-6.225934,-8.425934,-9.125934,-9.525934,-10.125934,-9.325933,-9.725934,-8.625934,-9.325933,-9.725934,-9.525934,-9.725934,-9.725934,-9.725934,-9.425934,-9.025934,-8.625934,-8.225934,-7.925934,-7.6259336,-7.6259336,-7.925934,-8.225934,-8.525934,-8.125934,-8.025934,-7.825934,-7.925934,-7.6259336,-7.5259337,-7.325934,-7.0259337,-6.5259337,-5.925934,-5.6259336,-6.225934,-4.725934,-4.0259337,-3.825934,-3.625934,-3.4259338,-3.2259338,-3.0259337,-3.0259337,-3.325934
