raw-data/2018091512.json
{"header": { "discipline":0, "disciplineName":"Meteorological products", "gribEdition":2, "gribLength":74022, "center":7, "centerName":"US National Weather Service - NCEP(WMC)", "subcenter":0, "refTime":"2018-09-15T12:00:00.000Z", "significanceOfRT":1, "significanceOfRTName":"Start of forecast", "productStatus":0, "productStatusName":"Operational products", "productType":1, "productTypeName":"Forecast products", "productDefinitionTemplate":0, "productDefinitionTemplateName":"Analysis/forecast at horizontal level/layer at a point in time", "parameterCategory":2, "parameterCategoryName":"Momentum", "parameterNumber":3, "parameterNumberName":"V-component_of_wind", "parameterUnit":"m.s-1", "genProcessType":2, "genProcessTypeName":"Forecast", "forecastTime":0, "surface1Type":103, "surface1TypeName":"Specified height level above ground", "surface1Value":10.0, "surface2Type":255, "surface2TypeName":"Missing", "surface2Value":0.0, "gridDefinitionTemplate":0, "gridDefinitionTemplateName":"Latitude_Longitude", "numberPoints":65160, "shape":6, "shapeName":"Earth spherical with radius of 6,371,229.0 m", "gridUnits":"degrees", "resolution":48, "winds":"true", "scanMode":0, "nx":360, "ny":181, "basicAngle":0, "lo1":0.0, "la1":90.0, "lo2":359.0, "la2":-90.0, "dx":1.0, "dy":1.0 }, "data":
[rows 130 to 155 of 181, columns 177 to 235 of 360]
-3.7181811,-9.908181,-8.708181,-7.158181,-5.368181,-3.9681811,-2.9781811,-1.9181812,-0.7281811,0.5818188,2.011819,3.3818188,4.5418186,5.4018188,6.121819,6.861819,7.7318187,8.741818,9.751819,10.841819,11.881819,12.951818,13.361819,13.061819,12.4118185,10.681819,8.861819,7.721819,6.581819,4.881819,1.9518188,-0.36818114,-0.57818115,-0.76818115,-0.5381811,-0.31818116,-0.5481812,-1.0481812,-1.3181812,-1.1781812,-0.89818114,-1.2581811,-1.6181811,-0.87818116,-0.31818116,0.81181884,1.6618189,1.6518189,1.3218188,0.87181884,0.16181885,-0.65818113,-1.2481811,-1.4181812,-1.4681811,-1.7281811,-1.8781811,-2.048181,-2.2281811
-6.968181,-8.748181,-8.978181,-7.758181,-6.028181,-4.668181,-3.548181,-2.1481812,-0.61818117,0.8318188,2.1318188,3.251819,4.261819,5.181819,5.9418187,6.6718187,7.5018187,8.401819,9.381819,10.511819,11.931819,13.351819,14.061819,13.851819,12.711819,10.631819,8.731819,6.7118187,6.051819,4.341819,1.3418188,0.15181884,-0.12818116,-0.36818114,-0.05818115,0.09181885,-0.078181155,-0.39818114,-0.86818117,-1.2081811,-1.1281811,-1.7281811,-1.1081811,0.33181885,1.2018188,1.7818189,2.3418188,2.491819,1.7818189,0.98181885,0.27181885,-0.68818116,-1.6181811,-1.9981811,-1.6481812,-1.1181811,-0.83818114,-0.93818116,-1.0081811
-10.348181,-9.358181,-8.718182,-7.9581814,-6.618181,-5.2281814,-3.758181,-2.058181,-0.30818117,1.1918188,2.451819,3.3818188,4.411819,5.311819,6.0418186,6.741819,7.331819,8.021819,8.861819,10.131819,11.6618185,13.191819,14.021819,13.801819,12.681819,10.791819,9.471819,9.561819,7.261819,5.1918187,2.5518188,0.67181885,0.28181884,0.38181886,0.48181885,-0.06818115,-0.38818115,-0.10818115,-0.31818116,-0.86818117,-1.6181811,-1.4281812,0.18181884,1.0618188,1.6718189,2.471819,2.751819,2.5918188,1.8618188,0.81181884,-0.10818115,-0.80818117,-1.2281811,-1.2381811,-0.9181812,-0.32818115,0.031818848,-0.048181154,-0.31818116
-10.3381815,-9.608181,-8.878181,-8.358181,-7.0781813,-5.508181,-3.7181811,-1.7581811,0.051818848,1.6418189,2.8918188,3.5818188,3.8718188,5.1918187,6.431819,6.641819,6.951819,6.991819,8.141819,9.551819,11.281818,12.541819,13.101819,13.031818,12.621819,10.751819,9.551819,9.701818,8.471819,5.241819,2.681819,1.3118188,0.72181886,0.47181883,0.26181886,0.24181885,0.36181885,0.46181884,0.07181885,-1.3781811,-1.5681812,0.0018188476,1.0418189,2.1618187,2.5618188,2.3318188,2.0818188,1.6718189,1.1118188,0.34181884,-0.20818116,-0.58818114,-0.95818114,-1.1281811,-0.9781811,-0.65818113,-0.47818115,-0.47818115,-0.57818115
-8.988181,-8.948181,-8.218182,-7.438181,-6.5781813,-5.358181,-3.498181,-1.3281811,0.20181885,1.8218188,3.3818188,4.1518188,4.7118187,4.9818187,5.7718186,6.491819,6.741819,6.7718186,6.9018188,8.591819,10.721819,11.941819,12.631819,12.521819,12.041819,10.671819,9.131819,9.531818,9.131819,6.841819,4.051819,2.8918188,1.9318188,1.4318188,1.4118189,1.6618189,1.6418189,1.5718188,0.14181885,-1.8981812,-0.24818115,1.0218189,2.0718188,2.8618188,3.0518188,4.061819,3.6018188,2.6418188,1.4218189,-0.16818115,-1.3481811,-1.9481812,-2.018181,-1.8681811,-1.6381812,-1.3581811,-0.99818116,-0.70818114,-1.1681812
-7.9781814,-8.168181,-7.8281813,-7.0781813,-6.438181,-5.298181,-3.518181,-1.8281811,-0.44818115,0.93181884,2.2918189,3.5518188,4.361819,4.781819,5.121819,4.7118187,5.261819,5.111819,5.301819,7.4018188,9.571819,10.851819,11.671819,11.611819,10.961819,10.381819,8.861819,8.291819,8.671819,6.891819,4.051819,2.951819,2.3018188,1.8618188,1.8418188,1.6118188,1.4318188,1.9718188,-1.5181812,-0.8581812,1.1718189,1.1318189,2.1418188,2.8918188,3.971819,5.111819,5.331819,4.7718186,3.5918188,2.3618188,1.3918189,1.0518188,0.5218189,-0.13818115,-0.43818116,-0.7881811,-0.86818117,-0.34818116,-1.0481812
-8.3381815,-7.9581814,-7.628181,-7.168181,-6.5981812,-5.548181,-4.068181,-2.6781812,-1.5181812,-0.36818114,0.8318188,1.9918189,3.3218188,3.8918188,4.241819,4.531819,4.781819,4.7118187,4.4218187,5.641819,8.031818,9.191819,10.251819,10.551819,9.831819,9.421819,8.941819,7.881819,7.181819,6.631819,4.391819,3.511819,3.1318188,3.0418189,2.441819,1.3318188,1.3618188,1.6118188,-2.0981812,0.24181885,1.5718188,2.0918188,3.5918188,3.7718189,4.9818187,5.611819,5.7318187,5.371819,4.241819,3.0918188,2.451819,1.7518189,0.85181886,0.59181887,0.72181886,1.4718188,1.4718188,2.231819,1.0318189
-8.308181,-7.588181,-6.9981813,-6.798181,-6.3481812,-5.638181,-4.628181,-3.488181,-2.4381812,-1.4281812,-0.32818115,0.8218188,1.9018189,2.741819,3.6018188,4.6518188,4.9018188,4.801819,3.971819,3.751819,6.031819,7.7518187,8.671819,9.181819,9.341819,9.241818,8.731819,8.121819,6.9618187,5.871819,4.411819,3.4218187,3.721819,3.7818189,3.3118188,1.8018188,1.6618189,0.9518188,-2.3481812,-0.21818115,1.5818188,2.761819,3.0218189,3.2718189,4.881819,6.081819,6.701819,6.1918187,5.0418186,3.5718188,1.9418188,1.2118188,1.3118188,1.3218188,2.001819,1.8418188,3.0718188,3.8518188,4.721819
-8.498181,-7.688181,-7.0781813,-6.7281814,-6.3081813,-5.7881813,-5.0581813,-4.108181,-2.8781812,-1.6881812,-0.63818115,0.38181886,1.1318189,1.7918189,3.011819,4.621819,4.891819,4.0018187,3.4218187,2.451819,3.3918188,5.851819,6.561819,7.471819,8.001819,8.441819,8.551819,8.061819,7.4218187,6.5418186,5.221819,3.461819,2.8718188,3.5218189,3.2918189,2.6218188,2.681819,1.6918188,-2.5981812,-0.52818114,1.1918188,3.1018188,1.5818188,2.731819,5.141819,6.261819,7.161819,6.6518188,6.031819,4.971819,4.2518187,3.001819,3.3118188,3.471819,3.681819,3.451819,3.0318189,3.731819,1.6118188
-7.008181,-6.118181,-5.0181813,-4.2281814,-4.088181,-4.188181,-4.138181,-3.548181,-2.3581812,-1.3181812,-0.76818115,-0.20818116,0.27181885,0.66181886,2.0618188,3.261819,3.731819,3.1018188,2.761819,1.9818188,1.4718188,3.1618187,5.1918187,5.761819,6.6918187,7.5218186,7.701819,7.261819,6.7118187,6.2918186,6.261819,5.9218187,4.031819,2.4218187,2.5518188,2.3418188,2.011819,2.461819,-1.2181811,-1.6281811,0.19181885,2.491819,0.41181886,1.9918189,4.311819,5.861819,6.411819,7.381819,7.1518188,5.301819,4.381819,4.0018187,4.1918187,4.621819,4.111819,3.1718187,2.1418188,1.3718189,0.91181886
-7.7081814,-7.698181,-7.2481813,-6.5381813,-5.7481813,-4.8081813,-3.998181,-3.3381813,-2.748181,-2.1181812,-1.7981812,-1.3581811,-0.7381812,-0.06818115,0.98181885,2.181819,2.8918188,2.5718188,2.261819,1.8618188,0.79181886,0.72181886,2.8618188,3.8018188,4.601819,5.561819,6.141819,6.331819,6.241819,6.0018187,5.6718187,5.391819,5.571819,4.861819,2.3118188,1.0518188,1.2318188,1.3318188,1.6318189,-1.7781812,-1.4081812,0.8318188,0.08181885,1.0718188,2.8018188,4.311819,5.491819,6.321819,7.471819,6.5418186,4.321819,4.721819,3.1018188,3.1318188,3.971819,2.951819,2.0918188,0.99181885,0.25181884
-7.338181,-6.9781814,-6.568181,-6.118181,-5.528181,-4.7481813,-4.028181,-3.3781812,-2.758181,-2.1481812,-1.5281812,-0.83818114,-0.038181152,1.0118189,1.6818188,2.0918188,2.501819,2.3018188,1.7118188,1.2818189,0.68181884,-0.15818115,-0.028181152,1.3118188,2.5618188,3.711819,4.721819,5.331819,6.181819,6.411819,5.911819,5.081819,4.451819,4.181819,3.751819,1.8418188,-0.21818115,0.06181885,0.46181884,0.7718189,-2.6781812,-1.5581812,-0.90818113,-1.4281812,0.88181883,2.6318188,3.8018188,5.2118187,6.431819,7.201819,5.351819,3.5718188,3.4218187,1.9818188,1.2518189,0.74181885,-0.05818115,-0.19818115,-0.94818115
-6.358181,-6.138181,-6.0381813,-5.5181813,-5.028181,-4.4581814,-3.768181,-3.1681812,-2.738181,-2.488181,-1.8681811,-0.9881812,-0.33818114,0.19181885,0.59181887,0.66181886,0.80181885,1.2618189,1.2518189,0.7618188,0.15181884,-0.7381812,-1.1181811,-0.55818117,0.7118189,2.3018188,2.8718188,4.1718187,5.6918187,6.411819,6.4418187,5.7918186,4.561819,3.441819,2.7918189,2.3118188,0.74181885,-1.4481812,-1.1781812,-0.18818115,-1.7981812,-3.8981812,-2.6081812,-2.5781813,-1.8681811,0.59181887,1.7918189,3.5918188,5.0018187,6.391819,6.471819,2.9018188,1.8018188,0.79181886,-0.76818115,-1.2381811,-2.1281812,-2.798181,-2.768181
-6.4581814,-5.7881813,-5.318181,-4.968181,-4.678181,-4.438181,-4.0581813,-3.6081812,-3.028181,-2.538181,-2.1481812,-1.9081812,-1.6781812,-1.3381811,-0.8581812,-0.5381811,-0.30818117,-0.10818115,-0.048181154,-0.65818113,-1.4281812,-1.8881812,-2.1681812,-2.048181,-1.6181811,-0.93818116,1.3318188,3.0518188,4.701819,5.631819,6.161819,6.331819,5.9818187,5.261819,3.8118188,2.1618187,1.3218188,1.4418188,-0.56818116,-2.508181,-1.8581811,-4.468181,-4.198181,-4.488181,-4.388181,-3.038181,-0.5981811,0.92181885,3.1118188,4.181819,5.321819,4.081819,-0.76818115,-2.048181,-2.6281812,-3.6981812,-4.0381813,-4.2881813,-4.428181
-5.5981812,-5.3081813,-4.9581814,-4.618181,-4.168181,-3.528181,-2.8481812,-2.068181,-1.4481812,-1.2381811,-1.1681812,-1.0581812,-0.89818114,-0.87818116,-0.9881812,-0.94818115,-0.7981812,-0.76818115,-1.0981811,-1.8781811,-2.6781812,-3.1781812,-3.6081812,-3.738181,-3.6481812,-3.1881812,-1.2681812,1.5218189,3.3218188,4.5218186,5.341819,5.5418186,5.571819,5.091819,4.081819,2.751819,0.87181884,-0.39818114,-0.71818113,-2.1781812,-3.6481812,-4.138181,-5.488181,-5.698181,-5.3481812,-5.4781814,-4.238181,-2.4581811,-0.40818116,1.1118188,2.2818189,3.0218189,1.7818189,-3.0981812,-5.0381813,-6.108181,-6.3081813,-6.278181,-6.0981812
-3.8881812,-3.778181,-3.6181812,-3.4081812,-3.3781812,-2.8681812,-2.6081812,-2.258181,-1.5881811,-1.0281812,-0.39818114,0.23181885,0.7718189,0.8918188,0.8918188,0.8318188,0.7018188,0.26181886,-0.64818114,-1.8481811,-2.998181,-3.9181812,-4.628181,-4.938181,-4.908181,-4.488181,-3.038181,-0.75818115,0.8918188,2.741819,4.6918187,5.011819,5.081819,4.991819,3.431819,1.0018189,-0.96818113,-2.1881812,-2.8981812,-3.268181,-4.0381813,-4.898181,-5.528181,-6.7481813,-6.918181,-6.008181,-5.868181,-4.988181,-3.9681811,-2.8281813,-1.5181812,-0.49818116,-0.20818116,-1.7181811,-4.2081814,-6.638181,-7.858181,-8.598181,-8.488181
-3.9781811,-3.8281813,-3.7181811,-3.6581812,-3.5881813,-3.4481812,-3.1681812,-2.6981812,-2.028181,-1.1081811,-0.048181154,0.99181885,1.7418189,2.3418188,2.7918189,2.961819,2.8318188,1.9518188,0.54181886,-0.9281812,-2.6681812,-4.108181,-3.9181812,-3.4281812,-3.3781812,-3.538181,-3.048181,-1.6181811,-0.64818114,0.56181884,2.441819,3.3118188,4.0018187,4.071819,2.7818189,0.86181885,-0.99818116,-2.9481812,-4.4781814,-5.0781813,-4.878181,-5.378181,-6.2281814,-6.798181,-7.8481812,-7.548181,-7.488181,-6.968181,-6.088181,-5.608181,-4.588181,-3.9181812,-3.3381813,-3.008181,-3.9081812,-5.028181,-6.048181,-7.148181,-7.9581814
-3.9481812,-3.6881812,-3.3581812,-3.4581811,-3.3581812,-3.008181,-2.558181,-2.2081811,-1.8381811,-1.4881811,-0.9781811,-0.35818115,0.25181884,0.92181885,1.8118188,2.8418188,3.491819,3.461819,1.5218189,-1.2981812,-2.4481812,-2.4181812,-2.3281813,-1.8981812,-1.8781811,-2.048181,-2.048181,-1.8381811,-1.0181812,0.29181886,1.5118189,3.5618188,4.101819,3.2718189,1.7818189,-0.32818115,-1.7381811,-3.2081811,-4.758181,-5.7481813,-6.338181,-6.618181,-7.128181,-7.508181,-7.858181,-8.068181,-8.058181,-7.378181,-7.2081814,-7.398181,-7.168181,-6.2881813,-6.0981812,-5.948181,-5.818181,-4.548181,-5.048181,-7.2081814,-7.618181
-2.6081812,-2.8381813,-2.8281813,-2.7281811,-2.5881813,-2.4781811,-2.3481812,-2.2081811,-1.8881812,-1.7481811,-1.8881812,-1.8881812,-1.6981812,-1.3481811,-1.1481812,-1.2181811,-1.4281812,-1.6281811,-2.4681811,-3.288181,-3.548181,-3.1781812,-2.318181,-1.8181812,-1.5181812,-1.3281811,-1.4881811,-1.6181811,-1.0581812,-0.048181154,1.4618188,3.3118188,4.2318187,4.551819,2.741819,-0.26818115,-2.1981812,-3.568181,-4.638181,-5.368181,-6.2681813,-7.318181,-8.388181,-8.488181,-7.548181,-7.5381813,-7.758181,-7.638181,-7.5381813,-7.948181,-7.938181,-8.388181,-8.288181,-7.988181,-7.718181,-7.218181,-7.138181,-6.368181,-7.548181
-2.008181,-2.3981812,-2.6881812,-2.9081812,-3.268181,-3.6381812,-3.748181,-3.498181,-3.1081812,-2.6881812,-2.4081812,-2.4281812,-2.738181,-3.0981812,-3.4381812,-3.768181,-4.168181,-4.218181,-4.258181,-4.398181,-4.668181,-4.2281814,-2.8581812,-1.6081811,-1.0081811,-0.7881811,-1.1581812,-1.6181811,-1.2381811,-0.89818114,0.34181884,2.5318189,3.8918188,5.241819,4.181819,0.12181885,-3.0981812,-4.158181,-4.568181,-4.658181,-5.738181,-7.338181,-9.248181,-9.738181,-9.288181,-8.258182,-7.398181,-7.0581813,-7.378181,-7.658181,-7.9781814,-8.178181,-8.868181,-9.798182,-9.878181,-9.748181,-9.228181,-8.568181,-5.928181
-0.048181154,-0.5381811,-1.1481812,-1.7881812,-2.4381812,-3.0881813,-3.548181,-3.548181,-3.3381813,-3.1081812,-2.9081812,-2.8981812,-3.1081812,-3.6481812,-4.398181,-4.948181,-5.138181,-5.218181,-5.338181,-5.468181,-5.8481812,-5.5181813,-4.398181,-3.3581812,-2.3981812,-1.4781811,-1.4681811,-1.8281811,-2.038181,-1.6581812,0.69181883,2.5718188,3.8718188,4.411819,2.8918188,-0.28818116,-3.018181,-4.338181,-5.218181,-4.718181,-4.108181,-6.028181,-7.8081813,-7.7281814,-8.008182,-7.378181,-6.358181,-6.298181,-7.278181,-7.048181,-7.448181,-8.148181,-8.488181,-8.958181,-9.758182,-10.918181,-10.728181,-9.808181,-9.808181
1.5718188,1.0418189,0.39181885,-0.45818114,-1.4881811,-2.4481812,-3.3581812,-4.198181,-4.7081814,-4.7081814,-4.258181,-3.9181812,-3.778181,-3.788181,-4.2081814,-5.258181,-6.188181,-6.368181,-6.338181,-6.158181,-5.918181,-5.178181,-4.5981812,-4.0181813,-2.7281811,-1.9081812,-2.1081812,-3.1181812,-4.0181813,-1.6681812,0.5118188,0.8218188,2.8018188,4.7118187,5.831819,4.7918186,0.5118188,-3.048181,-4.4981813,-5.168181,-5.398181,-5.668181,-6.258181,-5.888181,-5.738181,-5.7081814,-6.0181813,-6.0981812,-5.4581814,-5.358181,-5.7881813,-6.0181813,-6.918181,-7.948181,-8.968182,-9.748181,-10.498181,-12.0881815,-12.718182
1.8318188,1.2118188,0.7718189,0.21181884,-0.6081812,-1.7981812,-3.008181,-4.0381813,-4.888181,-5.738181,-6.188181,-5.9981813,-5.488181,-4.9781814,-4.648181,-4.7681813,-5.118181,-6.0981812,-7.2481813,-7.358181,-6.818181,-6.0981812,-5.408181,-3.8781812,-3.1281812,-3.1181812,-3.9481812,-6.278181,-4.138181,-2.7281811,-2.258181,-0.27818117,1.3918189,2.8818188,3.8618188,4.431819,4.5418186,4.631819,3.8318188,-0.17818116,-4.658181,-5.798181,-6.008181,-6.358181,-6.2481813,-5.938181,-5.838181,-5.908181,-5.948181,-5.9781814,-6.028181,-6.5981812,-5.318181,-5.138181,-5.8481812,-6.488181,-7.7681813,-9.5881815,-11.518181
3.8418188,3.191819,2.5618188,1.9018189,1.1418189,0.25181884,-1.1081811,-2.738181,-4.028181,-5.168181,-6.338181,-6.928181,-6.8481812,-5.9981813,-4.9781814,-4.0981812,-4.0581813,-4.698181,-4.648181,-5.378181,-5.618181,-5.188181,-4.698181,-4.168181,-4.238181,-4.7481813,-6.678181,-5.398181,-4.218181,-2.9581811,-1.6981812,-0.29818115,1.1718189,2.3718188,3.181819,3.8418188,4.321819,4.631819,4.7118187,4.531819,3.931819,2.1618187,0.101818845,-1.9281812,-3.498181,-3.8281813,-3.818181,-4.218181,-4.428181,-4.418181,-4.238181,-4.298181,-4.358181,-4.618181,-4.628181,-4.388181,-4.8081813,-7.408181,-9.818181
5.9818187,5.4418187,3.5218189,1.3518188,0.041818846,-0.078181155,0.16181885,-0.63818115,-2.1881812,-4.158181,-5.088181,-5.5181813,-5.9781814,-6.2881813,-5.568181,-5.188181,-5.2081814,-5.938181,-6.368181,-5.488181,-5.048181,-4.7081814,-4.4781814,-4.7881813,-6.608181,-7.488181,-6.388181,-5.5181813,-4.4581814,-3.318181,-2.1881812,-0.95818114,0.40181884,1.5318189,2.5418189,3.1718187,3.721819,4.1918187,4.5018187,4.571819,4.4218187,4.051819,3.471819,2.9018188,2.5818188,1.3418188,-0.8481811,-1.6381812,-1.8281811,-2.278181,-2.4681811,-2.4081812,-2.488181,-2.8381813,-3.3681812,-3.6781812,-4.0181813,-4.968181,-5.7481813
6.281819,6.701819,6.0418186,5.861819,4.2918186,1.9918189,-0.49818116,-1.4281812,-1.4881811,-2.748181,-4.9981813,-5.988181,-6.238181,-6.2481813,-5.988181,-5.7281814,-5.888181,-6.2881813,-6.088181,-5.608181,-5.2481813,-5.378181,-6.938181,-8.328181,-8.058181,-7.3081813,-6.2481813,-5.3481812,-5.0781813,-4.2881813,-3.018181,-1.6381812,-0.31818116,0.91181886,1.8018188,2.5218189,3.0818188,3.511819,3.8018188,3.8818188,3.9118187,3.8418188,3.7918189,3.6318188,3.3718188,2.7918189,1.7718189,1.1218189,-0.17818116,-1.5281812,-1.8981812,-2.0781813,-2.6081812,-3.008181,-3.2081811,-3.4481812,-3.5881813,-3.8381813,-3.508181
