raw-data/2018091912.json
{"header": { "discipline":0, "disciplineName":"Meteorological products", "gribEdition":2, "gribLength":74899, "center":7, "centerName":"US National Weather Service - NCEP(WMC)", "subcenter":0, "refTime":"2018-09-19T12:00:00.000Z", "significanceOfRT":1, "significanceOfRTName":"Start of forecast", "productStatus":0, "productStatusName":"Operational products", "productType":1, "productTypeName":"Forecast products", "productDefinitionTemplate":0, "productDefinitionTemplateName":"Analysis/forecast at horizontal level/layer at a point in time", "parameterCategory":2, "parameterCategoryName":"Momentum", "parameterNumber":3, "parameterNumberName":"V-component_of_wind", "parameterUnit":"m.s-1", "genProcessType":2, "genProcessTypeName":"Forecast", "forecastTime":0, "surface1Type":103, "surface1TypeName":"Specified height level above ground", "surface1Value":10.0, "surface2Type":255, "surface2TypeName":"Missing", "surface2Value":0.0, "gridDefinitionTemplate":0, "gridDefinitionTemplateName":"Latitude_Longitude", "numberPoints":65160, "shape":6, "shapeName":"Earth spherical with radius of 6,371,229.0 m", "gridUnits":"degrees", "resolution":48, "winds":"true", "scanMode":0, "nx":360, "ny":181, "basicAngle":0, "lo1":0.0, "la1":90.0, "lo2":359.0, "la2":-90.0, "dx":1.0, "dy":1.0 }, "data":
[rows 104 to 129 of 181, columns 0 to 58 of 360]
5.7740064,6.3240066,6.744006,6.8840065,7.5740066,8.274006,9.254006,9.654006,9.904006,10.174006,9.774006,7.4840064,4.2340064,-0.005993652,2.5140064,2.0240064,0.28400636,0.39400634,0.23400635,-0.33599365,0.034006346,-0.13599366,0.46400633,0.05400635,-0.78599364,0.16400635,-0.015993653,-0.18599366,0.53400636,0.05400635,0.16400635,-2.0959938,-1.0659937,-1.2059937,-2.2959936,2.4140062,-3.4259937,-2.7659936,-2.8959937,-1.9859936,-0.9859936,2.4740064,2.0440063,1.4140064,1.3340063,0.83400637,-1.6459937,-4.965994,-2.5059936,1.4740063,2.9040062,7.164006,6.2340064,6.3340063,6.284006,6.0740066,5.8940063,5.6040063,5.3840065
5.5940065,5.7140064,6.3340063,6.8440065,7.3140063,7.9640064,8.804007,9.994006,10.714006,11.174006,11.724007,9.034006,2.8040063,3.5040064,3.2040064,1.8540063,0.34400636,0.62400633,0.42400634,-0.18599366,-0.25599366,-0.32599366,-0.07599365,0.22400635,-0.14599365,-0.70599365,-1.1059936,-0.58599365,-0.66599363,-1.4559937,-0.8659937,-0.9359937,-0.58599365,0.52400637,-1.8259937,-2.4959936,-2.6159937,-3.3659937,-3.1059937,-1.9459937,-0.44599366,1.0140064,1.4240063,0.14400634,-0.82599366,-0.8559936,-0.7359936,-1.8859936,2.5540063,1.3040063,1.3040063,7.2740064,6.1740065,5.3440065,5.5240064,5.5540066,5.6440063,5.2340064,5.3340063
5.8840065,5.6140065,5.934006,6.684006,7.4240065,7.7340064,8.294006,9.264007,10.234006,11.524006,12.664006,12.914006,3.1540062,0.36400634,4.9840064,2.8340063,0.65400636,0.32400635,1.2340064,1.8040063,-0.20599365,-0.95599365,-0.50599366,0.34400636,0.06400635,-0.59599364,-1.1359936,-1.1959937,-0.49599364,-1.0059936,0.23400635,-1.8959937,-1.6459937,0.78400636,-0.7359936,-2.3659937,-3.3959937,-2.6259937,-2.3559937,-1.7059937,-0.50599366,0.32400635,1.2240063,-1.1359936,-2.3359938,-6.275994,-0.44599366,-0.20599365,-0.35599366,1.9640063,6.954006,6.4840064,6.3840065,6.184006,5.3240066,5.284006,5.3340063,5.7540064,5.8140063
5.974006,6.0740066,5.934006,6.3740063,7.2540064,7.8840065,8.364006,8.754006,9.694006,11.544006,13.844007,15.034006,3.7440064,-0.34599364,5.0040064,4.5540066,1.6740063,-0.03599365,0.08400635,-0.015993653,0.25400636,-1.6959937,-1.3159937,-0.53599364,-0.39599365,-1.3959937,-1.9159937,0.05400635,-2.8359938,-2.3959937,-2.6759937,-1.1659937,-1.7859937,-0.90599364,-0.12599365,-0.64599365,-1.9359937,-3.3759937,-2.2059937,-0.59599364,-2.3959937,-0.77599365,0.90400636,1.9340063,2.4540064,0.46400633,0.5640063,0.40400636,1.4540063,1.2140063,7.2340064,6.3440065,5.4840064,5.5440063,5.4040065,5.1740065,5.184006,4.914006,5.284006
5.6940064,6.1440063,6.4240065,6.5940065,6.9840064,7.6440063,8.374006,8.834006,9.214006,10.394007,12.194006,14.234006,13.284006,3.7540064,3.4640064,4.5440063,3.0640063,0.48400635,0.44400635,-0.28599367,-0.94599366,-1.2759937,-0.70599365,-0.11599365,-0.65599364,-1.9059937,-0.16599365,-3.7559936,-1.4959936,-1.3659936,-1.5959936,-2.9159937,-2.8959937,-0.9959937,-0.56599367,-1.3859936,-3.5159936,-0.32599366,-2.3359938,-3.0759935,-2.7159936,-1.3359936,0.60400635,3.3240063,4.6940064,-0.76599365,-1.1859937,0.8940064,1.8340063,1.2240063,4.474006,4.8340063,4.6940064,4.784006,4.8240066,5.0440063,5.2740064,5.454006,4.8640065
5.0540066,5.7740064,6.684006,7.3140063,7.5940065,7.954006,8.454006,8.904006,8.984006,9.154006,10.564007,12.054007,12.444006,6.4440064,3.7940063,4.6140065,1.6840063,0.05400635,2.4340065,0.65400636,-0.8059937,-2.0259936,-0.14599365,-1.2759937,-1.1259936,-2.3059936,-2.7059937,-2.7459936,-2.1759937,-1.4059937,-0.43599364,0.024006348,0.92400634,-1.8559936,-1.6759937,-2.2959936,-1.2359936,-3.1459937,-4.465994,-4.235994,-3.1959937,-1.7859937,0.28400636,2.2340064,4.5240064,1.0440063,-0.56599367,0.18400635,0.98400635,0.5040063,2.3940063,2.8640063,2.8940063,3.1640062,3.5440063,4.204006,3.9340065,5.3040066,5.224006
5.244006,6.3540063,7.1340065,7.8840065,8.394007,8.6340065,8.704006,8.624006,8.544006,9.214006,9.934007,10.564007,11.574006,12.314007,3.0240064,5.164006,4.0840063,1.6340064,2.2540064,2.4740064,0.47400635,-0.63599366,-3.0059936,0.45400634,-2.0359936,-1.2959937,-1.9959936,-1.5359937,-1.5959936,-0.19599365,0.0040063476,-1.2659936,-1.5159936,-0.94599366,-3.4159937,-1.7059937,-4.9159937,-5.565994,-5.2859936,-4.8959937,-3.8059936,-2.3359938,-0.59599364,1.1340064,2.5740063,0.34400636,0.79400635,-0.25599366,-0.015993653,-1.9959936,0.42400634,0.93400633,1.3140063,2.1540062,2.4640064,3.7240064,5.1240063,2.4340065,4.5440063
6.1740065,6.6440063,7.1940064,7.744006,8.334006,8.614006,8.804007,9.074006,9.074006,9.364006,10.414006,11.1340065,11.154006,11.994006,8.264007,5.8840065,4.284006,3.1340063,1.8040063,2.9640064,4.5740066,1.0040064,-3.6059937,-2.9059937,-0.21599366,-3.5759935,-3.3159935,-2.4559937,0.05400635,1.0440063,-0.35599366,-1.1259936,-0.64599365,-4.1759934,-3.8959937,-4.6459937,-6.215994,-6.6359935,-5.8659935,-5.4959936,-4.3059936,-2.6559937,-1.5759937,-1.0559937,-1.4059937,0.10400635,1.0640063,-0.48599365,-0.10599365,-2.6259937,-1.2859937,-0.71599364,1.2440064,1.8540063,1.1140064,-0.27599365,4.2340064,2.1940064,2.7440064
6.5040064,6.8540063,7.1440063,7.6740065,8.024006,8.454006,8.924006,9.224007,9.524006,9.834006,10.194006,10.944006,12.304007,12.514007,10.714006,4.8940063,3.1740065,1.9540063,5.6140065,5.6940064,6.2540064,5.4640064,3.3340063,-0.8559936,-3.9359937,-2.7159936,-3.7359936,-3.1159937,-2.1859937,0.55400634,0.21400635,-1.8559936,-2.9159937,-4.985994,-5.3959937,-6.255994,-6.465994,-7.005994,-6.0759935,-4.9959936,-3.9559937,-3.0059936,-2.6059937,-2.3659937,-1.3759936,-1.5659937,0.11400635,0.23400635,-1.6359936,-3.1359937,-2.4159937,-2.2059937,-1.1159936,0.6440064,1.6340064,0.93400633,1.3140063,1.5940063,2.3040063
6.264006,6.6040063,6.8240066,7.2540064,7.994006,8.294006,8.704006,9.144007,9.604007,10.034006,10.594007,11.464006,12.914006,14.024006,14.604007,4.914006,3.4940064,2.7340064,5.0640063,6.224006,7.704006,8.184007,7.784006,6.3540063,-0.6759937,-3.3759937,-2.0559936,-2.4859936,-3.9259937,-3.7059937,-2.2459936,-3.4359937,-4.3759937,-6.1559935,-5.9959936,-6.255994,-8.805994,-7.5559936,-6.1259937,-4.5959935,-3.5259936,-3.2359936,-2.9359937,-1.3359936,1.0340064,-1.1659937,-1.3459936,-1.1659937,-5.6559935,-4.9459934,-3.8259935,-2.7159936,-1.7459936,-0.64599365,0.18400635,0.30400634,0.68400633,1.0040064,1.4340063
6.3240066,6.534006,6.914006,7.3440065,7.534006,8.084006,8.544006,8.8840065,9.324006,9.8840065,10.564007,11.464006,12.504006,14.354007,16.114006,8.294006,1.2540064,2.8840063,5.8340063,6.034006,7.9640064,9.364006,8.394007,7.0640063,6.434006,-0.83599365,-3.1759937,-2.9859936,-4.3759937,-4.5359936,-2.2459936,-3.3759937,-5.1859937,-6.0159936,-5.8459935,-5.8559937,-10.525993,-7.6259937,-6.1759934,-4.8559937,-3.5459936,-2.7159936,-2.5959938,-1.5359937,-0.44599366,-0.40599364,-0.9359937,-0.83599365,-8.955994,-6.7459936,-4.9759936,-3.7459936,-2.7659936,-1.8959937,-1.0059936,-0.20599365,0.54400635,0.8840063,0.90400636
6.4240065,6.6740065,6.7940063,7.0240064,7.3440065,7.784006,8.244006,8.604007,9.014007,9.494006,10.004006,10.604007,11.914006,13.244006,15.944006,11.824006,1.9240063,2.3640063,7.2540064,5.7940063,7.914006,9.324006,9.014007,8.034006,5.8640065,3.6940064,-2.7559936,-3.5159936,-4.215994,-4.6159935,-3.4259937,-4.005994,-5.735994,-5.9059935,-5.9759936,-6.295994,-9.785994,-7.525994,-6.3759937,-5.1059937,-3.8459938,-2.8859937,-1.8259937,-0.30599365,4.8740063,-0.9259937,2.3840063,-1.9959936,-10.055994,-8.285994,-6.4959936,-5.1659937,-4.1359935,-3.3559937,-2.4159937,-1.3459936,-0.31599367,0.08400635,0.18400635
6.914006,7.0740066,7.2140064,7.3940063,7.5940065,8.024006,8.414006,8.704006,9.044006,9.474007,9.894007,10.414006,11.024006,11.624006,13.654006,13.334006,5.244006,4.534006,7.7940063,4.9040065,9.114006,9.354007,8.994006,8.1340065,6.1940064,2.4540064,-0.50599366,-5.965994,-4.9559937,-5.295994,-3.6759937,-4.3259935,-5.9259934,-3.1759937,-2.6959937,-7.465994,-9.745994,-7.255994,-6.585994,-5.4459934,-4.215994,-3.1959937,-2.0459936,-0.005993652,1.9240063,2.0540063,-1.1459937,-8.535994,-9.435993,-8.905993,-7.7459936,-6.6159935,-5.485994,-4.6859937,-4.085994,-2.9159937,-1.5259937,-0.90599364,-0.82599366
7.1240063,7.5040064,7.784006,7.9840064,8.024006,8.294006,8.624006,8.934007,9.184007,9.454006,9.774006,10.154006,10.464006,10.904006,11.204006,11.844007,8.284006,4.1740065,8.124006,5.034006,8.414006,8.494006,8.744006,6.9840064,4.0740066,3.7740064,3.2540064,1.7340064,-5.6859937,-4.8659935,-4.6559935,-3.6159937,-3.2159936,-4.585994,-5.275994,-5.4159937,-7.775994,-7.1859937,-6.2859936,-5.6459937,-4.5959935,-3.8659937,-2.6059937,-1.3159937,-0.46599364,-0.8059937,-3.5259936,-7.025994,-7.8559937,-8.185993,-7.8559937,-6.7459936,-6.525994,-6.1759934,-5.7259936,-4.5159936,-3.2159936,-2.4959936,-1.9759936
6.1040063,6.5040064,6.914006,7.3240066,7.6340065,7.7940063,8.124006,8.524006,8.824006,9.114006,9.414006,9.734006,10.054007,10.314007,10.594007,9.994006,9.224007,3.8740063,6.4240065,6.2940063,6.684006,7.3040066,7.5440063,6.7340064,3.5040064,5.284006,3.4940064,2.3340063,0.85400635,-3.7259936,-4.4159937,-2.2259936,-1.6459937,3.2740064,-3.1559937,-6.2259936,-6.3659935,-6.0559936,-6.255994,-5.965994,-5.5959935,-4.9559937,-3.9359937,-3.0359936,-2.1259937,-2.1459937,-3.9059937,-6.1559935,-6.9359937,-7.6559935,-7.5759935,-7.0359936,-6.9259934,-7.1159935,-6.9459934,-6.025994,-4.8259935,-4.1359935,-3.2959936
5.6240063,6.0940065,6.5040064,6.8140063,7.0540066,7.184006,7.3540063,7.684006,8.264007,8.594007,8.824006,9.164006,9.694006,10.084006,10.214006,9.704006,8.954006,7.914006,5.454006,4.8540063,5.3040066,5.6440063,5.1040063,4.454006,5.784006,3.6840065,1.9640063,0.86400634,-1.3359936,-5.6559935,-5.005994,0.92400634,5.9640064,2.0940063,-1.4059937,-4.315994,-5.465994,-6.4059935,-6.0359936,-6.4959936,-6.8659935,-6.335994,-5.2059937,-4.5759935,-3.9859936,-3.7759936,-4.4359937,-6.065994,-6.9159937,-7.315994,-7.8259935,-7.755994,-7.7259936,-7.9359937,-7.295994,-6.6859937,-6.1259937,-5.3859935,-4.5159936
5.1940064,5.954006,6.3440065,6.7540064,6.994006,7.0440063,7.2340064,7.5940065,8.004006,8.274006,8.314007,8.504006,9.174006,9.624006,9.924006,9.894007,9.554007,9.204006,4.744006,6.8040066,6.9440064,5.6040063,3.6940064,3.5840063,3.3440063,1.7340064,-0.27599365,-1.4659936,-2.7259936,-3.9359937,1.4740063,6.6340065,8.494006,3.2940063,-1.8159937,-0.6859937,-3.9459937,-5.735994,-6.4059935,-6.9959936,-7.5759935,-7.985994,-7.2459936,-6.4259934,-5.9359937,-5.5759935,-5.255994,-5.5759935,-5.9159937,-6.6559935,-7.7059937,-8.245994,-8.225994,-8.885994,-7.775994,-7.1759934,-6.5559936,-6.3859935,-5.6259937
5.0740066,5.684006,6.2340064,6.684006,6.994006,7.034006,7.2540064,7.514006,7.8240066,8.114006,8.304007,7.8640065,8.844007,9.374006,9.724007,9.844007,9.674006,9.254006,7.6540065,5.994006,5.0640063,4.994006,4.5040064,2.4740064,1.7340064,1.0940063,-1.0759937,-4.335994,-4.045994,2.9940064,4.3340063,6.6040063,6.6440063,5.5840063,4.474006,-0.23599365,-1.0159936,-1.7159936,-5.275994,-7.3259935,-8.195993,-8.035994,-7.6859937,-7.1959934,-6.3859935,-5.5159936,-4.6259937,-3.9759936,-3.9559937,-5.255994,-6.6859937,-7.565994,-7.8759937,-9.085994,-8.735993,-8.375994,-7.8559937,-7.3259935,-6.545994
4.6340065,5.4040065,5.8640065,6.4240065,6.684006,6.9640064,6.9640064,7.1440063,7.4640064,7.684006,7.954006,7.3940063,8.054007,8.954006,9.404006,9.964006,10.234006,10.074006,9.554007,5.1740065,1.6640064,3.2140064,3.0540063,4.8140063,3.6040063,5.1240063,3.0640063,1.1640064,3.0340064,5.8440065,9.604007,5.5740066,5.4640064,4.9040065,3.7140064,3.1640062,2.3440063,-3.3459938,-2.5159936,-3.5959938,-5.2059937,-6.505994,-6.6759934,-6.2459936,-5.755994,-4.9759936,-4.3059936,-3.4859936,-2.8659937,-3.6259937,-6.0759935,-6.9159937,-7.4759936,-8.805994,-9.575994,-9.125994,-8.995994,-8.035994,-7.255994
4.034006,4.4840064,5.3440065,5.8140063,6.2540064,6.4240065,6.5640063,6.5840063,6.534006,7.1440063,7.0440063,7.6140065,6.974006,8.524006,9.204006,9.914006,10.274006,10.654006,10.034006,3.5940063,4.994006,5.8640065,5.5540066,5.6740065,4.4640064,2.1140063,4.684006,6.2940063,8.544006,9.424006,8.994006,5.264006,3.2940063,3.9940064,3.9540064,4.1440063,2.3340063,2.9140062,-0.9959937,-4.005994,-4.7859936,-5.235994,-5.4559937,-5.4959936,-5.2459936,-4.9759936,-3.9859936,-3.2959936,-3.0259936,-3.1859937,-4.7859936,-5.715994,-6.4959936,-8.245994,-9.535994,-10.665994,-9.975994,-9.155993,-8.205994
3.4240065,3.8540063,4.3440065,5.164006,5.6540065,5.434006,5.7340064,5.9840064,6.1340065,5.7940063,6.5440063,6.5540066,7.1440063,7.4440064,8.694006,9.3840065,9.864006,9.734006,9.724007,3.6140063,1.9640063,3.8440063,5.2540064,3.7440064,3.2440064,3.4440064,4.4840064,4.974006,6.284006,7.3140063,6.0840063,7.2140064,6.2140064,2.8340063,1.6540064,1.5340064,2.4340065,2.2040064,0.80400634,0.35400635,-0.53599364,-2.0959938,-4.295994,-5.255994,-4.8959937,-4.6159935,-4.6659937,-3.4559937,-2.9959936,-2.6559937,-3.7459936,-5.5359936,-6.2459936,-7.6459937,-8.655993,-9.635994,-10.775993,-10.595994,-10.435993
2.5240064,3.1640062,3.6440063,4.1540065,4.5740066,5.1040063,5.244006,5.0940065,5.4040065,5.764006,5.5840063,5.8340063,5.994006,6.5640063,7.6040063,8.524006,8.874006,8.414006,8.494006,8.514007,8.864006,9.974007,10.354007,11.904006,12.354007,4.3640065,1.0340064,0.45400634,1.8640064,2.4240065,3.2840064,4.164006,4.784006,4.3740063,0.97400635,-0.8659937,-0.69599366,-0.7459937,-0.59599364,-0.75599366,-1.0659937,-1.3959937,-1.8259937,-2.1959937,-1.8059937,-0.84599364,-1.3859936,-2.0759935,-1.8159937,-1.6059936,-2.2159936,-3.4159937,-5.1959934,-6.9459934,-7.6159935,-8.505994,-10.965994,-11.965994,-11.675994
1.9040064,2.3940063,2.8240063,3.2240064,3.4740064,3.7640064,4.0440063,4.3240066,4.2740064,4.8140063,5.164006,5.2140064,4.8840065,5.5740066,6.284006,7.3040066,8.024006,7.9440064,7.954006,7.9840064,8.854007,9.654006,10.494006,11.224007,11.984006,14.574006,11.744006,3.8540063,1.7840064,0.96400636,-0.38599366,-0.055993654,0.48400635,0.93400633,1.9540063,-0.37599364,-2.3259935,-2.1459937,-1.7759937,-1.5459937,-1.6759937,-2.0459936,-2.2259936,-2.5159936,-2.4959936,-2.0359936,-1.4259937,-1.0459937,-0.8559936,-0.70599365,-0.97599363,-2.0259936,-3.6959937,-4.9259934,-6.2859936,-7.3559937,-9.535994,-11.195993,-12.745994
1.5540063,2.0540063,2.4640064,2.6340063,2.7240064,2.7440064,2.6940064,2.9940064,3.2140064,3.5840063,4.3640065,4.8340063,4.8340063,4.6240063,5.0440063,5.4240065,6.0640063,6.6440063,7.5740066,7.7340064,8.204006,9.214006,9.744006,10.674006,11.824006,12.484006,12.844007,13.204006,7.994006,3.1540062,1.2640064,-1.2659936,-1.0159936,-1.0859936,-1.0659937,-1.0859936,0.29400635,-0.005993652,-1.2859937,-1.8559936,-1.8459936,-1.5759937,-1.2459936,-0.89599365,-0.89599365,-0.65599364,-0.59599364,-1.0859936,-1.3759936,-1.0359937,-0.7959936,-1.1459937,-1.8859936,-2.0159936,-3.0459936,-5.335994,-7.3759937,-10.385994,-12.525993
1.6340064,2.0140064,2.2140064,2.3740063,2.2940063,2.1540062,1.8740064,2.0640063,2.1540062,2.5640063,2.9340065,3.5640063,3.7240064,3.2040064,3.2740064,3.6240063,4.534006,5.2340064,5.8440065,7.164006,7.7340064,8.274006,8.084006,9.514007,10.424006,11.584006,11.254006,10.094007,10.444006,11.214006,5.1040063,0.80400634,-1.6559937,-1.9259937,-2.4859936,-1.3659936,-0.90599364,-1.2759937,-0.50599366,1.0540063,0.37400636,-0.78599364,-0.9959937,-0.77599365,-0.53599364,-0.88599366,-1.4659936,-1.6659937,-1.2859937,-1.0059936,-1.1159936,-1.4959936,-2.1159937,-2.0459936,-2.4559937,-3.0759935,-3.9959936,-6.8559937,-9.805994
0.6440064,1.2740064,2.0140064,1.9440063,1.8640064,1.8440063,1.2240063,0.36400634,-0.13599366,-0.29599366,0.024006348,0.9540064,1.5140064,1.8640064,2.2640064,3.0040064,4.1340065,4.3240066,4.6540065,5.764006,5.8140063,7.1940064,7.9640064,8.574006,9.354007,9.774006,10.394007,10.014007,9.994006,10.564007,12.334006,5.664006,-1.3759936,-3.9859936,-5.215994,-4.8959937,-3.6459937,-2.3659937,-0.89599365,-1.6359936,-2.1659937,-1.5259937,0.024006348,1.0740063,0.97400635,0.73400635,0.19400635,-0.77599365,-1.6559937,-2.0059936,-1.4159937,-1.0459937,-1.9559937,-2.3259935,-2.4559937,-2.6759937,-3.2659936,-4.545994,-6.215994
