raw-data/2018091912.json
{"header": { "discipline":0, "disciplineName":"Meteorological products", "gribEdition":2, "gribLength":74485, "center":7, "centerName":"US National Weather Service - NCEP(WMC)", "subcenter":0, "refTime":"2018-09-19T12:00:00.000Z", "significanceOfRT":1, "significanceOfRTName":"Start of forecast", "productStatus":0, "productStatusName":"Operational products", "productType":1, "productTypeName":"Forecast products", "productDefinitionTemplate":0, "productDefinitionTemplateName":"Analysis/forecast at horizontal level/layer at a point in time", "parameterCategory":2, "parameterCategoryName":"Momentum", "parameterNumber":2, "parameterNumberName":"U-component_of_wind", "parameterUnit":"m.s-1", "genProcessType":2, "genProcessTypeName":"Forecast", "forecastTime":0, "surface1Type":103, "surface1TypeName":"Specified height level above ground", "surface1Value":10.0, "surface2Type":255, "surface2TypeName":"Missing", "surface2Value":0.0, "gridDefinitionTemplate":0, "gridDefinitionTemplateName":"Latitude_Longitude", "numberPoints":65160, "shape":6, "shapeName":"Earth spherical with radius of 6,371,229.0 m", "gridUnits":"degrees", "resolution":48, "winds":"true", "scanMode":0, "nx":360, "ny":181, "basicAngle":0, "lo1":0.0, "la1":90.0, "lo2":359.0, "la2":-90.0, "dx":1.0, "dy":1.0 }, "data":
[rows 104 to 129 of 181, columns 58 to 115 of 360]
-9.137256,-8.817256,-8.147256,-8.027256,-8.0472555,-7.937256,-7.787256,-8.377255,-8.667255,-9.427256,-9.2972555,-8.767256,-7.9272556,-8.007256,-7.8272557,-7.5972557,-7.377256,-7.4272556,-7.727256,-7.857256,-7.607256,-7.857256,-7.797256,-7.8472557,-7.627256,-7.977256,-8.157256,-8.187256,-8.157256,-7.717256,-7.217256,-7.647256,-7.567256,-8.307256,-9.657256,-10.447256,-10.747256,-9.917255,-9.007256,-8.377255,-8.257256,-8.207256,-8.197256,-7.767256,-7.587256,-7.757256,-7.3272557,-7.027256,-6.997256,-6.627256,-6.1172557,-5.537256,-5.287256,-5.247256,-5.1172557,-4.937256,-4.9272556,-4.507256
-8.647256,-8.687256,-8.517256,-8.177256,-8.657256,-8.677256,-8.7972555,-9.467256,-10.227256,-10.357256,-9.877255,-9.197256,-8.357256,-7.837256,-8.0872555,-8.097256,-7.487256,-7.507256,-7.897256,-8.057256,-8.067256,-8.157256,-7.857256,-7.447256,-7.287256,-7.4072556,-7.647256,-7.717256,-7.817256,-7.567256,-7.817256,-8.417255,-8.147256,-9.597256,-10.787256,-11.0472555,-10.447256,-9.947256,-8.997256,-8.5472555,-8.307256,-8.067256,-7.787256,-7.9272556,-7.757256,-7.697256,-7.457256,-7.337256,-7.257256,-6.8872557,-6.3272557,-5.767256,-5.697256,-5.757256,-5.3672557,-4.987256,-4.777256,-4.5572557
-8.407256,-8.657256,-8.827256,-8.627255,-8.507256,-8.997256,-9.347256,-9.787256,-9.957256,-9.947256,-9.467256,-8.917255,-8.347256,-8.157256,-7.837256,-8.037256,-7.717256,-7.937256,-8.3372555,-8.487256,-8.477256,-8.357256,-7.937256,-7.8672557,-7.6372557,-7.4272556,-7.3272557,-7.4072556,-7.5572557,-8.157256,-8.617256,-8.357256,-8.967256,-10.347256,-10.827256,-10.717256,-10.257256,-10.037256,-9.237256,-8.967256,-8.607256,-8.397256,-8.197256,-8.137256,-7.997256,-8.197256,-8.037256,-7.647256,-7.6572556,-7.1572556,-6.587256,-6.0972557,-6.017256,-5.957256,-5.247256,-4.287256,-4.9072556,-6.237256
-8.617256,-8.267256,-8.3372555,-8.5872555,-8.667255,-8.347256,-8.937256,-9.497256,-9.667255,-9.497256,-8.987256,-8.457256,-8.2972555,-8.287256,-8.127255,-7.6172557,-7.497256,-8.077256,-8.3372555,-8.707256,-8.697256,-8.257256,-7.6372557,-7.547256,-7.517256,-7.507256,-7.357256,-7.227256,-7.547256,-8.377255,-8.497256,-8.507256,-9.607256,-9.977256,-10.037256,-10.007256,-9.967256,-9.7972555,-9.137256,-8.807256,-8.5872555,-8.597256,-8.497256,-8.407256,-8.457256,-8.437256,-8.077256,-8.017256,-7.777256,-7.337256,-6.8472557,-6.357256,-5.837256,-5.3672557,-4.667256,-3.7772558,-5.107256,-7.027256
-7.987256,-8.417255,-8.187256,-7.8872557,-8.037256,-8.467256,-9.017256,-9.207256,-9.017256,-8.917255,-8.507256,-8.137256,-7.857256,-7.787256,-7.737256,-7.457256,-7.267256,-7.477256,-8.067256,-7.917256,-7.937256,-7.8472557,-7.3272557,-7.047256,-7.237256,-7.277256,-7.087256,-7.5572557,-8.237256,-8.687256,-8.737256,-8.677256,-8.957256,-9.127255,-9.417255,-9.707256,-10.007256,-9.577256,-8.997256,-8.767256,-8.717256,-8.477256,-8.357256,-8.267256,-8.377255,-8.207256,-8.117256,-7.947256,-7.717256,-7.297256,-6.8472557,-6.3472557,-5.5972557,-4.147256,-3.4572558,-3.117256,-4.957256,-6.737256
-8.0472555,-7.8472557,-7.8072557,-7.9072556,-7.8872557,-8.067256,-8.307256,-8.327256,-8.317256,-8.267256,-8.5472555,-8.2972555,-7.587256,-7.227256,-6.747256,-6.997256,-6.8272557,-6.917256,-7.087256,-6.9272556,-6.817256,-6.897256,-6.787256,-6.277256,-6.467256,-7.067256,-7.537256,-7.947256,-8.487256,-8.257256,-8.0872555,-8.167255,-8.207256,-8.597256,-9.077256,-9.567256,-9.627255,-9.287256,-8.927256,-8.597256,-8.427256,-8.3372555,-8.0872555,-8.037256,-7.987256,-7.857256,-7.8272557,-7.757256,-7.6572556,-7.337256,-6.967256,-6.4072556,-5.857256,-4.8672557,-3.887256,-3.5572557,-4.9272556,-6.1572556
-7.087256,-7.447256,-7.567256,-7.5772557,-7.717256,-7.9072556,-7.737256,-7.5572557,-7.3672557,-7.107256,-7.0772557,-7.4272556,-7.527256,-6.537256,-6.0772557,-5.957256,-6.1572556,-6.247256,-6.517256,-6.337256,-6.227256,-6.1772556,-6.257256,-5.357256,-5.267256,-6.167256,-6.8272557,-7.297256,-7.357256,-7.4072556,-7.5572557,-7.567256,-7.6772556,-8.527256,-8.617256,-8.967256,-9.017256,-8.727256,-8.277256,-8.237256,-8.127255,-7.8672557,-7.8272557,-7.607256,-7.587256,-7.5972557,-7.6172557,-7.5972557,-7.527256,-7.3072557,-7.0772557,-6.507256,-6.047256,-5.997256,-6.0772557,-5.267256,-4.207256,-4.6572556
-7.507256,-7.477256,-7.607256,-7.6372557,-7.837256,-8.017256,-7.6572556,-7.377256,-7.197256,-6.737256,-6.107256,-6.067256,-6.277256,-6.487256,-5.767256,-5.437256,-5.027256,-4.707256,-5.317256,-5.8072557,-5.777256,-5.507256,-5.497256,-4.647256,-4.0772557,-5.0572557,-6.027256,-6.437256,-6.317256,-6.527256,-6.857256,-7.3672557,-7.8072557,-8.057256,-7.967256,-8.467256,-8.597256,-8.017256,-7.6172557,-7.6372557,-7.537256,-7.6172557,-7.537256,-7.447256,-7.4072556,-7.457256,-7.4272556,-7.3472557,-7.4072556,-7.3472557,-7.197256,-6.667256,-5.8872557,-5.257256,-3.847256,-1.3572558,-0.07725586,-0.75725585
-7.507256,-7.527256,-7.477256,-7.567256,-7.707256,-7.737256,-7.707256,-7.687256,-7.607256,-7.6372557,-7.537256,-6.0972557,-5.217256,-5.6172557,-5.567256,-5.197256,-4.8472557,-4.747256,-4.747256,-4.8272557,-4.987256,-4.947256,-4.437256,-3.877256,-3.407256,-4.967256,-5.6372557,-5.6172557,-5.337256,-5.747256,-6.127256,-7.287256,-7.537256,-7.447256,-7.707256,-7.767256,-7.737256,-7.317256,-7.007256,-6.947256,-7.0972557,-7.217256,-7.337256,-7.3872557,-7.377256,-7.487256,-7.257256,-7.207256,-7.267256,-7.217256,-7.197256,-6.627256,-5.417256,-4.667256,-3.127256,0.53274417,4.832744,2.0127442
-6.947256,-6.957256,-7.257256,-7.397256,-7.287256,-7.4072556,-7.5972557,-7.8072557,-7.537256,-7.727256,-8.107256,-7.717256,-8.027256,-4.947256,-4.497256,-4.9272556,-4.457256,-4.6572556,-4.747256,-3.4372559,-3.7772558,-3.9272559,-3.7272558,-2.857256,-3.1972558,-5.457256,-5.777256,-6.127256,-4.717256,-5.127256,-5.697256,-6.437256,-6.567256,-6.587256,-7.0972557,-6.937256,-6.787256,-6.737256,-6.497256,-6.357256,-6.447256,-6.6572556,-7.107256,-7.087256,-7.3472557,-7.517256,-7.167256,-7.1772556,-7.1772556,-7.1572556,-7.087256,-6.437256,-5.457256,-4.517256,-3.1872559,-1.8772559,-3.597256,-3.327256
-5.857256,-6.1172557,-6.687256,-6.9272556,-7.0972557,-7.207256,-7.0772557,-6.9072556,-6.997256,-7.8072557,-8.247256,-7.9272556,-7.1172557,-8.017256,-8.177256,-4.527256,-3.127256,-3.627256,-3.5372558,-3.7272558,-2.4872558,-2.5272558,-2.847256,-3.9172559,-4.017256,-3.887256,-4.727256,-5.1772556,-4.647256,-4.277256,-4.507256,-5.227256,-5.397256,-5.167256,-5.947256,-5.627256,-5.6172557,-5.6772556,-5.8272557,-5.667256,-5.6772556,-5.947256,-6.627256,-6.837256,-7.1372557,-7.217256,-7.0972557,-7.197256,-7.017256,-7.107256,-6.777256,-6.4072556,-5.857256,-5.007256,-3.6972558,-2.157256,-3.157256,-3.107256
-4.9072556,-5.377256,-6.0772557,-6.447256,-6.957256,-6.987256,-7.237256,-7.017256,-6.8472557,-7.287256,-7.6572556,-7.337256,-7.5772557,-7.797256,-7.997256,-7.817256,-8.127255,-5.9072556,-3.7772558,-2.387256,-2.877256,-1.2972559,-1.1172558,-2.4972558,-2.4972558,-4.1172557,-2.837256,-3.4372559,-4.047256,-3.7572558,-3.2472558,-3.4172559,-3.6672559,-3.0272558,-4.037256,-4.0772557,-4.187256,-4.457256,-4.6572556,-5.017256,-5.067256,-5.517256,-6.037256,-6.6772556,-6.757256,-6.8872557,-6.737256,-7.127256,-6.957256,-6.777256,-6.707256,-6.527256,-5.897256,-4.8472557,-3.4772558,-0.80725586,-1.7672559,-3.587256
-4.257256,-4.5772557,-5.607256,-6.007256,-6.087256,-5.957256,-6.747256,-6.757256,-7.0972557,-7.787256,-7.917256,-8.0472555,-8.247256,-8.607256,-8.857256,-8.537256,-8.347256,-8.0872555,-8.037256,-7.767256,-6.3072557,-4.967256,-2.9772558,0.34274414,-0.5372559,-1.2372558,-0.9072559,-0.89725584,-1.5472559,-2.4272559,-2.2472558,-1.6672559,-1.4172559,-1.4772558,-2.5372558,-3.337256,-3.5172558,-3.067256,-3.887256,-4.087256,-4.317256,-4.737256,-5.527256,-6.207256,-6.187256,-6.4272556,-6.197256,-6.487256,-6.8272557,-6.397256,-6.227256,-6.217256,-5.587256,-4.727256,-3.7072558,-3.067256,-4.3272557,-4.257256
-3.4572558,-3.7272558,-4.797256,-5.197256,-5.4072556,-6.197256,-6.467256,-6.697256,-7.297256,-7.5572557,-7.857256,-8.217256,-8.537256,-8.737256,-8.777256,-8.707256,-8.617256,-8.267256,-7.8072557,-7.767256,-7.567256,-6.317256,-6.167256,-6.3272557,-5.247256,0.9027441,2.2327442,1.2627442,0.7727441,0.61274415,-0.19725586,-0.58725584,-0.37725586,0.26274413,-0.63725585,-1.6572559,-2.097256,-1.4072559,-1.9372559,-2.2272558,-3.147256,-4.1172557,-5.267256,-5.437256,-4.777256,-5.227256,-5.6172557,-5.8072557,-6.437256,-6.1172557,-5.977256,-6.017256,-5.507256,-4.737256,-4.497256,-5.0572557,-1.8672558,-3.7372558
-2.4872558,-2.327256,-3.407256,-4.0572557,-4.787256,-5.437256,-5.9272556,-6.497256,-6.587256,-7.047256,-7.397256,-7.767256,-7.977256,-7.997256,-7.727256,-7.357256,-6.987256,-6.757256,-6.567256,-6.197256,-5.8472557,-5.587256,-5.397256,-4.537256,-4.817256,-4.1572556,-3.4672558,3.1927443,3.2227442,2.7927442,2.3127441,1.8327441,1.7927442,1.1327442,1.9127442,0.78274417,-0.21725586,-1.2572559,-0.12725586,-0.25725585,-1.3472558,-3.2472558,-4.437256,-3.317256,-3.347256,-4.017256,-4.477256,-5.127256,-5.187256,-5.967256,-5.527256,-5.3072557,-5.3472557,-5.067256,-4.377256,-4.167256,-4.957256,-2.2172558
-1.3972559,-1.1772559,-1.9472558,-3.317256,-3.7972558,-4.317256,-5.1372557,-5.437256,-5.627256,-6.0972557,-6.477256,-6.737256,-6.747256,-6.547256,-6.197256,-5.607256,-4.987256,-4.567256,-4.4072556,-4.167256,-3.7772558,-3.4872558,-3.107256,-2.5272558,-2.7572558,-2.7772558,-1.9472558,-1.9272559,-2.1972558,5.8427444,4.182744,3.392744,2.4927442,2.882744,2.402744,2.9927442,1.3327441,0.49274415,0.30274415,-0.39725587,-1.3272558,-2.597256,-3.087256,-2.4172559,-2.8072557,-3.0572557,-4.237256,-4.8072557,-4.687256,-5.147256,-4.8472557,-4.8472557,-4.437256,-4.6572556,-4.197256,-3.647256,-3.1872559,-1.4372559
-0.17725585,-0.10725586,-0.097255856,-0.82725585,-1.7172558,-2.847256,-3.5072558,-3.7872558,-4.457256,-4.897256,-5.227256,-5.467256,-5.3872557,-4.967256,-4.3072557,-3.617256,-2.7672558,-2.1972558,-1.6172558,-1.6372559,-1.3772559,-0.89725584,-0.76725584,-0.68725586,-0.48725587,-0.06725586,-0.07725586,-0.43725586,0.03274414,-0.39725587,1.0327442,5.8827443,4.1127443,3.652744,3.622744,3.4527442,2.8327441,1.7727442,1.2727442,1.2627442,1.6627442,-0.52725583,-1.6472559,0.16274413,-2.107256,-2.7772558,-3.7772558,-4.007256,-3.847256,-3.6772559,-3.2372558,-3.7172558,-3.607256,-3.907256,-4.027256,-3.647256,-2.897256,-2.137256
1.3627441,1.0027442,0.80274415,0.8427441,0.26274413,-0.80725586,-1.5972558,-2.4372559,-3.337256,-3.5172558,-3.9772558,-4.067256,-3.7972558,-3.127256,-2.4572558,-1.5672559,-0.96725583,-0.51725584,-0.16725586,0.23274414,0.67274415,1.1327442,1.2227441,1.1927441,1.2727442,1.3827442,1.7227441,1.9027442,1.7727442,1.4027442,1.9627441,1.2527442,7.682744,6.202744,5.262744,4.5927444,3.8227441,3.132744,3.4527442,1.8527441,4.732744,3.622744,2.3027442,1.5127442,-0.13725586,-0.62725586,-1.5072559,-3.067256,-2.4372559,-1.3872559,-1.6572559,-2.0272558,-1.9472558,-2.587256,-2.7872558,-2.877256,-2.657256,-2.367256
2.432744,2.3327441,2.2927442,1.9427441,1.5027442,0.61274415,0.03274414,-1.0172559,-1.5272559,-1.9072559,-2.817256,-2.657256,-1.3572558,-1.2772559,-0.9072559,-0.40725586,0.082744144,0.6527441,1.3327441,1.9227442,2.422744,2.9427443,3.2727442,3.3227441,3.352744,3.392744,3.3127441,3.2927442,3.4727442,3.7627442,3.8027442,3.3327441,3.8227441,3.3127441,7.782744,5.962744,5.492744,4.982744,4.562744,4.412744,4.962744,5.702744,3.2527442,3.102744,2.5027442,2.9527442,2.1927443,1.6027441,0.62274414,0.97274417,0.24274415,0.18274415,0.082744144,-0.5972559,-1.2472558,-1.1272559,-0.7372559,-0.46725586
3.3027442,3.0427442,2.7627442,2.0427442,2.682744,2.392744,1.6627442,0.8427441,-0.48725587,-0.92725587,-1.5372559,-0.20725586,0.26274413,0.15274414,0.35274413,1.1027441,2.0027442,2.672744,3.5427442,4.142744,4.762744,5.432744,5.742744,5.992744,6.162744,6.0927444,5.9227443,5.8627443,5.832744,5.642744,5.3827443,5.6727443,5.3227444,5.0727444,5.262744,7.312744,7.542744,6.602744,6.182744,5.972744,5.082744,6.052744,4.552744,3.2827442,4.762744,5.082744,4.722744,4.252744,3.7127442,3.352744,3.152744,2.8027442,2.382744,1.8027442,0.91274416,0.47274414,0.8927441,1.9627441
4.712744,4.492744,3.592744,2.632744,3.382744,4.262744,3.4827442,2.2227442,0.88274413,0.28274414,0.06274414,1.1227441,1.2827442,1.3427441,2.432744,3.2927442,3.2127442,3.902744,4.292744,5.102744,5.642744,6.052744,6.642744,7.282744,7.772744,8.2027445,8.552744,8.602744,8.512744,8.252744,7.8627443,7.412744,7.212744,7.332744,6.812744,7.032744,8.132744,10.212744,8.932744,7.502744,6.462744,6.042744,6.802744,5.772744,5.772744,6.202744,6.4027443,5.892744,5.542744,4.802744,4.6927443,4.502744,4.082744,3.4627442,3.132744,2.6927443,2.4427443,1.8527441
5.812744,5.032744,4.702744,3.842744,3.4827442,3.4527442,3.7427442,2.902744,1.6327442,0.57274413,0.81274414,1.6827441,2.2227442,2.9627442,3.142744,3.622744,4.022744,3.632744,4.052744,4.352744,4.932744,5.272744,5.582744,6.062744,6.532744,7.272744,8.192744,9.222744,10.152744,10.572744,10.372745,9.832745,9.142744,8.142744,8.742744,8.262744,8.782744,9.602744,11.812744,8.962744,7.5927444,7.1527443,6.982744,7.212744,6.582744,6.742744,7.522744,7.3427444,6.6727443,6.392744,5.642744,5.542744,5.222744,4.8227444,4.562744,4.182744,4.052744,3.9727442
7.062744,6.962744,6.562744,5.782744,2.862744,2.092744,2.162744,1.3627441,0.43274415,0.09274414,1.4527441,2.3027442,2.9827442,3.132744,2.9527442,1.2227441,1.1627442,2.2727442,3.5827441,4.372744,5.052744,5.372744,5.522744,5.712744,6.682744,7.682744,8.6627445,9.602744,10.402744,11.102744,11.822744,12.002744,10.942744,8.882744,9.112744,10.392744,9.652744,9.182744,10.462744,11.692744,9.4127445,8.512744,7.802744,7.712744,7.9427443,8.462744,7.622744,7.8427444,8.342744,7.642744,7.392744,6.8227444,6.462744,6.162744,5.732744,5.4227443,5.062744,4.852744
10.512744,9.512744,7.9027443,1.9427441,2.632744,4.202744,2.0227442,-0.57725585,-1.2672559,0.78274417,2.0727441,2.862744,2.0627441,-1.2772559,-0.76725584,1.8027442,2.352744,2.892744,3.4627442,3.642744,3.0027442,3.432744,3.7227442,4.742744,5.212744,6.0927444,7.4427443,8.822744,10.112744,11.192744,11.932744,12.522744,12.492744,12.102744,11.672744,12.502744,12.532744,11.732744,10.942744,11.422744,11.9527445,10.252744,9.152744,8.472744,8.102744,8.092744,8.272744,7.532744,8.212744,9.292744,8.612744,8.482744,8.122745,7.5727444,6.782744,5.852744,6.292744,6.302744
12.242744,10.362744,4.3427444,3.5627441,4.9427443,3.0827441,-1.0172559,-2.347256,-0.32725585,1.3427441,2.3227441,-0.42725587,-3.2572558,-0.7972559,1.5627441,1.5727441,1.7827442,2.4927442,1.1227441,0.98274416,1.6727442,1.5327442,2.602744,3.142744,3.872744,4.872744,5.872744,6.912744,7.8427444,8.672744,9.342744,9.782744,10.792744,12.582745,14.242744,14.672744,14.022744,14.512744,13.572744,12.2027445,11.4527445,11.612744,10.882744,9.622745,9.342744,9.242744,9.4527445,8.492744,7.5927444,8.182744,9.092744,8.752744,8.4527445,8.532744,8.372745,8.142744,7.912744,7.812744
10.902744,7.472744,1.9827441,1.1227441,1.5927441,-2.397256,-0.76725584,0.15274414,0.6527441,2.0727441,-1.6972558,-3.9172559,-1.8772559,-0.07725586,1.2027441,1.6627442,1.7727442,-0.9072559,-0.68725586,-0.30725586,0.082744144,0.03274414,0.92274415,1.4527441,2.2227442,2.8327441,3.132744,3.5027442,4.142744,5.1927443,6.3227444,7.982744,9.272744,11.192744,14.622745,16.822744,16.022743,14.882744,14.9527445,13.532744,12.152744,11.642744,11.672744,11.872745,10.932744,10.882744,10.712744,9.9127445,8.732744,8.622745,9.582745,10.172744,10.052744,9.1627445,9.772744,9.922744,8.842744,8.192744
