raw-data/2018091900.json
{"header": { "discipline":0, "disciplineName":"Meteorological products", "gribEdition":2, "gribLength":74691, "center":7, "centerName":"US National Weather Service - NCEP(WMC)", "subcenter":0, "refTime":"2018-09-19T00:00:00.000Z", "significanceOfRT":1, "significanceOfRTName":"Start of forecast", "productStatus":0, "productStatusName":"Operational products", "productType":1, "productTypeName":"Forecast products", "productDefinitionTemplate":0, "productDefinitionTemplateName":"Analysis/forecast at horizontal level/layer at a point in time", "parameterCategory":2, "parameterCategoryName":"Momentum", "parameterNumber":3, "parameterNumberName":"V-component_of_wind", "parameterUnit":"m.s-1", "genProcessType":2, "genProcessTypeName":"Forecast", "forecastTime":0, "surface1Type":103, "surface1TypeName":"Specified height level above ground", "surface1Value":10.0, "surface2Type":255, "surface2TypeName":"Missing", "surface2Value":0.0, "gridDefinitionTemplate":0, "gridDefinitionTemplateName":"Latitude_Longitude", "numberPoints":65160, "shape":6, "shapeName":"Earth spherical with radius of 6,371,229.0 m", "gridUnits":"degrees", "resolution":48, "winds":"true", "scanMode":0, "nx":360, "ny":181, "basicAngle":0, "lo1":0.0, "la1":90.0, "lo2":359.0, "la2":-90.0, "dx":1.0, "dy":1.0 }, "data":
[rows 52 to 77 of 181, columns 232 to 289 of 360]
-9.943957,-10.113957,-10.0339575,-10.753958,-10.443957,-4.8239574,0.9360425,-4.1239576,-0.6939575,2.8960426,0.7260425,0.9460425,3.4660425,6.8260427,6.1760426,4.4360423,3.8660424,7.0960426,4.2260423,3.1760426,0.5660425,1.5360425,0.0060424805,0.3660425,1.2060425,3.1760426,5.8260427,4.9860425,5.0560427,3.8860426,4.2260423,3.7060425,2.9160426,2.1260424,1.5560424,1.0860425,-0.17395753,1.3360425,1.0360425,-0.2539575,-1.0039575,0.05604248,0.8760425,1.5660424,2.1260424,0.13604248,0.8160425,-0.0039575193,-0.36395752,-1.1239575,-0.91395754,-0.2839575,-8.453958,-2.2039576,5.3860426,3.9460425,5.4660425,7.6760426
-10.013958,-10.513958,-10.433957,-10.083958,-9.933957,-8.703958,-1.8639575,-3.0639575,-4.5639577,2.0760424,1.9860425,6.2760425,6.7160425,4.6660423,5.9660425,-0.39395753,0.8560425,0.5560425,1.6060425,0.5060425,0.9160425,-1.1339575,3.3160424,1.2760425,1.6560425,7.8760424,6.2060423,5.8560424,6.0360427,5.3160424,4.1060424,3.4460425,2.4160426,0.9760425,1.0960425,-1.4139575,-0.33395752,0.23604248,2.8260424,2.1260424,0.0060424805,-0.3439575,-0.03395752,0.25604248,-0.03395752,-0.42395753,-0.26395753,-0.4139575,-1.2539575,-1.5439575,-0.48395753,-1.3339576,-3.9939575,4.4560423,4.7960424,6.1160426,8.156042,7.9160423
-9.623958,-10.403957,-10.803958,-10.953958,-9.873958,-9.413958,-10.023957,-0.12395752,-2.4939575,-0.6339575,4.1560426,4.7960424,4.7460423,5.0660424,6.3360424,4.7060423,2.8060424,0.6160425,0.8760425,0.52604246,0.84604245,0.8760425,0.5160425,1.6060425,6.8060427,5.9060426,6.4660425,7.5360427,7.2560425,5.5860424,3.7860425,2.9760425,1.6860424,0.096042484,0.28604248,0.8260425,0.6160425,3.2060425,1.1360425,-0.6239575,-1.8639575,-1.3739575,-0.013957519,-0.9239575,0.38604248,1.1360425,-1.0539575,-0.54395753,-1.6339575,-1.3539575,-1.8239576,-0.8839575,2.0460424,3.9960425,6.3060427,7.3460426,7.8460426,7.7060423
-9.363957,-9.963958,-10.213958,-10.433957,-9.973957,-9.543958,-9.403957,-7.2839575,0.05604248,-3.2639575,1.7960424,0.78604245,-0.2539575,4.8660426,5.8460426,4.7660427,2.9560425,0.24604248,-1.1439575,-1.2339575,0.8660425,0.8860425,0.32604247,7.3760424,7.5960426,6.3560424,6.9960423,6.6660423,6.9860425,4.7060423,3.3860426,2.2560425,1.5460424,1.2760425,1.2060425,0.6160425,1.7260425,-0.11395752,-1.0339575,-2.0339575,-2.0139575,-1.1739575,-0.4139575,-0.48395753,-0.5139575,-0.8839575,-0.9939575,1.0560424,-0.21395752,-1.7939575,-1.0739576,0.23604248,1.6160425,5.5860424,7.1160426,7.8760424,7.3560424,6.7160425
-8.403957,-9.013958,-9.353957,-9.463958,-9.453958,-9.373958,-9.153957,-7.9239573,-3.8639574,0.5760425,1.5860425,-0.36395752,3.5760424,4.0660424,2.9360425,2.9960425,2.8860426,-0.33395752,0.5760425,-1.0039575,1.6860424,2.9860425,2.9460425,7.8760424,6.6060424,5.5360427,4.6460423,6.0560427,6.0860424,4.0760427,2.0760424,0.9260425,1.5860425,1.1060425,1.1060425,-0.11395752,-1.2739575,0.6360425,-1.0139575,-1.6039575,-1.1439575,-0.9339575,-1.7339575,-0.9839575,-1.7839575,1.0260425,-0.54395753,-1.8339576,-0.32395753,0.53604245,0.3060425,3.6560426,5.5560427,6.4460425,6.8560424,6.9260426,6.6960425,5.3560424
-7.6139574,-7.9439573,-8.343958,-8.9939575,-9.153957,-9.173958,-8.413958,-7.3739576,-5.7439575,-3.9539576,-3.0639575,-1.1339575,-1.2039576,2.8660424,4.5460424,2.7060425,-1.8839575,-2.4539576,-1.6139575,0.83604246,-1.6739575,4.0860424,2.4760425,4.1360426,4.8760424,3.8760424,3.8860426,4.5060425,4.2060423,3.6160424,1.9460425,1.3860425,1.9960425,0.65604246,-0.08395752,-0.8639575,-0.35395753,-0.3139575,-1.7139575,-0.9439575,-1.1439575,-0.6239575,-1.0939575,-1.3039575,-0.32395753,-2.1439576,-1.4139575,-0.11395752,1.3760425,5.6860423,5.8560424,5.4060426,5.5760427,5.5460424,5.8760424,6.0060425,5.4560423,3.7060425
-6.7239575,-7.3939576,-8.043958,-8.623958,-9.013958,-9.003958,-8.2439575,-7.3339577,-6.2739577,-5.2739577,-5.4439573,-6.7039576,0.47604248,4.5960426,6.2960424,4.8160424,-0.33395752,-4.8339577,-3.1439576,-0.21395752,1.3660425,2.0060425,4.7960424,4.4960423,3.8960426,4.8160424,4.5260425,5.6860423,4.7160425,3.0260425,1.7560425,1.0460424,1.6860424,0.8760425,-0.16395752,-1.4639575,0.5060425,1.2560425,0.6360425,0.7360425,-0.12395752,0.29604247,0.24604248,0.44604248,0.11604248,0.44604248,0.48604247,3.4260426,4.1860423,4.8260427,4.6760426,5.3560424,5.2160425,4.7660427,5.0760427,4.9860425,3.7960424,2.0060425
-5.1839576,-6.7139573,-7.6539574,-8.253958,-8.643957,-8.723957,-8.333958,-7.8439574,-7.0639577,-6.3939576,-7.1539574,-8.963958,-1.1139575,1.6760424,6.4960423,5.8360424,0.4660425,1.7060425,1.0260425,1.3460425,-1.9639575,1.7160425,3.3560424,2.6060424,0.6860425,5.1560426,5.6460423,3.8260424,3.5860424,2.9560425,1.8660425,1.6160425,1.7560425,0.21604247,-0.5839575,-0.05395752,1.7560425,1.5760425,0.5660425,-1.0439575,0.22604248,0.59604245,1.6660424,2.1760426,2.9360425,2.0360425,0.83604246,7.2060423,5.7260423,4.7160425,5.1260424,4.7660427,4.3860426,4.5260425,4.1760426,3.5960424,2.1860425,0.89604247
-5.1239576,-6.0539575,-7.3839574,-8.023957,-8.4939575,-8.663958,-8.5339575,-8.293958,-7.6539574,-7.6939573,-8.143957,-8.313957,-7.6639576,1.6360425,4.1760426,7.5660424,5.0860424,3.2060425,2.5060425,2.1160424,-2.4039576,2.9160426,2.9460425,3.4160426,2.2560425,0.17604248,5.2760425,4.7960424,3.2260425,2.4360425,1.7360425,1.2060425,-0.05395752,2.0360425,2.8860426,2.0260425,2.4560425,0.96604246,0.20604248,2.5060425,0.8760425,1.1060425,-0.27395752,0.24604248,2.3860426,0.29604247,0.18604249,5.9160423,4.1460423,4.4760423,4.2760425,4.8760424,4.1760426,3.3560424,2.8060424,1.9760425,1.2260425,0.3360425
-5.6039577,-6.1839576,-7.1539574,-7.9039574,-8.413958,-8.663958,-8.633958,-8.373958,-8.393957,-8.713958,-8.853957,-8.5339575,-8.443957,-3.6639576,2.4760425,5.8760424,5.4960423,3.1860425,1.8860425,0.52604246,-1.6239575,1.2160425,2.4660425,0.64604247,-0.09395752,2.0560424,3.9060426,2.0660424,1.2960424,1.0260425,0.5060425,2.2160425,2.9860425,3.5160425,1.2360425,0.95604247,0.9360425,0.8660425,0.08604248,1.4960425,0.10604248,0.4060425,0.3360425,-0.11395752,0.34604248,-0.65395755,1.3560425,1.2260425,3.5360425,4.2460423,4.2360425,3.3260424,2.7360425,2.0560424,1.6360425,1.2860425,1.2860425,0.78604245
-6.2039576,-6.4939575,-7.0739574,-7.7439575,-8.213958,-8.423958,-8.4939575,-8.633958,-8.933957,-8.973957,-8.7439575,-8.553958,-7.5239577,-4.6139574,-4.1539574,0.9260425,7.1660423,5.1960425,3.2660425,0.5560425,0.8560425,1.7860425,1.6960425,1.4560425,2.6260424,3.5460424,-0.24395752,1.6460425,0.8660425,0.53604245,1.9360424,2.4960425,1.8060424,0.7660425,0.03604248,-0.35395753,-0.65395755,-0.17395753,-0.17395753,-0.07395752,0.07604248,-0.26395753,-0.53395754,-0.7439575,-1.4239575,-2.3139575,-2.4139576,1.0960425,3.4560425,4.2160425,3.1960425,2.8060424,2.2460425,1.3860425,1.2160425,1.9160424,1.1560425,1.2060425
-6.5739574,-6.8639574,-7.2439575,-7.7539577,-8.073957,-8.353957,-8.563957,-8.823957,-8.983957,-8.843958,-8.573957,-8.193957,-7.8739576,-7.3039575,0.90604246,2.2560425,4.0860424,5.6860423,5.7560425,2.8160424,1.4560425,0.28604248,1.6660424,2.6660426,2.3960426,1.6660424,-1.4239575,0.7960425,2.6760426,1.7560425,1.4560425,2.3960426,1.4760425,0.5560425,-0.6239575,-1.2239575,-1.8639575,-1.7439575,-1.0739576,-0.5739575,-0.3739575,-0.9839575,-1.4639575,-1.8539575,-1.5439575,-2.1839576,0.19604248,1.4660425,1.3760425,2.6660426,2.3860426,1.9660425,1.8160424,1.3360425,0.77604246,0.9260425,1.2060425,0.4360425
-6.9139576,-7.1839576,-7.4839573,-7.8239574,-8.163958,-8.483957,-8.643957,-8.883958,-8.963958,-8.7839575,-8.463958,-8.2439575,-7.5239577,-6.5639577,-3.4039576,-2.3739576,1.3060424,3.8960426,7.1960425,5.7060423,2.2960424,0.5760425,1.3660425,1.9760425,1.4060425,-1.5339575,-1.9139575,-0.7739575,2.2760425,2.5660424,3.2160425,2.3860426,1.1160425,0.20604248,-1.0639576,-1.7839575,-1.2139575,-1.0239575,-1.0939575,-0.9839575,-1.4339576,-1.4039575,-2.0839574,-1.5439575,-0.59395754,-0.2839575,-0.8239575,0.39604247,1.7260425,2.3560424,2.5060425,1.9360424,1.9660425,1.3860425,1.0360425,1.3660425,0.7660425,0.5060425
-7.1339574,-7.3939576,-7.7439575,-8.013958,-8.323957,-8.503958,-8.733957,-8.863957,-8.863957,-8.673958,-8.483957,-8.2439575,-7.7539577,-6.6139574,-4.5039577,-2.1239576,0.9760425,2.6160424,9.236042,9.596043,3.7960424,0.5060425,0.64604247,1.1760424,1.4560425,1.7160425,1.2160425,2.7260425,0.6160425,1.8460425,2.7860425,2.4460425,0.31604248,-0.71395755,-1.1139575,-2.1839576,-1.1339575,-2.1739576,-1.2639575,-1.2839575,-1.4739575,-1.7539575,-1.4139575,-1.2139575,-0.29395753,0.08604248,0.05604248,0.45604247,-0.29395753,0.6160425,1.7460425,1.8160424,2.0460424,1.3160424,0.8060425,0.7660425,1.2060425,1.2660425
-7.2839575,-7.5739574,-7.9239573,-8.123958,-8.253958,-8.443957,-8.603957,-8.693957,-8.553958,-8.273957,-8.0339575,-7.8039575,-7.3239574,-5.7839575,-2.7539575,0.29604247,2.2260425,8.2160425,2.4860425,10.626042,7.8860426,1.5360425,0.13604248,1.1060425,3.5460424,4.5060425,4.0960426,4.9260426,-0.84395754,1.2360425,2.0760424,1.0960425,-0.3839575,-0.96395755,-2.6239576,-1.6339575,-2.2539575,-1.5039575,-2.4639575,-1.8739575,-2.1839576,-2.4839575,-2.5439575,-2.2939575,-2.0939574,-0.90395755,-0.04395752,0.32604247,1.0760425,2.3360424,2.7660425,1.0560424,1.7060425,0.9760425,0.95604247,0.6860425,0.8760425,1.0260425
-7.3839574,-7.7139573,-7.9639573,-7.9539576,-8.003958,-8.143957,-8.2439575,-8.213958,-8.113957,-7.8039575,-7.5839577,-7.2439575,-6.3439574,-4.4039574,-2.3739576,0.16604248,-0.66395754,7.2760425,6.1560426,8.146043,6.5360427,3.0660424,-0.7639575,0.13604248,0.6160425,1.7560425,3.0760424,3.8460424,3.0460424,2.2160425,0.77604246,-0.8939575,-1.0139575,-2.2639575,-1.4439576,-2.4739575,-2.2239575,-2.2439575,-1.8939575,-2.3739576,-2.1039574,-2.7939575,-3.3739576,-3.4839575,-2.6739576,1.7660425,0.19604248,0.6360425,2.1960425,3.8960426,2.3060424,1.6860424,1.3160424,1.0660424,-0.60395753,0.3760425,1.5960425,2.1760426
-7.5539575,-7.5939574,-7.6539574,-7.7239575,-7.9239573,-7.9539576,-7.8639574,-7.7239575,-7.6139574,-7.3539577,-7.0639577,-6.5739574,-5.6439576,-3.8439574,-2.2639575,-1.1539575,-0.5139575,11.686043,9.086042,7.4660425,4.7260423,3.7660425,0.07604248,-0.6939575,-0.15395752,1.1660424,3.2860425,0.15604249,1.5860425,-0.18395752,0.39604247,-1.4239575,-2.7439575,-1.7439575,-2.0539575,-2.2039576,-2.2339575,-3.2139575,-3.2339575,-3.1839576,-2.9139576,-3.0139575,-4.5539575,-1.7639575,1.0660424,2.6360426,3.4460425,2.6060424,1.2860425,2.3660424,0.8660425,2.1460426,2.1160424,0.8260425,-0.65395755,-1.3239576,-0.03395752,4.2660427
-7.3139577,-7.0839577,-7.3239574,-7.7039576,-7.8539577,-7.6939573,-7.4039574,-7.1339574,-6.7039576,-6.5039577,-6.5539575,-6.0939574,-5.1939573,-3.6439576,-2.3939576,-0.08395752,4.7360425,9.536042,7.7260423,7.2960424,4.7260423,1.6060425,1.4460425,-0.35395753,-0.3439575,-1.3939575,0.6960425,-2.2739575,-3.2139575,-1.2639575,0.5660425,-1.4039575,-3.4639575,-1.8339576,-1.8439575,-2.1039574,-3.1839576,-5.1239576,-2.7339575,-1.5539575,-1.0539575,-1.1339575,-3.9639575,-1.5139575,3.0460424,4.0560427,4.0060425,3.8460424,3.8960426,5.1360426,1.3460425,1.6960425,1.1760424,1.9960425,-1.2839575,0.15604249,0.77604246,2.4060426
-7.8939576,-8.173958,-8.333958,-8.273957,-7.6939573,-7.2739577,-7.1139574,-6.9239573,-6.4539576,-6.1139574,-6.1539574,-5.6939573,-4.6939573,-4.3539577,1.8860425,4.9960423,4.8860426,5.7560425,6.5660424,6.3060427,4.5060425,3.1560426,1.1260425,0.47604248,2.0660424,2.3060424,1.9260424,0.6160425,0.01604248,-2.8739576,-0.9239575,-1.2239575,-4.1139574,-2.8739576,-2.8239574,-3.0839574,-4.6539574,-7.6739573,-0.5139575,-0.5039575,-0.6339575,-4.4939575,-4.2539577,-0.6739575,4.5260425,5.2960424,4.2660427,3.4360425,1.8860425,5.2460423,3.7760425,0.7360425,-0.09395752,-2.1839576,-4.0939574,-1.4539576,-0.33395752,1.4260424
-8.733957,-8.583958,-8.593958,-8.523957,-7.5939574,-7.2439575,-7.3039575,-7.1239576,-6.7339573,-6.3839574,-5.6739573,-5.0439577,-3.5539575,0.9160425,4.9260426,5.1060424,4.8760424,4.8960423,5.6560426,5.0660424,3.8860426,2.6760426,1.8860425,0.15604249,1.1360425,0.6360425,-1.2939575,0.53604245,-1.0939575,-0.29395753,1.7660425,-0.19395752,-2.9739575,-3.1439576,-4.6239576,-4.5439577,-5.8239574,-2.7039576,-0.8839575,0.29604247,-0.43395752,-4.0739574,-4.4439573,0.7960425,4.8860426,4.3460426,3.3860426,3.4260426,4.3460426,1.4760425,2.9360425,1.6560425,-0.12395752,-3.4039576,-3.7639575,-2.5139575,-1.7239575,-0.6239575
-8.873958,-8.173958,-8.063957,-6.9139576,-6.7539577,-6.9939575,-7.1539574,-6.7539577,-6.5039577,-6.3739576,-3.9839575,-0.5739575,0.26604247,3.1560426,4.0960426,5.1160426,4.3960423,3.8760424,4.7860427,3.9660425,2.7160425,1.6660424,1.4660425,1.1360425,0.45604247,0.5460425,1.8460425,-0.05395752,-0.8739575,-0.3139575,-1.8039575,-0.8339575,-2.3039575,-1.5839576,-3.0839574,-1.5239575,-1.5939575,-1.8039575,-0.7339575,0.096042484,-2.9839575,-3.8739576,-2.9739575,-0.013957519,3.4560425,2.8960426,2.7660425,2.8060424,2.8660424,4.5660424,1.9960425,-0.10395752,1.4660425,1.1260425,-0.40395752,1.2260425,0.23604248,-1.3439575
-8.003958,-7.7939577,-6.5039577,-6.4139576,-6.6039577,-6.5739574,-7.1239576,-7.4339576,-6.6239576,-3.5839574,0.9460425,3.9660425,4.1460423,4.2960424,4.4560423,4.3060427,3.7460425,3.4660425,3.1160424,2.3960426,1.3560425,0.5160425,0.59604245,0.6160425,1.0060425,1.6660424,1.9460425,0.6360425,1.1760424,0.9460425,1.2460425,-0.9239575,-2.2239575,-3.4439576,-1.6239575,-1.9039575,-0.35395753,-0.36395752,0.4660425,0.12604249,-3.3339574,-3.6939576,-3.0939574,-1.0039575,1.0360425,1.6660424,1.6960425,1.6160425,2.0360425,1.6960425,0.9460425,-0.0039575193,-0.07395752,-0.33395752,-0.26395753,-0.78395754,-1.6739575,-2.1239576
-8.043958,-6.5539575,-6.0639577,-6.0139575,-6.2539577,-6.0139575,-5.3139577,-4.2639575,-4.3039575,0.65604246,6.2560425,5.6160426,5.0260425,4.6760426,3.9160426,3.3860426,2.8360424,2.3460424,1.4760425,0.38604248,-0.6139575,-0.78395754,-0.39395753,-0.27395752,0.34604248,0.7660425,0.83604246,0.70604247,0.22604248,-0.04395752,0.19604248,1.1460425,0.64604247,-13.893957,4.4460425,0.39604247,-2.5339575,0.96604246,-0.8239575,-0.10395752,-2.6339576,-1.6439575,-2.3239574,-2.8039575,-1.9739575,0.03604248,0.01604248,0.01604248,0.26604247,0.17604248,-0.4139575,-0.7039575,-1.0439575,-1.1539575,-1.0239575,-0.9339575,-1.1439575,-1.2439575
-5.4239573,-3.5439575,-3.8939576,-5.3339577,-5.5139575,-3.3339574,-2.9639575,-1.6339575,1.9260424,5.9060426,5.8660426,5.3260427,4.7160425,3.6860425,3.5860424,3.2160425,2.1660426,1.0360425,0.64604247,-1.2039576,-2.4339576,-2.1239576,-1.0039575,-0.72395754,-0.05395752,0.16604248,0.78604245,1.1060425,1.1360425,0.6260425,0.5160425,0.6160425,1.7060425,1.9360424,3.2960424,2.3160424,-0.023957519,-1.5739576,-0.91395754,-1.1939576,-1.7739575,-1.5439575,-1.3539575,-1.3339576,-0.7739575,-0.6439575,-1.8239576,-1.4539576,-1.1539575,-1.0639576,-1.2139575,-1.3339576,-1.4339576,-1.6839576,-1.6139575,-1.4939575,-1.5339575,-1.3239576
-1.2239575,-1.7139575,-2.8539574,-2.6239576,-1.8539575,0.03604248,2.7360425,3.7460425,3.6760426,4.7160425,5.0160427,4.7160425,4.0960426,3.6360426,3.1560426,2.8860426,2.7660425,1.5660424,-0.8739575,-2.8339574,-3.7139575,-3.0739574,-1.3239576,-0.60395753,-0.8339575,-0.6939575,0.2760425,0.84604245,0.90604246,0.06604248,-1.1939576,-2.0739574,-0.11395752,0.6360425,0.8860425,1.1760424,2.3760424,0.45604247,1.3360425,1.6360425,0.05604248,0.0060424805,0.89604247,0.10604248,-0.4439575,-1.7139575,-2.8139575,-2.3439574,-2.4239576,-2.2439575,-2.2839575,-2.1339576,-1.9839575,-1.9939575,-2.5339575,-2.5339575,-1.7739575,-1.5639576
-2.2939575,-0.18395752,0.70604247,0.7360425,1.4760425,2.5560424,3.1060424,3.5760424,3.9960425,4.5360427,4.4560423,4.2960424,3.8860426,3.4160426,2.8360424,2.9160426,1.7160425,-0.11395752,-2.2939575,-3.6439576,-3.0439575,-0.8839575,-0.8239575,-0.65395755,-0.3439575,-1.1739575,-0.46395752,0.58604246,0.64604247,0.89604247,-2.6139574,-2.8339574,0.10604248,0.34604248,1.4460425,1.8760425,2.5360425,3.0260425,4.0760427,3.3060424,2.3460424,0.32604247,-1.0639576,-0.90395755,-0.32395753,-2.3739576,-3.2539575,-2.9039576,-3.4239576,-3.3139575,-3.4939575,-3.2339575,-3.3039575,-3.7639575,-3.8739576,-3.6939576,-3.9439576,-2.6239576
