raw-data/2018100818.json
{"header": { "discipline":0, "disciplineName":"Meteorological products", "gribEdition":2, "gribLength":74942, "center":7, "centerName":"US National Weather Service - NCEP(WMC)", "subcenter":0, "refTime":"2018-10-08T18:00:00.000Z", "significanceOfRT":1, "significanceOfRTName":"Start of forecast", "productStatus":0, "productStatusName":"Operational products", "productType":1, "productTypeName":"Forecast products", "productDefinitionTemplate":0, "productDefinitionTemplateName":"Analysis/forecast at horizontal level/layer at a point in time", "parameterCategory":2, "parameterCategoryName":"Momentum", "parameterNumber":2, "parameterNumberName":"U-component_of_wind", "parameterUnit":"m.s-1", "genProcessType":2, "genProcessTypeName":"Forecast", "forecastTime":0, "surface1Type":103, "surface1TypeName":"Specified height level above ground", "surface1Value":10.0, "surface2Type":255, "surface2TypeName":"Missing", "surface2Value":0.0, "gridDefinitionTemplate":0, "gridDefinitionTemplateName":"Latitude_Longitude", "numberPoints":65160, "shape":6, "shapeName":"Earth spherical with radius of 6,371,229.0 m", "gridUnits":"degrees", "resolution":48, "winds":"true", "scanMode":0, "nx":360, "ny":181, "basicAngle":0, "lo1":0.0, "la1":90.0, "lo2":359.0, "la2":-90.0, "dx":1.0, "dy":1.0 }, "data":
[rows 150 to 174 of 181, columns 0 to 56 of 360]
-2.0088794,-2.1388793,-2.3188794,-2.4988794,-2.4988794,-2.7988794,-3.0188794,-3.1688795,-3.3288794,-3.4288795,-3.6688795,-3.6688795,-3.7288795,-3.6388793,-3.0588794,-2.6388793,-2.2088795,-1.3388793,-0.3288794,0.5411206,1.0211205,0.7911206,0.4211206,0.011120605,0.1811206,-0.1288794,-0.3188794,-0.3688794,-2.1388793,-4.8888793,-7.7288795,-7.9488792,-7.8988795,-8.528879,-8.318879,-7.9588795,-7.4388795,-6.8888793,-6.4488792,-6.0488796,-5.6388793,-5.0888796,-4.0888796,-4.1288795,-4.5488796,-4.4388795,-2.8488793,-1.4288794,0.22112061,1.6711206,2.6411207,3.5411205,4.1611204,4.6411204,4.8411207,4.971121,5.0811205
-2.4388795,-2.4788795,-2.6088793,-2.6688795,-2.7788794,-3.0288794,-3.2888794,-3.4588795,-3.8488793,-3.8688793,-3.8588793,-3.7588794,-3.5388794,-3.2288795,-2.8688793,-2.4288795,-1.9488794,-1.5388794,-1.0388794,-1.0488794,-0.6888794,0.4311206,2.3811207,2.1311207,1.9411206,1.3911206,-2.8588793,-4.6088796,-5.4488792,-5.7088795,-6.218879,-6.5188794,-6.5688796,-6.3988795,-6.1488795,-5.8088794,-5.4988794,-5.2688794,-4.988879,-4.7088795,-4.238879,-3.7788794,-3.4988794,-3.1888795,-2.6388793,-1.8388793,-0.9588794,0.09112061,1.3511206,2.1911206,2.6911206,3.0111206,3.1511207,3.3111205,3.2911205,3.1511207,2.8211205
-3.2088795,-3.0888793,-3.3088794,-3.3488793,-3.2288795,-3.2888794,-3.3588793,-3.4288795,-3.3888793,-3.3388793,-3.2588794,-3.1088793,-2.9288795,-2.6988795,-2.4888794,-2.2888794,-2.0588794,-1.8288794,-1.5688794,-1.2188793,-0.9288794,-0.5788794,-0.4788794,0.1311206,1.2111206,-2.8188794,-2.7988794,-3.6288793,-4.1188793,-4.3688793,-4.9788795,-5.4188795,-5.5688796,-5.488879,-5.3088794,-4.988879,-4.6588793,-4.2688794,-3.7188795,-3.2588794,-2.8088794,-2.2288795,-1.6388794,-1.1488794,-0.6788794,-0.11887939,0.5611206,1.3111206,1.8411206,2.0811205,2.3911207,2.6111207,2.7711205,2.7711205,2.6111207,2.3311205,1.9811206
-3.1688795,-3.1388793,-3.1788795,-3.2288795,-3.2988794,-3.3188794,-3.2788794,-3.1588793,-3.0688794,-2.9488795,-2.7988794,-2.6788795,-2.4988794,-2.3088794,-2.1788795,-2.0488794,-1.8888794,-1.7388794,-1.6688794,-1.5188794,-1.4988794,-1.6188794,-1.9588794,-2.6988795,-3.2688794,-3.9688795,-4.6888795,-4.8588796,-4.9388795,-5.1088796,-5.2988796,-5.5988793,-5.5588794,-5.1688795,-4.9288793,-4.4788795,-3.8788793,-3.1988795,-2.5788794,-1.9788795,-1.3488793,-0.7488794,-0.26887938,0.14112061,0.5211206,0.9511206,1.4111207,1.7611206,2.0411205,2.3811207,2.6211207,2.7811205,2.9011207,2.9811206,2.8611207,2.2911205,1.8811206
-3.0588794,-2.9988794,-2.8988793,-2.8088794,-2.7088795,-2.5988793,-2.5288794,-2.4688795,-2.2788794,-2.0688794,-1.9088794,-1.7788794,-1.6988794,-1.6588794,-1.6188794,-1.6388794,-1.6488794,-1.6388794,-1.7288795,-1.9288794,-2.0588794,-2.2988794,-2.6788795,-3.1288793,-3.4688795,-3.8988793,-4.468879,-5.0588794,-5.3988795,-5.5688796,-5.5388794,-5.3488793,-4.8288794,-4.3588796,-4.008879,-3.5888793,-2.9988794,-2.3388793,-1.6288794,-0.8988794,-0.29887938,0.101120606,0.4311206,0.7611206,1.0711206,1.4111207,1.8011206,2.1611207,2.5311205,2.8611207,3.0211205,3.1311207,3.1811206,2.9211206,2.2111206,1.6211206,1.4211206
-2.2488794,-2.0288794,-1.8288794,-1.5988793,-1.4188794,-1.2388794,-1.1088794,-1.0788794,-1.0688794,-1.0588794,-1.0988793,-1.0788794,-1.0588794,-1.1588794,-1.2788794,-1.4288794,-1.5688794,-1.7488794,-1.9788795,-2.2588794,-2.5288794,-2.7988794,-3.1188793,-3.4488795,-3.6988795,-3.9288795,-4.1688795,-4.3388796,-4.4088793,-4.4488792,-4.4088793,-4.2688794,-4.0688796,-3.7688794,-3.3288794,-2.7488794,-2.1188793,-1.4988794,-0.9088794,-0.4088794,-0.058879394,0.2811206,0.6411206,1.0211205,1.4011207,1.8211206,2.1311207,2.4811206,2.8111205,2.9711206,3.1511207,2.9611206,2.2311206,1.5011206,1.4411206,1.2711205,0.9011206
-0.8588794,-0.4188794,-0.038879395,0.2311206,0.3111206,0.1311206,-0.19887939,-0.45887938,-0.6088794,-0.8988794,-1.2688794,-1.3188794,-1.4088794,-1.7888794,-2.0788794,-2.2188795,-2.2688794,-2.3288794,-2.4088793,-2.5788794,-2.7688794,-2.9388795,-3.1088793,-3.3488793,-3.5688794,-3.6988795,-3.7588794,-3.7488794,-3.7488794,-3.7488794,-3.6588793,-3.4988794,-3.2188795,-2.8688793,-2.4688795,-2.0288794,-1.5988793,-1.1788794,-0.7788794,-0.4088794,-0.008879394,0.4111206,0.8511206,1.2111206,1.5311207,1.8711206,2.1911206,2.2311206,2.1211207,2.2211206,2.2311206,1.3211206,-0.6088794,-1.0488794,-2.2688794,-3.1888795,-2.5188794
0.6511206,1.0311207,1.2211206,1.0711206,0.6511206,0.021120606,-0.6488794,-1.0088794,-1.2588794,-1.6788794,-1.9788795,-2.1488793,-2.4488795,-2.6788795,-2.7088795,-2.6988795,-2.7488794,-2.8488793,-2.9888794,-3.1088793,-3.2488794,-3.3688793,-3.4288795,-3.4688795,-3.4688795,-3.4488795,-3.4288795,-3.3788793,-3.3388793,-3.2188795,-3.1088793,-2.9488795,-2.7288795,-2.4388795,-2.0988793,-1.7288795,-1.3488793,-0.9088794,-0.4088794,0.0011206055,0.3611206,0.6411206,0.87112063,0.8511206,0.4311206,0.4711206,0.9511206,1.4411206,1.4911206,1.2411206,-0.07887939,-3.4388795,-4.1188793,-6.8788795,-6.1788793,0.4911206,3.8911207
1.4911206,1.2411206,0.7511206,0.0811206,-0.9288794,-1.7088794,-1.7388794,-1.6388794,-1.7488794,-1.8988794,-1.9488794,-2.0488794,-2.3188794,-2.4988794,-2.6288793,-2.6988795,-2.8188794,-2.9288795,-3.0088794,-3.0488794,-3.0688794,-3.1288793,-3.1588793,-3.1088793,-3.0388794,-2.9388795,-2.8088794,-2.6588793,-2.4788795,-2.2388794,-2.0288794,-1.8788794,-1.5888793,-1.0788794,-0.7788794,-0.6188794,-0.4788794,-0.26887938,-0.108879395,-0.1488794,-0.018879395,0.3911206,0.1811206,-2.8588793,-4.2888794,-5.7488794,-4.8988795,-5.7488794,-1.2788794,-6.508879,-8.398879,-7.7088795,-6.4288793,-7.0788794,-4.8688793,-1.0388794,-2.2988794
-0.26887938,-0.6088794,-0.9988794,-1.5188794,-1.7488794,-1.6088794,-1.3788794,-1.1188794,-0.8388794,-0.5988794,-0.42887938,-0.29887938,-0.6588794,-1.3988794,-1.6388794,-1.6388794,-1.8388793,-1.9188794,-2.0188794,-2.1788795,-2.2388794,-2.2188795,-2.1488793,-2.0588794,-1.9888794,-1.8888794,-1.7188793,-1.4688793,-1.3188794,-1.2788794,-1.1888794,-0.8888794,-0.8588794,-5.1988792,-2.9188795,-2.0288794,-1.5588794,-1.2288795,-1.7288795,-1.7388794,-5.0188794,-7.4188795,-7.6288795,-7.3188796,-7.3188796,-7.1888795,-6.9488792,-4.968879,-4.718879,-6.0488796,-6.4788795,-7.1688795,-7.4088793,-6.988879,-4.8688793,-4.6788793,-5.0688796
-1.0888793,-1.6988794,-1.9888794,-2.1988795,-2.4388795,-2.6188793,-2.7288795,-2.5688794,-2.6088793,-2.5088794,-2.6188793,-2.6788795,-2.8888793,-3.2888794,-2.7488794,-2.9188795,-3.0888793,-2.4088793,-2.8188794,-2.9188795,-2.5988793,-2.1288793,-2.0288794,-1.6488794,-1.4488794,-1.5688794,-2.0488794,-2.1688795,-1.5188794,-0.5988794,-0.1888794,-1.6088794,-2.3588793,-5.0388794,-9.59888,-6.8388796,-7.1888795,-4.3688793,-1.3888794,-4.218879,-7.3388796,-7.5788794,-7.0388794,-7.4288793,-7.4588795,-7.1688795,-6.968879,-6.4788795,-5.6788793,-6.1388793,-6.6888795,-6.988879,-6.758879,-6.488879,-6.2088795,-5.4388795,-4.7888794
-0.2388794,-0.2388794,-0.7688794,-0.7388794,-0.068879396,0.051120605,0.09112061,-0.7688794,-2.7188795,-2.6288793,-2.2088795,-2.2988794,-1.1488794,-2.1288793,-3.4088793,-3.5688794,-3.9888794,-4.8588796,-4.9388795,-3.7088795,-4.0188794,-4.5588794,-4.3688793,-3.9488795,-4.2288795,-3.3788793,-3.4988794,-5.2488794,-6.3388796,-7.1388793,-7.5188794,-7.2488794,-7.5788794,-8.068879,-8.05888,-8.358879,-9.00888,-8.018879,-6.4088793,-6.6788793,-7.988879,-8.488879,-8.33888,-8.518879,-8.55888,-7.988879,-7.5188794,-7.4588795,-7.1488795,-6.9388795,-7.1088796,-6.8388796,-6.1888795,-5.4288793,-4.8788795,-3.9888794,-2.1988795
-1.6788794,-0.29887938,-0.3288794,-1.6188794,-2.3588793,-3.2388794,-3.7288795,-2.2888794,-2.5988793,-4.5988793,-3.6788795,-4.0688796,-5.3088794,-3.5088794,-3.2188795,-3.2488794,-5.3688793,-5.1488795,-3.2988794,-2.6988795,-2.6988795,-2.6088793,-2.4288795,-1.5288794,-1.9288794,-3.3788793,-3.6188793,-5.8288794,-8.158879,-7.6688795,-6.9988794,-7.528879,-7.5188794,-7.8888793,-8.398879,-10.618879,-11.818879,-9.12888,-8.028879,-8.08888,-8.208879,-8.42888,-8.608879,-8.828879,-8.67888,-8.188879,-7.5888796,-7.3688793,-7.238879,-6.8888793,-6.8288794,-5.8788795,-4.5688796,-2.8788793,-1.1388794,0.4311206,1.8211206
-4.6088796,-5.2488794,-5.6088796,-6.0388794,-5.988879,-6.1188793,-6.3188796,-5.778879,-5.2988796,-5.1788793,-5.3888793,-5.778879,-6.1388793,-5.8688793,-4.968879,-4.1788793,-4.5388794,-5.1788793,-5.8788795,-6.3288794,-6.8188796,-7.4388795,-8.158879,-8.84888,-10.908879,-11.658879,-6.8588796,-3.1988795,-4.218879,-5.3888793,-6.5188794,-8.34888,-8.37888,-7.5688796,-8.578879,-10.55888,-10.75888,-9.50888,-8.50888,-7.9988794,-8.198879,-8.4188795,-8.478879,-7.9088793,-7.2688794,-6.8788795,-6.528879,-6.4288793,-6.0488796,-5.3888793,-4.4188795,-2.9888794,-1.3888794,-0.018879395,1.0611206,2.1011207,2.9911206
-4.1188793,-5.2688794,-6.0388794,-6.2288795,-6.238879,-6.238879,-6.0388794,-5.8388796,-5.8288794,-5.8288794,-5.718879,-5.6188793,-5.6688795,-5.5988793,-5.4288793,-5.3388796,-5.4788795,-5.8388796,-6.1188793,-6.5188794,-6.7988796,-6.9588795,-7.2088795,-7.5388794,-7.6788793,-7.2288795,-6.218879,-5.6588793,-5.7688794,-5.8388796,-5.8688793,-6.6988792,-8.00888,-8.30888,-8.05888,-8.528879,-8.79888,-8.868879,-8.658879,-8.04888,-7.4188795,-6.8488793,-6.4788795,-6.1688795,-5.7988796,-5.1988792,-4.7688794,-4.4088793,-3.9488795,-3.1788795,-2.2588794,-1.1988794,-0.1888794,0.6511206,1.3611206,2.0111206,2.7911205
-5.0388794,-5.1388793,-5.278879,-5.4188795,-5.5588794,-5.6388793,-5.5588794,-5.508879,-5.488879,-5.5488796,-5.508879,-5.3988795,-5.3288794,-5.3288794,-5.3888793,-5.4788795,-5.6488795,-5.778879,-5.8488793,-5.8688793,-5.9488792,-6.1488795,-6.3188796,-6.3688793,-6.2688794,-6.1088796,-5.9988794,-6.0588794,-6.1688795,-6.1988792,-6.2988796,-6.4088793,-6.6388793,-6.9088793,-7.0988793,-7.1788793,-7.4188795,-7.468879,-7.0788794,-6.4288793,-5.8388796,-5.3988795,-4.9788795,-4.6288795,-4.2988796,-3.9288795,-3.4988794,-3.0488794,-2.4488795,-1.8488793,-1.4188794,-0.7288794,-0.108879395,0.5311206,0.7111206,0.6311206,1.0111206
-4.6188793,-4.7088795,-4.718879,-4.8088794,-4.9188795,-5.008879,-5.028879,-4.988879,-4.9388795,-4.9388795,-4.968879,-5.0188794,-4.8488793,-4.718879,-4.7888794,-4.8988795,-4.988879,-4.9588795,-4.8588796,-4.9188795,-5.0188794,-5.1388793,-5.2488794,-5.3788795,-5.5788794,-5.7088795,-5.738879,-5.8088794,-5.8488793,-5.8188796,-5.7888794,-5.7488794,-5.6988792,-5.6788793,-5.718879,-5.8388796,-5.8988795,-5.718879,-5.4088793,-5.0188794,-4.7288795,-4.5188794,-4.0788794,-3.5988793,-3.2988794,-2.9388795,-2.5388794,-2.2488794,-1.9788795,-1.6788794,-1.3988794,-1.0388794,-1.1988794,-1.5588794,-1.3988794,-1.4488794,-1.7188793
-4.3988795,-4.3088794,-4.3688793,-4.3688793,-4.258879,-4.278879,-4.4788795,-4.6388793,-4.5788794,-4.468879,-4.5688796,-4.7888794,-4.8188796,-4.6088796,-4.528879,-4.6288795,-4.6088796,-4.528879,-4.4488792,-4.3988795,-4.3988795,-4.4388795,-4.468879,-4.4088793,-4.3188796,-4.258879,-4.2988796,-4.4988794,-4.738879,-4.8388796,-4.758879,-4.6488795,-4.5888796,-4.5888796,-4.6488795,-4.7088795,-4.758879,-4.738879,-4.6288795,-4.4788795,-4.238879,-3.8188794,-3.2988794,-2.9388795,-2.7788794,-2.5388794,-2.2688794,-2.1288793,-2.0988793,-2.1688795,-2.2788794,-2.3288794,-2.3588793,-2.3988793,-2.3988793,-2.6088793,-2.8888793
-4.8988795,-4.7988796,-4.6088796,-4.5388794,-4.6688795,-4.6288795,-4.5188794,-4.5488796,-4.6288795,-4.7088795,-4.7488794,-4.718879,-4.6688795,-4.6488795,-4.5688796,-4.4988794,-4.5388794,-4.508879,-4.3488793,-4.3488793,-4.4188795,-4.3688793,-4.3388796,-4.3488793,-4.3588796,-4.3488793,-4.3288794,-4.4088793,-4.3588796,-4.2888794,-4.4388795,-4.3988795,-4.1488795,-4.0788794,-4.1188793,-4.0988793,-4.0488796,-4.028879,-4.008879,-3.9788795,-3.9388795,-3.7988794,-3.4688795,-3.1588793,-3.0588794,-2.9888794,-2.9488795,-3.0288794,-3.1188793,-3.0088794,-2.8588793,-2.9388795,-3.1288793,-3.2088795,-3.3288794,-3.5788794,-3.7788794
-5.028879,-5.0788794,-5.0788794,-5.0888796,-5.1488795,-5.1588793,-5.1688795,-5.1088796,-4.9388795,-4.8988795,-4.9788795,-4.9588795,-4.7988796,-4.6488795,-4.5988793,-4.5188794,-4.4188795,-4.3888793,-4.508879,-4.6388793,-4.6188793,-4.5188794,-4.4288793,-4.4488792,-4.5688796,-4.6488795,-4.5888796,-4.5188794,-4.488879,-4.488879,-4.4788795,-4.4188795,-4.3288794,-4.1788793,-4.028879,-4.008879,-4.0688796,-4.0588794,-3.9888794,-3.9688795,-4.0188794,-4.0688796,-4.1488795,-4.2288795,-4.258879,-4.1888795,-4.0688796,-3.9688795,-3.9088793,-3.8688793,-3.9388795,-4.0588794,-4.1588793,-4.238879,-4.2988796,-4.4088793,-4.5788794
-5.2088795,-5.3288794,-5.4588795,-5.4488792,-5.3388796,-5.2088795,-5.0588794,-4.9488792,-4.9288793,-4.8788795,-4.7288795,-4.5388794,-4.3788795,-4.3188796,-4.3588796,-4.4288793,-4.468879,-4.4588795,-4.4488792,-4.4788795,-4.528879,-4.5688796,-4.5988793,-4.6188793,-4.6288795,-4.5988793,-4.528879,-4.488879,-4.4988794,-4.4788795,-4.3788795,-4.2888794,-4.2488794,-4.238879,-4.2288795,-4.1588793,-4.0488796,-4.008879,-4.008879,-4.0188794,-4.0688796,-4.2088795,-4.3988795,-4.5988793,-4.8088794,-4.9788795,-5.0888796,-5.0888796,-5.0188794,-4.9788795,-5.0188794,-5.0788794,-5.1288795,-5.1688795,-5.1888795,-5.2488794,-5.3988795
-5.6688795,-5.8388796,-5.8588796,-5.778879,-5.6688795,-5.5188794,-5.2888794,-4.9788795,-4.6588793,-4.4188795,-4.2888794,-4.2088795,-4.0888796,-3.9488795,-3.8788793,-3.8588793,-3.8288794,-3.8088794,-3.7688794,-3.7188795,-3.6788795,-3.7288795,-3.8688793,-3.9488795,-3.9188795,-3.8388793,-3.8188794,-3.8088794,-3.7988794,-3.8388793,-3.8988793,-3.8588793,-3.7788794,-3.8688793,-4.0788794,-4.2288795,-4.278879,-4.3388796,-4.4488792,-4.528879,-4.5388794,-4.5388794,-4.5988793,-4.7688794,-4.9988794,-5.1688795,-5.238879,-5.3388796,-5.4588795,-5.5688796,-5.5988793,-5.5888796,-5.5688796,-5.5788794,-5.6188793,-5.6888795,-5.758879
-7.4988794,-7.5688796,-7.3988795,-7.258879,-7.2888794,-7.3488793,-7.2088795,-6.8988795,-6.5188794,-6.2288795,-6.008879,-5.8388796,-5.6888795,-5.5388794,-5.3488793,-5.0888796,-4.8088794,-4.5788794,-4.3788795,-4.1688795,-3.9388795,-3.7488794,-3.7188795,-3.8588793,-4.0788794,-4.2088795,-4.1788793,-4.028879,-3.8588793,-3.7588794,-3.7788794,-3.9688795,-4.2088795,-4.3788795,-4.4188795,-4.4288793,-4.528879,-4.7988796,-5.1188793,-5.2988796,-5.218879,-4.968879,-4.758879,-4.7488794,-4.9088793,-5.1588793,-5.3588796,-5.4788795,-5.528879,-5.5488796,-5.5788794,-5.5988793,-5.5588794,-5.468879,-5.3788795,-5.3388796,-5.3688793
-7.5788794,-7.5488796,-7.4288793,-7.238879,-7.0488796,-6.8388796,-6.6488795,-6.4188795,-6.2488794,-6.0688796,-5.8788795,-5.6988792,-5.5388794,-5.4188795,-5.3488793,-5.2988796,-5.278879,-5.238879,-5.1888795,-5.1288795,-5.1188793,-5.1388793,-5.1588793,-5.1388793,-5.1088796,-5.1388793,-5.278879,-5.4588795,-5.6388793,-5.7488794,-5.7488794,-5.6888795,-5.5888796,-5.4988794,-5.4488792,-5.4988794,-5.6588793,-5.9188795,-6.1788793,-6.3088794,-6.238879,-5.988879,-5.6388793,-5.2888794,-5.0188794,-4.8188796,-4.7088795,-4.6588793,-4.6488795,-4.6588793,-4.6388793,-4.5888796,-4.4988794,-4.3988795,-4.278879,-4.1788793,-4.0888796
-6.2988796,-6.2888794,-6.2688794,-6.1988792,-6.0788794,-5.9288793,-5.7488794,-5.5888796,-5.4288793,-5.3088794,-5.2088795,-5.1288795,-5.0688796,-4.988879,-4.9088793,-4.8188796,-4.738879,-4.6788793,-4.6588793,-4.6588793,-4.6888795,-4.7288795,-4.7688794,-4.7988796,-4.7988796,-4.8288794,-4.8988795,-5.028879,-5.2288795,-5.3988795,-5.468879,-5.3888793,-5.238879,-5.1088796,-5.0588794,-5.1488795,-5.3288794,-5.5388794,-5.738879,-5.8588796,-5.8488793,-5.6788793,-5.3488793,-4.9188795,-4.4588795,-4.0588794,-3.7188795,-3.4588795,-3.2488794,-3.0688794,-2.8888793,-2.7188795,-2.5488794,-2.3888793,-2.2188795,-2.0488794,-1.8588794
