raw-data/2018100700.json
{"header": { "discipline":0, "disciplineName":"Meteorological products", "gribEdition":2, "gribLength":74699, "center":7, "centerName":"US National Weather Service - NCEP(WMC)", "subcenter":0, "refTime":"2018-10-07T00:00:00.000Z", "significanceOfRT":1, "significanceOfRTName":"Start of forecast", "productStatus":0, "productStatusName":"Operational products", "productType":1, "productTypeName":"Forecast products", "productDefinitionTemplate":0, "productDefinitionTemplateName":"Analysis/forecast at horizontal level/layer at a point in time", "parameterCategory":2, "parameterCategoryName":"Momentum", "parameterNumber":2, "parameterNumberName":"U-component_of_wind", "parameterUnit":"m.s-1", "genProcessType":2, "genProcessTypeName":"Forecast", "forecastTime":0, "surface1Type":103, "surface1TypeName":"Specified height level above ground", "surface1Value":10.0, "surface2Type":255, "surface2TypeName":"Missing", "surface2Value":0.0, "gridDefinitionTemplate":0, "gridDefinitionTemplateName":"Latitude_Longitude", "numberPoints":65160, "shape":6, "shapeName":"Earth spherical with radius of 6,371,229.0 m", "gridUnits":"degrees", "resolution":48, "winds":"true", "scanMode":0, "nx":360, "ny":181, "basicAngle":0, "lo1":0.0, "la1":90.0, "lo2":359.0, "la2":-90.0, "dx":1.0, "dy":1.0 }, "data":
[rows 78 to 103 of 181, columns 116 to 173 of 360]
-2.910315,-3.440315,-3.6203148,-2.320315,-1.210315,-4.410315,-4.310315,-4.900315,-3.530315,-1.3203149,-5.050315,-4.510315,-3.390315,-3.1203148,-2.490315,-1.380315,-1.610315,-1.2703149,-1.230315,-0.57031494,-0.58031493,-0.70031494,-0.74031496,-0.5403149,-2.8503149,-1.500315,-2.260315,-1.2703149,-1.000315,-0.27031493,1.169685,1.769685,-0.100314945,-1.250315,-1.8103149,-2.440315,-2.740315,-3.1103148,-2.8703148,-2.780315,-2.430315,-1.970315,-1.9303149,-3.500315,-2.8803148,-2.3603148,-2.160315,-1.000315,0.97968507,2.289685,2.979685,3.1396852,3.6496851,4.049685,3.499685,3.3996851,2.9096851,2.699685
-4.330315,-4.630315,-4.300315,-3.440315,-2.700315,-2.540315,-0.56031495,-0.62031496,-1.230315,-2.400315,-4.4603148,-4.060315,-3.320315,-3.240315,-2.680315,-2.550315,-2.530315,-2.040315,-1.580315,-1.850315,-1.840315,-0.9003149,-1.090315,-1.090315,-1.630315,-1.080315,-1.700315,-1.350315,-0.75031495,0.21968506,1.269685,1.9396851,2.839685,1.119685,-2.470315,-2.8303149,-2.3703148,-2.280315,-1.7703149,-2.720315,-2.910315,1.8096851,1.2196851,0.79968506,0.66968507,0.88968503,-0.58031493,-1.1703149,-0.30031493,1.379685,2.509685,2.939685,4.079685,4.2696853,4.369685,4.339685,4.009685,3.749685
-4.120315,-4.440315,-4.270315,-1.0403149,-2.390315,-2.740315,-3.950315,-1.6903149,-1.360315,-4.350315,-2.560315,-2.460315,-3.720315,-3.300315,-3.220315,-2.800315,-3.510315,-2.490315,-2.310315,-2.570315,-1.9003149,-1.5203149,-2.010315,0.68968505,-0.89031494,-0.58031493,0.35968506,0.07968506,-0.57031494,0.63968503,0.94968504,1.489685,2.839685,3.1196852,0.46968505,-1.460315,-2.500315,-1.5303149,-0.5303149,-1.4103149,-0.45031494,1.629685,1.5896851,1.409685,1.0696851,2.209685,1.8296851,2.599685,1.539685,2.279685,2.769685,2.839685,3.849685,4.379685,4.819685,4.929685,4.299685,5.059685
-4.410315,-1.6503149,-2.180315,-3.240315,-2.6003149,-2.820315,-2.780315,-3.270315,-2.800315,-2.310315,-0.82031494,-1.830315,-2.900315,-3.3803148,-3.310315,-2.810315,-3.300315,-3.030315,-2.890315,-1.760315,-2.190315,-2.210315,-1.8103149,-0.9003149,-0.61031497,-0.25031495,-0.45031494,1.0896851,-0.040314943,0.5896851,1.249685,2.099685,2.719685,3.499685,2.519685,-2.020315,-1.3903149,-0.9103149,-0.24031495,1.279685,2.249685,2.229685,2.239685,2.739685,3.079685,3.019685,3.6296852,2.609685,2.9196851,2.539685,3.069685,4.5196853,5.079685,4.559685,5.149685,5.079685,4.989685,5.189685
-6.190315,-5.680315,-5.050315,-4.060315,-3.310315,-2.480315,-2.760315,-0.19031495,0.22968505,-1.3903149,0.21968506,-0.7103149,-1.9203149,-3.010315,-2.8403149,-3.050315,-3.500315,-2.990315,-2.070315,-2.230315,-1.130315,-0.5903149,0.29968506,-1.0703149,-0.26031494,-0.27031493,0.8996851,-0.010314941,-0.50031495,-0.22031493,0.93968505,1.7296851,2.189685,2.949685,3.3696852,2.749685,1.029685,-0.50031495,-0.98031497,0.22968505,1.9796851,3.039685,3.349685,3.059685,3.8796852,3.729685,3.179685,3.279685,2.189685,3.229685,3.719685,3.939685,4.509685,4.229685,4.5196853,4.739685,4.839685,4.359685
-8.510315,-4.190315,-4.880315,-4.4603148,-3.420315,-1.590315,-0.13031495,0.85968506,-1.0703149,1.159685,0.98968506,-1.330315,-1.740315,-3.3503149,-2.680315,-2.710315,-2.500315,-2.540315,-2.3603148,-1.9203149,-1.380315,-1.250315,-1.0403149,-1.260315,-0.39031494,0.49968505,0.12968506,-0.32031494,-0.67031497,-0.100314945,0.25968507,1.3096851,1.6096851,2.229685,2.849685,3.1196852,2.6496851,2.809685,3.4096851,3.3796852,3.6196852,3.529685,3.499685,3.339685,3.1696851,3.4096851,2.779685,2.8896852,2.6696851,2.589685,3.029685,3.449685,3.929685,4.139685,3.789685,3.6396852,2.959685,2.689685
0.35968506,0.15968506,0.32968506,-3.490315,-2.910315,-1.4003149,-1.480315,-2.240315,-1.480315,-1.4103149,-0.17031494,-2.720315,-2.1303148,-2.8403149,-2.5803149,-2.280315,-1.6903149,-0.9103149,-1.750315,-0.61031497,-1.500315,-1.5303149,-1.0203149,-1.3203149,-0.57031494,0.24968506,-0.34031495,-0.5903149,-1.220315,-0.6603149,0.39968506,0.74968505,1.239685,1.649685,2.079685,2.519685,2.6196852,3.299685,3.229685,3.6696851,3.799685,3.799685,3.009685,2.969685,2.739685,2.749685,2.779685,2.219685,2.059685,2.519685,3.299685,2.799685,3.4196851,2.8996851,3.059685,2.489685,2.289685,2.1396852
-1.210315,0.09968506,-0.67031497,-2.420315,-2.960315,-3.3603148,-3.440315,-3.450315,-4.9603148,-4.780315,-3.910315,-3.040315,-2.190315,-2.230315,-2.010315,-1.610315,-0.87031496,-0.14031494,-0.060314942,-0.9003149,-0.67031497,-1.880315,-0.7103149,-1.1803149,-0.87031496,-0.33031493,1.7296851,-0.94031495,-1.0603149,-0.68031496,-0.16031495,0.28968507,0.74968505,1.3096851,1.7196851,2.1396852,2.3796852,3.039685,3.269685,3.839685,3.729685,3.679685,2.1596851,2.489685,2.019685,2.099685,2.229685,1.159685,1.2196851,1.7096851,2.839685,2.6196852,1.889685,1.8196851,1.4796851,1.4296851,0.5896851,0.82968503
-0.93031496,0.27968505,-1.590315,-3.8403149,-3.650315,-4.2103148,-4.660315,-4.510315,-4.380315,-4.220315,-3.480315,-3.030315,-1.5203149,-1.7903149,-1.250315,-1.5403149,-0.52031493,-0.6503149,-0.35031494,-0.48031494,-0.5903149,-1.1503149,-0.23031494,-0.93031496,-0.86031497,-0.25031495,1.139685,-0.81031495,-0.41031495,-0.6603149,-0.5403149,0.21968506,0.61968505,0.9696851,1.299685,1.519685,1.789685,2.359685,2.8896852,3.509685,3.209685,2.439685,1.999685,2.249685,1.639685,1.4296851,0.98968506,0.85968506,0.9596851,1.5596851,1.759685,1.5596851,1.2296851,0.41968507,0.33968505,-0.18031494,-0.100314945,-0.16031495
-0.34031495,0.48968506,-1.3103149,-4.800315,-4.920315,-5.110315,-4.610315,-4.690315,-4.850315,-4.580315,-3.5903149,-2.820315,-1.870315,-0.7103149,0.60968506,0.6496851,-0.93031496,-0.58031493,-0.28031495,-0.05031494,-0.27031493,-1.370315,-0.58031493,-0.21031494,-0.44031495,0.109685056,-0.45031494,-0.17031494,0.26968506,1.0996851,-0.19031495,0.19968505,-3.149414E-4,0.6596851,0.8996851,0.9696851,1.409685,2.029685,2.959685,3.329685,2.479685,1.9796851,1.989685,1.769685,1.1896851,0.5296851,0.82968503,0.9096851,1.2296851,1.509685,1.019685,0.7096851,0.22968505,-3.149414E-4,-0.55031496,-0.58031493,-0.93031496,-1.100315
-0.70031494,0.06968506,1.769685,-4.840315,-5.370315,-4.690315,-4.010315,-4.430315,-5.050315,-4.430315,-3.170315,-2.260315,-1.110315,0.7096851,1.139685,1.549685,0.8496851,0.99968505,-0.70031494,-0.36031494,1.009685,-0.5403149,-0.41031495,-0.05031494,-0.11031494,0.54968506,0.09968506,0.47968507,0.73968506,0.66968507,0.7196851,1.289685,-0.77031493,0.79968506,0.18968506,0.7896851,1.119685,2.239685,2.929685,2.939685,2.3696852,1.8296851,0.20968506,1.1996851,0.98968506,0.55968505,0.92968506,1.129685,1.919685,1.0596851,0.45968506,-0.17031494,-0.6503149,-1.0203149,-0.87031496,-0.93031496,-1.500315,-1.8903149
-0.6503149,-0.43031493,-0.21031494,-1.0403149,-2.970315,-0.75031495,-0.83031493,0.87968504,0.54968506,0.12968506,-1.380315,-1.580315,-0.56031495,0.6596851,1.3096851,1.8596851,1.5796851,1.8196851,2.249685,0.56968504,2.189685,0.029685058,0.99968505,0.85968506,0.9696851,1.129685,0.81968504,1.0696851,0.87968504,0.5896851,0.86968505,0.57968503,-0.5303149,1.0596851,0.31968507,0.03968506,0.57968503,1.9696851,3.039685,2.329685,1.389685,1.369685,0.94968504,1.259685,0.98968506,0.8496851,1.1796851,1.4496851,1.7096851,0.88968503,0.55968505,-0.32031494,-0.61031497,-1.1803149,-1.000315,-1.3203149,-2.020315,-2.710315
-0.63031495,-0.24031495,-1.350315,-2.240315,-2.500315,-6.240315,-5.240315,-3.810315,-1.630315,-2.230315,-2.440315,-2.900315,-1.6503149,-0.5903149,0.68968505,1.049685,2.029685,2.999685,3.279685,2.719685,2.239685,1.4296851,1.279685,1.419685,1.769685,1.4396851,1.5796851,1.4696851,1.039685,0.87968504,1.5796851,0.61968505,-0.87031496,-0.28031495,-0.32031494,0.07968506,-0.13031495,1.8396851,2.3696852,2.1496851,1.1096851,0.55968505,1.019685,1.3296851,1.2196851,1.279685,1.3096851,1.369685,1.5696851,1.009685,0.31968507,-0.61031497,-1.500315,-1.460315,-2.020315,-2.280315,-2.530315,-3.400315
-1.230315,0.29968506,-0.23031494,-0.09031494,-0.5903149,2.559685,-0.05031494,0.81968504,-0.45031494,-2.700315,-2.210315,-2.8403149,-1.8903149,-1.730315,-1.5703149,0.049685057,-0.12031494,0.66968507,-0.70031494,3.1296852,0.72968507,1.919685,1.3196851,1.919685,2.469685,1.489685,1.6796851,1.649685,-0.14031494,-0.80031496,-0.38031495,-2.150315,-2.3403149,-2.790315,-2.070315,-1.880315,-0.5303149,0.79968506,1.499685,1.1996851,-0.14031494,0.15968506,0.86968505,1.399685,1.519685,1.6996851,1.4796851,1.9596851,1.509685,1.4296851,0.56968504,-0.040314943,-1.510315,-1.8203149,-1.960315,-1.980315,-3.270315,-3.750315
-0.9603149,0.08968506,0.97968507,-1.710315,-0.89031494,-0.47031495,1.6996851,-0.50031495,-1.260315,-1.5503149,-3.010315,-2.440315,-1.4103149,-0.8503149,-0.51031494,-2.550315,-1.610315,0.72968507,1.409685,3.059685,-0.95031494,-0.08031494,0.51968503,1.4396851,3.1496851,1.1096851,1.4796851,0.36968505,-1.010315,-3.0803149,-3.810315,-2.730315,-4.010315,-3.490315,-4.160315,-3.410315,-4.380315,-2.000315,-2.240315,-1.5303149,-0.37031496,0.69968504,1.409685,1.7096851,1.8196851,1.4696851,1.6996851,1.669685,1.5596851,1.289685,0.60968506,-0.21031494,-0.9003149,-1.9003149,-1.990315,-1.580315,-1.980315,-4.310315
0.43968505,-0.42031494,-1.1703149,0.55968505,-1.470315,1.549685,-0.29031494,-2.6103148,-3.8803148,-2.650315,0.29968506,-3.140315,-1.350315,0.029685058,-0.05031494,-1.230315,-0.89031494,-0.61031497,-0.28031495,0.19968505,-0.56031495,-0.70031494,0.45968506,0.91968507,-0.040314943,0.09968506,-0.40031493,-1.6503149,-2.8803148,-4.820315,-5.660315,-5.720315,-3.750315,-2.250315,-1.700315,-2.740315,-2.450315,-3.140315,-2.740315,-2.470315,-1.7903149,-0.8403149,0.81968504,2.189685,2.229685,1.7196851,1.889685,1.6996851,1.239685,0.88968503,0.049685057,0.27968505,-1.200315,-1.6403149,-1.990315,-2.750315,-2.560315,-4.050315
-3.220315,-1.220315,-6.430315,-7.560315,-2.280315,-1.1703149,-1.330315,-2.640315,-5.310315,-6.140315,-6.4803147,-4.160315,-4.010315,-2.8403149,-1.750315,-0.33031493,-1.0403149,-1.730315,-3.220315,0.54968506,-0.49031493,0.05968506,-0.33031493,-0.87031496,-0.8503149,-0.16031495,0.19968505,-1.0303149,-0.62031496,-4.900315,-7.010315,-5.870315,-4.740315,-2.140315,-1.0303149,-0.070314944,-5.0003147,-2.890315,-1.1603149,-3.0803149,-2.060315,-2.670315,-1.2803149,-0.09031494,0.30968505,1.0996851,1.0896851,1.3296851,0.61968505,0.62968504,0.93968505,-0.38031495,-1.200315,-1.480315,-1.8903149,-2.790315,-3.410315,-4.020315
-6.510315,-6.610315,-4.150315,-2.010315,-2.680315,-5.4603148,-4.320315,-3.980315,-5.7503147,-5.9803147,-5.590315,-4.680315,-4.010315,-3.180315,-2.470315,-1.3203149,-2.450315,-2.210315,-2.390315,-3.440315,-2.460315,-1.2903149,-1.0303149,-0.7203149,0.85968506,-0.100314945,-0.23031494,0.60968506,-3.149414E-4,-0.9103149,-3.6003149,-8.180315,-4.390315,-3.150315,-1.630315,3.069685,-1.8103149,0.74968505,-1.0303149,-1.9303149,-2.660315,-3.3603148,-2.8403149,-1.260315,-1.0503149,-0.29031494,0.41968507,0.75968504,-0.20031494,-0.86031497,-1.120315,-1.8003149,-1.450315,-1.5603149,-1.6503149,-2.980315,-3.490315,-4.290315
-8.650315,-8.310315,-7.800315,-9.070315,-7.220315,-7.530315,-7.660315,-6.530315,-6.0003147,-5.560315,-5.200315,-4.560315,-3.480315,-2.440315,-2.770315,-2.710315,-3.310315,-3.220315,-2.400315,-4.610315,-5.260315,-5.160315,-3.820315,-1.9403149,-1.4303149,-0.81031495,0.26968506,0.88968503,-0.9103149,-0.30031493,-1.330315,-1.630315,-5.800315,-2.3303149,-1.0203149,-1.6603149,1.1796851,-0.9003149,-2.640315,-0.76031494,-2.3303149,-4.040315,-2.300315,-3.510315,-2.420315,-0.6003149,-0.38031495,0.36968505,-0.35031494,-2.970315,-1.1603149,-2.520315,-2.140315,-1.620315,-2.800315,-3.440315,-4.590315,-5.160315
-4.470315,-6.620315,-7.5003147,-6.470315,-5.490315,-5.860315,-5.570315,-4.780315,-4.140315,-4.610315,-5.800315,-4.720315,-3.480315,-3.410315,-2.980315,-1.840315,-3.180315,-2.980315,-4.2303147,-5.060315,-5.800315,-6.240315,-6.160315,-2.470315,-2.180315,-2.560315,-2.5803149,-2.150315,-1.0603149,-0.020314941,-1.370315,-1.830315,-0.9003149,-3.6203148,-3.950315,-2.930315,-2.160315,-1.470315,-2.710315,-3.8803148,-2.150315,-1.250315,-2.710315,-4.430315,-6.320315,-4.510315,-3.6303148,-3.520315,-2.750315,-0.7103149,-3.010315,-3.8303149,-3.6203148,-2.530315,-3.490315,-3.650315,-4.640315,-5.340315
-0.31031495,-3.550315,-2.550315,-3.570315,-1.460315,-2.3503149,-2.8703148,-0.9603149,-0.41031495,-3.930315,-3.200315,-3.760315,-3.430315,-3.500315,-2.5903149,-2.3803148,-2.270315,-3.420315,-4.350315,-5.530315,-5.950315,-5.970315,-3.220315,-3.460315,-3.050315,-2.990315,-2.890315,-3.190315,-5.860315,-3.060315,1.0796851,-0.16031495,-1.6603149,-2.570315,-4.280315,-3.960315,-3.3603148,-3.010315,-2.720315,-3.270315,-4.160315,-1.340315,-3.760315,-1.990315,-6.240315,-5.5003147,-4.180315,-2.820315,-2.820315,-1.470315,-2.8703148,-3.910315,-3.1103148,-2.640315,-2.560315,-3.8703148,-4.570315,-4.800315
-5.740315,-2.3603148,-2.6303148,-3.310315,-4.660315,-1.6803149,-0.45031494,2.359685,-0.070314944,0.88968503,-1.500315,-0.87031496,-2.140315,-2.560315,-2.690315,-2.8403149,-2.420315,-3.800315,-4.510315,-5.580315,-6.260315,-6.880315,-7.050315,-7.120315,-7.380315,-4.140315,-3.550315,-3.740315,-6.170315,-6.930315,-5.390315,1.369685,-0.62031496,-1.970315,-2.6103148,-4.320315,-3.820315,-3.790315,-3.450315,-3.990315,-3.490315,-3.980315,-4.900315,-3.3703148,-6.600315,-1.8203149,-4.150315,0.92968506,-4.380315,-2.480315,-3.040315,-4.110315,-2.3703148,-1.130315,-5.270315,-5.180315,-4.860315,-3.300315
-5.400315,-4.800315,-5.170315,-4.060315,-0.5303149,-1.330315,-1.830315,-2.650315,-2.900315,-0.63031495,-1.130315,-0.48031494,-1.1403149,-1.5703149,-2.460315,-2.990315,-3.190315,-3.990315,-4.7303147,-5.380315,-6.380315,-6.310315,-6.470315,-6.920315,-7.010315,-6.630315,-6.900315,-6.350315,-6.940315,-8.150315,-8.040315,-8.470315,-2.970315,-0.34031495,-4.130315,-2.030315,-4.340315,-4.9603148,-4.890315,-4.040315,-3.790315,-3.790315,-4.310315,-5.810315,-5.650315,-4.040315,-4.310315,-3.190315,-2.1203148,-2.440315,-4.120315,-2.820315,-2.040315,-4.220315,-5.180315,-4.300315,-3.180315,-3.970315
-4.760315,-4.660315,-4.2503147,-3.410315,-2.6003149,-2.6103148,-2.3803148,-2.180315,-2.020315,-0.51031494,0.66968507,0.39968506,-0.35031494,-1.510315,-2.3303149,-2.570315,-2.670315,-3.530315,-4.2503147,-4.9803147,-6.0003147,-5.860315,-5.360315,-5.350315,-6.2103148,-6.060315,-3.950315,-5.520315,-5.780315,-8.050315,-8.290315,-8.250315,-7.4803147,-6.330315,-5.9603148,-4.770315,-5.380315,-5.040315,-5.540315,-5.110315,-4.280315,-3.680315,-4.440315,-4.2303147,-4.970315,-6.200315,-5.560315,-5.290315,-2.670315,-2.8603148,-3.310315,-3.570315,-2.1303148,-4.600315,-4.970315,-4.910315,-2.560315,-3.950315
-4.100315,-3.890315,-3.540315,-2.570315,-2.180315,-2.660315,-1.720315,-0.80031496,0.67968506,1.3396851,1.519685,1.259685,1.269685,0.55968505,-1.210315,-2.270315,-1.8003149,-1.3903149,-2.710315,-3.570315,-4.830315,-4.950315,-4.300315,-3.650315,-3.480315,-4.770315,-2.970315,-4.290315,-5.310315,-6.740315,-7.640315,-7.680315,-7.470315,-6.900315,-6.190315,-5.650315,-5.660315,-5.9603148,-5.610315,-5.390315,-5.100315,-4.290315,-3.530315,-3.920315,-3.430315,-5.080315,-5.160315,-5.400315,-3.910315,-4.170315,-4.390315,-2.930315,-3.800315,-4.260315,-5.140315,-4.800315,-3.500315,-3.970315
-3.5803149,-2.900315,-2.3803148,-1.630315,-1.830315,-1.8103149,-1.0303149,-0.11031494,0.62968504,1.389685,2.259685,2.679685,2.449685,2.289685,2.289685,0.80968505,0.11968506,0.8396851,-1.600315,-1.500315,-2.920315,-3.470315,-3.180315,-2.440315,-2.8503149,-3.690315,-2.670315,-3.480315,-4.2103148,-5.560315,-6.910315,-6.780315,-6.930315,-7.020315,-6.580315,-6.030315,-5.830315,-5.650315,-5.520315,-5.360315,-5.130315,-4.690315,-3.570315,-3.320315,-2.740315,-3.5903149,-4.040315,-4.120315,-4.0003147,-4.420315,-4.870315,-4.410315,-4.510315,-4.360315,-4.450315,-5.080315,-4.690315,-4.490315
