raw-data/2018091518.json
{"header": { "discipline":0, "disciplineName":"Meteorological products", "gribEdition":2, "gribLength":74300, "center":7, "centerName":"US National Weather Service - NCEP(WMC)", "subcenter":0, "refTime":"2018-09-15T18:00:00.000Z", "significanceOfRT":1, "significanceOfRTName":"Start of forecast", "productStatus":0, "productStatusName":"Operational products", "productType":1, "productTypeName":"Forecast products", "productDefinitionTemplate":0, "productDefinitionTemplateName":"Analysis/forecast at horizontal level/layer at a point in time", "parameterCategory":2, "parameterCategoryName":"Momentum", "parameterNumber":2, "parameterNumberName":"U-component_of_wind", "parameterUnit":"m.s-1", "genProcessType":2, "genProcessTypeName":"Forecast", "forecastTime":0, "surface1Type":103, "surface1TypeName":"Specified height level above ground", "surface1Value":10.0, "surface2Type":255, "surface2TypeName":"Missing", "surface2Value":0.0, "gridDefinitionTemplate":0, "gridDefinitionTemplateName":"Latitude_Longitude", "numberPoints":65160, "shape":6, "shapeName":"Earth spherical with radius of 6,371,229.0 m", "gridUnits":"degrees", "resolution":48, "winds":"true", "scanMode":0, "nx":360, "ny":181, "basicAngle":0, "lo1":0.0, "la1":90.0, "lo2":359.0, "la2":-90.0, "dx":1.0, "dy":1.0 }, "data":
[rows 26 to 51 of 181, columns 0 to 57 of 360]
10.255088,11.065088,11.795088,12.525088,12.665088,12.275088,12.155087,12.245088,12.185088,12.205088,10.195087,7.215088,6.815088,10.345088,7.015088,4.3750877,2.915088,2.955088,3.2650878,2.855088,2.7950878,8.065088,9.135088,8.525088,2.205088,2.155088,2.375088,2.5650878,2.905088,2.635088,2.155088,2.095088,1.5850879,1.0650879,1.155088,1.3250879,1.0450879,3.0250878,1.0850879,0.1950879,0.4350879,0.4650879,0.3450879,0.6250879,0.7950879,0.7150879,1.0950879,0.8950879,0.9750879,1.0550879,1.3150879,1.4350879,1.0750879,1.1850879,0.3450879,0.6350879,0.4850879,-0.88491213
9.515088,10.395088,11.095088,11.675088,11.955088,11.755088,11.305088,10.605088,4.275088,2.675088,0.9050879,1.5250878,2.7950878,3.205088,2.605088,1.8750879,2.0750878,2.2350879,1.9950879,7.225088,8.395088,6.785088,1.5850879,1.3650879,2.135088,2.2350879,4.555088,2.725088,3.865088,2.5050879,1.8950878,1.5250878,1.3750879,0.9550879,0.7650879,1.0550879,1.1450878,0.92508787,1.0950879,0.6650879,0.3750879,0.55508786,0.3950879,0.07508789,0.6250879,0.92508787,0.99508786,1.1150879,1.0250878,1.155088,1.3950878,1.4550879,1.3750879,1.1750879,0.8150879,0.61508787,0.8550879,0.18508789
6.905088,7.1250877,7.3750877,7.715088,8.045088,6.995088,0.7850879,1.4250879,1.7950879,1.9650879,2.0850878,1.7650878,2.7750878,1.9750879,1.8750879,1.9350879,1.3650879,1.2050879,2.7650878,4.575088,6.6050878,5.795088,1.0850879,1.6850879,1.785088,2.145088,2.8050878,2.685088,2.475088,2.885088,1.8050879,2.175088,0.3050879,0.4050879,0.5350879,1.8950878,0.23508789,0.07508789,0.01508789,0.4250879,0.6050879,0.3450879,1.1650879,0.7050879,0.9450879,0.8150879,0.4950879,0.8550879,1.1950879,1.0250878,1.1250879,1.2650878,1.4950879,1.3350879,1.1250879,0.7150879,0.9150879,1.0850879
6.725088,7.035088,7.265088,7.655088,7.775088,5.835088,2.905088,1.9850879,3.215088,2.2950878,3.205088,2.415088,1.8450879,2.425088,2.455088,2.385088,2.7950878,2.635088,5.995088,5.325088,5.255088,4.265088,1.2150879,1.3650879,1.4650879,1.6750879,2.0250878,1.9650879,1.8750879,0.8550879,2.405088,6.115088,4.325088,-0.20491211,-0.1649121,0.03508789,0.38508788,-0.3849121,0.28508788,0.18508789,0.3650879,0.6350879,0.8850879,0.31508788,0.5250879,0.4350879,0.86508787,0.6650879,0.9850879,1.2550879,1.405088,1.3050879,1.4750879,1.4650879,1.2550879,0.7950879,0.6250879,0.5650879
5.295088,6.275088,7.005088,7.545088,7.465088,7.6450877,2.155088,4.6850877,6.1850877,3.955088,2.645088,2.5550878,2.0650878,1.8150879,1.9250879,2.225088,2.0850878,1.8750879,1.8150879,5.075088,5.905088,5.115088,5.725088,3.2850878,3.135088,6.945088,8.025088,7.3750877,6.075088,2.465088,0.5350879,0.7150879,0.17508788,-0.3149121,-0.6149121,-0.33491212,0.025087891,-0.08491211,-0.3449121,-0.1349121,-0.10491211,-0.03491211,0.1950879,0.15508789,0.1450879,0.5350879,0.74508786,0.8150879,0.9150879,1.0050879,1.0950879,1.4850879,1.5850879,1.6650879,1.535088,1.1650879,1.2750878,0.7950879
3.7650878,4.765088,5.315088,6.065088,6.6450877,7.3750877,3.395088,5.6850877,4.765088,3.0850878,7.325088,8.835088,3.2950878,6.4150877,7.655088,3.0850878,2.945088,2.5250878,3.355088,7.315088,8.045088,8.1150875,7.795088,5.8550878,2.5150878,1.6750879,1.0450879,1.6450878,0.5350879,0.38508788,0.41508788,0.09508789,-0.6449121,-0.88491213,-0.8349121,-0.7949121,-0.57491213,-0.6749121,-1.2249122,-0.4749121,0.03508789,-0.27491212,-0.7249121,-0.6049121,-0.7249121,-0.82491213,-0.4549121,-0.1949121,0.2650879,0.6350879,1.0550879,1.0650879,1.1450878,1.3350879,1.6850879,1.5650879,1.4550879,0.9350879
1.7650878,2.605088,3.695088,4.745088,5.595088,6.215088,6.805088,6.1650877,7.815088,10.055088,10.835088,11.545088,4.545088,3.195088,4.055088,3.8250878,3.215088,7.6250877,9.655087,6.9350877,9.035088,9.465088,8.275088,7.565088,8.245088,1.7050879,1.4950879,1.3650879,2.185088,0.9750879,1.0450879,0.7750879,-0.8649121,-1.4449121,-1.344912,-1.3949121,-1.3849121,-1.8149121,-1.6349121,-1.714912,-1.1049122,-1.2249122,-0.7349121,-0.7749121,-1.0649121,-1.0349121,-1.1549121,-0.5649121,-0.06491211,0.06508789,1.1750879,1.405088,1.2750878,0.7950879,1.1350878,1.2250879,1.0550879,1.0150878
2.955088,3.3250878,4.065088,4.565088,4.925088,5.585088,6.255088,6.745088,7.325088,5.225088,3.465088,9.025088,8.975088,2.465088,3.2450879,3.705088,3.7650878,8.675088,8.015088,8.035088,8.995088,8.245088,2.465088,2.8050878,4.3550878,1.6650879,2.8150878,1.5050879,1.2650878,1.5150878,1.7150879,0.2650879,0.17508788,-0.7749121,-1.0749121,-1.6249121,-1.9749122,-2.0149121,-2.4549122,-1.6749121,-2.404912,-1.6149122,-1.5249121,-1.9349121,-1.3949121,-1.1449121,-1.2849121,-1.7049121,-2.154912,-1.6549121,-0.6649121,0.03508789,0.4050879,0.5750879,0.7350879,0.7550879,0.6450879,1.2950879
0.17508788,2.7350879,4.585088,5.265088,5.755088,5.755088,5.335088,5.195088,5.155088,2.0450878,2.675088,6.9550877,6.865088,2.845088,3.145088,8.485088,9.1150875,10.055088,10.375088,10.165088,10.425088,6.9550877,3.105088,2.865088,2.955088,2.705088,2.095088,1.3850878,1.4250879,1.8450879,1.5650879,1.3450879,1.4750879,0.04508789,-0.7849121,-1.4549121,-1.6449121,-1.3749121,-2.304912,-2.284912,-2.374912,-1.9349121,-2.384912,-2.2649121,-2.334912,-2.604912,-2.7149122,-2.154912,-1.5249121,-1.1849121,-1.4849122,-1.1849121,-0.6149121,-0.36491212,-0.4749121,-0.03491211,-0.03491211,-0.07491211
-1.6549121,0.18508789,2.5150878,4.815088,5.995088,6.815088,7.525088,8.1150875,8.245088,3.125088,5.6250877,7.1450877,4.4350877,6.8550878,6.7050877,4.865088,9.005088,10.465088,10.725088,11.335088,10.725088,7.1050878,2.915088,2.4950879,2.3250878,2.0450878,1.7250879,1.6150879,1.8650879,1.8650879,0.9150879,0.4650879,0.1650879,-0.9549121,-1.6049122,-1.5249121,-1.7049121,-1.6049122,-1.5049121,-1.9149121,-2.044912,-2.314912,-2.394912,-2.4549122,-2.2649121,-2.594912,-2.594912,-2.4649122,-3.4649122,-2.844912,-2.9149122,-2.9149122,-2.4749122,-2.394912,-2.2449121,-1.1549121,-1.8049121,-1.7849121
-1.3049121,-0.9949121,-0.4749121,2.2650878,4.1850877,5.885088,7.1650877,8.205088,8.995088,4.245088,2.685088,5.1650877,3.855088,2.7450879,4.015088,4.505088,3.5350878,2.9850879,3.175088,3.115088,2.8250878,2.5750878,2.185088,2.0550878,1.905088,2.7350879,1.0650879,1.8350879,1.6350878,1.1150879,-0.21491212,1.3150879,-0.46491212,-1.2249122,-1.9449121,-1.9049121,-2.144912,-2.604912,-2.7149122,-2.9849122,-3.074912,-2.814912,-3.4249122,-3.6749122,-3.4749122,-3.604912,-2.4849122,-2.9149122,-3.1649122,-3.144912,-3.294912,-3.284912,-3.1649122,-2.5049121,-2.634912,-1.6349121,-1.7749121,-1.0149121
-0.23491211,1.6150879,-0.3449121,2.0750878,4.1250877,3.2350879,2.0750878,2.5350878,2.225088,1.9950879,1.5150878,1.4550879,1.7050879,1.7150879,1.7650878,2.465088,2.225088,2.5150878,2.8150878,3.095088,3.2850878,3.405088,2.645088,2.0650878,2.195088,2.475088,0.8550879,2.0650878,2.0650878,1.655088,2.855088,0.8750879,1.3850878,-0.10491211,-1.5249121,-2.044912,-2.044912,-2.624912,-2.634912,-1.9849122,-2.4349122,-3.374912,-3.284912,-3.9349122,-3.9849122,-3.654912,-3.634912,-2.554912,-2.6649122,-2.874912,-3.2149122,-2.644912,-2.4949121,-3.4949121,-4.154912,-3.854912,-1.4949121,-0.9749121
1.1250879,1.0250878,2.185088,3.405088,3.0350878,1.5250878,1.3950878,1.3150879,2.105088,1.7550879,1.6750879,2.215088,1.9350879,1.8350879,1.8250879,1.9150879,2.3350878,2.675088,2.5450878,2.8250878,3.2750878,2.9850879,2.8050878,2.0850878,2.435088,1.6850879,1.1650879,2.695088,2.685088,3.0750878,2.425088,1.9850879,0.7050879,-0.9249121,-1.6449121,-2.094912,-2.4249122,-1.9449121,-2.6749122,-2.7549121,-3.134912,-2.7249122,-2.1849122,-2.2249122,-2.2149122,-1.844912,-1.4949121,-1.0649121,-0.11491211,0.8850879,0.3950879,0.7350879,1.2650878,1.285088,1.7150879,2.225088,0.8450879,-0.8549121
1.9850879,3.9950879,4.505088,2.175088,0.61508787,0.1650879,0.7150879,1.0250878,0.61508787,0.7050879,0.7650879,1.2750878,1.3850878,1.2950879,1.6350878,1.4450879,2.4950879,2.605088,1.5850879,2.0050879,2.225088,1.8550879,2.405088,2.2550879,2.205088,1.9950879,2.2850878,2.605088,2.5650878,2.395088,1.1150879,2.0750878,2.635088,1.4750879,0.12508789,2.345088,0.8750879,-1.6849121,-2.2649121,-2.7449121,-2.9149122,-3.404912,-3.4149122,-3.604912,-3.104912,-2.864912,-1.9349121,-1.464912,-0.7249121,-0.20491211,0.04508789,0.3350879,0.6250879,1.2950879,1.8950878,1.7350879,2.0250878,1.7050879
0.7250879,1.1150879,0.99508786,1.1050879,0.4350879,-0.08491211,0.5950879,-0.01491211,0.4650879,-0.2449121,0.4350879,-0.07491211,0.3050879,0.6550879,-0.20491211,0.03508789,1.1950879,-0.27491212,0.1650879,1.285088,1.5450879,1.5450879,1.4450879,2.8250878,2.425088,1.7550879,2.3350878,2.5750878,2.5250878,2.0150878,0.5950879,1.6450878,1.6150879,1.2150879,2.375088,1.3850878,-0.7249121,-1.0549121,-2.2149122,-1.6249121,-1.9849122,-3.154912,-6.1449122,-6.614912,-5.284912,-4.024912,-3.4749122,-3.604912,-2.7249122,-2.2649121,-1.8349121,-1.2849121,-0.6849121,-0.5249121,0.025087891,1.2350879,0.99508786,1.5750879
-1.4449121,-1.5449121,-0.01491211,-1.1149122,-0.6849121,-0.82491213,-0.39491212,-0.2549121,0.12508789,0.20508789,0.20508789,-0.6149121,0.67508787,0.21508789,0.9350879,-0.01491211,0.5150879,0.06508789,0.5650879,-0.6049121,0.4850879,0.6550879,-0.6749121,-0.01491211,2.2750878,3.3250878,1.9350879,1.155088,1.3250879,1.0250878,-1.3949121,-0.05491211,0.08508789,0.2650879,0.5750879,0.9850879,-0.57491213,-1.6849121,-1.6349121,-2.364912,-2.094912,-1.2349122,0.18508789,-3.2549121,-4.784912,-4.994912,-4.364912,-4.014912,-3.5149121,-3.7449121,-3.804912,-3.2249122,-2.4849122,-2.154912,-1.8849121,-0.4849121,0.6950879,0.44508788
-2.2149122,-2.2249122,-1.6849121,-2.054912,-1.594912,-1.4349121,-0.2849121,-0.6749121,-0.6249121,-0.3149121,-1.4349121,-0.10491211,-0.20491211,0.4350879,1.6050879,0.8950879,1.5150878,1.4150879,0.61508787,2.145088,0.25508788,-2.894912,0.4650879,1.4350879,-1.2249122,-0.3149121,4.475088,4.135088,1.4150879,-2.144912,-2.4949121,-0.27491212,-0.7049121,-1.4349121,-1.344912,-2.624912,-2.834912,-2.814912,-3.024912,-2.404912,-0.7749121,-0.94491214,-0.36491212,-2.2049122,-4.734912,-4.0449123,-5.024912,-4.8149123,-4.524912,-4.494912,-4.254912,-4.734912,-4.324912,-3.654912,-3.4849122,-2.844912,-1.094912,0.025087891
-2.0049121,-1.6349121,-2.624912,-1.5149121,-1.0549121,-1.2749121,-0.9249121,-0.7749121,-0.0049121096,-0.4549121,0.31508788,-0.03491211,-0.33491212,-0.3749121,0.10508789,-0.5249121,-1.0249121,-0.7149121,0.7750879,2.435088,3.3350878,-2.1849122,-1.3249121,2.115088,2.595088,0.8450879,0.5650879,1.8950878,0.9650879,-2.294912,-2.4749122,0.3350879,0.6450879,-0.5549121,-1.7549121,-2.2149122,-2.2349122,-2.814912,-4.164912,-2.2649121,0.12508789,1.9750879,1.9350879,0.5650879,-3.7649121,-4.444912,-4.3549123,-5.304912,-4.474912,-5.204912,-5.954912,-7.0649123,-5.304912,-5.324912,-4.654912,-3.344912,-2.1849122,-1.2049121
-2.294912,-1.1749121,-1.464912,-1.1049122,-1.964912,0.4350879,-0.43491212,0.41508788,0.1450879,0.4850879,0.41508788,0.15508789,-0.03491211,0.5250879,-1.0549121,-0.2249121,-0.4149121,-0.63491213,0.1950879,1.5550879,2.7750878,3.665088,2.425088,1.8150879,3.975088,4.535088,1.4850879,2.695088,-0.6549121,-1.9349121,-0.6249121,-1.844912,2.3150878,3.355088,3.2350879,0.2950879,-2.144912,-2.144912,-2.1749122,0.01508789,2.0250878,2.395088,1.0450879,1.7050879,-3.4549122,-5.014912,-5.024912,-4.704912,-3.074912,-5.8349123,-7.3549123,-6.984912,-7.194912,-5.744912,-5.474912,-5.154912,-4.484912,-3.6849122
0.38508788,0.3250879,0.5350879,-1.6149122,-1.464912,-0.49491212,0.2950879,-0.88491213,0.21508789,-0.9349121,-1.1049122,-3.1849122,-2.324912,-0.5949121,0.4350879,-1.4249121,-0.8749121,-0.6649121,0.20508789,1.4450879,1.905088,2.405088,1.0850879,1.6750879,1.0950879,0.28508788,-0.11491211,1.5850879,-0.23491211,1.1250879,-0.02491211,1.2650878,2.165088,3.2550879,2.7350879,4.565088,5.485088,1.2750878,-0.4749121,0.7850879,1.8150879,1.7050879,0.99508786,1.5750879,2.455088,-4.884912,-6.3549123,-5.464912,-5.654912,-4.844912,-6.1249123,-6.0449123,-5.1249123,-5.234912,-6.034912,-6.344912,-5.234912,-4.534912
-1.1449121,0.23508789,1.285088,0.61508787,-1.4449121,0.07508789,-0.21491212,-0.07491211,-0.9349121,-1.2349122,1.1250879,0.5950879,-0.9149121,-2.2449121,-0.5449121,2.425088,-0.3549121,-1.2949121,-0.6849121,0.4250879,1.8150879,1.9150879,2.665088,5.175088,6.785088,5.405088,3.0550878,0.4250879,0.10508789,2.095088,-0.07491211,2.7350879,5.4150877,7.245088,8.775088,8.175088,7.4150877,7.495088,5.445088,-0.7449121,0.24508789,0.1450879,-0.4449121,1.3150879,2.9950879,6.1250877,-4.114912,-2.814912,-5.254912,-6.154912,-7.664912,-6.884912,-5.764912,-4.304912,-5.934912,-6.974912,-6.984912,-5.734912
-0.4049121,-0.7149121,0.6650879,0.04508789,4.1850877,5.525088,2.955088,0.3350879,1.6150879,2.905088,0.4650879,0.9550879,1.7350879,-1.4149121,-0.7749121,0.4350879,2.225088,5.025088,0.01508789,-1.1349121,-0.50491214,-0.4749121,1.0250878,1.6350878,1.6850879,3.375088,2.3150878,2.5550878,2.7350879,4.815088,4.275088,2.345088,5.305088,9.205088,11.225088,12.235088,11.965088,10.685088,7.615088,4.405088,4.515088,-1.1749121,-1.5649121,0.11508789,1.2750878,0.6350879,0.4950879,-0.8549121,-2.854912,-5.8349123,-6.924912,-8.324912,-8.354912,-6.214912,-4.434912,-6.514912,-7.114912,-6.654912
-0.5249121,-0.4149121,1.1150879,0.6950879,2.9850879,4.535088,5.795088,5.775088,4.775088,1.035088,-1.3749121,0.09508789,0.1950879,0.61508787,-0.7049121,-1.0049121,-0.33491212,0.92508787,2.7950878,3.0850878,-1.4349121,-0.14491211,-0.4249121,-1.3949121,0.6450879,2.935088,-0.39491212,0.13508789,1.8950878,2.345088,3.375088,5.245088,7.695088,6.9550877,8.305088,4.6450877,8.325088,8.505088,4.565088,2.175088,1.7050879,3.435088,0.2650879,0.5050879,2.715088,-0.30491212,-1.6749121,2.2650878,0.7150879,-6.974912,-5.014912,-8.604912,-8.444912,-6.704912,-6.694912,-5.154912,-4.234912,-5.964912
-1.9949121,-1.8849121,-2.9549122,-2.134912,-1.0649121,0.5050879,1.6750879,2.7350879,3.0550878,1.0250878,-0.5649121,2.685088,3.135088,3.435088,3.5250878,0.5650879,-1.7849121,-0.5249121,1.5650879,0.3050879,0.1650879,0.92508787,0.9150879,0.8550879,-1.1249121,1.9550879,2.7850878,0.2750879,-0.30491212,1.2750878,-0.08491211,-0.20491211,0.7150879,1.5750879,1.4350879,0.5850879,0.35508788,-0.63491213,0.6050879,-0.18491212,0.6050879,0.8350879,-0.7149121,1.2250879,-1.3649122,1.6650879,-2.544912,-4.244912,-0.7749121,0.6050879,-2.9349122,-4.514912,-9.964912,-8.684912,-7.784912,-8.024912,-5.3549123,-5.014912
-2.0049121,-3.774912,-4.504912,-4.074912,-2.864912,-3.034912,-2.2549121,-0.63491213,0.8750879,0.6450879,-0.8449121,0.5650879,1.3550879,1.8750879,2.455088,3.0150878,1.2250879,1.5150878,-2.0149121,0.44508788,0.5350879,1.7550879,1.3450879,-0.07491211,1.4250879,2.435088,1.2950879,-0.7749121,-1.6649121,-1.1749121,0.9650879,1.0850879,1.4150879,1.035088,1.7450879,2.7450879,0.8550879,1.0150878,1.4350879,1.5750879,0.9850879,1.4250879,1.4550879,1.2150879,2.0350878,-1.2449121,-0.3549121,-0.9249121,-5.404912,-4.214912,-3.374912,-4.714912,-4.424912,-6.7949123,-7.244912,-5.504912,-6.614912,-5.8349123
-0.7749121,-3.4949121,-5.8949122,-6.594912,-6.414912,-5.404912,-3.9849122,-2.364912,-0.01491211,1.2550879,1.4850879,0.6350879,0.1450879,0.21508789,0.8250879,2.705088,-0.23491211,2.435088,2.685088,1.4150879,3.7850878,2.0450878,1.0650879,-0.75491214,-0.2849121,1.7550879,1.8750879,-0.46491212,-0.2449121,-0.7249121,-1.7949121,0.5450879,1.6850879,1.6450878,1.3350879,1.2450879,1.9550879,1.9550879,1.405088,2.2350879,0.6550879,2.365088,1.9150879,2.645088,1.5650879,2.3050878,-3.6749122,0.4250879,0.7350879,-3.624912,-4.204912,-4.974912,-8.424912,-10.684912,-10.394912,-7.424912,-3.644912,-7.164912
