raw-data/2018100812.json
{"header": { "discipline":0, "disciplineName":"Meteorological products", "gribEdition":2, "gribLength":74667, "center":7, "centerName":"US National Weather Service - NCEP(WMC)", "subcenter":0, "refTime":"2018-10-08T12:00:00.000Z", "significanceOfRT":1, "significanceOfRTName":"Start of forecast", "productStatus":0, "productStatusName":"Operational products", "productType":1, "productTypeName":"Forecast products", "productDefinitionTemplate":0, "productDefinitionTemplateName":"Analysis/forecast at horizontal level/layer at a point in time", "parameterCategory":2, "parameterCategoryName":"Momentum", "parameterNumber":3, "parameterNumberName":"V-component_of_wind", "parameterUnit":"m.s-1", "genProcessType":2, "genProcessTypeName":"Forecast", "forecastTime":0, "surface1Type":103, "surface1TypeName":"Specified height level above ground", "surface1Value":10.0, "surface2Type":255, "surface2TypeName":"Missing", "surface2Value":0.0, "gridDefinitionTemplate":0, "gridDefinitionTemplateName":"Latitude_Longitude", "numberPoints":65160, "shape":6, "shapeName":"Earth spherical with radius of 6,371,229.0 m", "gridUnits":"degrees", "resolution":48, "winds":"true", "scanMode":0, "nx":360, "ny":181, "basicAngle":0, "lo1":0.0, "la1":90.0, "lo2":359.0, "la2":-90.0, "dx":1.0, "dy":1.0 }, "data":
[rows 78 to 103 of 181, columns 177 to 235 of 360]
-0.73272216,0.48727784,1.7072778,1.6172779,1.2772778,0.7272778,2.6172779,1.4072778,1.1072779,2.4072778,3.537278,2.307278,1.5272778,0.43727782,0.22727783,0.35727784,-0.052722167,-0.16272217,-1.1727222,-1.9027221,-2.5627222,-2.1127222,0.94727784,0.89727783,0.81727785,0.37727782,-0.37272218,-1.1127222,-2.3127222,-2.6127222,-2.712722,-2.192722,-2.0627222,-2.2927222,-2.422722,-2.702722,-2.8027222,-3.3727221,-3.682722,-4.052722,-3.6127222,-3.0727222,-4.302722,-4.582722,-4.102722,-2.162722,-0.56272215,-1.3427222,-3.3427222,-3.662722,-3.172722,-2.5427222,-1.2227222,0.9172778,4.427278,8.477278,11.097278,11.647278,11.577278
3.7072778,3.587278,3.6572778,3.077278,2.837278,2.6172779,1.7772778,2.1472778,3.6772778,3.027278,2.037278,1.4672779,0.5872778,-0.67272216,-0.022722168,-0.17272216,-0.62272215,-0.6527222,-0.32272217,-0.99272215,-1.7127222,-0.23272216,0.097277835,0.07727783,-0.16272217,-0.75272214,-1.2227222,-2.2627223,-2.8527222,-2.7727222,-3.1327221,-2.5927222,-2.662722,-2.9927223,-3.2427223,-3.432722,-3.3627222,-3.4027221,-3.462722,-3.7727222,-3.9927223,-3.7527223,-4.3627224,-5.1127224,-1.0327221,-0.6427222,-0.09272217,0.15727784,0.08727783,0.50727785,0.34727782,-0.32272217,0.55727786,2.2172778,3.9572778,7.3872776,8.877277,9.907278,10.597278
4.677278,3.8472779,4.2672777,4.447278,3.3872778,3.287278,2.8972778,3.1672778,3.3672779,1.7572778,0.9172778,0.43727782,-0.27272215,-1.4327222,0.7272778,-0.6427222,-1.0727222,-1.5827222,-0.61272216,-0.7627222,-0.9027222,-0.8227222,-0.9527222,-1.7027222,-2.202722,-1.8427222,-1.6627221,-2.5827222,-2.7827222,-3.662722,-2.7627223,-2.922722,-3.0027223,-3.1227221,-2.8827221,-2.2727222,-2.0927222,-2.0427222,-2.8627222,-3.3427222,-3.3427222,-3.4827223,-3.2327223,-1.3527222,0.45727783,-0.052722167,-0.19272217,-0.19272217,0.23727784,0.7972778,0.9872778,1.0272778,2.047278,3.6372778,4.987278,5.687278,7.237278,9.147278,9.597278
3.8572779,4.5372777,4.857278,4.587278,5.217278,4.337278,3.537278,2.0972779,2.277278,1.3672779,-0.19272217,-0.5927222,-0.94272214,-2.4027221,-0.8327222,-0.68272215,-1.1027222,-0.63272214,-0.8927222,-1.1627221,-1.0827222,-1.2627221,-2.5927222,-3.5427222,-2.922722,-2.692722,-2.5227222,-2.7727222,-1.8327222,-1.2327222,-1.7027222,-2.182722,-2.3927221,-1.4227222,-1.2127222,-1.4827222,-1.0527222,-0.43272218,0.76727784,0.22727783,-2.1127222,-2.662722,-2.5227222,-1.8627222,-1.0527222,-0.6427222,-0.17272216,0.037277833,-0.082722165,1.7772778,1.9772779,1.7572778,2.327278,3.1772778,3.547278,4.3872776,6.447278,9.097278,10.387278
4.3672776,3.9772778,4.857278,5.4772778,4.567278,4.2672777,3.9772778,3.077278,2.797278,0.50727785,0.17727783,-1.4827222,-1.7627221,-2.2827222,-0.55272216,-0.9027222,-1.5427222,-1.1527221,-0.9727222,-1.0927222,-1.1927222,-2.7827222,-2.3527222,-0.24272217,0.57727784,0.10727783,-0.112722166,-0.052722167,0.11727783,-0.07272217,-0.31272218,0.36727783,-0.55272216,-1.1127222,-0.50272214,1.4472778,2.1572778,2.027278,1.6572778,0.42727783,-0.15272216,-0.13272217,-1.8127222,-2.2927222,-1.9127221,-1.0327221,-0.28272218,2.8772779,6.0772777,5.8472776,5.627278,5.937278,5.5172777,4.6372776,5.407278,8.077278,10.687278,11.547277,10.557278
4.2672777,4.4772778,5.257278,4.447278,4.4772778,4.2272778,3.6172779,2.6572778,1.7472779,0.12727784,-1.2227222,-1.0827222,-2.0527222,-1.8927221,-0.74272215,-1.0127221,-0.9127222,-1.4327222,-1.3827221,-1.2427222,-2.3127222,0.44727784,2.047278,2.307278,1.6172779,1.6572778,1.8772779,1.4772779,1.5272778,0.9272778,1.4772779,1.5072778,0.7872778,2.3772779,3.317278,5.0572777,6.007278,5.5172777,3.9472778,2.057278,1.4572778,0.63727784,-0.37272218,0.80727786,1.7472779,3.1672778,4.907278,6.047278,7.5972776,8.617278,8.147278,8.487278,8.867278,10.397278,11.147278,11.7572775,11.447278,10.647278,9.367278
3.6672778,4.187278,3.9072778,3.7172778,3.9372778,3.3572779,2.6672778,2.1772778,1.6872778,0.027277833,-2.192722,-2.5327222,-2.962722,-1.9727222,-1.0027221,-2.222722,-2.702722,-2.452722,-2.5127223,-1.5827222,1.2272779,3.4672778,3.6372778,3.0172777,3.4572778,1.9572778,3.4772778,3.9972777,4.207278,3.327278,4.2472777,4.9772778,5.4972777,6.0572777,6.797278,7.207278,7.237278,7.147278,6.3272777,5.467278,3.2572777,2.817278,3.6872778,2.8472779,4.5372777,5.5572777,7.467278,8.997278,8.587277,8.367278,8.667278,8.997278,9.447278,9.847278,10.617278,10.437278,9.997278,9.077278,8.647278
3.1872778,3.027278,2.777278,2.807278,2.6872778,2.1772778,1.5872779,1.3372779,0.64727783,-0.7827222,-0.082722165,-0.8327222,-0.7127222,-0.60272217,-0.48272216,0.51727784,0.12727784,0.16727783,-0.06272217,0.35727784,3.7572777,3.797278,3.557278,5.3672776,4.3872776,4.627278,4.7872777,4.067278,3.787278,4.5172777,5.337278,5.5972776,5.407278,5.947278,6.5972776,6.4972777,6.0172777,6.187278,6.007278,6.5772777,7.197278,7.067278,5.897278,5.067278,6.027278,8.647278,8.527278,8.567278,8.407278,8.277278,8.447278,8.747278,8.987278,9.087277,9.247278,9.277278,8.867278,8.497278,7.967278
2.307278,1.7572778,1.5072778,2.037278,1.6172779,1.3472779,1.0472778,0.35727784,-0.112722166,-0.07272217,-0.43272218,-0.92272216,-1.3127222,-1.3727221,-0.46272218,0.88727784,1.6372778,2.2472777,2.9572778,3.9072778,4.567278,4.737278,4.6372776,4.437278,4.777278,4.7672777,4.427278,4.797278,5.127278,5.6172776,5.397278,5.107278,4.417278,4.757278,5.5572777,5.547278,5.8672776,6.047278,6.647278,7.177278,7.837278,8.397278,8.297277,8.767278,8.817278,8.447278,8.207278,8.197278,8.187278,8.237278,8.2572775,8.297277,8.477278,8.417278,8.187278,8.107278,7.9972777,7.657278,7.2472777
1.2672778,1.2272779,1.5672778,1.3672779,1.1872778,0.5972778,0.037277833,0.21727782,0.7872778,1.2972778,0.64727783,-1.1727222,-0.37272218,0.10727783,-0.10272217,1.5672778,1.5972779,2.4572778,2.6772778,3.537278,4.5572777,4.0972776,3.587278,3.4272778,3.4572778,3.4372778,3.807278,4.437278,4.947278,5.027278,4.5372777,5.0572777,4.857278,5.587278,5.5772777,5.3272777,5.7872777,6.207278,6.907278,7.4772778,7.7272778,7.8072777,7.817278,7.627278,7.5572777,7.8472776,8.047277,8.047277,7.967278,7.897278,7.8072777,7.7272778,7.547278,7.407278,7.207278,7.0572777,6.877278,6.677278,6.3672776
1.1772778,2.1372778,1.7472779,1.0272778,0.28727782,-0.22272217,-0.19272217,0.08727783,0.45727783,0.36727783,0.76727784,1.2272779,0.99727786,1.3572779,0.9672778,1.6072779,1.2072778,1.2972778,2.1372778,2.067278,2.817278,3.1272779,3.3772779,2.8772779,2.5172777,3.027278,3.047278,3.2072778,3.797278,4.067278,4.547278,4.957278,4.8272777,4.667278,4.4972777,5.197278,5.457278,6.0572777,6.7872777,7.217278,7.3872776,7.647278,7.547278,7.3872776,7.0972776,7.1172776,7.147278,7.2272778,7.1372776,6.927278,6.987278,6.947278,6.927278,6.757278,6.4972777,6.2872777,6.0172777,5.7872777,5.3072777
1.9172778,1.5772778,0.9272778,0.5472778,0.027277833,-0.15272216,-0.45272216,-0.5727222,-0.61272216,-0.54272217,-0.63272214,-0.5227222,0.48727784,0.8572778,1.3772779,1.3272778,0.5872778,0.6672778,1.5172778,1.3672779,1.8172778,2.547278,2.4672778,2.6972778,2.537278,2.7372777,2.8772779,2.9572778,3.3672779,3.587278,4.0572777,4.297278,4.377278,3.9972777,4.257278,4.8272777,5.197278,5.377278,5.737278,6.1372776,6.3272777,6.3472776,6.3272777,6.207278,6.2672777,6.217278,6.237278,6.1372776,6.107278,6.207278,6.067278,6.2272778,6.237278,6.0572777,5.8272777,5.5172777,5.237278,4.897278,4.5172777
0.5272778,0.46727782,0.42727783,0.33727783,-0.052722167,-0.46272218,-0.8227222,-1.1527221,-1.3227222,-1.3827221,-1.3027222,-1.2827221,-1.1727222,-0.28272218,-0.14272217,-0.5227222,-0.7227222,0.08727783,0.8572778,0.9172778,1.2972778,1.6872778,2.317278,2.8772779,2.7372777,2.6672778,2.5072777,2.4072778,2.4572778,2.5172777,2.9072778,3.3872778,3.827278,4.027278,4.3272777,4.667278,4.857278,4.897278,4.857278,4.7872777,4.667278,4.9972777,5.1172776,5.2672777,5.0772777,4.937278,5.087278,5.257278,5.427278,5.5372777,5.7672777,5.7272778,5.527278,5.257278,4.947278,4.777278,4.527278,4.217278,4.007278
-0.27272215,-0.40272218,-0.25272217,-0.07272217,-0.42272216,-0.79272217,-0.9027222,-0.9627222,-1.2527221,-1.9027221,-2.2727222,-2.3127222,-2.3127222,-2.2727222,-1.9227222,-1.6627221,-1.1527221,-0.55272216,-0.25272217,0.14727783,0.49727783,0.57727784,1.3272778,1.6672778,1.9272778,1.7572778,1.6072779,1.4972779,1.7772778,1.9972779,2.2372777,2.8972778,3.277278,3.4372778,3.6272779,4.0572777,4.257278,4.417278,4.337278,4.3272777,4.397278,4.3872776,4.127278,4.2272778,3.807278,4.047278,4.107278,4.3272777,4.677278,4.8272777,4.9772778,4.8272777,4.677278,4.447278,4.2272778,4.1372776,3.9172778,3.7372777,3.577278
-1.1927222,-1.0227221,-1.0627222,-0.8427222,-1.7527221,-1.4027221,-1.3827221,-2.1027222,-4.052722,-3.6427221,-3.4027221,-3.3427222,-3.172722,-2.8127222,-2.5027223,-2.212722,-1.7827221,-1.3627222,-0.8327222,-0.22272217,0.027277833,-0.022722168,0.48727784,0.7272778,0.7772778,0.5972778,0.6072778,0.86727786,1.2572778,1.5872779,1.8672779,2.2172778,2.6472778,2.9272778,3.1072779,3.337278,3.6572778,3.5972779,3.6172779,3.6272779,3.6372778,3.6872778,3.6572778,3.287278,2.827278,3.037278,3.1272779,3.6872778,4.0772777,4.0772777,3.9572778,3.817278,4.0772777,4.067278,3.9472778,3.7572777,3.4872777,3.3572779,3.3772779
-1.9127221,-1.8627222,-0.9127222,-0.60272217,-2.0427222,-2.202722,-1.6127222,-1.7327222,-1.8427222,-3.6027222,-4.1727223,-4.042722,-3.7727222,-3.5627222,-3.1127222,-2.3127222,-2.0727222,-1.8627222,-1.3827221,-1.0527222,-1.0027221,-1.0427222,-1.3627222,-0.39272216,-0.34272218,-0.35272217,0.057277832,0.6772778,1.0372778,1.0172778,1.2172779,1.4772779,1.5972779,1.8272778,2.2372777,2.6372778,2.787278,2.6372778,2.8772779,3.1572778,3.2172778,3.2072778,2.8772779,2.327278,1.4272778,1.6872778,2.7472777,3.1772778,3.1872778,3.077278,3.2472777,3.5972779,3.6872778,3.577278,3.3672779,3.317278,3.1672778,3.1372778,3.2472777
-2.182722,-2.0927222,-1.9027221,-1.4727222,-0.9027222,-2.0527222,-1.1527221,-1.8327222,-0.9627222,-0.29272217,-2.1127222,-2.8327222,-2.922722,-3.1527221,-2.932722,-2.182722,-2.432722,-2.4027221,-2.3127222,-2.1327221,-2.192722,-2.0727222,-1.1227221,-1.2427222,-1.1427221,-0.74272215,-0.30272216,0.23727784,0.6572778,1.0272778,1.0972779,1.0972779,1.3972778,2.067278,2.337278,2.3772779,2.327278,2.547278,2.9872777,3.1872778,3.0072777,2.7372777,2.2372777,1.0972779,0.81727785,1.8872778,2.1872778,2.4872777,2.4172778,2.1472778,2.087278,2.9172778,2.8972778,3.077278,3.037278,2.817278,2.7472777,2.7572777,3.1072779
0.7872778,0.38727784,0.43727782,1.0072778,1.3272778,1.0472778,0.41727784,0.56727785,-0.012722168,-0.5827222,-0.18272217,-1.0327221,-1.4127221,-1.3527222,-1.7927222,-2.6527221,-2.8527222,-2.8827221,-2.682722,-2.432722,-2.3827221,-2.2827222,-1.5627222,-1.6527221,-1.6927222,-1.4127221,-0.48272216,0.33727783,0.6772778,0.7972778,0.70727783,1.1172779,1.3572779,1.4872779,1.4672779,1.7172779,2.1372778,2.317278,2.307278,2.4172778,2.537278,2.2172778,1.5572778,1.2572778,1.3672779,1.8572779,1.9072778,1.9872779,2.087278,1.9672779,2.277278,2.297278,2.4772778,2.567278,2.6372778,2.557278,2.4872777,2.317278,2.1872778
0.34727782,1.2572778,1.6572778,1.0672778,1.0972779,0.32727784,0.6672778,0.7972778,2.067278,2.4372778,0.13727783,-1.1227221,-1.7927222,-2.2827222,-2.5227222,-3.172722,-3.702722,-3.7427223,-3.5327222,-3.7327223,-2.932722,-2.3627222,-2.0727222,-2.0827222,-2.1227221,-1.6327221,-0.85272217,-0.32272217,0.17727783,0.42727783,0.31727782,0.5472778,0.8372778,0.8572778,0.75727785,1.0072778,1.3072778,1.5572778,1.6472778,1.7572778,1.8672779,1.6172779,1.4972779,1.7272779,-0.21272217,1.2172779,1.5972779,1.7972778,2.027278,2.4972777,2.047278,2.057278,2.1072779,2.277278,2.7072778,2.6972778,2.1872778,2.307278,2.4872777
-0.16272217,0.5372778,1.8472779,1.6672778,1.9472778,1.4172778,1.1072779,1.2672778,1.4872779,1.7572778,0.7772778,0.25727785,-1.7627221,-3.8027222,-4.1927223,-4.432722,-5.102722,-5.092722,-4.972722,-4.2727222,-3.5527222,-3.172722,-2.6427221,-2.7627223,-2.7827222,-1.4627222,-0.7627222,-0.73272216,-0.88272214,-0.35272217,0.12727784,0.41727784,0.47727785,0.04727783,-0.48272216,-0.012722168,0.5972778,0.88727784,1.0872779,1.2172779,1.7772778,2.4172778,3.6672778,1.8272778,0.18727784,0.49727783,1.0672778,1.3672779,2.047278,2.1272779,1.9372778,1.5272778,2.1072779,2.837278,2.567278,2.577278,2.6772778,2.587278,2.5072777
1.3172778,1.8872778,1.7572778,2.8472779,2.567278,1.9672779,2.0172777,2.2472777,2.5972779,2.077278,2.8872778,1.2572778,-2.0627222,-3.7627223,-5.012722,-5.5027223,-5.7727222,-6.012722,-5.822722,-5.122722,-4.6327224,-3.5627222,-3.422722,-3.3027222,-1.5027221,-0.81272215,-1.1327221,-1.1527221,-0.9027222,-0.6527222,-0.34272218,-0.12272217,0.25727785,-0.17272216,-1.4227222,-0.25272217,0.30727783,0.64727783,0.8572778,1.2972778,2.1172779,2.9272778,3.9372778,1.2972778,0.17727783,0.30727783,1.0672778,1.6172779,1.8272778,1.4972779,1.1772778,0.9272778,1.2572778,1.6272779,2.2472777,2.807278,3.2372777,3.2072778,2.9472778
1.3872778,2.087278,1.9972779,2.8872778,3.4172778,3.9072778,3.4672778,3.327278,3.287278,3.5072777,4.657278,4.5372777,-1.4227222,-4.702722,-5.062722,-5.1727223,-5.5027223,-6.262722,-6.082722,-5.592722,-4.872722,-3.692722,-3.662722,-2.0727222,-0.80272216,-1.3527222,-1.4727222,-1.3727221,-1.5427222,-1.3027222,-0.7127222,-0.38272217,0.08727783,0.27727783,-0.99272215,-0.04272217,0.7272778,0.7972778,0.94727784,1.5372778,2.3572779,3.587278,3.9972777,-1.1227221,-1.0527222,0.38727784,1.1972778,1.4672779,1.4172778,0.93727785,1.1672778,2.3572779,2.797278,3.047278,3.1572778,3.2072778,3.337278,3.337278,2.8972778
1.4272778,2.087278,2.827278,3.287278,2.7272778,2.2672777,3.2072778,4.217278,3.6672778,3.817278,5.217278,6.457278,2.9072778,-2.432722,-5.202722,-4.342722,-5.162722,-4.892722,-5.312722,-5.1727223,-4.342722,-3.6527221,-2.2727222,-1.7627221,-1.6727222,-1.3727221,-1.2427222,-1.4427222,-1.2427222,-1.0627222,-0.73272216,-0.62272215,-0.10272217,1.1272779,-0.23272216,0.49727783,0.87727785,1.1472778,1.2372779,1.8172778,2.9772778,4.6172776,1.6472778,-0.09272217,0.017277831,0.31727782,0.7172778,0.62727785,0.7772778,0.8572778,0.9172778,0.94727784,1.5972779,2.5972779,3.2572777,3.4572778,3.1372778,3.087278,2.9372778
1.6472778,1.4572778,2.1972778,3.2672777,4.237278,5.0772777,4.647278,3.8972778,4.707278,4.427278,5.397278,6.147278,5.217278,0.40727782,-3.3827221,-4.8627224,-5.6527224,-4.992722,-4.762722,-4.322722,-3.472722,-3.3827221,-1.5327221,-1.8527222,-1.8227222,-1.6227221,-1.1727222,-0.9027222,-0.6427222,-0.20272216,-0.24272217,-0.27272215,-0.0027221679,0.93727785,0.82727784,-0.35272217,0.11727783,0.88727784,1.2472779,1.6972778,2.8872778,4.317278,1.7072778,-0.85272217,-1.0927222,-0.68272215,-0.63272214,-0.32272217,-0.21272217,0.80727786,1.0372778,0.69727784,0.41727784,2.1072779,3.1872778,3.037278,2.8572779,2.7472777,2.7572777
1.8672779,2.2672777,2.4272778,3.067278,3.277278,2.9872777,4.007278,4.337278,3.527278,4.0772777,5.007278,5.927278,5.917278,3.057278,-0.92272216,-2.8327222,-3.3827221,-3.8927221,-3.5327222,-2.7927222,-2.5527222,-1.7327222,-1.9127221,-1.7227222,-2.1127222,-2.0727222,-2.0327222,-1.3327222,-1.2927222,-0.31272218,0.15727784,-0.14272217,0.13727783,-0.032722168,0.55727786,0.7372778,-1.6127222,-0.33272216,0.36727783,0.9172778,2.027278,3.4372778,1.5972779,-0.28272218,-0.44272217,-0.9627222,-1.0427222,-0.9027222,-0.48272216,-0.052722167,0.5872778,0.32727784,0.64727783,1.2572778,2.087278,2.6772778,3.1172779,3.0072777,3.1272779
2.0172777,2.087278,2.2572777,2.3772779,2.547278,3.0972779,3.527278,4.1372776,4.817278,4.3272777,2.537278,4.797278,4.917278,5.777278,3.567278,0.7272778,-1.5627222,-1.7027222,-1.2427222,-1.0427222,-1.3527222,-2.0727222,-1.6627221,-1.5627222,-1.6827222,-1.8327222,-1.5327221,-1.0627222,-0.15272216,0.007277832,-0.032722168,-0.20272216,-0.94272214,-0.8927222,-0.81272215,0.6772778,1.8872778,-0.63272214,-2.0827222,-0.5327222,0.33727783,2.2172778,1.0972779,-0.62272215,0.027277833,0.17727783,-0.5227222,-0.75272214,0.49727783,0.7972778,-0.09272217,-0.86272216,-0.27272215,1.1772778,2.027278,2.2372777,2.3572779,2.4872777,2.777278
