raw-data/2018091612.json
{"header": { "discipline":0, "disciplineName":"Meteorological products", "gribEdition":2, "gribLength":74006, "center":7, "centerName":"US National Weather Service - NCEP(WMC)", "subcenter":0, "refTime":"2018-09-16T12:00:00.000Z", "significanceOfRT":1, "significanceOfRTName":"Start of forecast", "productStatus":0, "productStatusName":"Operational products", "productType":1, "productTypeName":"Forecast products", "productDefinitionTemplate":0, "productDefinitionTemplateName":"Analysis/forecast at horizontal level/layer at a point in time", "parameterCategory":2, "parameterCategoryName":"Momentum", "parameterNumber":3, "parameterNumberName":"V-component_of_wind", "parameterUnit":"m.s-1", "genProcessType":2, "genProcessTypeName":"Forecast", "forecastTime":0, "surface1Type":103, "surface1TypeName":"Specified height level above ground", "surface1Value":10.0, "surface2Type":255, "surface2TypeName":"Missing", "surface2Value":0.0, "gridDefinitionTemplate":0, "gridDefinitionTemplateName":"Latitude_Longitude", "numberPoints":65160, "shape":6, "shapeName":"Earth spherical with radius of 6,371,229.0 m", "gridUnits":"degrees", "resolution":48, "winds":"true", "scanMode":0, "nx":360, "ny":181, "basicAngle":0, "lo1":0.0, "la1":90.0, "lo2":359.0, "la2":-90.0, "dx":1.0, "dy":1.0 }, "data":
[rows 74 to 110 of 181, columns 249 to 331 of 360]
2.31,4.6,5.58,5.47,7.06,6.26,4.11,3.25,5.05,5.21,3.49,2.25,-0.04,-1.86,-1.47,-1.68,-5.86,-2.05,0.38,-1.82,0.28,0.56,-0.55,3.52,2.21,2.13,2.53,0.54,-1.99,-3.14,-3.37,-3.23,-2.62,-2.25,-1.78,-2.65,-2.28,0.65,5.38,7.05,6.1,6.83,5.88,5.05,3.73,2.35,1.37,1.06,1.49,1.84,2.24,1.59,1.54,1.31,0.89,0.56,0.28,0.15,-0.06,-0.55,-0.54,-0.47,-0.64,-0.87,-1.23,-0.19,-1.59,-2.74,-3.68,-3.48,-3.54,-2.49,-2.21,-2.47,-1.64,-1.37,-1.76,-2.64,-3.6,-4.68,-5.54,-6.02,-5.93
5.82,6.25,5.79,5.43,6.23,6.21,4.92,4.56,4.44,4.95,4.39,3.02,2.17,1.25,0.14,-0.53,-1.36,-1.3,-2.27,-1.5,0.34,-0.27,0.89,0.82,0.67,0.32,-0.09,0.2,-1.66,-2.73,-3.1,-3.27,-3.14,-2.94,-2.55,-3.84,-2.69,0.11,5.01,4.69,5.65,6.04,5.66,5.01,3.89,2.59,1.98,1.21,1.01,1.35,1.54,0.6,0.72,0.46,0.23,0.16,0.21,-0.01,-0.51,-0.83,-1.09,-1.56,-1.44,-1.69,-0.75,-1.38,-2.17,-2.95,-3.54,-3.4,-3.73,-2.98,-2.43,-3.1,-1.76,-1.32,-1.49,-2.29,-3.35,-3.95,-4.5,-5.23,-5.6
3.92,2.89,3.5,4.75,5.36,5.04,3.08,2.32,3.92,3.34,2.06,2.06,1.54,1.55,2.42,1.44,0.71,0.48,1.94,-2.04,-1.4,-2.16,-0.8,-1.98,-1.52,-0.88,-0.35,-0.75,-2.12,-2.16,-2.64,-2.92,-3.29,-3.5,-3.32,-4.42,-2.96,-0.51,3.97,1.94,3.85,4.9,4.87,4.35,3.33,2.73,2.11,1.32,1.12,1.42,0.8,1.46,0.43,0.12,-0.13,0.08,-0.43,-0.73,-0.84,-1.1,-1.46,-1.68,-2.06,-1.58,-1.69,-2.11,-2.91,-3.58,-3.59,-4.07,-3.16,-3.46,-2.93,-3.35,-1.6,-0.85,-1.13,-1.83,-2.7,-3.6,-3.9,-4.03,-4.25
5.35,5.91,5.57,5.39,5.74,4.22,2.71,2.78,3.36,3.66,3.95,2.3,0.0,0.23,-0.04,0.24,-0.79,-0.58,-0.13,1.6,2.21,1.13,-1.47,-1.5,-0.78,-1.64,-1.08,-0.58,-2.68,-1.99,-2.1,-2.36,-2.81,-3.29,-3.73,-2.68,-2.19,1.76,2.09,-0.71,0.6,3.19,3.41,3.13,2.73,2.28,1.56,1.27,1.14,0.57,-0.15,0.47,0.9,-0.37,-0.64,-0.97,-0.82,-1.16,-1.69,-1.81,-1.8,-2.06,-2.03,-2.21,-2.24,-2.19,-2.81,-3.26,-3.12,-3.76,-3.44,-3.76,-3.27,-3.13,-1.82,-0.9,-0.23,-1.22,-1.92,-2.44,-2.83,-3.22,-3.22
5.81,5.16,6.13,6.27,6.28,5.29,4.74,4.34,4.37,3.96,2.37,0.16,0.1,-0.4,-0.03,-0.71,-1.65,-1.53,-1.38,-1.02,-0.06,0.6,1.65,0.11,-0.49,-0.55,-2.08,-0.68,-1.19,-1.22,-1.23,-2.38,-2.29,-2.33,-2.08,-2.62,-1.54,0.47,1.94,-1.25,-2.8,2.51,4.44,3.0,2.68,2.32,2.2,1.61,0.68,-0.37,-0.17,0.21,-0.28,-0.61,-0.22,-0.76,-1.35,-1.68,-1.97,-1.55,-1.88,-2.24,-2.78,-3.01,-2.71,-2.51,-2.85,-2.33,-2.98,-4.28,-3.6,-3.92,-3.34,-1.99,-0.7,-0.04,-1.07,-0.71,-1.1,-1.84,-2.23,-2.53,-2.64
6.83,6.91,6.72,6.74,6.19,5.78,4.87,5.15,4.7,4.07,3.37,1.85,1.39,0.05,-0.27,-1.17,-2.45,-1.37,-0.94,-1.66,-0.47,0.89,1.45,1.37,-1.19,-0.84,1.55,0.26,0.27,-0.93,-2.11,-1.18,-1.6,-1.52,-1.14,1.7,5.72,0.7,2.12,0.92,0.64,1.97,0.93,0.54,1.19,3.42,2.1,1.18,1.46,0.02,0.26,-0.8,-0.37,-0.34,-1.27,-1.71,-1.85,-2.19,-1.83,-2.05,-2.61,-2.61,-1.33,-0.47,-0.44,-1.55,-1.69,-1.86,-3.02,-3.25,-2.92,-2.95,-3.11,-2.19,-0.9,0.05,-0.11,-1.1,-1.04,-1.26,-1.72,-1.94,-2.06
7.75,7.59,7.2,7.61,8.0,8.14,7.28,6.12,4.51,3.54,3.24,2.98,1.46,1.24,0.39,-1.06,-2.76,-3.8,-3.48,-1.6,1.03,1.6,1.41,0.88,1.03,-1.59,-1.03,0.85,1.29,-0.79,-0.01,1.37,1.07,1.25,4.4,5.5,2.27,0.8,0.42,0.63,0.56,1.77,1.04,0.17,-0.94,1.22,1.72,1.05,-0.43,1.04,-0.97,-1.57,-1.15,-0.64,-0.32,-1.14,-0.84,-1.34,-0.22,-0.27,-0.98,-1.79,-1.49,-1.84,-2.03,-1.77,-1.46,-2.27,-2.58,-2.37,-1.38,-2.65,-3.02,-2.29,-1.87,-1.14,-0.21,0.1,0.15,-0.23,-0.47,-0.75,-1.05
8.82,8.63,9.36,9.8,8.88,7.4,6.62,5.37,4.72,3.4,3.09,2.9,1.74,1.78,0.69,-1.18,-1.86,-2.29,-2.53,-0.15,1.48,2.36,2.73,1.83,1.89,1.21,1.95,1.4,-0.78,2.37,2.06,1.17,1.43,1.89,5.34,3.98,1.21,0.64,0.03,0.93,0.2,-0.87,-0.95,-0.95,-1.23,-0.62,0.54,-0.46,0.39,0.63,0.4,-0.68,-0.48,-0.67,-0.98,-1.17,-0.74,-0.47,-0.21,-0.63,-0.4,0.28,-0.75,-1.17,-1.83,-1.84,-1.84,-1.52,-0.47,-1.15,-2.23,-2.22,-1.88,-2.18,-1.99,-1.42,-1.22,-0.97,-0.7,-0.47,-0.14,-0.36,-0.54
9.79,9.65,9.45,8.8,7.84,6.71,6.0,5.43,4.72,4.68,3.52,3.55,3.72,2.18,1.01,0.8,-0.25,-0.84,0.04,0.85,1.36,2.53,2.95,3.23,2.75,1.67,2.24,1.87,0.13,-0.57,1.25,1.54,1.28,1.13,2.4,0.7,1.14,0.12,1.17,0.99,-0.67,-1.11,-0.77,-0.44,0.24,0.52,0.79,0.47,0.66,0.88,0.82,1.02,0.76,-0.62,-1.09,-0.75,-0.17,-0.11,-0.11,0.68,0.58,-0.01,0.03,-1.78,-2.05,-1.62,-0.89,-0.97,-0.8,-0.71,-1.03,-1.75,-0.87,-0.79,-0.44,0.13,-0.5,-0.81,-1.38,0.03,-0.51,-0.68,-0.99
9.0,8.76,8.76,7.95,7.26,6.62,6.0,5.63,5.18,4.81,5.04,5.3,4.71,3.92,3.53,3.23,2.74,1.84,2.36,2.46,3.22,3.87,4.89,4.99,4.35,3.59,3.97,3.17,3.36,2.46,1.18,3.82,5.42,2.81,1.1,1.02,1.26,0.49,0.34,-0.5,-0.28,-1.28,-0.61,-0.81,1.36,1.53,0.95,0.5,0.97,0.22,0.27,0.8,-0.13,-1.61,-1.01,0.03,0.59,0.67,1.07,0.41,1.05,0.87,0.36,1.0,2.48,1.07,-0.1,-0.61,-0.21,-0.16,-0.28,-0.07,1.0,1.02,1.07,2.77,2.12,1.34,0.31,0.53,0.59,-0.77,-0.61
8.24,8.06,7.57,7.41,7.17,6.48,6.4,5.93,6.03,6.32,6.55,6.52,6.37,5.83,6.1,5.16,4.64,4.91,4.66,5.76,6.8,7.5,8.12,7.46,6.89,6.93,6.44,7.08,6.31,6.82,7.11,7.0,5.48,5.49,0.58,0.35,0.54,1.21,1.33,-0.44,-0.45,-0.1,-0.28,1.17,1.16,1.06,-0.11,0.68,0.59,-0.52,0.9,0.04,0.07,0.2,1.02,1.65,1.94,2.92,2.57,1.78,1.95,1.55,2.08,2.67,2.6,2.31,1.33,1.51,0.83,0.95,0.78,0.69,0.21,1.96,3.28,3.62,3.54,2.73,2.3,1.36,0.16,-0.06,-0.18
7.44,7.77,7.83,7.53,7.16,6.57,6.15,6.79,7.16,7.92,7.91,7.42,7.8,7.99,7.54,7.49,6.84,6.34,6.5,7.35,8.53,8.51,8.25,7.56,7.35,7.29,7.07,6.84,6.53,6.51,6.27,6.05,5.58,3.82,0.15,0.13,1.56,0.95,-1.4,0.5,0.19,0.24,0.25,0.75,0.23,-0.22,-0.3,0.24,0.77,-0.49,-0.35,-1.37,-1.11,-0.79,0.16,0.54,0.83,0.94,1.59,4.38,3.51,3.05,3.29,3.12,3.25,3.63,2.01,1.27,1.87,1.97,2.32,3.56,3.3,2.56,3.12,2.96,2.98,3.15,3.09,3.09,2.82,2.88,2.96
7.5,6.97,6.85,7.33,6.91,6.71,6.71,7.44,7.92,8.17,8.18,8.22,8.44,8.14,8.37,8.43,8.12,8.52,7.75,8.57,8.17,8.24,8.25,8.15,7.89,7.18,6.78,6.67,6.25,5.97,5.61,5.19,4.37,3.05,0.51,1.0,-0.19,0.37,0.8,0.53,0.1,-0.13,-0.23,-0.51,-0.79,-0.44,-0.63,-0.63,-0.83,-1.06,-1.61,-2.18,-2.27,-1.42,-0.42,0.28,0.47,0.59,1.0,1.04,2.44,2.18,1.86,1.96,1.96,2.05,2.21,2.35,2.1,2.45,2.88,3.34,3.54,3.41,3.16,2.93,2.88,3.17,3.45,3.83,4.1,3.8,3.3
6.86,6.82,7.01,7.26,7.11,7.27,7.15,6.94,6.88,7.74,7.72,7.58,7.84,8.52,8.27,8.19,8.81,8.9,8.74,8.51,8.33,8.35,7.92,7.33,7.3,6.7,6.46,6.44,6.41,6.13,5.2,4.17,3.32,3.36,0.68,0.48,-0.64,-0.16,-1.35,-0.86,-0.45,-0.67,-0.64,-1.18,-0.87,0.16,-0.75,-0.3,-0.79,-0.97,-2.65,-2.59,-2.09,-0.65,-0.26,-0.09,0.54,0.69,0.9,0.62,0.9,1.73,1.32,1.31,1.51,1.64,1.76,1.91,2.27,2.48,2.63,2.88,2.92,2.54,2.54,2.86,3.14,3.29,3.53,3.36,3.27,3.45,3.48
6.94,6.82,6.74,6.78,6.3,6.82,6.6,6.63,6.69,6.19,6.01,7.34,8.09,8.74,9.01,8.53,8.6,9.05,8.94,7.5,7.75,7.96,8.22,7.94,7.35,7.17,7.29,6.38,6.58,6.37,5.31,3.66,2.05,0.37,0.15,-0.09,-0.09,-0.36,-1.07,-1.06,-0.99,-0.82,-0.84,-0.58,-0.82,-0.17,-0.25,-0.28,-1.37,-0.88,-0.84,-2.41,-1.09,-0.57,0.17,0.37,0.29,0.32,0.37,0.51,0.37,1.56,1.13,1.11,1.28,1.49,1.76,1.74,1.91,2.21,2.27,2.22,2.29,2.28,2.14,2.65,2.94,3.04,3.38,3.58,3.65,3.57,3.63
6.45,6.59,6.13,6.05,5.71,5.2,5.16,5.56,5.36,5.44,5.74,5.5,5.14,5.24,6.17,6.86,7.58,7.72,7.9,5.76,6.56,6.94,6.98,7.25,7.39,7.67,7.49,7.21,6.43,5.88,4.89,4.27,-0.14,0.65,-0.33,-0.64,-0.96,-1.18,-0.68,-1.37,-1.07,-0.99,-0.94,-0.81,-0.44,-0.81,-0.26,-0.9,-0.99,-1.21,-1.03,-0.98,-0.66,-0.15,-0.02,-0.14,0.16,-0.02,-0.28,-0.08,-0.26,-0.03,0.34,0.59,0.57,0.49,0.84,1.44,1.6,2.1,2.6,2.71,2.32,2.04,1.86,1.9,1.99,2.25,2.8,3.31,3.39,3.26,3.17
5.08,5.46,5.06,4.77,5.38,5.33,4.49,3.78,4.58,5.02,4.54,4.13,4.79,5.36,4.76,4.43,4.16,4.85,5.45,6.74,5.41,6.14,6.56,6.35,7.13,7.31,7.33,7.15,6.79,6.09,4.49,0.58,-0.44,0.53,-0.81,-0.77,-1.19,-1.1,-0.44,-1.44,-0.82,-0.79,-0.82,-0.33,-0.44,-0.34,-0.39,-0.42,-0.25,-0.16,-0.4,-0.24,-0.24,-0.34,-0.36,-0.34,-0.32,-0.63,-0.57,-0.85,-1.7,-1.11,-0.95,-0.32,0.23,0.54,0.45,0.63,1.59,2.28,3.06,3.61,3.14,2.69,2.29,1.93,1.64,1.87,2.26,2.73,2.7,2.68,2.67
4.62,4.72,4.58,4.3,4.27,4.76,4.36,4.28,4.82,4.43,3.76,4.69,4.43,4.72,4.96,5.32,5.03,4.25,4.61,4.78,3.77,5.51,5.91,6.2,6.49,6.68,6.62,6.99,7.08,6.03,4.25,-1.1,0.08,-0.5,-0.64,-1.17,-1.12,-1.17,-1.06,-1.06,-0.86,-0.64,-0.32,0.0,0.2,0.12,-0.1,-0.3,-0.38,-0.52,-0.6,-0.17,-0.11,-0.4,-0.68,-0.84,-1.01,-1.03,-0.96,-1.27,-1.14,-0.96,-1.05,-0.21,-0.08,0.27,1.03,0.92,1.84,2.66,3.25,3.8,3.79,3.33,3.12,2.54,2.06,2.01,2.12,2.04,1.93,2.12,2.22
3.9,4.06,4.78,4.31,3.63,4.03,4.24,4.68,4.23,4.47,4.36,4.42,4.63,4.75,5.61,5.92,4.6,5.25,5.07,4.98,4.99,4.91,5.76,5.89,5.96,6.39,6.46,6.34,6.02,5.87,1.8,0.64,-0.58,-0.08,-0.79,-1.1,-0.78,-0.6,-0.77,-1.2,-0.91,-0.6,-0.05,0.35,0.42,0.26,0.5,0.71,0.08,-0.71,-0.22,-0.07,-0.17,-0.36,-0.56,-0.8,-1.06,-1.22,-0.92,-1.22,-1.12,-0.92,-1.02,-0.79,-0.68,-0.38,-0.15,0.38,1.35,2.7,3.77,4.3,4.66,4.47,4.05,3.44,3.21,2.41,2.45,2.59,2.29,2.37,2.47
4.23,3.89,3.92,4.22,4.28,3.68,3.53,3.42,3.23,3.57,4.23,4.33,4.42,4.42,5.1,4.91,5.59,5.28,4.83,4.77,4.96,4.8,5.6,5.53,6.1,6.37,6.5,6.86,7.11,7.98,1.91,-2.68,-0.48,-0.58,-0.8,-0.66,-0.73,-0.83,-1.02,-0.44,-0.55,-0.24,-0.01,0.09,0.25,0.57,0.58,0.57,0.57,0.52,0.27,-0.31,-0.59,-0.61,-0.47,-0.73,-0.82,-1.05,-1.3,-1.45,-1.29,-1.16,-1.17,-1.03,-1.0,-0.88,-0.84,0.02,0.11,-0.03,1.79,2.45,6.69,6.35,5.58,4.68,3.25,2.57,2.22,2.52,2.18,1.82,2.16
4.01,3.69,3.75,3.75,3.5,3.56,3.06,3.4,3.45,3.5,3.33,3.2,3.83,4.02,4.32,4.8,4.96,5.05,5.37,4.93,5.05,4.88,5.26,5.87,5.89,6.1,6.09,5.74,7.25,9.23,-0.06,0.22,-0.38,-0.01,-0.29,-0.51,-0.56,-0.47,-0.42,-0.24,-0.55,-0.89,-0.6,-0.34,-0.23,0.38,0.29,0.18,0.67,0.55,0.84,0.27,-0.27,-0.37,-0.33,-0.35,-0.92,-1.33,-1.38,-1.41,-1.34,-1.62,-1.13,-0.83,-0.79,-1.05,-0.72,0.45,0.86,1.08,1.14,1.69,2.74,6.35,7.66,6.55,4.64,3.08,2.27,2.0,1.87,1.99,1.97
3.98,3.45,3.44,3.39,3.3,3.06,2.78,2.8,3.18,3.31,3.42,3.09,3.04,3.56,4.07,4.21,4.29,4.47,4.93,5.14,5.22,5.53,5.36,5.66,5.88,5.65,5.7,5.16,5.39,6.34,4.44,-0.45,-0.22,0.42,-0.2,-0.5,-0.38,-0.58,-0.21,-0.53,-0.44,-0.78,-0.85,-0.16,0.39,0.72,0.4,0.55,0.42,0.01,-0.14,0.19,0.26,0.38,0.38,-0.36,-1.02,-1.23,-1.43,-1.55,-1.61,-1.68,-1.67,-1.84,-1.82,-1.38,-0.98,0.43,1.23,1.55,1.54,1.64,2.4,3.12,5.38,4.75,6.33,3.61,2.99,2.52,2.77,2.72,3.15
3.8,3.52,3.16,3.16,3.32,2.97,2.81,2.72,2.9,3.01,3.17,3.43,3.31,3.48,3.7,4.01,4.52,4.46,4.2,4.38,4.69,4.79,4.81,4.87,5.11,5.25,5.16,5.12,5.26,5.02,5.48,3.1,0.19,0.39,0.14,0.03,-0.4,-0.52,-0.15,-0.38,-0.24,-0.64,-0.56,-0.13,0.74,0.2,0.17,0.29,-0.14,-0.31,-0.14,0.27,0.57,0.71,0.64,-0.2,-0.76,-0.9,-1.43,-1.52,-1.42,-1.52,-2.32,-2.05,-1.74,-1.76,-1.17,-0.02,0.44,1.3,1.17,1.14,1.17,3.14,4.74,4.27,6.47,4.83,3.05,2.72,2.31,2.85,3.1
3.49,3.26,3.12,3.05,2.78,2.92,2.96,2.98,2.87,2.95,3.0,2.95,2.89,3.16,3.47,3.68,3.66,3.62,3.97,4.41,4.14,4.21,3.86,4.23,4.39,4.34,4.38,4.73,5.53,5.6,5.19,5.5,0.26,-1.11,-0.46,-0.02,-0.24,-0.24,-0.38,-0.27,-0.21,-0.2,-0.52,-0.72,-1.25,-1.17,-0.55,-0.37,-0.37,-0.62,-0.66,0.01,0.45,0.56,0.09,-0.42,-0.4,-0.75,-1.44,-1.22,-1.19,-1.64,-2.31,-2.7,-2.18,-1.67,-1.22,-0.75,0.39,1.15,0.55,0.12,0.84,0.97,5.67,3.43,3.76,4.47,3.15,2.44,2.55,2.42,2.86
3.06,3.1,3.0,2.93,2.81,2.7,2.86,3.07,3.03,3.19,3.22,2.93,3.09,3.08,2.99,3.07,3.56,3.58,3.82,4.03,3.83,3.65,3.79,3.97,4.5,4.61,4.52,4.79,5.61,5.61,5.32,4.99,2.18,0.6,0.55,0.1,-0.47,-0.7,-0.52,-0.5,-0.7,-0.2,-0.64,-0.75,-1.29,-0.9,-0.58,-0.35,-0.32,-0.36,-0.25,-0.32,-0.27,0.1,-0.1,-0.62,-0.29,-1.15,-1.11,-1.33,-1.09,-1.69,-1.25,-1.36,-2.2,-2.45,-1.74,-0.9,0.6,0.68,1.63,1.31,0.81,0.38,1.14,1.66,1.77,2.36,1.98,1.83,2.11,2.4,2.26
2.33,2.46,2.76,2.91,2.92,2.96,2.68,2.78,2.98,2.99,2.86,2.88,2.99,3.14,2.81,2.69,2.87,3.36,3.63,3.86,3.99,3.9,4.13,4.18,4.16,4.6,4.93,5.1,5.52,5.84,5.69,5.61,5.17,-1.93,-0.22,-0.16,-0.36,-0.3,-0.31,-0.83,-0.98,-0.58,-0.48,-0.33,-1.34,-1.55,-1.25,-1.19,-0.8,-0.63,-0.52,0.06,0.73,0.54,0.24,-0.31,-0.47,-0.72,-0.98,-1.1,-1.34,-0.64,-0.99,-1.2,-2.71,-1.58,-1.09,-0.39,0.35,0.63,0.63,-0.19,0.18,0.68,0.09,0.33,1.28,1.54,1.54,1.57,1.38,1.49,1.16
2.89,2.65,2.72,2.9,2.8,2.63,2.49,2.55,2.67,2.8,3.1,3.52,3.4,3.23,3.22,3.0,2.97,3.22,3.42,3.71,3.96,4.03,4.39,4.6,4.8,5.05,5.09,5.18,5.43,5.59,5.74,5.81,6.05,0.68,-2.17,0.77,0.25,-0.19,-0.23,-0.42,-0.68,-0.88,-0.76,-0.82,-1.19,-2.07,-2.14,-2.13,-1.73,-0.93,-0.79,-0.55,-0.18,0.51,0.09,0.0,-0.05,-0.84,-0.19,-0.52,-0.19,0.66,-0.47,-1.57,-1.64,-2.12,-1.36,-0.82,-1.02,-1.82,-0.23,-0.11,-0.93,-0.55,0.15,-0.21,0.85,1.41,0.92,0.83,0.78,0.81,0.56
3.07,2.71,2.63,3.06,3.3,3.06,2.87,2.76,2.92,2.9,2.98,3.17,3.3,3.08,3.04,3.07,3.11,3.11,3.47,3.68,4.08,4.33,4.44,4.54,4.83,5.18,5.21,5.4,5.89,6.12,6.0,5.98,6.31,6.07,-0.77,-0.93,0.85,0.11,-0.79,-0.6,-0.95,-0.98,-1.01,-0.94,-1.28,-1.63,-2.16,-2.45,-2.23,-1.76,-0.74,-0.28,-0.39,-0.37,0.48,0.19,-0.55,-0.42,0.0,0.32,1.46,0.1,0.49,-1.89,-3.12,-2.4,-1.89,-2.35,-2.3,1.27,-0.41,-1.6,-0.99,-1.75,-0.95,-0.63,-0.2,0.25,0.68,0.56,0.53,0.5,0.56
2.85,2.84,2.41,2.38,2.69,2.94,3.03,3.13,3.11,2.93,2.59,2.48,2.72,2.92,3.11,3.19,3.35,3.57,3.76,3.94,4.35,4.62,4.81,4.92,5.01,4.92,5.18,5.75,6.13,6.72,6.73,6.21,6.37,6.27,2.32,-0.91,-0.57,0.27,0.32,-0.53,-0.76,-0.65,-0.81,-0.66,-1.08,-1.76,-2.19,-1.89,-2.06,-2.75,-0.67,-0.79,-1.2,-0.16,-0.46,-1.07,-1.14,-0.69,-0.56,-0.07,2.28,0.6,1.04,-0.4,-2.97,-3.75,-2.55,-3.07,-0.9,0.4,-0.71,-1.82,-1.79,-1.58,-2.74,-2.32,-1.54,-0.54,-0.31,-0.05,-0.06,-0.28,-0.42
2.15,2.46,2.54,2.45,2.63,2.68,3.14,3.39,3.22,3.06,2.88,2.68,2.5,2.8,3.06,3.27,3.39,3.57,3.75,3.97,4.19,4.37,4.55,4.85,5.19,5.41,5.65,5.63,6.5,6.83,7.39,7.13,6.95,7.08,7.18,-1.18,-0.53,0.93,0.58,0.03,0.51,0.21,-0.67,-2.19,-2.49,-2.89,-2.55,-3.53,-2.6,-2.49,-2.88,-1.58,-1.41,-1.59,-1.2,-2.82,-1.06,-0.39,0.06,0.45,2.44,2.3,2.26,1.26,-1.52,-4.94,-4.01,-2.63,-1.15,-2.62,-1.82,-1.89,-1.3,-4.13,-3.98,-3.71,-3.23,-2.49,-1.82,-1.54,-1.55,-1.65,-2.0
1.72,1.92,2.14,2.08,2.07,2.41,2.41,2.35,2.36,2.51,2.65,2.7,2.74,2.75,3.01,3.22,3.33,3.51,3.68,3.86,4.08,4.21,4.35,4.63,4.82,5.44,5.77,6.01,6.13,6.98,7.21,7.82,7.74,7.96,9.47,3.06,0.83,-0.55,0.37,-0.09,-0.55,-1.85,-0.62,-1.24,-2.43,-3.39,-3.06,-2.87,-2.4,-2.46,-1.94,-1.74,-3.2,-4.38,-2.79,-2.41,-2.18,-2.36,-1.54,0.54,2.39,1.51,1.8,-0.23,2.06,-3.24,-3.21,-2.01,-1.61,-1.45,-2.85,-1.82,-2.76,-5.15,-5.03,-4.45,-3.83,-3.51,-3.29,-3.18,-2.82,-3.08,-2.82
1.37,1.29,1.33,1.45,1.66,1.97,2.19,2.39,2.73,2.77,2.78,2.85,2.93,3.01,3.03,2.96,3.13,3.25,3.25,3.37,3.69,4.04,4.24,4.5,4.86,5.3,5.47,5.97,6.3,6.63,7.28,7.56,8.11,8.09,8.28,8.73,3.41,-2.5,-2.03,-1.46,-1.5,-0.34,-1.32,0.61,0.83,-1.62,-2.57,-2.48,-2.57,-2.67,-2.3,-2.93,-2.5,-3.44,-3.11,-3.04,-3.36,-3.51,-1.08,-0.61,1.57,-0.52,-0.53,-0.29,1.01,-0.08,-2.72,-1.73,-1.46,-3.1,-3.36,-3.58,-3.49,-6.65,-6.23,-5.79,-5.3,-4.57,-3.99,-3.78,-3.93,-4.19,-3.95
1.79,1.7,1.64,1.66,1.64,1.85,2.11,2.35,2.63,2.92,2.91,2.62,2.66,2.78,2.8,2.92,3.12,3.17,3.21,3.35,3.31,3.49,3.82,4.2,4.54,5.03,5.41,5.75,6.17,6.44,6.86,7.35,7.55,7.94,7.83,7.77,6.97,3.9,0.42,-1.69,0.52,1.26,-0.82,-0.14,0.54,0.64,-1.34,-1.9,-2.36,-3.2,-4.4,-3.26,-3.59,-2.52,-4.48,-3.75,-3.8,-1.99,-0.18,1.27,0.99,0.0,-1.14,-1.64,-0.94,0.74,-1.08,-2.05,-1.74,-4.22,-2.05,-5.68,-3.32,-7.77,-7.16,-6.77,-6.32,-5.72,-5.07,-4.57,-4.73,-4.67,-4.17
0.8,1.02,1.34,1.87,1.98,2.22,2.27,2.45,2.65,2.8,2.85,2.91,2.81,2.72,2.79,2.74,2.79,2.89,3.08,2.99,3.01,3.32,3.65,3.98,4.32,4.67,5.13,5.39,5.8,6.25,6.56,6.97,7.27,7.28,7.41,7.14,6.51,5.98,5.83,2.54,-0.85,1.66,-1.45,-2.08,-1.1,-1.2,-0.02,-0.86,-1.5,-4.24,-4.51,-3.67,-1.58,-4.1,-2.55,-3.27,-3.64,-3.63,-1.57,-0.44,0.5,-1.14,-1.69,-0.86,-0.94,-1.23,0.24,-0.91,-0.4,-2.19,-2.83,-4.7,-6.7,-8.69,-8.17,-7.58,-6.72,-6.02,-5.64,-5.6,-5.35,-5.2,-5.17
0.09,0.2,0.41,0.89,1.53,2.01,2.37,2.45,2.57,2.62,2.74,2.98,3.02,2.98,2.81,2.75,2.84,3.07,3.22,3.33,3.19,3.42,3.33,3.79,4.29,4.64,4.99,5.17,5.33,5.74,6.32,6.65,6.85,6.91,6.99,6.84,6.38,6.01,5.95,5.31,2.26,-0.04,0.37,-2.9,-1.7,-2.85,-1.49,-4.98,-4.7,-2.26,-3.91,-3.71,-2.53,-2.82,-2.33,-3.86,-2.9,-3.2,-2.98,-2.55,-2.32,-1.38,-1.15,-0.35,0.04,0.83,1.82,1.34,-1.22,-1.24,-3.0,-4.11,-8.5,-9.41,-9.19,-8.34,-7.44,-7.33,-7.0,-6.6,-6.27,-6.15,-5.28
0.29,0.69,0.88,1.25,1.7,1.94,2.02,2.11,2.3,2.58,2.73,2.9,3.0,2.89,2.84,2.92,3.07,2.96,3.03,2.95,2.94,3.26,3.66,3.83,4.15,4.53,4.75,4.95,5.26,5.52,5.69,6.18,6.44,6.51,6.56,6.59,6.47,6.26,6.0,5.96,6.52,0.97,-1.12,-1.35,-2.09,-0.89,-1.23,-0.62,-0.96,-2.51,-2.46,-3.13,-2.55,-2.69,0.02,-2.66,-2.61,-2.98,-3.26,-1.93,-0.29,-0.37,0.57,-0.22,0.39,0.44,1.59,0.21,-0.42,-0.65,-2.1,-2.98,-8.25,-9.11,-9.07,-9.11,-9.23,-8.14,-7.93,-7.93,-7.22,-6.48,-6.93
-0.61,-0.16,0.68,1.3,1.74,2.05,2.01,1.9,1.97,2.27,2.53,2.78,2.86,2.8,2.72,2.76,2.82,2.89,2.91,3.09,3.14,3.01,3.3,3.7,3.93,4.2,4.43,4.52,4.62,5.08,5.6,5.69,5.95,6.03,6.28,6.52,6.31,6.24,6.06,5.79,6.31,-0.02,-3.55,-1.43,-3.33,-1.67,-1.28,-0.78,-1.1,-0.88,-2.09,-2.83,-2.0,-2.0,-0.9,-0.65,-1.82,-1.57,-1.91,-1.24,-0.24,0.28,-0.42,-0.33,0.38,1.99,1.12,-0.1,-1.16,-1.39,-1.75,-4.77,-8.44,-9.54,-9.43,-9.52,-9.27,-9.86,-9.07,-8.88,-8.78,-9.34,-8.17
