raw-data/2018091518.json
{"header": { "discipline":0, "disciplineName":"Meteorological products", "gribEdition":2, "gribLength":74191, "center":7, "centerName":"US National Weather Service - NCEP(WMC)", "subcenter":0, "refTime":"2018-09-15T18:00:00.000Z", "significanceOfRT":1, "significanceOfRTName":"Start of forecast", "productStatus":0, "productStatusName":"Operational products", "productType":1, "productTypeName":"Forecast products", "productDefinitionTemplate":0, "productDefinitionTemplateName":"Analysis/forecast at horizontal level/layer at a point in time", "parameterCategory":2, "parameterCategoryName":"Momentum", "parameterNumber":3, "parameterNumberName":"V-component_of_wind", "parameterUnit":"m.s-1", "genProcessType":2, "genProcessTypeName":"Forecast", "forecastTime":0, "surface1Type":103, "surface1TypeName":"Specified height level above ground", "surface1Value":10.0, "surface2Type":255, "surface2TypeName":"Missing", "surface2Value":0.0, "gridDefinitionTemplate":0, "gridDefinitionTemplateName":"Latitude_Longitude", "numberPoints":65160, "shape":6, "shapeName":"Earth spherical with radius of 6,371,229.0 m", "gridUnits":"degrees", "resolution":48, "winds":"true", "scanMode":0, "nx":360, "ny":181, "basicAngle":0, "lo1":0.0, "la1":90.0, "lo2":359.0, "la2":-90.0, "dx":1.0, "dy":1.0 }, "data":
[rows 0 to 25 of 181, columns 0 to 57 of 360]
6.9522924,7.0622926,7.1622925,7.2622924,7.3622923,7.4622927,7.5622926,7.6522923,7.7422924,7.8322926,7.9122925,8.002293,8.082293,8.1622925,8.232292,8.302293,8.382293,8.442292,8.512293,8.572292,8.632293,8.692292,8.752293,8.802293,8.852292,8.902292,8.942292,8.982292,9.022292,9.062292,9.092293,9.1222925,9.152292,9.172293,9.202292,9.222293,9.232292,9.252293,9.262293,9.272292,9.272292,9.282292,9.282292,9.272292,9.272292,9.262293,9.252293,9.232292,9.222293,9.202292,9.172293,9.152292,9.1222925,9.092293,9.052293,9.022292,8.982292,8.942292
8.592293,8.6622925,8.722293,8.782292,8.852292,8.9122925,8.952292,9.002293,9.052293,9.092293,9.132293,9.1622925,9.192292,9.222293,9.242292,9.262293,9.282292,9.292293,9.312292,9.322292,9.322292,9.322292,9.322292,9.322292,9.322292,9.312292,9.302293,9.302293,9.282292,9.272292,9.262293,9.252293,9.232292,9.212293,9.202292,9.172293,9.1622925,9.132293,9.112292,9.092293,9.072292,9.052293,9.022292,9.002293,8.972293,8.952292,8.922293,8.902292,8.8722925,8.842293,8.822292,8.792293,8.762293,8.732292,8.702292,8.672293,8.632293,8.592293
8.542293,8.512293,8.482292,8.442292,8.402292,8.362292,8.302293,8.232292,8.172293,8.1222925,8.062292,8.012293,7.9622927,7.9122925,7.8722925,7.8422923,7.8122926,7.7722926,7.7322927,7.7122927,7.6822925,7.6622925,7.6422925,7.6422925,7.6222925,7.6222925,7.6122923,7.6022925,7.5822926,7.5722923,7.5522923,7.5322924,7.5022926,7.4822927,7.4522924,7.4322925,7.4022923,7.3822923,7.3622923,7.3522925,7.3422923,7.3322926,7.3222923,7.3122926,7.2922926,7.2822924,7.2722926,7.2422924,7.2222924,7.1922927,7.1622925,7.1322923,7.0922923,7.0422926,6.9922924,6.9322925,6.8722925,6.8122926
5.9522924,5.9222927,5.9022923,5.9122925,5.9122925,5.8822923,5.8722925,5.9022923,5.9022923,5.8922925,5.9022923,5.9122925,5.9022923,5.8822923,5.8722925,5.8522925,5.8522925,5.8522925,5.8522925,5.8822923,5.9222927,5.9322925,5.9422927,5.9722924,6.0022926,6.0222926,6.0322924,6.0422926,6.0422926,6.0422926,6.0222926,6.0122924,5.9922924,5.9722924,5.9422927,5.9022923,5.8722925,5.8522925,5.8122926,5.7622924,5.7122927,5.6622925,5.6222925,5.5622926,5.5022926,5.4522924,5.4022923,5.3322926,5.3022923,5.2722926,5.2322927,5.2022924,5.2122927,5.2222924,5.2322927,5.2222924,5.2022924,5.1722927
4.4022923,4.4022923,4.4022923,4.3922925,4.3822923,4.3522925,4.3422923,4.3422923,4.3222923,4.2922926,4.2722926,4.2522926,4.2522926,4.2722926,4.3522925,4.4422927,4.5222926,4.6022925,4.6322923,4.6322923,4.6022925,4.5822926,4.5622926,4.5522923,4.5622926,4.5922923,4.6422925,4.7422924,4.8322926,4.8722925,4.9022923,4.8722925,4.7922926,4.6422925,4.4022923,4.1122923,3.8922925,3.7222924,3.6322925,3.6422925,3.7022924,3.8122926,3.8922925,3.9422925,3.9922924,4.0222926,4.0522923,4.0822926,4.0722923,4.0722923,4.0722923,4.0222926,3.9922924,3.9822924,3.9822924,3.9622924,3.9422925,3.9222925
4.2922926,4.1922927,4.1122923,4.0422926,3.9422925,3.8522925,3.8022926,3.7422924,3.6222925,3.5522926,3.4622924,3.3522925,3.2222924,3.0822926,2.9422925,2.8522925,2.7922926,2.7322924,2.7222924,2.7322924,2.7422924,2.7722924,2.7822924,2.8022926,2.8022926,2.8022926,2.7822924,2.7322924,2.6722925,2.6022925,2.5722926,2.5822926,2.6622925,2.8222926,3.0422926,3.2622924,3.4222925,3.5022924,3.4822924,3.4222925,3.3422925,3.2422924,3.1822925,3.0722926,3.0322924,3.0122924,2.9922924,2.9522924,2.9222925,2.9122925,2.8522925,2.7722924,2.6622925,2.5222924,2.4322925,2.3222926,2.2222924,2.1522925
3.0522926,2.9622924,2.8722925,2.8122926,2.7422924,2.6622925,2.6122925,2.5522926,2.4522924,2.3522925,2.2322924,2.0922925,1.9622924,1.8522925,1.7622925,1.6622925,1.5822924,1.5222925,1.4922925,1.4722924,1.5022925,1.5422925,1.6022925,1.6422925,1.6622925,1.6422925,1.5922924,1.5522925,1.5022925,1.4422925,1.4322925,1.4822925,1.6022925,1.7222924,1.8022925,1.8722925,1.8822925,1.8422924,1.7722925,1.6722925,1.5722924,1.4722924,1.3922925,1.3522925,1.3422924,1.3622925,1.4022925,1.4522924,1.5222925,1.5722924,1.6022925,1.6222925,1.6322925,1.6522925,1.7122924,1.8222924,1.9822925,2.1922925
2.7522924,2.5122924,2.2422924,1.9622924,1.7122924,1.4922925,1.2722925,1.0322925,0.7622925,0.47229248,0.21229248,-0.03770752,-0.2577075,-0.4677075,-0.68770754,-0.8977075,-1.0377076,-1.0077075,-0.7777075,-0.33770752,0.13229248,0.50229245,0.69229245,0.7022925,0.62229246,0.5322925,0.4922925,0.44229248,0.39229247,0.3422925,0.30229247,0.2722925,0.2822925,0.35229248,0.50229245,0.7322925,0.9722925,1.1922925,1.3822925,1.5222925,1.5822924,1.5822924,1.5222925,1.4222925,1.3022925,1.2322925,1.1922925,1.1722925,1.1822925,1.2622925,1.3822925,1.5622925,1.7822925,2.0122924,2.2322924,2.4422925,2.6322925,2.7722924
1.9522924,1.1422925,0.25229248,-0.5877075,-1.0277076,-1.1277075,-1.0677075,-1.1077075,-1.3477075,-1.5577075,-1.9977075,-2.6377075,-3.2377076,-3.7777076,-4.1277075,-3.8377075,-2.1677074,0.48229247,3.3822925,5.2922926,5.6622925,4.7222924,3.3622925,2.3222926,1.7322925,1.4222925,1.1822925,1.0722924,1.0222925,1.0322925,1.1022925,1.5022925,2.0922925,2.7922926,3.4722924,4.0122924,4.3922925,4.6022925,4.6622925,4.3222923,4.2322927,4.2122927,4.2222924,4.2422924,4.2922926,4.3822923,4.5322924,4.6922927,4.8422923,4.9622927,5.0622926,4.9922924,4.6722927,4.1822925,3.7022924,3.2822924,2.9922924,2.9222925
-0.4777075,-1.2377075,-2.3977075,-2.9677076,-3.1677074,-3.1677074,-3.2977076,-3.8077075,-4.5277076,-5.0977077,-5.2177076,-4.9277077,-4.3777075,-3.6477075,-2.4377074,-0.62770754,1.7722925,3.9122925,4.8622923,4.6022925,3.6622925,2.8422925,2.5422926,2.6222925,2.7022924,2.5822926,2.2222924,1.6722925,1.1322925,0.87229246,1.0122925,1.6122925,2.3922925,3.1122925,3.8422925,4.2722926,4.8022923,5.2522926,5.5722923,5.9022923,5.9022923,6.1022925,6.4222927,6.4222927,6.1522923,5.6922927,5.1322923,4.8822923,4.7022924,4.6122923,4.7822924,4.8122926,4.6122923,4.1222925,3.4122925,2.4822924,2.0622926,1.7722925
-2.7477076,-3.1477075,-3.6577075,-4.1177077,-4.3877077,-4.4577074,-4.4577074,-4.6677074,-5.2377076,-5.5977077,-5.1177077,-3.5977075,-1.7377075,-0.17770752,0.8322925,1.6422925,2.5522926,3.6322925,3.7622924,2.2322924,1.2022924,0.44229248,0.3122925,0.3122925,-0.24770752,-1.6377075,-3.2577076,-4.2077074,-3.7677076,-1.2277075,2.0322924,4.5322924,5.6222925,6.0922923,6.4122925,6.8722925,7.2222924,7.3922925,7.4222927,7.3222923,7.2622924,7.0422926,6.4822927,5.9822927,5.5522923,5.2322927,4.9022923,4.5222926,4.1022925,3.7622924,3.5422926,3.3022926,3.0822926,2.9122925,2.7922926,2.4422925,1.7022924,1.1422925
-4.4077077,-5.1977077,-5.3677077,-5.1977077,-4.7777076,-4.4577074,-4.4377074,-4.7277074,-5.0777073,-4.9577074,-3.6077075,-1.3477075,0.09229248,0.08229248,-0.39770752,-0.5177075,-0.36770752,-0.32770753,-0.18770751,-0.21770751,-0.63770753,-1.7277075,-3.2577076,-4.7077074,-6.0577073,-6.8277073,-7.3677077,-7.4277077,-6.2377076,-2.5077076,2.7622924,7.3422923,8.962293,8.572292,7.9722924,7.6622925,7.3422923,6.9922924,6.8022923,6.6822925,6.4522924,5.9522924,5.7322927,5.5322924,5.2522926,4.9322925,4.6122923,4.2622924,3.9222925,3.5822926,3.2722924,3.0022924,2.7222924,2.4022925,2.0422926,1.6422925,1.2222924,0.7822925
-5.8977075,-6.7477074,-6.8477077,-6.2977076,-6.0177073,-6.2977076,-6.5577073,-6.3877077,-5.7677073,-4.6077075,-2.5677075,0.3422925,2.4422925,2.0222924,0.22229248,-0.56770754,-0.63770753,-1.0777075,-2.5377076,-4.3977075,-4.9677076,-3.9277074,-3.3377075,-4.4877076,-6.8777075,-7.3877077,-7.8977075,-7.4477077,-3.4777076,2.4622924,6.3922925,6.8922925,6.3522925,6.1522923,5.9922924,5.5922923,5.2022924,5.0722923,5.0822926,4.9922924,4.6622925,4.4822927,4.4422927,4.3922925,4.2722926,4.0722923,3.7922926,3.5422926,3.2622924,2.9622924,2.7122924,2.5522926,2.3822925,2.0222924,1.5222925,0.9122925,0.30229247,-0.19770752
-5.8977075,-6.0377073,-4.7077074,-2.4377074,-0.27770752,0.7022925,0.04229248,-1.2677075,-1.7277075,-0.7877075,0.7722925,1.5522925,0.7822925,-0.7977075,-2.0177076,-2.4377074,-2.9377074,-4.6477075,-7.1577077,-7.5177073,-6.5077076,-5.7677073,-5.9277077,-7.1377077,-8.997707,-8.967708,-5.6377077,0.33229247,4.2522926,4.3722925,3.3922925,3.4622924,3.9522924,4.0622926,3.8222926,3.4722924,3.1522925,2.9722924,2.9222925,3.0922925,3.3122926,3.5522926,3.8222926,3.9222925,3.9122925,3.8222926,3.6922925,3.6222925,3.5422926,3.3822925,3.1522925,2.8322926,2.4222925,1.9422925,1.4222925,0.9222925,0.48229247,0.09229248
-5.3377075,-5.5177073,-5.5477076,-4.7577076,-3.5077076,-3.7177076,-4.3477077,-2.8377075,0.22229248,1.3422924,0.09229248,-1.1777076,-1.8177075,-2.6177075,-3.6977074,-4.8877077,-6.1177077,-6.8877077,-7.0577073,-6.8577075,-6.8277073,-6.9877076,-6.9177074,-6.0277076,-3.6477075,-0.08770752,2.3322926,2.1022925,1.0222925,1.0622925,1.8022925,2.4022925,2.7622924,2.8222926,2.4422925,1.9822925,1.7522925,1.7622925,1.9822925,2.4322925,2.9422925,3.3622925,3.6622925,3.8322926,3.8422925,3.9522924,4.0422926,4.0522923,4.0122924,3.9922924,3.9822924,3.9322925,3.6622925,2.9722924,2.0022924,1.1522925,0.80229247,0.8922925
-2.9177074,-3.0577075,-2.9877076,-2.9877076,-3.9977076,-5.5977077,-5.1177077,-2.4477074,-1.2677075,-2.1777074,-2.9977076,-3.3477075,-4.1177077,-5.0677075,-5.7377076,-6.1077075,-6.3177075,-6.0377073,-5.8777075,-5.4877076,-4.9977074,-4.1777077,-2.3977075,0.30229247,1.8122925,0.9122925,-0.50770754,-0.9077075,-0.7977075,-0.44770753,0.2722925,0.9122925,1.1122925,1.0722924,0.9622925,0.9122925,1.1222925,1.4422925,1.6622925,1.7422925,1.8422924,1.9622924,2.1522925,2.5022924,3.0322924,3.5622926,3.9022925,4.1022925,4.1622925,4.0722923,3.9922924,3.9622924,3.9122925,3.7022924,3.0222924,1.8022925,0.6622925,1.1422925
-4.4277077,-4.7177076,-4.9177074,-4.7377076,-3.7477076,-2.1577075,-1.3577075,-2.1177075,-3.2977076,-3.9777076,-4.6777077,-5.5377073,-6.1077075,-6.2777076,-6.1677074,-5.7577076,-5.1277075,-4.5077076,-3.9577074,-3.1877074,-2.3777075,-1.6177075,-0.49770752,0.14229248,-1.1677076,-2.8077075,-3.5977075,-3.9277074,-3.9077075,-2.9477074,-1.0977075,0.74229246,1.8222924,2.1522925,2.1622925,2.1822925,1.9222925,1.2022924,0.6622925,0.80229247,1.1522925,1.6422925,2.2722924,2.9922924,3.8522925,4.8122926,5.5622926,6.3222923,7.3322926,8.012293,7.3822923,6.0122924,5.3022923,4.8922925,4.2022924,2.3022926,1.2622925,0.8822925
-5.1577077,-5.3177075,-4.5877075,-3.4377074,-3.0377076,-3.1477075,-3.5177076,-4.0177073,-4.4377074,-4.7977076,-5.3577075,-5.9377074,-6.0877075,-5.9877076,-5.6677074,-4.7077074,-3.0577075,-1.8277075,-1.3377075,-1.0877075,-0.9077075,-0.8377075,-1.2877076,-2.5377076,-4.1977077,-5.4577074,-5.9677076,-5.5777073,-3.6377075,-0.45770752,2.2322924,3.8422925,4.7922926,4.9322925,4.4022923,4.0022926,3.9222925,3.8622925,3.7122924,3.6222925,3.6422925,3.6622925,3.7222924,4.0022926,4.5822926,5.3522925,6.1822925,7.1222925,7.7622924,8.1222925,9.002293,11.062292,10.702292,5.3822923,1.2822925,1.3922925,1.3422924,1.5622925
-4.2677073,-4.0177073,-4.0077076,-4.5077076,-5.0877075,-5.3177075,-5.3977075,-5.4677076,-5.7177076,-6.2077074,-6.4377074,-5.8577075,-4.6877074,-4.0277076,-3.9877076,-3.6877074,-3.0677075,-2.3377075,-1.5677075,-0.9177075,-0.7677075,-1.2477075,-2.1077075,-3.0077076,-3.6477075,-3.7977076,-2.9177074,-0.9777075,1.3222924,3.1522925,4.4422927,5.3122926,5.3122926,4.6122923,4.1122923,4.2822924,4.6322923,4.6222925,4.3022923,4.0222926,4.0022926,4.1922927,4.3322926,4.4722924,4.6822925,5.0522923,5.5822926,6.2022924,6.5722923,7.0122924,7.6322923,7.5922923,6.8322926,5.3822923,4.2922926,4.0722923,5.2822924,5.6022925
-3.5277076,-4.3277073,-5.0577073,-5.5877075,-6.1177077,-6.3877077,-6.2177076,-5.9677076,-5.9877076,-6.0577073,-5.6777077,-5.0477076,-4.6677074,-4.7377076,-4.6977077,-4.0677075,-3.1077075,-2.2277076,-1.7177075,-1.5777075,-1.6777076,-2.0077076,-2.4077075,-2.4577074,-1.7477075,-0.81770754,-0.7377075,-0.41770753,0.25229248,1.2822925,2.4122925,3.4422925,4.2222924,4.7022924,4.7722926,4.3322926,4.2122927,4.6722927,4.9322925,4.8422923,4.7522926,4.7022924,4.4922924,4.2422924,4.3822923,4.9522924,5.4922924,5.7822924,6.1622925,6.3422923,6.2222924,6.8622923,7.6522923,7.9022923,7.0222926,6.2422924,4.7722926,5.2122927
-4.3077073,-5.3277073,-5.9677076,-6.3577075,-6.7577076,-6.8877077,-6.6377077,-6.2977076,-5.9077077,-5.1977077,-4.5477076,-4.1477075,-4.0177073,-4.1177077,-4.1577077,-4.3577075,-4.5377073,-3.9377074,-2.5977075,-0.48770753,-0.01770752,1.1222925,1.9222925,1.7022924,2.0522926,1.8022925,1.6722925,2.3022926,2.2022924,1.4922925,1.6722925,2.4522924,2.7022924,3.8122926,5.1522923,5.2422924,4.8222923,4.4022923,4.7622924,5.6222925,5.6222925,4.7522926,4.1222925,4.3622923,4.7622924,5.1922927,5.3822923,5.2022924,5.2522926,5.3822923,5.6222925,6.5522923,7.2522926,7.5022926,7.9322925,8.532292,7.8122926,6.8822923
-4.5577073,-5.3677077,-5.9977074,-6.7677073,-7.4877076,-7.1777077,-5.2577076,-2.8477075,-1.7377075,-0.44770753,0.99229246,0.08229248,-2.1077075,-3.6577075,-3.5577075,-2.2977076,-1.2577075,-0.6177075,-0.3477075,-0.03770752,-0.20770752,-0.7177075,-0.5877075,0.61229247,1.7922925,1.8822925,1.5022925,0.94229245,1.5422925,1.4422925,1.9822925,2.6622925,2.9322925,3.2922926,4.3022923,3.9622924,4.4722924,6.3122926,5.9722924,5.4422927,5.1922927,4.8222923,4.4722924,5.2222924,5.8822923,5.4122925,4.9022923,4.8822923,4.9822927,3.3122926,4.5622926,4.7222924,4.5422926,5.4522924,6.2022924,6.7322927,7.3622923,6.5122924
-3.1677074,-4.6677074,-5.4377074,-6.1677074,-6.3977075,-5.6577077,-3.8977075,-2.1977074,-2.0577075,-1.7677075,0.81229246,0.47229248,-2.0477076,-2.7877076,-1.1677076,0.7922925,0.33229247,-0.7777075,-1.8377075,-1.2977076,-1.2077075,0.5822925,1.0422925,1.6222925,1.5122925,1.5522925,2.0022924,2.6222925,2.5822926,1.5822924,2.8322926,2.7022924,3.0822926,3.0122924,1.9422925,3.9522924,5.0522923,4.5122924,4.4322925,4.2122927,4.1522923,3.6222925,2.6522925,3.0822926,4.5322924,3.3422925,3.2322924,4.9222927,4.7422924,3.6522925,3.1322925,3.1222925,3.0322924,3.4622924,3.9622924,4.6522923,5.0122924,4.2622924
-4.1777077,-3.4777076,-3.9477074,-4.2777076,-4.0077076,-3.2177076,-2.1777074,-1.3677075,-1.2077075,-1.1577076,-0.41770753,0.6022925,0.41229248,1.8922925,1.4122925,0.26229247,0.01229248,-0.5777075,-0.01770752,0.9522925,2.3422925,2.3122926,2.3522925,2.7922926,3.0922925,3.4822924,3.7122924,3.6322925,3.5722926,3.3622925,3.4722924,2.7622924,2.0122924,1.9822925,2.3922925,2.1022925,3.2422924,4.6522923,3.8522925,3.9922924,2.9222925,2.4122925,4.1022925,4.4422927,3.8122926,2.3622925,2.8522925,3.8822925,3.8322926,3.3822925,3.2922926,3.3522925,2.8022926,3.6922925,4.0822926,3.6322925,3.8922925,3.8122926
-3.9977076,-3.6077075,-2.7677076,-2.3777075,-2.3277075,-2.2077074,-1.8577075,-1.0177075,0.2722925,0.7822925,0.81229246,0.7222925,1.2522925,1.2422925,1.1022925,0.5822925,0.74229246,0.5422925,1.1522925,1.7522925,2.0622926,2.2322924,2.1222925,2.2622924,2.2822924,2.5322924,3.1022925,3.4622924,3.6622925,3.8322926,4.5622926,7.2122927,5.0322924,4.2722926,4.3122926,9.202292,7.8922925,6.6722927,5.0622926,4.5622926,4.8322926,3.8022926,2.0622926,2.5922925,2.0122924,1.3522925,1.5322925,1.8122925,1.7622925,1.6422925,1.4622924,1.5722924,1.6122925,1.8522925,1.7122924,1.9822925,2.1522925,3.1622925
-3.3977075,-4.3777075,-4.8177075,-4.4577074,-3.0977075,-0.4677075,2.1622925,3.8322926,3.8222926,3.4922924,3.0122924,3.1822925,2.1322925,2.1222925,1.2422925,0.6322925,0.69229245,0.9822925,0.8422925,1.0422925,1.2022924,1.8822925,5.1122923,5.2222924,5.5222926,4.8922925,2.5122924,2.7322924,2.9122925,3.8422925,4.9322925,4.9422927,4.8022923,4.6422925,4.5322924,8.432293,8.632293,3.5222924,5.9022923,6.0822926,4.2622924,1.6622925,1.6422925,1.3722925,1.6022925,1.5822924,1.7522925,1.8622925,1.6422925,1.6422925,1.5022925,1.3922925,1.5522925,1.6322925,1.8922925,1.9222925,1.9622924,2.2722924
