raw-data/2018091600.json
{"header": { "discipline":0, "disciplineName":"Meteorological products", "gribEdition":2, "gribLength":74253, "center":7, "centerName":"US National Weather Service - NCEP(WMC)", "subcenter":0, "refTime":"2018-09-16T00:00:00.000Z", "significanceOfRT":1, "significanceOfRTName":"Start of forecast", "productStatus":0, "productStatusName":"Operational products", "productType":1, "productTypeName":"Forecast products", "productDefinitionTemplate":0, "productDefinitionTemplateName":"Analysis/forecast at horizontal level/layer at a point in time", "parameterCategory":2, "parameterCategoryName":"Momentum", "parameterNumber":3, "parameterNumberName":"V-component_of_wind", "parameterUnit":"m.s-1", "genProcessType":2, "genProcessTypeName":"Forecast", "forecastTime":0, "surface1Type":103, "surface1TypeName":"Specified height level above ground", "surface1Value":10.0, "surface2Type":255, "surface2TypeName":"Missing", "surface2Value":0.0, "gridDefinitionTemplate":0, "gridDefinitionTemplateName":"Latitude_Longitude", "numberPoints":65160, "shape":6, "shapeName":"Earth spherical with radius of 6,371,229.0 m", "gridUnits":"degrees", "resolution":48, "winds":"true", "scanMode":0, "nx":360, "ny":181, "basicAngle":0, "lo1":0.0, "la1":90.0, "lo2":359.0, "la2":-90.0, "dx":1.0, "dy":1.0 }, "data":
[rows 104 to 129 of 181, columns 236 to 294 of 360]
1.6049707,1.8949707,1.1849707,1.0449708,1.1749707,1.3949707,1.8849707,2.3549707,2.7149706,2.9149706,2.7049706,2.8249707,3.0849707,3.4949708,3.6449707,3.4949708,3.3649707,3.5649707,3.6949706,3.6849706,3.4249706,3.5349708,3.7449708,3.8949707,3.9249706,3.8449707,3.7949708,3.8849707,4.124971,4.3049707,4.5649705,4.704971,4.7349706,4.7949705,4.9449706,5.224971,5.4449706,5.7349706,5.7849708,5.874971,6.1749706,6.374971,6.2949705,6.2549706,6.5649705,6.8449707,7.394971,9.524971,4.6549706,1.9949707,-1.0650293,-3.4650292,-4.4750295,-3.1850293,-3.4950292,0.044970702,-1.4250293,-2.5350294,-2.4950292
1.0649707,1.5949707,1.2649707,0.9349707,1.4349707,1.1149707,1.2649707,1.5349708,1.7149707,2.5449708,2.6149707,2.4049706,2.3649707,2.6949706,2.6649706,2.8549707,3.1549706,3.4949708,3.6949706,3.7249708,3.5749707,3.5549707,3.4449706,3.3049707,3.1749706,3.0849707,3.1949706,3.5049708,3.7849708,3.8749707,4.0249705,4.1149707,4.1749706,4.414971,4.624971,4.9849706,5.1749706,5.414971,5.724971,5.914971,6.0249705,6.164971,6.164971,6.244971,6.184971,6.414971,6.7849708,7.664971,9.194971,3.5549707,0.5549707,2.0449708,4.4449706,-0.3650293,-2.9150293,-1.3050293,-0.4850293,1.7649707,0.7049707
0.8649707,1.2949708,1.7449707,0.5949707,0.9149707,0.8349707,1.1549706,1.3649707,1.7649707,1.7849708,2.2949708,2.2649708,2.2749708,2.4249706,2.7549708,3.2549708,3.5949707,3.7349708,3.6149707,3.4149706,2.8549707,2.9149706,3.0749707,3.0749707,3.0349708,3.0849707,3.2249708,3.3849707,3.5149708,3.6449707,3.7149706,3.7849708,3.8749707,4.1349707,4.3449707,4.7349706,5.0649705,5.3249707,5.4849706,5.724971,5.934971,6.164971,6.3149705,6.0449705,5.934971,5.8349705,5.994971,6.3049707,7.0049706,6.104971,3.8049707,0.9849707,0.8849707,3.9849708,0.8849707,-9.645029,-0.9750293,0.2949707,0.5949707
0.5849707,0.9149707,1.5749707,1.1249707,0.7649707,0.56497073,0.6849707,1.4949707,2.0349708,1.8649707,1.3449707,1.6349707,1.7149707,1.8749707,2.0749707,2.6549706,3.3049707,3.7749708,3.6449707,3.1849706,3.0349708,2.8849707,2.8549707,3.0449708,3.2449708,3.2549708,3.1749706,3.1349707,3.1149707,3.2449708,3.3549707,3.4649706,3.6549706,3.8449707,4.244971,4.5249705,4.8049707,5.0649705,5.2549706,5.454971,5.7549706,6.0549707,6.1549706,6.224971,5.7849708,5.624971,5.3249707,5.454971,5.954971,5.7749705,5.5549707,5.3149705,2.9549706,0.014970703,4.2949705,-4.6550293,-1.3850293,-1.1750293,-2.2650292
0.5349707,0.2549707,0.5249707,0.8349707,0.4449707,0.1749707,0.6749707,1.1649708,1.2449707,1.5349708,1.3949707,1.0249707,1.0149707,1.0549707,1.2349707,1.3649707,1.8549707,2.3249707,2.6549706,2.8849707,2.8749707,2.9149706,3.1549706,3.1849706,3.1749706,3.2649708,3.2949708,3.0449708,2.9649706,2.8649707,3.0649707,3.2749708,3.4449706,3.7849708,4.104971,4.3249707,4.5949707,4.6749706,4.9049706,5.1749706,5.434971,5.7549706,6.0449705,6.0849705,5.9649706,5.5549707,5.164971,4.7749705,4.4649706,5.244971,5.494971,5.7549706,4.7849708,3.0749707,0.7749707,1.5549707,-2.9250293,-6.4350295,-3.4350293
1.0849707,0.7149707,0.1549707,0.034970704,0.1849707,0.1549707,0.21497071,0.1949707,0.024970703,0.0949707,0.1649707,0.4949707,0.42497072,0.42497072,0.7249707,0.6049707,0.7449707,1.4549707,2.0649707,2.4049706,2.5649707,2.8449707,3.1649706,3.3149707,3.3449707,3.4249706,3.4149706,3.2249708,3.1549706,3.1849706,3.3549707,3.3549707,3.3449707,3.6349707,4.0449705,4.474971,4.664971,4.7749705,4.704971,4.874971,5.3249707,5.414971,5.854971,6.014971,6.1549706,5.664971,5.2549706,4.7749705,4.4249706,3.9949708,4.2849708,4.7949705,4.4249706,4.5949707,1.0349708,0.4149707,4.2349706,3.1149707,-2.0050292
0.7849707,-0.045029297,-0.1150293,-0.2450293,-0.2750293,-0.35502928,-0.6650293,-1.2250293,-1.3750293,-0.9550293,-0.14502929,0.3849707,0.3049707,-0.2550293,-0.6350293,-0.1950293,0.3049707,0.8749707,1.6049707,1.9849707,2.0449708,2.4749708,2.6749706,2.6649706,2.6949706,2.9649706,3.0549707,3.2049706,3.5249708,3.6949706,3.3349707,3.3449707,3.4149706,3.6649706,4.204971,4.394971,4.6349707,4.7849708,4.9649706,4.5749707,5.2349706,5.5549707,5.6349707,5.874971,5.854971,5.8449707,5.414971,4.8849707,4.454971,4.1549706,4.4649706,4.3849707,4.4849706,4.474971,0.6449707,-2.4050293,2.4149706,5.5349708,2.9749708
0.9349707,0.7249707,-0.025029296,-0.1550293,-0.8250293,-1.0550293,-1.0350293,-1.4550292,-1.9150293,-2.1450293,-1.8550293,-1.3450294,-0.9750293,-0.5950293,-0.22502929,-0.1750293,-0.055029295,0.1649707,0.9049707,1.0949707,2.0949707,2.5349708,2.6849706,2.5649707,2.5349708,2.6949706,3.0449708,3.2649708,3.4149706,3.5449708,3.6149707,3.6549706,3.5549707,3.4149706,3.7049706,3.9249706,4.1149707,4.224971,4.684971,4.8849707,5.1949706,5.5049706,5.4049706,5.5249705,5.874971,5.894971,5.8649707,5.604971,4.7949705,4.224971,4.3349705,4.8149705,4.744971,4.4049706,1.4749707,-1.3550293,1.4449707,0.6749707,1.4949707
0.5249707,-0.2850293,-0.5150293,0.2749707,0.5549707,0.4449707,0.3749707,0.39497072,0.24497071,0.2249707,0.124970704,-0.35502928,-0.2150293,-0.3150293,0.124970704,0.56497073,1.1849707,1.7949708,0.81497073,1.0249707,1.9149708,2.5049708,2.3349707,2.2549708,2.2849708,2.3949707,2.5849707,3.0649707,3.3649707,3.4649706,3.5949707,3.3549707,3.2749708,3.2249708,3.3249707,3.4949708,3.6249707,3.8449707,3.8149707,4.454971,4.764971,5.2349706,5.414971,5.394971,5.5049706,5.9649706,6.2149706,5.934971,5.3449707,4.514971,4.3049707,4.7849708,5.2949705,5.9249706,0.8349707,-6.065029,0.4849707,-1.9350293,-1.3850293
-0.6350293,-0.8150293,-0.7750293,-0.9050293,-1.2350293,-0.8050293,-0.2650293,-0.1250293,-0.4450293,-0.8050293,-0.7150293,-0.4350293,-0.1150293,0.1949707,0.3749707,0.6049707,0.9649707,1.4949707,1.8749707,1.3149707,1.0449708,1.8449707,2.4649706,2.2149706,1.7949708,1.8449707,2.5249708,3.1749706,3.1649706,3.6349707,3.6749706,3.0349708,2.8149707,2.9649706,3.3349707,3.3249707,3.4649706,3.7349708,4.144971,4.6149707,4.8649707,4.6749706,5.0549707,5.354971,5.6549706,5.6349707,6.144971,6.144971,5.5849705,4.874971,4.354971,4.5549707,5.664971,6.3849707,-0.7350293,-0.3450293,1.0749707,-1.6850293,-0.29502928
-1.3850293,-1.5850292,-2.1850293,-1.4150293,-0.9550293,-1.6050293,-1.6250293,-1.5250293,-1.5950294,-1.5150293,-1.3250293,-0.9750293,-0.68502927,-0.5150293,-0.4150293,-0.1750293,0.1649707,0.4749707,0.6749707,1.1549706,1.1149707,1.2349707,1.6649708,1.7849708,2.1249707,1.9349707,1.9549707,2.6249707,3.5449708,3.1649706,3.6749706,3.4649706,2.8149707,2.6549706,2.8649707,3.2549708,3.2049706,3.4649706,4.0349708,4.494971,4.624971,5.1349707,4.764971,5.0549707,5.6349707,5.664971,5.8349705,6.374971,5.6349707,5.0749707,4.244971,4.8649707,6.0249705,6.3249707,-1.6250293,-0.4050293,-5.315029,-2.3550293,-3.8150294
-3.0050292,-2.5150292,-2.1850293,-2.9350293,-2.5850294,-2.1350293,-2.4850292,-3.0750294,-3.1250293,-2.8750293,-2.0050292,-1.2350293,-1.0950294,-0.9550293,-0.8450293,-0.9250293,-1.0050293,-0.7550293,-0.1850293,0.014970703,-0.095029294,0.45497072,1.1549706,1.4049706,1.4849707,1.5949707,1.6149707,1.8449707,2.2949708,2.7049706,2.7749708,2.9549706,2.6949706,2.9449706,3.6149707,2.9249706,3.0949707,3.1149707,3.6449707,4.0649705,4.0849705,4.374971,4.874971,5.124971,5.2749705,5.934971,5.9849706,6.354971,5.9449706,4.874971,4.3349705,4.514971,6.0449705,8.004971,-1.1450293,-6.025029,-2.3150294,-6.605029,-0.3050293
-4.255029,-4.065029,-3.7550292,-3.1350293,-3.0850294,-3.3150294,-2.9450293,-3.0550294,-3.8550293,-3.8750293,-3.3850293,-2.7650292,-1.7350293,-1.3250293,-1.2450293,-1.5950294,-1.7550293,-1.6150293,-1.2950293,-1.0250293,-0.8050293,-0.6050293,-0.2050293,0.5449707,0.81497073,0.8249707,1.0049707,1.0849707,1.2749707,1.6949707,1.9449707,1.5949707,1.9549707,2.4549706,2.9449706,3.3849707,2.9049706,2.7649708,3.2449708,3.5949707,3.9949708,4.184971,4.3849707,4.954971,4.5849705,5.4849706,5.9849706,5.8149705,5.9249706,5.0649705,4.3449707,4.0749707,4.9449706,5.854971,0.6749707,-2.9650292,-4.985029,-4.295029,-0.2050293
-5.105029,-4.6650295,-3.9250293,-3.5750294,-3.2150292,-3.1650293,-3.3250294,-3.3150294,-3.4350293,-3.6450293,-3.6850293,-3.3550293,-2.7950294,-2.3550293,-2.2950294,-2.3650293,-2.6150293,-2.6450293,-2.4750292,-2.1650293,-1.8750293,-1.6850293,-1.4950293,-1.1150293,-0.5550293,-0.055029295,0.11497071,0.2749707,0.4949707,0.6649707,0.6649707,1.1049707,1.0449708,1.3649707,1.9749707,2.3949707,2.5949707,2.6349707,2.4749708,3.1849706,3.3749707,3.8349707,4.5849705,4.994971,4.5649705,4.7149706,5.604971,5.6549706,5.704971,5.1949706,4.5449705,3.7749708,3.8749707,4.264971,-1.2750293,-4.1750293,-3.0350294,-2.0350294,0.81497073
-3.7450292,-4.2650294,-3.9350293,-4.065029,-3.2250292,-3.1650293,-3.2350292,-3.3450294,-3.4650292,-3.4850292,-3.4850292,-3.3750293,-2.9250293,-2.5450294,-2.3550293,-2.4250293,-2.6650293,-2.6950293,-2.6350293,-2.5550294,-2.5050292,-2.4450293,-2.2250292,-1.9850293,-1.8350292,-1.6450293,-1.3250293,-1.1050293,-0.8850293,-0.5850293,-0.5750293,-0.4750293,-0.1950293,-0.1550293,0.8049707,1.2649707,1.7249707,1.7849708,2.3049707,1.8649707,2.5849707,3.3049707,3.9749708,4.6549706,4.744971,4.2749705,4.5849705,5.3349705,5.414971,5.264971,4.9849706,3.0849707,2.9149706,0.4149707,1.0749707,-6.335029,-3.1850293,3.8449707,-1.0650293
-0.06502929,-4.4750295,-4.565029,-4.335029,-3.6050293,-3.1550293,-2.9350293,-3.4550292,-3.7150292,-3.8150294,-3.6550293,-3.4550292,-3.2650292,-2.8750293,-2.5750294,-2.4750292,-2.5950294,-2.7650292,-2.7850294,-2.6050293,-2.4850292,-2.4250293,-2.4050293,-2.5550294,-2.3850293,-2.2650292,-2.2950294,-2.1850293,-2.0950294,-2.0750294,-1.9450293,-1.6850293,-1.4150293,-1.0750293,-0.9250293,-0.4650293,0.0049707033,0.8249707,0.9349707,1.1249707,1.6449707,2.5449708,3.2049706,3.9949708,4.5049706,4.624971,4.5449705,4.744971,4.7349706,5.0349708,4.3849707,2.2349708,1.9149708,-2.0050292,-2.3050294,-2.4950292,-3.3450294,3.3949707,-1.4650292
3.2549708,3.8349707,3.4149706,1.4549707,-0.93502927,-2.4750292,-2.7750292,-2.8850293,-3.2050292,-4.2250295,-4.255029,-4.2250295,-3.9550292,-3.4250293,-3.0550294,-2.9750292,-3.0650294,-3.2450292,-3.2850294,-3.2950294,-3.2050292,-3.2350292,-3.2650292,-3.2150292,-3.2850294,-3.2750292,-3.0550294,-2.9650292,-2.8750293,-2.8350294,-2.8750293,-2.9950292,-2.9150293,-2.6850293,-2.5750294,-2.3350294,-1.7050292,-1.0950294,-0.7050293,-0.5850293,1.0149707,1.9449707,2.5949707,2.7149706,3.3949707,3.8349707,4.1949706,4.6749706,4.1749706,4.4249706,4.684971,1.2649707,-1.6050293,0.6149707,-1.3650293,2.3449707,1.2349707,1.4049706,0.5749707
-0.06502929,0.4749707,1.2349707,1.7349707,2.2549708,3.0549707,3.5649707,3.9549706,1.0149707,-1.7250293,-3.7250292,-4.875029,-4.735029,-4.3650293,-4.1850295,-3.8550293,-3.6550293,-3.5950294,-3.6550293,-3.4950292,-3.4450293,-3.6350293,-3.6850293,-3.5250292,-3.5850294,-3.7250292,-3.8050294,-3.8750293,-3.8750293,-3.8450294,-3.6550293,-3.4550292,-3.5050292,-3.6150293,-3.7250292,-3.7750292,-3.6350293,-3.2050292,-2.6450293,-1.8150293,-1.1850293,0.3249707,1.7949708,2.6849706,2.1549706,2.5049708,3.1449707,3.8449707,4.644971,4.3649707,4.0549707,1.3949707,0.4149707,0.3649707,-0.025029296,2.3149707,0.9949707,-5.005029,-3.3250294
0.044970702,-0.3750293,-1.1850293,-1.6950293,-1.2850293,-1.1050293,-0.9250293,-0.6250293,0.7049707,3.6449707,4.224971,-1.1550293,-3.2450292,-3.9050293,-4.4350295,-4.045029,-3.3750293,-3.0650294,-2.8850293,-2.9750292,-3.4450293,-3.9750292,-3.8450294,-3.7250292,-2.9650292,-3.1350293,-3.4850292,-3.8450294,-4.3850293,-4.775029,-4.9650292,-4.815029,-4.6850295,-4.9150295,-5.295029,-5.1750293,-4.895029,-4.7650294,-4.4450293,-3.9050293,-2.9650292,-1.5650293,-0.095029294,0.5849707,1.5149707,1.2649707,2.6349707,3.3049707,3.8649707,4.0749707,4.0549707,2.2749708,-1.5050293,1.3549707,-0.3750293,1.0549707,4.2749705,-4.6950293,-3.6450293
0.5949707,0.13497071,-0.2350293,-0.3150293,-0.5750293,-0.6550293,-0.4650293,-0.1850293,0.0049707033,-0.1550293,-0.5650293,-0.3850293,2.6749706,2.9249706,-1.9950293,-4.0550294,-4.2650294,-3.6650293,-3.1250293,-2.6650293,-2.7550292,-2.7150292,-1.0350293,-0.1250293,-0.9050293,-1.6750293,-2.6950293,-3.8650293,-4.2450294,-4.545029,-4.9450293,-5.505029,-5.815029,-6.005029,-6.085029,-6.1750293,-6.0950294,-6.235029,-6.0350294,-5.6350293,-5.025029,-3.9250293,-2.4250293,-1.2550293,-0.9250293,-0.1150293,1.4049706,2.9749708,3.4249706,3.6149707,3.1749706,2.3049707,-1.6150293,1.2149707,2.2749708,1.3349707,5.9649706,-1.2850293,-0.9850293
0.2249707,0.124970704,-0.1250293,-0.1950293,-0.2450293,-0.3150293,-0.7050293,-0.6950293,-0.6950293,-0.3950293,-0.22502929,-0.1550293,-0.06502929,0.39497072,0.7449707,1.6149707,0.6549707,-0.6550293,-1.1950293,-1.3950293,-1.9250293,-2.2750292,-2.0350294,-2.0850294,-1.5550293,-0.7950293,-0.5650293,-1.1750293,-2.1450293,-3.4450293,-4.9950294,-5.7250295,-6.2150292,-6.4750295,-6.6750293,-7.0550294,-7.1150293,-7.375029,-7.4950294,-7.5950294,-7.2250295,-6.545029,-5.1350293,-3.8450294,-3.1450293,-1.7950293,0.5449707,1.6549706,1.9449707,2.7849708,3.5749707,1.9249707,-2.8850293,0.4849707,0.5149707,-0.025029296,5.244971,3.8349707,-1.2850293
-0.1350293,-0.7650293,-0.9450293,-0.6250293,-0.4150293,-0.2850293,-0.3150293,-0.4850293,-0.6950293,-0.8450293,-0.8350293,-0.8150293,-0.5350293,-0.2050293,-0.29502928,-0.29502928,-0.1850293,-0.3050293,-0.6750293,-1.5450293,-1.8750293,-1.5950294,-1.0850292,-1.0050293,-1.3250293,-1.3950293,-1.1250293,-0.6950293,-0.4350293,-0.7150293,-1.6250293,-3.4450293,-6.295029,-7.565029,-7.585029,-7.5350294,-7.1650295,-7.1550293,-7.9750295,-8.635029,-8.995029,-8.985029,-8.135029,-6.7650294,-5.5750294,-3.7850294,-2.0550294,0.9849707,-0.8050293,0.9749707,3.3449707,1.1349707,-0.7350293,-0.4750293,-1.0050293,-3.5550294,5.764971,5.7949705,-1.2050292
-0.4150293,-0.6450293,-1.0150293,-1.0050293,-0.7350293,-0.5850293,-0.4150293,-0.1650293,-0.2650293,-0.5150293,-0.7550293,-1.1350293,-1.3250293,-1.3550293,-1.2850293,-1.0750293,-0.9950293,-1.0950294,-1.1650293,-1.2750293,-1.4250293,-1.3650293,-0.8350293,-0.6350293,-0.6550293,-0.7750293,-1.3150293,-1.1750293,-1.1550293,-1.9450293,-2.4150293,-2.3150294,-1.9550292,-1.3350292,-1.9650292,-3.7550292,-5.0550294,-5.4450293,-6.2450294,-7.1650295,-8.825029,-10.555029,-10.595029,-9.515029,-8.275029,-5.7850294,-4.235029,-2.5750294,-2.1350293,-1.3250293,0.9949707,1.1349707,-1.4750293,-1.9950293,-0.68502927,6.0649705,2.6849706,6.1749706,-0.1750293
-0.6150293,-0.6150293,-1.0050293,-1.3750293,-1.6150293,-1.4850293,-1.1750293,-0.8850293,-0.5950293,-0.4450293,-0.4550293,-0.7450293,-1.1150293,-1.4150293,-1.6850293,-1.8450294,-2.0050292,-2.0250292,-1.7250293,-1.1250293,-0.7850293,-0.6650293,-0.3750293,0.0749707,0.3749707,0.5549707,0.5849707,0.5549707,-0.055029295,-1.5450293,-2.5750294,-3.4050293,-3.8050294,-3.8950293,-4.1750293,-4.6750293,-4.375029,-3.7650292,-3.7050292,-4.375029,-6.1750293,-9.37503,-12.275029,-11.265029,-10.105029,-8.75503,-6.275029,-4.8650293,-4.295029,-3.5950294,-0.6350293,-0.4150293,-2.1150293,-2.8950293,-1.0050293,1.7949708,4.104971,2.6349707,1.9049706
-0.4250293,-0.6750293,-0.7450293,-0.8150293,-1.1650293,-1.4450293,-1.7150292,-1.8450294,-1.5450293,-1.1150293,-1.0050293,-1.1950293,-1.2450293,-1.2450293,-1.4750293,-1.7950293,-2.0250292,-2.3350294,-2.5750294,-2.1450293,-1.7250293,-1.6050293,-1.3550293,-0.68502927,-0.1550293,-0.0750293,0.024970703,0.4349707,0.9749707,0.7549707,-0.9450293,-2.8650293,-5.005029,-6.855029,-5.645029,-3.6950293,-2.7950294,-2.7650292,-3.0550294,-3.3050294,-3.8550293,-5.735029,-11.33503,-13.515029,-11.745029,-10.365029,-8.805029,-6.8850293,-6.4350295,-5.5350294,-3.8450294,-0.9250293,-0.8550293,-0.14502929,-1.1950293,-0.2650293,2.1449707,0.5849707,0.7349707
-0.6250293,-0.7650293,-0.8750293,-0.9250293,-1.0850292,-1.4250293,-1.6950293,-1.8550293,-1.8550293,-1.7650293,-1.6350293,-1.7250293,-1.7450293,-1.7050292,-1.7950293,-2.1850293,-2.4650292,-2.6550293,-2.8150294,-2.7250292,-2.2950294,-1.8850293,-1.6050293,-1.4050293,-1.4350293,-1.3150293,-0.93502927,-0.5350293,1.0949707,1.6449707,0.3449707,-1.0350293,-2.0850294,-3.2350292,-3.7250292,-3.1450293,-2.6550293,-2.7150292,-3.1450293,-3.6150293,-4.2250295,-4.985029,-8.185029,-13.195029,-13.865029,-12.515029,-11.29503,-8.975029,-7.9550295,-7.7850294,-5.5150294,0.1949707,-0.5250293,-0.8750293,-1.2550293,0.56497073,4.5549707,6.1149707,3.9649706
