raw-data/2018091900.json
{"header": { "discipline":0, "disciplineName":"Meteorological products", "gribEdition":2, "gribLength":74459, "center":7, "centerName":"US National Weather Service - NCEP(WMC)", "subcenter":0, "refTime":"2018-09-19T00:00:00.000Z", "significanceOfRT":1, "significanceOfRTName":"Start of forecast", "productStatus":0, "productStatusName":"Operational products", "productType":1, "productTypeName":"Forecast products", "productDefinitionTemplate":0, "productDefinitionTemplateName":"Analysis/forecast at horizontal level/layer at a point in time", "parameterCategory":2, "parameterCategoryName":"Momentum", "parameterNumber":2, "parameterNumberName":"U-component_of_wind", "parameterUnit":"m.s-1", "genProcessType":2, "genProcessTypeName":"Forecast", "forecastTime":0, "surface1Type":103, "surface1TypeName":"Specified height level above ground", "surface1Value":10.0, "surface2Type":255, "surface2TypeName":"Missing", "surface2Value":0.0, "gridDefinitionTemplate":0, "gridDefinitionTemplateName":"Latitude_Longitude", "numberPoints":65160, "shape":6, "shapeName":"Earth spherical with radius of 6,371,229.0 m", "gridUnits":"degrees", "resolution":48, "winds":"true", "scanMode":0, "nx":360, "ny":181, "basicAngle":0, "lo1":0.0, "la1":90.0, "lo2":359.0, "la2":-90.0, "dx":1.0, "dy":1.0 }, "data":
[rows 130 to 155 of 181, columns 232 to 289 of 360]
6.529204,7.699204,8.899204,10.039204,11.219204,12.299204,12.759204,13.059204,12.679204,11.989204,11.859204,12.609204,13.419204,14.509204,15.819204,17.269203,18.869204,20.449203,21.619204,22.319204,22.259205,21.329205,20.159204,18.469204,16.969204,15.629204,15.1192045,14.8692045,13.669204,13.079205,12.3692045,12.519204,12.279204,11.939204,8.049204,3.549204,-2.610796,-3.0407958,-1.6907959,2.9492042,4.139204,5.6292043,7.229204,8.819204,9.819204,10.379204,10.969204,11.459204,11.239204,10.399204,9.439204,8.469204,8.069204,7.949204,7.919204,0.3192041,1.7092041,4.809204
6.229204,7.3792043,8.529204,9.949204,11.079205,11.639204,12.309204,12.1192045,11.629204,11.089204,11.209204,12.209204,13.099204,14.209204,15.519204,17.549204,19.859203,22.149204,23.499205,24.189203,23.319204,21.609203,19.339205,17.919205,15.859204,14.669204,14.439204,13.779204,13.189204,12.689204,11.859204,12.009204,12.169204,10.769204,4.039204,-4.900796,-6.470796,-5.720796,-2.2207959,0.7192041,3.7092042,5.759204,6.999204,7.979204,8.269204,8.4092045,8.989204,8.789204,7.639204,7.099204,7.289204,6.929204,7.199204,7.3992043,5.179204,0.7392041,1.6892041,5.389204
5.749204,6.519204,7.8592043,9.069204,10.219204,10.899204,10.829205,10.989204,10.399204,9.839204,10.249204,11.299204,12.739204,14.039204,16.039204,18.449203,20.019203,21.489204,21.089205,21.279203,21.859203,19.609203,16.269203,14.6192045,13.649204,12.649204,12.1192045,11.569204,11.519204,11.569204,11.319204,11.949204,11.249204,4.659204,-9.5907955,-10.110796,-9.6307955,-6.090796,-2.8107958,0.029204102,2.159204,4.669204,5.019204,4.3592043,5.809204,5.709204,4.309204,2.9692042,2.899204,3.9492042,4.709204,4.5692043,4.549204,5.1492043,2.7592041,-1.0307959,1.5892041,3.859204
5.1092043,5.719204,6.539204,7.489204,8.209204,9.259204,10.049204,9.819204,8.649204,8.229204,9.129204,10.799204,12.059204,13.849204,16.099205,17.119204,16.029203,16.739204,18.309204,19.179205,17.869204,15.859204,12.279204,9.8692045,9.859204,9.969204,10.249204,10.1592045,9.879204,10.649204,11.519204,11.349204,-1.3707958,-13.370796,-14.280796,-12.250796,-9.610796,-6.6807957,-4.840796,-2.100796,-1.0007958,0.1492041,0.7492041,0.5892041,0.1292041,0.3592041,0.6892041,1.6392041,2.589204,3.369204,4.139204,5.049204,5.239204,5.3392043,1.5892041,-1.8607959,1.9992042,4.509204
4.549204,5.179204,5.749204,6.059204,6.539204,7.199204,8.129204,7.489204,6.639204,6.749204,8.319204,10.089204,11.289204,13.389204,13.809204,10.709204,12.429204,15.339204,14.899204,14.169204,12.949204,9.4092045,6.549204,5.079204,5.699204,6.739204,7.719204,9.799204,11.079205,10.149204,3.6892042,-13.8407955,-16.280796,-16.500795,-14.550796,-11.410796,-9.280796,-8.020796,-7.420796,-6.920796,-6.6807957,-5.330796,-2.880796,-1.2907959,0.2192041,2.1992042,3.5192041,4.1092043,4.5892043,4.869204,5.039204,5.189204,5.409204,5.239204,3.9892042,0.2192041,1.609204,4.3592043
3.9392042,4.419204,5.159204,5.479204,5.619204,5.439204,6.029204,6.549204,4.769204,5.799204,7.349204,8.809204,10.439204,10.849204,6.389204,7.329204,8.3692045,7.869204,4.439204,2.4692042,0.5992041,-1.3007959,-1.380796,-1.4207959,1.8492041,6.229204,8.459204,8.9092045,4.059204,-10.790796,-16.300797,-16.720797,-16.500795,-14.800796,-12.820796,-11.260796,-10.490796,-9.820796,-9.240796,-8.960796,-8.8807955,-8.560796,-8.010796,-7.1007957,-6.130796,-4.3507957,-0.7507959,4.669204,6.249204,5.179204,5.3592043,5.749204,5.3992043,4.509204,0.3092041,0.2592041,1.2792041,5.509204
2.829204,3.419204,4.309204,4.449204,4.6292043,4.6092043,4.689204,3.9592042,3.5092041,4.849204,6.809204,7.429204,7.709204,4.969204,2.9392042,3.179204,2.4492042,0.3092041,-3.390796,-7.1607957,-9.310796,-9.350796,-6.760796,-3.080796,-0.8107959,-1.9507959,-8.580796,-17.530796,-18.810797,-17.040796,-16.770796,-16.490795,-15.500796,-14.3807955,-13.1307955,-12.230796,-11.050796,-10.500796,-9.890796,-9.330796,-8.730796,-8.170795,-8.030796,-8.080796,-7.530796,-6.340796,-5.250796,-4.700796,-3.110796,0.9692041,6.019204,6.669204,5.209204,1.2792041,-1.2907959,1.1692041,1.5292041,1.9992042
1.9292041,2.5192041,2.919204,2.909204,2.849204,2.9392042,3.149204,3.669204,2.9892042,3.849204,5.259204,5.349204,4.439204,1.0692041,0.52920413,-0.6407959,-2.890796,-5.550796,-6.860796,-8.120796,-10.830796,-11.320796,-11.330796,-14.240796,-17.280796,-18.520796,-19.060797,-18.560797,-17.380796,-16.770796,-16.110796,-15.670795,-15.030796,-14.0907955,-13.320796,-12.650796,-11.760796,-10.950796,-10.320796,-9.670795,-9.230796,-8.860796,-8.500796,-8.070796,-7.3707957,-6.8507957,-5.920796,-4.290796,-2.9607959,-0.5807959,2.4792042,3.7492042,3.659204,-4.110796,-3.450796,-0.9607959,0.6992041,-0.3007959
1.7692041,1.5392041,1.609204,1.5992041,1.369204,1.3792042,1.4492041,2.149204,2.869204,2.9692042,3.819204,3.319204,2.2592041,-1.1607959,-1.2407959,-3.3007958,-6.200796,-9.690796,-12.390796,-14.690796,-17.040796,-19.490795,-19.660795,-19.700796,-18.830795,-17.370796,-15.990796,-15.710796,-15.800796,-15.230796,-14.700796,-14.240796,-13.780796,-13.560796,-13.210796,-12.790796,-12.260796,-11.760796,-11.460796,-11.120796,-10.5907955,-9.800796,-9.280796,-8.750796,-8.080796,-7.720796,-6.940796,-6.450796,-5.4107957,-4.030796,-4.790796,-0.4707959,-1.9007959,-1.9807959,-2.0207958,-1.2407959,0.4792041,0.8492041
2.349204,1.5592041,0.9392041,0.8792041,0.6792041,0.5792041,0.4592041,1.6492041,3.359204,2.679204,3.2292042,2.089204,0.7992041,-0.9207959,-3.0307958,-4.690796,-6.980796,-8.270796,-13.960796,-14.550796,-15.700796,-16.950796,-17.330795,-17.310797,-15.760796,-15.100796,-14.600796,-13.860796,-13.660796,-13.430796,-13.260796,-13.120796,-12.950796,-12.780796,-12.720796,-12.730796,-12.720796,-12.500796,-12.080796,-11.510796,-10.970796,-10.410796,-9.710796,-9.010796,-8.390796,-7.8907957,-7.650796,-7.450796,-6.8707957,-6.380796,-6.420796,-6.050796,-3.380796,-1.7807959,-2.8007958,-1.2007959,-2.9707959,-3.170796
3.119204,2.4792042,1.4992042,0.9692041,0.7892041,0.6192041,0.41920412,0.7292041,2.569204,2.7092042,2.909204,1.3792042,0.6992041,0.5992041,-4.170796,-5.210796,-6.380796,-8.050796,-9.170795,-11.790796,-12.230796,-13.620796,-14.530796,-13.8407955,-13.390796,-12.910796,-12.150796,-12.070796,-11.810796,-11.900796,-11.820796,-11.640796,-11.640796,-11.740796,-11.780796,-11.950796,-12.060796,-11.900796,-11.550796,-10.940796,-10.110796,-9.390796,-8.670795,-7.860796,-7.230796,-6.820796,-6.590796,-6.570796,-6.880796,-6.3907957,-6.500796,-5.740796,-5.1407957,-4.040796,-1.9407959,-1.4007959,-0.6607959,-4.1007957
4.1492043,3.399204,2.409204,1.5692041,0.9392041,0.7692041,0.7192041,0.7392041,0.8192041,2.879204,2.4592042,1.6392041,1.1792041,-7.9589844E-4,-1.890796,-4.6607957,-6.220796,-6.3507957,-7.670796,-8.720796,-9.790796,-10.230796,-10.510796,-10.870796,-10.940796,-10.410796,-9.870796,-10.120796,-9.980796,-9.810796,-9.770796,-9.770796,-10.030796,-10.170795,-10.200796,-10.430796,-10.460796,-9.970796,-9.420795,-8.470796,-7.550796,-6.740796,-5.6407957,-4.760796,-4.1407957,-4.010796,-4.3507957,-4.790796,-4.980796,-5.220796,-5.260796,-5.4107957,-4.480796,-2.8107958,-1.5407959,-0.7807959,-4.230796,-5.290796
5.229204,4.419204,3.359204,2.4592042,1.5592041,0.8792041,0.6992041,0.9592041,0.5892041,0.8492041,3.089204,2.1892042,1.239204,0.2892041,0.8892041,-1.9307959,-4.110796,-5.1207957,-5.4307957,-6.420796,-7.010796,-7.710796,-8.050796,-8.140796,-8.100796,-7.450796,-7.4307957,-7.800796,-7.610796,-7.520796,-7.510796,-7.290796,-7.710796,-8.010796,-8.240796,-8.020796,-7.290796,-6.380796,-5.510796,-4.380796,-2.690796,-2.2507958,-2.3107958,-2.130796,-2.0507958,-2.0307958,-1.8407959,-1.5507959,-1.7807959,-2.620796,-3.440796,-3.9707959,-4.400796,-2.100796,-1.5807959,-1.8107959,-1.5307959,-2.350796
6.499204,5.5692043,4.499204,3.4792042,2.579204,1.7692041,1.0492041,0.9492041,1.0292041,0.4792041,0.6992041,3.2292042,2.379204,1.3892041,1.3492041,0.7092041,-1.8407959,-3.090796,-3.120796,-3.570796,-4.130796,-4.6207957,-4.760796,-5.1207957,-5.050796,-4.690796,-4.4107957,-4.940796,-5.000796,-5.280796,-5.1207957,-4.830796,-5.060796,-4.730796,-4.450796,-3.660796,-2.830796,-1.510796,0.1792041,0.3792041,0.2992041,-0.3107959,-0.100795895,0.4692041,0.7692041,0.9792041,1.119204,0.9692041,0.7292041,0.9592041,0.6192041,-0.4007959,-1.5307959,-2.380796,-0.5507959,-0.2707959,-1.1507959,-1.4007959
7.679204,7.1092043,5.989204,4.919204,4.079204,3.149204,2.179204,1.7692041,1.5392041,1.6692041,1.0292041,1.0292041,3.9592042,3.2692041,1.9692041,1.8292041,1.1692041,0.0492041,-0.7007959,-0.97079587,-1.2207959,-1.7007959,-2.080796,-2.120796,-2.420796,-2.2507958,-2.150796,-2.0207958,-2.410796,-2.910796,-2.450796,-2.150796,-1.9507959,-1.3507959,-0.3607959,0.3992041,1.3092041,2.349204,2.2092042,2.1892042,2.5092041,3.349204,3.329204,2.909204,2.869204,3.129204,3.4792042,3.2692041,3.0392041,3.359204,3.5392041,3.399204,3.4692042,3.0192041,1.729204,0.7592041,0.9292041,1.229204
9.299204,8.729204,7.6092043,6.699204,5.8392043,4.749204,3.679204,2.9992042,2.4892042,2.109204,2.2892041,1.109204,1.0492041,4.049204,3.919204,2.609204,3.2592041,2.619204,2.2792041,1.3292041,0.8792041,0.8492041,0.6492041,0.0992041,-0.15079589,-0.2507959,-7.9589844E-4,0.0992041,0.1692041,-0.010795899,0.2292041,0.4592041,0.8292041,1.5792041,2.419204,3.049204,3.659204,4.329204,3.9392042,4.099204,4.849204,4.559204,4.299204,4.3792043,4.8992043,5.479204,5.739204,6.189204,6.599204,6.6092043,6.459204,6.279204,6.259204,6.6292043,7.049204,6.969204,6.499204,5.269204
8.699204,9.539204,8.809204,8.249204,7.549204,6.419204,5.289204,4.3992043,3.629204,2.929204,2.2692041,2.169204,1.5692041,0.6092041,3.0092041,4.1092043,3.389204,4.189204,3.0392041,3.379204,2.909204,2.7092042,2.9392042,2.7692041,2.339204,1.989204,1.6492041,1.6292042,2.059204,2.559204,2.889204,3.159204,3.4792042,3.829204,4.3392043,4.789204,5.049204,5.199204,5.3192043,6.019204,6.1292043,5.6292043,6.289204,6.959204,7.469204,7.8592043,8.169204,8.449204,8.739204,9.009204,9.179204,9.249204,9.249204,9.139204,8.969204,8.799204,9.099204,9.779204
7.619204,7.8192043,9.809204,9.289204,8.689204,7.759204,6.8592043,5.8392043,4.729204,3.839204,3.0392041,2.2292042,1.739204,1.3192041,0.1792041,0.7592041,3.4592042,4.829204,5.3392043,3.9792042,3.9892042,4.8592043,4.889204,4.539204,4.6292043,4.429204,3.839204,3.4992042,3.659204,4.179204,4.579204,4.959204,5.079204,5.1492043,5.189204,5.499204,5.219204,5.559204,5.8792043,6.299204,6.789204,7.349204,7.809204,8.249204,8.919204,9.479204,9.969204,10.429204,10.989204,11.559204,11.819204,11.979204,12.129204,11.979204,11.469204,11.019204,10.719204,10.389204
10.319204,9.969204,8.749204,10.239204,9.639204,9.049204,8.1192045,6.989204,6.009204,5.099204,4.219204,3.1892042,2.419204,1.739204,1.6992041,0.9292041,0.6792041,2.399204,4.989204,6.139204,4.829204,4.779204,4.789204,6.1492043,6.539204,5.939204,5.769204,5.6492043,5.3992043,5.3792043,5.6292043,5.929204,6.029204,5.8192043,6.209204,5.799204,5.3592043,6.119204,7.219204,7.449204,8.1592045,8.689204,8.949204,9.209204,9.729204,10.329205,10.819204,10.289204,9.1592045,8.459204,8.3692045,8.789204,9.279204,9.989204,10.959204,11.689204,11.739204,11.629204
11.479204,10.879204,10.549204,8.699204,8.309204,7.3792043,8.589204,8.699204,7.679204,6.909204,6.1092043,5.169204,4.259204,3.619204,2.9492042,2.819204,2.619204,1.979204,2.629204,4.699204,5.669204,6.019204,5.8992043,5.8592043,6.769204,7.3192043,7.139204,6.989204,6.699204,6.759204,6.5892043,6.6492043,7.119204,7.169204,7.1092043,7.269204,7.799204,8.099204,8.379204,8.849204,9.419204,9.439204,9.789204,9.819204,9.949204,9.989204,8.169204,7.409204,7.509204,7.3592043,7.029204,6.749204,7.1492043,7.599204,8.009204,7.8992043,8.679204,10.629204
11.459204,11.139204,10.469204,10.789204,9.469204,8.749204,8.379204,9.979204,9.499204,8.989204,8.3692045,7.719204,7.059204,6.449204,5.809204,5.209204,4.829204,4.639204,4.1092043,3.559204,5.489204,6.299204,5.959204,6.739204,7.209204,7.159204,7.639204,7.979204,7.779204,7.679204,7.409204,7.279204,7.219204,7.419204,7.459204,8.239204,8.419204,8.499204,8.559204,8.9092045,8.969204,9.709204,9.639204,9.529204,9.299204,6.709204,6.079204,6.889204,7.309204,7.299204,7.009204,6.769204,6.3992043,5.8392043,5.389204,4.459204,4.519204,5.699204
11.799204,11.449204,11.459204,11.709204,12.139204,10.149204,9.889204,10.899204,10.949204,10.689204,10.489204,9.339204,9.759204,9.279204,8.679204,8.109204,7.639204,7.119204,6.6492043,6.3192043,5.229204,5.759204,7.199204,7.389204,7.689204,8.249204,7.869204,7.549204,7.559204,7.439204,7.1492043,6.949204,6.789204,6.939204,7.349204,7.809204,8.1592045,8.1592045,7.8392043,8.059204,8.559204,8.959204,8.749204,7.3792043,4.3192043,4.849204,6.8192043,7.499204,6.749204,6.509204,5.869204,4.3592043,1.9392041,-0.9807959,-4.150796,-6.4307957,-8.1307955,-8.830796
12.629204,12.389204,12.229204,12.339204,12.889204,12.149204,12.249204,12.389204,12.339204,12.239204,12.079205,11.849204,11.679204,11.359204,10.859204,10.289204,9.759204,9.269204,8.8692045,8.229204,7.729204,6.909204,6.529204,8.259204,8.149204,7.989204,7.759204,7.239204,6.5692043,6.489204,6.6492043,6.529204,6.5692043,6.969204,7.459204,7.499204,7.5692043,7.439204,7.0692043,7.429204,7.6092043,7.769204,5.229204,2.109204,3.1992042,4.8392043,2.879204,0.5492041,-2.100796,-5.300796,-7.520796,-8.150796,-7.540796,-6.740796,-6.220796,-6.450796,-6.1407957,-5.750796
9.4092045,9.549204,11.439204,12.499204,11.499204,11.089204,12.379204,12.559204,12.649204,12.649204,10.589204,11.549204,12.309204,11.959204,11.569204,11.189204,10.739204,10.1592045,9.779204,9.459204,8.999204,8.739204,8.479204,8.189204,8.879204,8.729204,8.029204,7.5692043,6.709204,6.219204,6.0892043,5.799204,6.099204,6.749204,6.8592043,6.8992043,6.8192043,6.499204,6.699204,6.5892043,5.6092043,1.8492041,-0.0407959,-0.3007959,0.1792041,-3.5207958,-4.720796,-5.080796,-5.1207957,-5.690796,-6.000796,-6.010796,-5.760796,-5.210796,-4.730796,-3.9907959,-3.360796,-2.2607958
8.089204,8.319204,8.839204,9.509204,9.499204,9.889204,9.749204,10.139204,10.489204,10.939204,10.859204,10.419204,10.859204,9.779204,9.579205,9.979204,10.999204,11.109204,10.8692045,9.019204,8.189204,7.449204,7.169204,6.759204,7.059204,8.1192045,7.1092043,5.979204,6.199204,6.469204,5.8792043,5.699204,5.829204,6.249204,6.389204,6.279204,5.6292043,5.639204,5.229204,3.9692042,0.079204105,-1.6607959,-2.180796,-1.6507959,-2.360796,-3.100796,-3.860796,-4.580796,-5.170796,-4.9307957,-4.820796,-4.450796,-3.690796,-2.670796,-2.440796,-1.6907959,-0.2007959,0.4892041
5.539204,5.3792043,5.849204,6.679204,7.909204,7.889204,7.8792043,8.819204,9.3692045,9.279204,10.029204,11.149204,10.229204,9.039204,8.459204,9.279204,9.6192045,9.559204,9.269204,6.909204,4.6092043,4.219204,5.8792043,7.699204,8.499204,8.6192045,9.389204,6.6292043,4.759204,5.199204,4.729204,4.559204,4.869204,5.059204,4.959204,4.679204,4.349204,3.1992042,2.109204,-0.2507959,-2.180796,-2.390796,-2.2907958,-2.2807958,-3.340796,-3.9907959,-4.560796,-4.4107957,-4.380796,-4.110796,-3.5607958,-2.7107959,-1.6807959,-0.5607959,0.4892041,1.4492041,2.2692041,3.0192041
