raw-data/2018091612.json
{"header": { "discipline":0, "disciplineName":"Meteorological products", "gribEdition":2, "gribLength":74334, "center":7, "centerName":"US National Weather Service - NCEP(WMC)", "subcenter":0, "refTime":"2018-09-16T12:00:00.000Z", "significanceOfRT":1, "significanceOfRTName":"Start of forecast", "productStatus":0, "productStatusName":"Operational products", "productType":1, "productTypeName":"Forecast products", "productDefinitionTemplate":0, "productDefinitionTemplateName":"Analysis/forecast at horizontal level/layer at a point in time", "parameterCategory":2, "parameterCategoryName":"Momentum", "parameterNumber":2, "parameterNumberName":"U-component_of_wind", "parameterUnit":"m.s-1", "genProcessType":2, "genProcessTypeName":"Forecast", "forecastTime":0, "surface1Type":103, "surface1TypeName":"Specified height level above ground", "surface1Value":10.0, "surface2Type":255, "surface2TypeName":"Missing", "surface2Value":0.0, "gridDefinitionTemplate":0, "gridDefinitionTemplateName":"Latitude_Longitude", "numberPoints":65160, "shape":6, "shapeName":"Earth spherical with radius of 6,371,229.0 m", "gridUnits":"degrees", "resolution":48, "winds":"true", "scanMode":0, "nx":360, "ny":181, "basicAngle":0, "lo1":0.0, "la1":90.0, "lo2":359.0, "la2":-90.0, "dx":1.0, "dy":1.0 }, "data":
[rows 25 to 49 of 181, columns 285 to 341 of 360]
0.19164063,-1.1583594,-2.0683594,-2.5883594,-3.6383593,-4.2383595,-5.7183595,-7.518359,-8.518359,-11.028359,-9.4483595,-8.178359,-6.7083592,-5.7183595,-4.3983593,-2.9283593,-1.4283594,-1.2183594,-1.2983594,-0.71835935,0.48164064,-0.7583594,-2.5783594,-2.1383593,-1.4183594,-2.5583594,-2.5583594,-2.6883593,-3.1283593,-1.6983594,0.31164062,2.8216407,4.6016407,5.021641,1.1316407,0.8716406,2.0416405,1.4616406,-0.5383594,-2.8983593,-4.2583594,-5.228359,-5.6983595,-5.2983594,-6.7783594,-6.9683595,-7.1383595,-8.298359,-9.32836,-9.318359,-11.028359,-12.70836,-8.768359,-7.3483596,-3.6983595,-2.5583594,-2.2783594
-0.84835935,-2.9883595,-3.7283595,-3.7683594,-2.9783595,-2.1883593,-2.9483595,-5.1483593,-8.70836,-8.858359,-6.6983595,-10.53836,-10.41836,-9.03836,-7.5983596,-6.6383595,-5.0983596,-4.2783594,-3.0583594,-1.7183594,-0.6983594,-0.108359374,1.3816407,1.3816407,0.7016406,-0.59835935,-3.3283594,-3.1983595,-2.7683594,-2.0283594,-0.7283594,0.6916406,2.3016405,2.1316407,0.61164063,-0.3683594,-0.64835936,-4.0283594,-4.4583592,-3.7083595,-2.8283594,-2.5483594,-1.8883594,-3.1383593,-3.0883594,-3.5783594,-5.0083594,-5.0983596,-5.3283596,-6.228359,-6.1283593,-4.9583592,-3.1483593,-3.5883594,-4.9483595,-5.4683595,-9.07836
4.4216404,-1.4083594,-1.2983594,-3.6683593,-4.8483596,-3.8783593,-1.0583594,-0.9983594,-3.9083593,-5.4083595,-7.1983595,-11.24836,-12.91836,-12.4483595,-12.99836,-11.178359,-9.33836,-7.1683593,-4.9383593,-3.3783593,-2.1283593,-1.1083593,-0.20835938,1.5316406,-0.27835938,-0.7583594,-3.9583595,-2.0983593,-1.6483594,-0.9883594,0.5616406,1.1216407,-0.30835938,-0.34835938,-1.0883594,-1.5183594,-2.7583594,-2.1883593,-1.5383594,-1.2083594,-1.0283594,-0.6883594,-0.098359376,-0.13835937,0.4116406,-0.11835937,-0.71835935,-0.7583594,-1.1383594,-0.43835938,-0.49835938,-2.7383595,-5.9683595,-8.888359,-10.53836,-10.15836,-8.018359
9.38164,10.821641,15.861641,18.34164,16.31164,16.94164,16.871641,7.7216406,-0.8683594,-1.1683594,0.54164064,2.2816405,2.8216407,4.271641,7.5316405,6.5316405,-3.6183593,-8.61836,-7.0683594,-7.1783595,-6.4483595,-5.2183595,-3.8283594,-2.2283595,-0.32835937,-1.0683594,-1.4783593,-3.5683594,-3.8683593,-2.2283595,-0.76835936,1.5316406,1.0716406,-0.96835935,-0.65835935,-3.3283594,-2.1483593,-0.7883594,-0.21835938,0.5516406,0.90164065,1.4016407,1.9816406,2.2516406,3.3016405,3.4316406,3.2216406,3.1616406,3.1616406,3.5816407,2.4616406,1.8016406,-0.018359374,-2.9083593,-3.7083595,-1.7783594,0.16164063
8.16164,9.25164,10.361641,12.29164,12.611641,13.83164,14.34164,14.721641,12.471641,12.781641,13.061641,13.941641,13.33164,13.471641,11.511641,9.241641,9.66164,13.92164,5.271641,-5.3783593,-4.6383595,-4.0983596,-3.9783595,-2.8183594,-1.6683594,0.5016406,1.9016407,-0.49835938,-2.0883594,-0.3683594,0.9916406,-0.17835937,0.14164062,-0.08835938,0.6216406,-4.9183593,-1.6283593,-0.07835937,1.1816406,2.4516406,3.9316406,4.5616407,4.9016404,5.3616405,5.9216404,6.3716407,6.961641,6.9016404,6.961641,6.8916407,6.4916406,7.5516405,9.29164,9.941641,10.491641,9.761641,8.88164
9.181641,9.481641,10.04164,10.111641,10.451641,10.58164,12.271641,12.931641,12.741641,13.17164,13.231641,15.771641,13.761641,13.261641,11.681641,12.58164,11.91164,11.611641,11.201641,12.401641,5.6616406,-2.9883595,-1.5283594,-0.35835937,0.45164064,1.1916406,2.0416405,3.6816406,4.6316404,3.7316406,0.4116406,-1.5183594,-1.8183594,-0.37835938,1.3716407,1.2916406,-2.3583593,-0.6883594,1.7716407,3.2416406,4.9016404,6.1816406,7.2016406,8.201641,8.8016405,9.37164,9.91164,10.12164,10.261641,10.481641,11.741641,13.821641,15.34164,16.17164,15.521641,13.941641,13.111641
7.7216406,9.34164,9.241641,9.79164,10.33164,9.87164,12.391641,11.941641,10.8016405,12.741641,11.201641,10.281641,9.731641,6.751641,7.4516406,9.96164,11.8016405,12.08164,11.231641,10.351641,9.41164,7.6816406,0.85164064,0.65164065,2.4916406,3.5916407,3.5316405,3.6416407,4.5416408,4.9116406,4.6816406,4.7216406,2.6816406,2.5316405,3.9616406,3.9716406,3.8916407,1.1016406,0.47164062,3.0516405,4.3916407,6.1416407,7.6516404,8.79164,9.84164,11.151641,11.96164,12.221641,12.761641,13.41164,13.87164,14.34164,15.061641,15.691641,16.121641,15.46164,13.92164
6.5616407,6.7816405,6.7616405,8.521641,10.33164,9.83164,10.34164,10.59164,11.62164,11.12164,12.231641,13.771641,9.84164,9.821641,9.88164,12.101641,11.231641,7.1616406,7.441641,7.9016404,7.5616407,8.13164,6.3316407,1.8416406,2.7316406,4.1816406,5.191641,4.9316406,3.5316405,4.2016406,5.2216406,5.2016406,5.1716404,4.711641,5.0316405,6.211641,6.2016406,7.1716404,6.1216407,4.8416405,5.0516405,5.8516407,6.7216406,7.9916406,9.241641,10.241641,11.16164,12.231641,13.25164,14.061641,14.771641,15.25164,15.41164,15.151641,14.771641,14.33164,13.87164
8.54164,9.701641,10.3016405,10.741641,9.861641,9.87164,9.061641,9.25164,10.061641,10.271641,10.201641,11.54164,10.071641,8.561641,8.12164,13.33164,13.031641,11.13164,11.811641,11.13164,10.031641,9.21164,7.6016407,4.501641,2.5916407,4.0816407,5.0116405,5.5416408,5.5516405,3.9116406,3.4916406,4.2916408,4.5516405,4.711641,4.5516405,5.5716405,5.8416405,6.271641,6.5616407,7.2216406,6.1316404,5.8516407,6.231641,6.9716406,7.6816406,8.42164,9.17164,9.931641,10.571641,11.181641,11.67164,12.25164,12.821641,13.12164,12.891641,12.54164,12.54164
6.3916407,8.491641,8.481641,9.531641,9.281641,10.33164,8.351641,8.941641,9.21164,9.021641,9.651641,9.83164,9.031641,8.641641,9.12164,10.3016405,10.33164,9.031641,9.431641,10.59164,9.59164,9.201641,8.21164,7.5716405,5.4316406,4.441641,5.0316405,5.2916408,5.211641,5.2216406,4.691641,3.7216406,3.5116405,3.3116407,3.5616407,4.441641,5.3416405,5.0716405,4.481641,4.6116405,4.8116407,4.4716406,4.501641,5.0116405,5.6016407,6.021641,6.461641,7.0916405,7.8016405,8.481641,9.061641,9.611641,10.031641,10.12164,9.901641,9.681641,9.811641
5.8716407,5.941641,7.8616405,6.6016407,7.251641,7.9516406,7.6616406,8.061641,7.8416405,7.941641,7.9016404,7.1616406,7.7216406,8.011641,7.4116406,7.7016406,7.9716406,8.92164,7.4116406,6.0416408,6.3116407,6.5516405,6.8116407,6.731641,6.1416407,4.9216404,4.8516407,4.731641,4.771641,4.4716406,4.1016407,3.9516406,4.1116405,3.7616405,2.9116406,3.1916406,3.2916405,3.1116407,3.0616407,2.5116405,3.3116407,3.5316405,3.3816407,3.2916405,3.2716405,3.2116406,3.2116406,3.2316406,2.9916406,3.0016406,3.7816405,5.2816405,7.0816407,8.29164,8.87164,9.12164,9.071641
1.9516406,2.0216405,3.2016406,2.9216406,3.3616407,4.7916408,4.9916406,4.5116405,6.1316404,6.1516404,6.5516405,6.6116405,5.731641,6.3916407,4.6316404,4.1616406,4.4516406,3.7616405,5.251641,5.7216406,5.5116405,5.4116406,5.0516405,5.441641,5.5516405,4.6816406,4.0416408,3.9116406,3.7216406,3.2116406,3.0016406,2.9216406,2.7116406,1.9416406,1.1616406,1.1516407,1.2016406,1.0216407,0.84164065,1.2316406,0.92164063,0.60164064,0.31164062,0.08164062,-0.13835937,-0.29835936,-0.7983594,-3.3583593,-4.6983595,-0.3383594,0.26164064,0.48164064,3.4116406,5.0716405,6.2916408,7.0916405,7.3116407
-0.8083594,-0.8183594,0.13164063,0.85164064,1.8316406,2.3316407,2.6016407,2.7916405,2.8916407,3.1016407,3.2916405,3.3316407,3.4416406,3.2416406,2.9716406,2.7216406,3.0316405,2.6816406,2.2416406,1.7516407,3.6816406,3.9016407,4.3916407,4.001641,3.5416405,2.9916406,1.7616407,2.0416405,1.4916406,1.1516407,0.78164065,0.021640625,-0.46835938,-1.2683594,-2.0083594,-2.1283593,-2.2283595,-2.3583593,-2.3183594,-2.1983595,-2.1483593,-2.1483593,-2.4583595,-2.9183593,-3.4583595,-4.538359,-1.4483594,5.8316407,8.79164,8.92164,7.2416406,4.0516405,4.251641,5.8016405,5.7816405,6.0416408,6.5116405
-0.44835937,-0.47835937,-0.90835935,0.49164063,1.0216407,1.2016406,1.8916407,2.2816405,2.7816405,3.2216406,3.2016406,2.9616406,2.7516406,2.4916406,2.6316407,2.4416406,2.4516406,2.3716407,4.9516406,2.6116407,3.0216405,3.0616407,3.0716407,2.2916405,1.4316406,0.5816406,-0.45835936,-0.9283594,-1.4383594,-1.9183594,-2.1483593,-3.2683594,-3.1083593,-4.0483594,-4.5683594,-4.8283596,-4.9583592,-5.1283593,-5.1783595,-5.2183595,-5.2583594,-5.038359,-4.1083593,-1.9683594,2.5516405,6.7816405,8.54164,9.271641,9.09164,8.13164,6.961641,5.8316407,5.0716405,5.3916407,5.5416408,5.8816404,7.0816407
-0.008359375,0.13164063,0.42164063,1.1416407,1.0216407,1.3816407,1.3716407,2.7316406,2.0916407,1.6316407,2.1116407,2.2216406,1.8416406,1.7216406,2.0016406,2.0616407,2.7616405,1.8116406,0.6216406,0.36164063,0.9416406,0.60164064,1.4416406,1.2516407,0.59164065,-0.40835938,-0.89835936,-1.6183593,-2.1483593,-3.0583594,-3.1483593,-3.8483593,-4.1383595,-4.6783595,-4.8783593,-4.7383595,-4.4883595,-3.3883593,-1.7883594,0.31164062,1.8816407,3.1716406,5.3516407,7.191641,8.141641,8.521641,8.391641,7.8516407,7.6116405,7.1816406,5.5316405,4.7216406,4.7816405,4.8716407,5.2216406,5.3716407,5.731641
-0.5583594,-0.13835937,0.4116406,0.54164064,0.7516406,1.5516406,2.1416407,1.6116406,1.7016406,2.4716406,3.4116406,2.5816407,3.0516405,1.9116406,1.4616406,1.6916406,0.8316406,0.44164062,0.65164065,0.13164063,-0.95835936,-0.96835935,-1.2783594,-1.4483594,-1.3883594,-1.0183594,-0.45835936,-0.30835938,-0.76835936,-0.6883594,-0.28835937,0.21164063,1.3016406,3.1416407,4.981641,6.1716404,6.1316404,6.6416407,5.2816405,4.5316405,4.8816404,6.4216404,7.9316406,7.6416407,7.0616407,6.8716407,6.981641,6.501641,6.4516406,5.731641,5.0816407,4.1116405,3.4016407,3.3016405,3.4016407,3.2616405,3.3416407
-1.8483593,-1.1783594,0.5116406,-0.068359375,-0.46835938,1.6116406,1.0416406,0.6816406,-0.07835937,1.4516406,2.5416405,3.5116405,0.8816406,0.26164064,0.29164064,0.8016406,1.6016406,1.6416407,-0.4283594,-0.9283594,-0.5683594,-1.1083593,-2.8983593,-1.8383594,-1.3283594,-0.6883594,-0.18835938,0.67164063,1.6016406,2.8416407,3.7016406,4.9016404,6.1616406,7.0416408,7.8916407,7.7916408,6.9316406,7.8016405,8.031641,7.9716406,8.181641,7.4516406,7.0916405,6.501641,6.3616405,6.3316407,5.5316405,5.1616406,4.6216407,3.4916406,2.5116405,1.7616407,0.9616406,0.28164062,-0.17835937,-0.26835936,-0.5683594
-1.6783594,-0.9883594,-0.8183594,-0.3983594,1.4316406,0.49164063,-0.71835935,0.7516406,1.5116407,2.4316406,0.47164062,-0.13835937,1.1716406,-0.3383594,0.9616406,2.8216407,2.5016406,4.7916408,4.3716407,2.4416406,1.1316407,-1.8183594,-2.9183593,-2.9383593,-2.2083595,-1.2383593,-0.15835938,0.79164064,1.7516407,2.3816407,2.8416407,4.2416406,5.6816406,8.201641,10.191641,11.061641,10.611641,9.491641,8.66164,8.471641,7.3216405,7.1316404,7.0116405,6.4216404,4.5116405,4.231641,3.7016406,2.6016407,1.4416406,-0.3683594,-2.0183594,-2.7483594,-2.6983595,-2.1083593,-2.1183593,-2.1983595,-2.0183594
-3.0583594,-2.2583594,-0.5383594,-1.2483593,-2.2783594,-1.2483593,0.08164062,0.7716406,0.5216406,0.16164063,-0.25835937,-1.3183594,-0.71835935,-0.068359375,1.7516407,5.6116405,6.0416408,6.251641,5.5316405,5.6416407,4.2816405,3.6116407,3.1016407,2.9216406,4.6516404,5.6716404,6.7816405,7.4316406,7.731641,8.491641,8.951641,8.861641,8.75164,10.601641,10.811641,10.391641,9.721641,8.951641,8.91164,8.13164,7.1016407,6.8016405,6.7416406,5.5816407,4.3916407,3.0216405,0.48164064,-2.2383595,-4.0683594,-5.0683594,-4.9883595,-4.7983594,-4.3483596,-3.4283593,-2.3483593,-1.1883594,-0.26835936
-1.0583594,-1.2383593,-1.2083594,-0.13835937,-1.0883594,-1.8683593,-0.84835935,-0.37835938,-0.048359375,-0.26835936,0.7116406,2.0816407,4.1516404,5.7816405,2.5116405,2.5516405,5.481641,6.3516407,6.7016406,6.981641,7.1216407,7.2216406,7.8516407,8.731641,8.41164,8.391641,8.33164,8.5516405,8.701641,9.111641,10.511641,10.761641,10.75164,10.67164,10.641641,10.41164,9.91164,9.09164,8.071641,7.3416405,6.751641,6.441641,6.3416405,5.1016407,2.9516406,-0.25835937,-3.2183595,-5.9583592,-7.3383594,-7.768359,-7.3883595,-6.268359,-5.3383594,-4.4483595,-3.0783594,-1.8683593,-0.21835938
0.6816406,-0.35835937,-0.71835935,0.44164062,1.3016406,0.37164062,-0.59835935,0.23164062,1.2116406,3.5716407,3.8216407,2.7516406,2.5316405,3.6416407,5.731641,6.8316407,6.7916408,7.1616406,7.461641,7.4216404,8.221641,8.781641,8.83164,8.981641,9.061641,8.79164,8.83164,9.061641,10.41164,9.741641,11.021641,10.84164,10.521641,10.67164,10.281641,9.5516405,8.981641,8.361641,7.8316407,7.271641,6.6616406,6.6816406,6.0816407,4.2216406,1.3816407,-1.2383593,-3.8783593,-6.4283595,-10.488359,-9.36836,-7.0283594,-5.0083594,-3.3883593,-2.5683594,-1.4583594,-1.4183594,-0.52835935
-1.1783594,0.061640624,-0.58835936,0.14164062,0.91164064,0.20164062,1.7316406,4.3016405,4.9916406,2.6016407,3.0716407,6.3816404,6.6216407,6.6816406,6.5616407,6.191641,6.3516407,6.3316407,6.6316404,7.7416406,7.2916408,7.5416408,8.181641,7.3216405,7.231641,7.0416408,6.6116405,8.37164,8.16164,8.33164,8.741641,9.151641,9.141641,8.88164,8.71164,8.59164,8.451641,8.111641,7.7816405,7.3416405,6.8716407,6.7616405,5.8416405,4.2616405,2.8916407,1.2416406,-0.3683594,-4.3983593,-12.49836,-13.15836,-8.548359,-4.518359,-2.9183593,-2.7883594,-1.3183594,-0.17835937,0.3816406
0.34164062,0.25164062,0.25164062,0.7416406,0.61164063,2.1816406,3.1716406,2.8316407,3.0916407,3.2516406,4.521641,5.191641,5.3316407,5.2216406,5.2416406,5.441641,4.3916407,4.8116407,5.5416408,5.501641,5.7816405,5.961641,5.941641,4.981641,3.1416407,4.7616405,5.0116405,5.0816407,5.9316406,6.9316406,7.8716407,8.031641,7.731641,7.5416408,7.5116405,7.7416406,8.13164,8.071641,7.691641,7.4116406,6.941641,6.271641,5.8816404,5.481641,6.1616406,7.0816407,5.4716406,10.031641,5.5816407,-0.9483594,-2.8283594,-2.4583595,-2.0683594,-1.3183594,-1.4483594,0.15164062,1.7216406
-0.6083594,0.6416406,0.86164063,0.44164062,0.22164063,2.3316407,2.0516405,1.7516407,1.1816406,0.8016406,1.1516407,1.8816407,2.7816405,2.9616406,3.5916407,3.4516406,2.9716406,3.7416406,3.8316407,2.9916406,3.1116407,2.8116407,2.5616407,2.0916407,1.0316406,1.0516406,1.2216406,2.2216406,3.4616406,4.7816405,5.6416407,5.9716406,5.8916407,5.7016406,6.021641,6.501641,6.5816407,6.3016405,5.731641,5.6516404,5.1716404,5.1816406,5.691641,6.8016405,9.0516405,11.21164,12.531641,16.44164,14.561641,7.9516406,3.5716407,2.2316406,0.5516406,0.31164062,-0.15835938,0.6316406,1.6016406
0.12164062,0.3516406,0.8316406,1.6916406,1.6116406,0.42164063,0.021640625,-0.26835936,-2.1483593,-1.5083594,0.001640625,1.1816406,0.6816406,0.79164064,0.6216406,0.16164063,-0.20835938,-2.2983594,-2.3083594,-1.5083594,-1.1683594,-1.2383593,-0.6983594,-1.1383594,-2.1183593,-2.5883594,-1.0783594,1.7316406,1.5616406,1.8516406,1.5316406,1.8616406,2.4116406,3.0416405,3.6216407,3.9316406,3.9716406,3.4716406,3.3616407,3.0716407,3.5816407,4.1316404,5.2016406,7.3816404,9.941641,11.931641,15.401641,18.35164,16.34164,11.66164,7.271641,5.0516405,2.7416406,1.6616406,0.8316406,1.3416406,1.2616407
