raw-data/2018091818.json
{"header": { "discipline":0, "disciplineName":"Meteorological products", "gribEdition":2, "gribLength":75039, "center":7, "centerName":"US National Weather Service - NCEP(WMC)", "subcenter":0, "refTime":"2018-09-18T18:00:00.000Z", "significanceOfRT":1, "significanceOfRTName":"Start of forecast", "productStatus":0, "productStatusName":"Operational products", "productType":1, "productTypeName":"Forecast products", "productDefinitionTemplate":0, "productDefinitionTemplateName":"Analysis/forecast at horizontal level/layer at a point in time", "parameterCategory":2, "parameterCategoryName":"Momentum", "parameterNumber":2, "parameterNumberName":"U-component_of_wind", "parameterUnit":"m.s-1", "genProcessType":2, "genProcessTypeName":"Forecast", "forecastTime":0, "surface1Type":103, "surface1TypeName":"Specified height level above ground", "surface1Value":10.0, "surface2Type":255, "surface2TypeName":"Missing", "surface2Value":0.0, "gridDefinitionTemplate":0, "gridDefinitionTemplateName":"Latitude_Longitude", "numberPoints":65160, "shape":6, "shapeName":"Earth spherical with radius of 6,371,229.0 m", "gridUnits":"degrees", "resolution":48, "winds":"true", "scanMode":0, "nx":360, "ny":181, "basicAngle":0, "lo1":0.0, "la1":90.0, "lo2":359.0, "la2":-90.0, "dx":1.0, "dy":1.0 }, "data":
[rows 25 to 49 of 181, columns 0 to 56 of 360]
-4.3848095,-5.1748095,-6.0348096,-6.9048095,-8.09481,-9.14481,-8.72481,-6.6248097,-4.0548096,-1.8148096,-1.2848096,-3.5348096,-1.7248095,-2.2048097,-2.3248096,-2.0848095,-1.1048095,-0.99480957,-1.1448096,-1.3248096,-1.1148095,0.05519043,1.1651905,1.6551905,3.2151904,1.5951904,0.0051904297,0.35519043,0.91519046,1.8651904,2.4351904,2.7351904,2.9851904,3.2751904,4.0651903,8.075191,8.705191,4.2051907,7.4551907,8.23519,6.2851906,1.8551904,2.3551905,2.5951905,2.5751905,2.3551905,1.7951905,1.3651904,1.1251904,0.73519045,0.47519043,0.11519043,0.03519043,-0.08480957,-0.11480957,0.08519043,0.08519043
-7.5748096,-8.504809,-9.43481,-7.5048094,-2.4848096,0.8251904,-0.64480954,-4.06481,-5.7448096,-4.9048095,-4.6248097,-1.5148096,-3.0748096,-3.3348095,-1.6148095,-0.9748096,-1.2648096,-1.3648095,-0.6748096,0.02519043,0.6551904,2.8651905,3.4851904,2.3351905,0.30519044,0.5351904,0.8851904,1.1151904,1.2551904,1.3751904,1.6751904,2.2251904,2.5551903,2.7651904,3.0251904,3.2451904,3.5251904,9.10519,5.9851904,2.5251904,2.4051905,2.2251904,1.8151904,2.1151905,2.4751904,1.9851904,1.6551905,1.3651904,1.1151904,0.38519043,-0.15480956,-0.31480956,-0.10480957,0.06519043,-0.37480956,-0.14480957,-0.35480958
-7.1248097,-4.5248094,-1.0748096,0.03519043,0.5751904,3.4051905,-2.8248096,-4.4648094,-2.5548096,-2.1548095,-1.5348096,-2.5848095,-1.3748096,1.6651905,2.6151905,-0.24480957,0.5951904,0.45519042,0.45519042,3.4651904,4.93519,4.0751905,0.8951904,0.5351904,0.85519046,1.0651904,2.5551903,2.3551905,4.0451903,2.6751904,2.8051903,2.1251905,2.3751905,2.6651905,2.8251905,2.3251905,2.4951904,3.1651905,3.6151905,3.5451903,3.1651905,3.2251904,3.1551905,2.3951905,2.0651903,1.4551904,1.1451905,1.1651905,0.40519044,-0.13480957,-0.21480957,-0.42480958,-0.45480958,-0.41480958,-0.5348096,-0.76480955,-1.0348096
-1.1948096,-0.30480957,0.06519043,1.1751904,1.9151905,1.3051904,0.09519043,-2.2648096,-2.6348095,-3.7548096,-0.24480957,-0.50480956,1.6051904,2.3051903,3.1351905,1.4051905,0.5951904,0.7151904,2.1351905,3.4551904,6.2251906,7.0751905,2.4451904,2.4451904,2.2251904,1.3351904,0.91519046,1.3651904,2.2151904,3.8151903,3.4651904,4.2651906,2.6751904,3.6151905,3.0451903,9.01519,3.4851904,2.0451903,2.6451905,3.1851904,3.4551904,3.2951903,3.2951903,2.6451905,2.8451905,2.7151904,2.1551905,-0.01480957,-0.32480958,-0.33480957,-0.26480958,-0.40480956,-0.8048096,-1.1648096,-0.94480956,-1.0448096,-0.94480956
2.8551905,1.8251904,1.5251905,1.8751904,1.3151904,-0.07480957,-0.06480957,-2.1448095,-2.8548095,-1.7348095,-1.8548095,-0.93480957,-0.49480957,1.3651904,1.3651904,1.1051904,2.8751905,1.9051905,3.4651904,2.8451905,3.3851905,2.9251904,1.0051904,2.0551903,2.7751904,2.3251905,1.4451904,0.68519044,1.2151904,1.7851905,4.5951905,9.545191,9.35519,3.1151905,2.2951903,2.3451905,6.9751906,2.9351904,2.1951904,2.5051904,3.1851904,3.7751904,3.6251905,3.4251904,3.5751905,3.4051905,3.0351903,0.9751904,-0.06480957,-0.44480956,-0.23480958,-0.13480957,-0.35480958,-0.9248096,-0.9048096,-1.2048095,-1.0748096
4.2351904,4.0451903,3.7751904,3.8751905,2.8051903,-0.32480958,-0.46480957,-2.2648096,-1.9548095,-2.0048096,-1.8948096,-0.83480954,-0.5548096,-0.31480956,0.30519044,0.9751904,0.5851904,0.5251904,0.48519042,2.2251904,4.5851903,5.0751905,4.9451904,3.7251904,3.9851904,7.8451905,9.625191,8.67519,7.1751904,3.6251905,2.8251905,2.1351905,2.3751905,1.7651905,2.3351905,3.5251904,3.0051904,3.2551904,4.0651903,2.4151905,3.0951905,3.6051905,4.0551906,3.8051903,4.2951903,3.9851904,3.6351905,2.2851903,0.75519043,-0.024809571,-0.04480957,-0.01480957,-0.40480956,-0.7848096,-0.8448096,-1.0448096,-1.2548096
4.6451902,4.7151904,5.2751904,5.7351904,5.3651905,4.1551905,-0.9048096,0.87519044,0.24519043,0.7851904,4.1951904,1.9451904,0.85519046,2.6851904,0.92519045,0.50519043,0.26519042,-0.13480957,1.7851905,4.4851904,5.0351906,6.3351903,6.0151906,4.0651903,1.3351904,1.6551905,2.3451905,3.2251904,2.3751905,1.3951905,1.4751904,1.5751904,1.6551905,1.7351904,2.2451904,2.5151904,2.8051903,3.0451903,6.2551904,2.8051903,3.2551904,3.4451904,4.0151906,4.2451906,4.5151906,4.41519,3.4451904,3.3251905,1.6151904,0.66519046,0.29519042,0.85519046,0.38519043,0.37519044,-0.27480957,-1.1348096,-0.49480957
8.6151905,8.755191,7.3951902,7.0051904,7.1751904,6.5851903,6.0851903,5.7651906,6.3851905,7.0751905,6.3651905,4.3651905,1.6751904,1.3551904,1.9451904,1.7251904,1.3151904,2.8251905,4.3651905,3.6951904,5.41519,6.7151904,5.7451906,5.3051906,5.2651906,1.6051904,1.7451904,2.4851904,2.8951905,1.6051904,1.5151905,2.3051903,1.5951904,1.7951905,2.4151905,2.5251904,2.4251904,3.6751904,3.3051903,3.3551905,2.9651904,3.1351905,4.0051904,4.0251904,4.2551904,4.2351904,3.8751905,4.0351906,3.0751905,1.7551904,1.0051904,2.7051904,1.7351904,1.0651904,0.21519043,-1.1048095,0.5751904
8.77519,9.94519,10.34519,9.875191,9.48519,8.19519,8.26519,8.05519,6.9251904,5.3151903,3.7251904,4.9951906,1.8651904,0.24519043,0.41519043,0.8251904,1.8651904,4.2251906,4.41519,4.3251905,4.5551906,3.1551905,1.4151905,2.5851905,2.5451903,1.0651904,1.8051904,1.4851904,2.0751905,1.5251905,1.9351904,1.4051905,1.9151905,2.0751905,2.1651905,2.7151904,2.5051904,2.4051905,2.8651905,3.0851905,4.3051906,3.9751904,3.8951905,5.3551903,3.6451905,4.0551906,3.5251904,4.5351906,4.4251904,3.3451905,1.7651905,1.5951904,1.7251904,1.3251904,0.80519044,0.85519046,-0.7948096
6.4551907,7.8851905,8.77519,8.6151905,8.075191,8.165191,8.88519,8.6151905,7.4251904,4.43519,4.3451905,6.2551904,0.9651904,-1.4448096,0.30519044,1.0551904,2.1451905,2.2451904,1.4951904,1.4551904,2.1751904,0.68519044,1.1851904,1.6451905,1.9851904,1.5951904,1.3751904,1.4151905,1.7451904,1.5451905,1.7051904,1.5151905,1.8151904,1.9151905,2.2651904,1.9951904,2.6951904,2.9751904,2.6351905,1.7751905,3.3451905,2.9051905,4.0251904,3.8451905,4.4251904,4.3751903,4.3951902,4.8851905,4.0251904,2.9751904,2.4751904,2.0951905,1.8451904,1.0951904,0.92519045,-1.1448096,-3.8048096
4.5151906,4.8351903,7.0451903,8.31519,7.8951902,8.585191,9.295191,9.48519,9.68519,6.7151904,5.5951905,6.43519,-0.87480956,0.21519043,0.38519043,0.05519043,-0.04480957,0.34519044,0.6351904,0.09519043,-0.5248096,0.01519043,0.09519043,0.40519044,0.7851904,0.9051904,0.73519045,1.5251905,1.8551904,1.9951904,1.5451905,2.3651905,2.0351903,1.8151904,1.8351904,1.7451904,1.3151904,1.8451904,2.8751905,3.2751904,2.4051905,2.4751904,2.5251904,3.2351904,3.5351903,4.2351904,4.5851903,2.8751905,4.1751904,2.7651904,2.3151903,2.3951905,1.0451905,1.0051904,0.02519043,0.18519042,-1.9948096
4.0851903,5.0151906,6.8851905,7.7651906,7.4651904,9.47519,10.44519,10.56519,11.31519,5.9951906,3.4751904,1.6651905,-0.9748096,-0.81480956,-0.45480958,-1.2548096,-1.5148096,-0.89480954,0.19519043,-0.69480956,-0.76480955,0.25519043,0.15519042,0.05519043,0.09519043,0.60519046,0.75519043,1.4351904,2.1451905,1.5851904,2.4451904,2.0551903,2.0451903,2.1951904,1.9651904,2.3851905,2.5451903,2.3351905,2.7051904,3.3451905,3.5351903,3.4051905,3.4451904,3.8451905,3.9251904,3.7151904,2.9251904,3.8151903,3.4451904,3.3051903,2.3151903,2.4251904,1.6651905,1.4651904,0.5351904,1.4651904,-2.0048096
3.2051904,4.5651903,5.3851905,6.2051907,9.13519,8.17519,4.5651903,4.8851905,4.0951905,3.7751904,1.6851904,0.26519042,-0.13480957,-0.81480956,-0.9648096,-1.2148095,-1.9948096,-1.6248096,-0.70480955,-1.1648096,-0.99480957,-0.0048095705,0.22519043,0.44519043,0.5251904,0.5751904,0.7851904,1.5951904,1.3551904,1.3851905,2.1551905,1.9251904,2.0251904,1.7051904,1.8651904,2.5651903,2.7851903,2.6151905,2.6851904,3.1251905,2.6851904,3.7851903,3.6951904,4.18519,4.1251903,3.3651905,3.1151905,3.0151904,3.2451904,2.9051905,3.0551903,2.5451903,2.3651905,2.4251904,2.2851903,1.9551904,1.1651905
2.4551904,2.4151905,6.4251904,8.69519,9.755191,4.2351904,3.9051905,4.16519,4.2151904,2.7351904,0.86519045,1.1351905,0.9051904,0.01519043,-0.6648096,-0.12480957,-0.06480957,-1.5548096,-1.1348096,-1.0148096,-1.1948096,-1.0948095,-0.12480957,0.66519046,0.42519042,0.32519042,0.8351904,1.0351905,0.9451904,1.2751905,1.4051905,1.9851904,2.5051904,2.9851904,3.0851905,2.9951904,3.1951904,3.4251904,3.1251905,2.4951904,3.2351904,3.6851904,3.8051903,4.0551906,4.3951902,4.43519,4.3951902,3.4951904,3.6351905,3.7451904,3.7551904,4.6551905,3.8651905,3.1351905,3.3851905,1.4051905,4.68519
3.6051905,5.6451902,6.8051906,3.2551904,3.4251904,2.9451904,3.5851905,2.9151905,1.9451904,1.9151905,1.0451905,1.3951905,0.8251904,0.6951904,-0.19480957,-0.04480957,0.8251904,-0.05480957,-0.38480958,0.55519044,-1.4748095,-1.0648096,-1.2048095,-0.07480957,0.19519043,0.45519042,0.8251904,0.12519044,0.7251904,1.7551904,2.2751904,2.3151903,2.3851905,2.7351904,2.9751904,2.5551903,3.3051903,3.6251905,3.6951904,3.5751905,3.6451905,3.7351904,4.43519,4.4851904,4.9051905,4.1251903,4.9851904,3.6651905,4.6551905,4.7151904,4.8151903,5.3151903,4.6751904,4.1251903,4.5551906,3.5351903,3.3651905
1.8051904,2.1951904,0.91519046,1.6151904,1.7251904,1.4551904,1.9751904,2.0051904,2.2651904,1.4851904,2.1751904,-0.22480957,0.29519042,0.85519046,0.33519042,-0.17480958,-1.7648096,-0.47480956,1.6651905,0.43519044,-0.5948096,-1.8448095,-0.7248096,-1.8248096,-0.6648096,-0.14480957,0.46519044,0.62519044,0.6451904,1.0951904,1.6351905,2.0451903,2.0951905,2.2751904,2.7651904,3.3051903,3.9851904,3.5651903,3.8551905,4.66519,4.7551904,4.7751904,4.9451904,4.7651906,4.91519,4.9251904,5.1251903,4.6251903,5.2451906,5.5851903,5.1451902,6.3151903,3.9551904,3.3551905,3.7551904,3.3351905,4.2751904
1.6251904,0.93519044,0.99519044,1.0551904,1.9451904,1.3351904,1.8451904,1.6851904,0.49519044,0.67519045,1.4751904,0.8951904,0.55519044,-0.75480956,0.87519044,-1.8348095,-1.9748095,-1.8148096,-0.6048096,-0.89480954,0.41519043,0.6351904,-1.3748096,0.09519043,-0.18480957,-1.6848096,-1.2648096,-0.5448096,0.98519045,1.0951904,1.4951904,1.7351904,1.4951904,1.6151904,2.0951905,2.7351904,3.1651905,3.5651903,3.3851905,3.8051903,3.7751904,4.0751905,4.1951904,4.0351906,3.7851903,4.8651905,4.9051905,4.9551907,5.2651906,5.9651904,6.0251904,7.0551906,5.3951902,3.3151903,7.3851905,7.2951903,6.6551905
1.9151905,1.5951904,0.7151904,2.7051904,1.0651904,1.6751904,-0.62480956,0.62519044,-0.64480954,0.43519044,1.2851905,1.8151904,1.5951904,0.7251904,1.2051904,-0.5248096,-0.48480958,-2.7948096,-0.8048096,-0.70480955,-0.5448096,-1.5848095,-1.6548096,-1.5948095,-0.95480955,0.7251904,-0.51480955,-1.3248096,-0.5948096,-0.36480957,0.6351904,1.2151904,0.9751904,0.5851904,0.5251904,0.93519044,1.6851904,2.6351905,3.0951905,2.6051905,2.9751904,3.3051903,3.5951905,4.3751903,4.0651903,3.8051903,4.3851905,5.3051906,5.4651904,5.8051906,6.0951905,7.3951902,7.4851904,7.8451905,6.1151905,6.9851904,7.93519
2.1451905,1.0451905,2.4251904,2.4351904,0.93519044,0.36519042,-0.5448096,0.40519044,0.03519043,-0.15480956,-0.27480957,0.30519044,-0.07480957,0.7051904,0.26519042,0.56519043,-0.24480957,-1.5948095,-0.32480958,-0.49480957,-0.64480954,-0.69480956,-1.5348096,0.14519043,-0.9848096,-0.7948096,0.5751904,-0.75480956,-0.21480957,-0.51480955,0.60519046,2.0351903,2.8951905,1.5051904,1.6051904,1.7451904,2.0051904,1.3851905,3.3951905,4.7951903,3.4751904,2.7951903,2.3451905,3.2551904,4.2151904,4.0751905,4.7051907,4.8651905,5.2351904,5.1451902,5.9551907,7.9551907,6.7751904,6.8851905,7.5851903,7.7351904,8.17519
2.0051904,0.45519042,0.54519045,1.7751905,1.9551904,-0.39480957,0.42519042,0.5751904,1.1051904,-0.024809571,0.26519042,0.87519044,0.0051904297,-0.03480957,0.40519044,-0.28480956,0.67519045,-1.3348095,0.36519042,-1.8748096,-1.0948095,-0.56480956,-1.0348096,-0.99480957,-0.69480956,-0.25480956,-1.5448096,0.7151904,-0.83480954,-0.51480955,0.5151904,1.5551904,2.8651905,4.6351905,4.0251904,3.1551905,5.3351903,5.68519,4.0251904,2.2351904,1.8251904,2.5251904,2.8451905,2.7651904,3.0051904,3.0851905,4.0751905,4.91519,4.7151904,7.68519,8.05519,8.285191,9.665191,8.745191,8.38519,8.13519,7.9251904
0.45519042,0.98519045,-0.16480957,1.4451904,1.3151904,0.98519045,1.0251905,0.86519045,-0.41480958,-1.1548096,0.18519042,-0.56480956,-1.5848095,0.0051904297,0.34519044,0.12519044,-0.33480957,-0.47480956,-0.27480957,-0.8048096,-2.1648095,-4.1248097,-2.4748096,-0.34480956,-1.3448095,-1.3848096,-0.50480956,-1.7748096,-1.9148096,-0.6148096,-1.7048095,-1.1248096,-0.62480956,-1.9548095,-2.4048095,0.8251904,0.20519044,-0.64480954,0.6951904,0.5251904,-0.01480957,0.47519043,1.3951905,2.4151905,2.2851903,2.8051903,3.9551904,4.0351906,6.8351903,8.045191,8.88519,8.965191,7.5751905,7.4651904,7.6551905,7.2751904,7.2551904
-0.34480956,-1.9348096,-0.8548096,-0.7148096,1.5851904,2.8151903,0.85519046,0.33519042,0.27519044,-0.69480956,0.32519042,0.8951904,-0.42480958,-3.5648096,-1.0448096,0.5151904,0.92519045,0.24519043,-0.58480954,-0.32480958,-0.6548096,-2.5148096,-3.3048096,-3.7548096,-3.8148096,-4.0348096,-3.8848095,-3.2948096,-2.4448097,-4.5348096,-4.6148095,-4.3548098,-3.4348097,-0.62480956,-0.16480957,-3.3548095,-2.2448096,-2.1748095,-3.9348097,-3.7148097,-1.1748096,0.41519043,-0.13480957,1.6151904,2.0851905,2.0951905,2.7451904,2.9851904,7.1551905,7.8551903,7.9251904,5.93519,5.9951906,6.2451906,6.5451903,6.6151905,6.5151906
0.6451904,0.01519043,-1.7448096,-2.0048096,-1.6848096,-4.2948093,-4.9148097,-4.5548096,-3.9248095,-2.6748095,-2.3448095,-0.0048095705,0.98519045,0.8851904,-1.8348095,-1.8148096,-0.33480957,1.4651904,0.15519042,0.38519043,-0.76480955,-0.76480955,-2.4848096,-2.3248096,-1.4948096,-1.5048096,-2.1948097,-1.6748096,-5.4648094,-6.7948093,-6.8848095,-6.6248097,-7.3848095,-7.1748095,-5.5348096,-3.8448095,-2.5248096,-0.9148096,-1.4748095,-1.9748095,-2.1048095,-1.1048095,0.36519042,0.46519044,0.16519043,0.60519046,-0.07480957,1.6051904,5.66519,5.6451902,6.6951904,7.4751906,4.9451904,5.8651905,6.5351906,6.4651904,5.0851903
-0.46480957,-0.5548096,-0.06480957,-0.39480957,-3.5148096,-4.6148095,-4.4448094,-3.0248096,-0.9048096,0.21519043,1.5251905,-0.58480954,-0.29480958,0.37519044,0.46519044,-2.4948096,-0.62480956,-0.5548096,0.9751904,1.6451905,-1.0248096,-0.62480956,-0.94480956,-1.6248096,-0.19480957,-2.2648096,-5.2248096,-3.3748095,-3.1348095,-6.7648096,-7.9948096,-8.8848095,-10.714809,-8.09481,-5.4948096,-2.1848097,-2.2748096,-0.0048095705,2.8551905,3.5851905,2.9951904,2.8951905,-0.6548096,-0.25480956,2.3551905,0.105190426,-1.0948095,1.7451904,1.1051904,6.4651904,3.2651904,3.9151905,4.3051906,5.16519,4.1151905,4.9951906,3.5151904
-3.3948095,-2.5148096,-3.7948096,-0.5348096,-0.26480958,0.5751904,2.5151904,-0.07480957,1.1351905,0.07519043,1.7051904,-2.0648096,-0.69480956,2.9251904,2.3551905,1.9151905,-2.1348095,-1.6548096,-1.3648095,0.5751904,0.01519043,-0.18480957,-0.41480958,0.61519045,0.62519044,-3.4248095,-4.7648096,-3.0048096,-5.2848096,-6.2048097,-4.0448093,-1.7248095,-0.024809571,-0.95480955,-1.2348095,-2.0048096,-1.4348096,-0.08480957,0.80519044,1.2651905,0.66519046,0.38519043,-0.5548096,-0.21480957,-2.3948095,1.2051904,-3.8548095,-3.4348097,1.4751904,0.56519043,0.5251904,0.28519043,1.0551904,2.1751904,3.0051904,1.6251904,1.9051905
