raw-data/2018100806.json
{"header": { "discipline":0, "disciplineName":"Meteorological products", "gribEdition":2, "gribLength":74844, "center":7, "centerName":"US National Weather Service - NCEP(WMC)", "subcenter":0, "refTime":"2018-10-08T06:00:00.000Z", "significanceOfRT":1, "significanceOfRTName":"Start of forecast", "productStatus":0, "productStatusName":"Operational products", "productType":1, "productTypeName":"Forecast products", "productDefinitionTemplate":0, "productDefinitionTemplateName":"Analysis/forecast at horizontal level/layer at a point in time", "parameterCategory":2, "parameterCategoryName":"Momentum", "parameterNumber":3, "parameterNumberName":"V-component_of_wind", "parameterUnit":"m.s-1", "genProcessType":2, "genProcessTypeName":"Forecast", "forecastTime":0, "surface1Type":103, "surface1TypeName":"Specified height level above ground", "surface1Value":10.0, "surface2Type":255, "surface2TypeName":"Missing", "surface2Value":0.0, "gridDefinitionTemplate":0, "gridDefinitionTemplateName":"Latitude_Longitude", "numberPoints":65160, "shape":6, "shapeName":"Earth spherical with radius of 6,371,229.0 m", "gridUnits":"degrees", "resolution":48, "winds":"true", "scanMode":0, "nx":360, "ny":181, "basicAngle":0, "lo1":0.0, "la1":90.0, "lo2":359.0, "la2":-90.0, "dx":1.0, "dy":1.0 }, "data":
[rows 0 to 25 of 181, columns 300 to 359 of 360]
-5.360205,-5.390205,-5.420205,-5.450205,-5.4702053,-5.4902053,-5.5102053,-5.5302052,-5.550205,-5.570205,-5.580205,-5.590205,-5.610205,-5.620205,-5.620205,-5.630205,-5.630205,-5.640205,-5.640205,-5.640205,-5.630205,-5.630205,-5.620205,-5.610205,-5.610205,-5.590205,-5.580205,-5.570205,-5.550205,-5.5302052,-5.5102053,-5.4902053,-5.4702053,-5.440205,-5.420205,-5.390205,-5.360205,-5.330205,-5.300205,-5.2602053,-5.230205,-5.190205,-5.150205,-5.110205,-5.070205,-5.020205,-4.980205,-4.930205,-4.880205,-4.830205,-4.7802052,-4.730205,-4.670205,-4.620205,-4.560205,-4.500205,-4.440205,-4.380205,-4.320205,-4.250205
-4.050205,-4.160205,-4.270205,-4.390205,-4.500205,-4.610205,-4.7202053,-4.810205,-4.910205,-5.020205,-5.110205,-5.200205,-5.2802052,-5.350205,-5.440205,-5.5102053,-5.570205,-5.630205,-5.690205,-5.7402053,-5.800205,-5.840205,-5.880205,-5.920205,-5.9702053,-6.0102053,-6.050205,-6.090205,-6.130205,-6.180205,-6.210205,-6.2402053,-6.270205,-6.300205,-6.330205,-6.360205,-6.400205,-6.440205,-6.4702053,-6.500205,-6.5302052,-6.550205,-6.570205,-6.580205,-6.590205,-6.610205,-6.610205,-6.590205,-6.540205,-6.500205,-6.450205,-6.400205,-6.290205,-6.190205,-6.080205,-5.980205,-5.820205,-5.650205,-5.4702053,-5.290205
-4.090205,-4.070205,-4.050205,-4.020205,-3.990205,-3.950205,-3.9102051,-3.9002051,-3.8902051,-3.9002051,-3.930205,-3.970205,-4.0302052,-4.120205,-4.210205,-4.320205,-4.440205,-4.570205,-4.7202053,-4.860205,-5.0102053,-5.150205,-5.300205,-5.460205,-5.620205,-5.750205,-5.880205,-6.020205,-6.140205,-6.270205,-6.380205,-6.480205,-6.580205,-6.650205,-6.730205,-6.790205,-6.840205,-6.890205,-6.920205,-6.950205,-6.960205,-6.980205,-7.000205,-7.0102053,-7.020205,-7.020205,-7.020205,-7.0302052,-7.0302052,-7.0302052,-7.020205,-6.940205,-6.870205,-6.730205,-6.550205,-6.350205,-6.040205,-5.730205,-5.350205,-4.910205
-4.500205,-4.580205,-4.670205,-4.790205,-4.900205,-4.9902053,-5.070205,-5.170205,-5.2602053,-5.330205,-5.390205,-5.460205,-5.4902053,-5.520205,-5.540205,-5.540205,-5.540205,-5.5302052,-5.5102053,-5.500205,-5.4902053,-5.480205,-5.4702053,-5.480205,-5.500205,-5.5102053,-5.550205,-5.610205,-5.670205,-5.750205,-5.840205,-5.940205,-6.080205,-6.200205,-6.320205,-6.440205,-6.570205,-6.690205,-6.800205,-6.890205,-6.960205,-7.0102053,-7.050205,-7.080205,-7.090205,-7.120205,-7.150205,-7.200205,-7.270205,-7.350205,-7.390205,-7.420205,-7.340205,-7.230205,-7.0102053,-6.700205,-6.300205,-5.7802052,-5.190205,-4.480205
-4.710205,-4.790205,-4.850205,-4.910205,-4.980205,-5.040205,-5.100205,-5.150205,-5.190205,-5.210205,-5.2202053,-5.210205,-5.180205,-5.140205,-5.140205,-5.150205,-5.180205,-5.2202053,-5.2802052,-5.350205,-5.440205,-5.540205,-5.650205,-5.770205,-5.910205,-6.0102053,-6.090205,-6.140205,-6.170205,-6.160205,-6.130205,-6.090205,-6.0302052,-5.980205,-5.940205,-5.960205,-6.000205,-6.060205,-6.160205,-6.270205,-6.380205,-6.480205,-6.570205,-6.650205,-6.7202053,-6.800205,-6.920205,-7.060205,-7.170205,-7.250205,-7.320205,-7.350205,-7.360205,-7.310205,-7.180205,-6.960205,-6.650205,-6.2202053,-5.650205,-4.9902053
-3.190205,-3.270205,-3.3502052,-3.430205,-3.510205,-3.580205,-3.6402051,-3.700205,-3.750205,-3.800205,-3.8502052,-3.8802052,-3.920205,-3.950205,-3.980205,-4.020205,-4.050205,-4.080205,-4.110205,-4.150205,-4.200205,-4.2402053,-4.300205,-4.360205,-4.420205,-4.480205,-4.540205,-4.600205,-4.670205,-4.7202053,-4.770205,-4.830205,-4.890205,-4.950205,-5.020205,-5.080205,-5.160205,-5.2602053,-5.350205,-5.450205,-5.560205,-5.690205,-5.820205,-5.9702053,-6.130205,-6.300205,-6.460205,-6.600205,-6.710205,-6.800205,-6.850205,-6.880205,-6.880205,-6.840205,-6.7802052,-6.680205,-6.520205,-6.300205,-6.0102053,-5.640205
-2.1502051,-2.300205,-2.4002051,-2.470205,-2.510205,-2.500205,-2.480205,-2.450205,-2.3702052,-2.260205,-2.1602051,-2.030205,-1.9202051,-1.8302051,-1.760205,-1.7102051,-1.610205,-1.490205,-1.3402051,-1.230205,-1.1502051,-1.1502051,-1.1902051,-1.2102051,-1.2202051,-1.1902051,-1.1602051,-1.1802051,-1.260205,-1.4402051,-1.6902051,-2.010205,-2.3402052,-2.6602051,-2.960205,-3.260205,-3.530205,-3.790205,-4.050205,-4.310205,-4.540205,-4.7602053,-4.9702053,-5.150205,-5.300205,-5.440205,-5.560205,-5.680205,-5.7802052,-5.880205,-5.960205,-6.0302052,-6.090205,-6.130205,-6.140205,-6.140205,-6.110205,-6.050205,-5.920205,-5.710205
-3.8902051,-3.750205,-3.3902051,-2.8602052,-2.190205,-1.4502051,-0.8102051,-0.30020508,0.10979492,0.4897949,0.8697949,1.2197949,1.499795,1.6597949,1.749795,1.7897949,2.029795,2.289795,2.559795,2.319795,3.0897949,3.259795,3.189795,2.819795,1.9697949,1.119795,0.76979494,0.9997949,1.239795,1.729795,2.219795,1.879795,1.769795,0.5397949,-1.1702051,-2.940205,-4.380205,-5.310205,-5.860205,-6.150205,-6.2802052,-6.340205,-6.330205,-6.290205,-6.2402053,-6.180205,-6.130205,-6.090205,-6.050205,-6.020205,-5.9902053,-5.950205,-5.920205,-5.890205,-5.830205,-5.810205,-5.7402053,-5.620205,-5.4702053,-5.2802052
-2.0902052,-2.6202052,-3.000205,-2.8902051,-2.3402052,-1.6502051,-0.7602051,0.10979492,1.2197949,2.259795,2.699795,2.6197948,1.8997949,1.4597949,2.039795,3.469795,5.2197948,5.5097947,5.4697948,5.139795,3.749795,1.5597949,-0.38020507,-1.7102051,-2.530205,-3.270205,-4.070205,-4.4702053,-3.540205,-1.620205,0.10979492,0.63979495,-0.07020508,-1.110205,-1.610205,-1.4202051,-0.8402051,-0.5002051,-0.6802051,-1.1802051,-1.6702051,-2.070205,-2.420205,-2.8402052,-3.3502052,-3.8402052,-4.310205,-4.630205,-4.860205,-5.0102053,-5.120205,-5.2202053,-5.2802052,-5.330205,-5.350205,-5.390205,-5.440205,-5.5102053,-5.5102053,-5.460205
-1.360205,-0.6902051,0.3297949,1.5297949,2.219795,2.3797948,2.499795,2.469795,2.309795,1.9497949,1.359795,0.7897949,0.7197949,1.3997949,2.809795,4.359795,5.299795,5.169795,4.189795,2.679795,0.5597949,-1.2202051,-2.1602051,-2.420205,-2.460205,-2.530205,-2.510205,-2.270205,-1.8202051,-1.370205,-1.1502051,-1.3102051,-1.740205,-2.1602051,-2.420205,-2.0902052,-0.54020506,2.1397948,4.189795,4.749795,3.209795,1.119795,-0.9302051,-2.6102052,-3.690205,-4.4702053,-5.500205,-5.770205,-5.680205,-5.500205,-5.390205,-5.350205,-5.380205,-5.430205,-5.4702053,-5.550205,-5.620205,-5.670205,-5.650205,-5.670205
2.249795,3.509795,3.6197948,3.0897949,2.529795,2.329795,2.529795,2.6297948,2.1397948,0.9897949,-0.11020508,-0.28020507,0.7997949,2.689795,4.369795,5.2597947,4.919795,3.769795,2.209795,0.9197949,0.44979492,0.83979493,1.619795,2.3997948,2.6497948,2.3897948,1.5997949,0.52979493,-0.54020506,-1.360205,-1.7002051,-1.490205,-1.020205,-0.5902051,-0.14020509,0.6197949,1.4497949,2.019795,0.8497949,-1.5602051,-3.3402052,-2.300205,-1.360205,-0.44020507,-0.07020508,-0.030205078,-0.23020507,-0.5902051,-1.0602051,-1.640205,-2.4102051,-3.170205,-3.8902051,-4.480205,-4.840205,-5.110205,-5.300205,-5.420205,-5.5102053,-5.5302052
4.799795,4.0297947,3.499795,3.189795,3.1197948,3.449795,4.059795,4.389795,4.069795,3.489795,3.269795,3.6097949,3.999795,4.059795,3.8397949,3.519795,3.009795,2.1597948,1.109795,0.14979492,-0.4502051,-0.6802051,-0.80020505,-1.0602051,-1.4602051,-1.740205,-1.8002051,-1.6502051,-1.4102051,-1.140205,-0.86020505,-0.7102051,-0.72020507,-0.72020507,-0.47020507,-0.22020508,-0.6502051,-2.3602052,-4.270205,-4.830205,-3.750205,-3.020205,-2.200205,-1.480205,-0.6902051,-0.010205078,0.2697949,-0.010205078,-0.6502051,-1.3402051,-1.9202051,-2.4002051,-2.800205,-3.270205,-4.080205,-5.000205,-5.540205,-5.590205,-5.460205,-5.730205
3.449795,2.789795,2.4097948,2.329795,2.519795,2.8697948,3.0997949,3.069795,2.949795,2.929795,3.059795,3.219795,3.169795,2.679795,1.8397949,1.009795,0.43979493,0.08979492,-0.19020508,-0.5002051,-0.80020505,-1.0302051,-1.1802051,-1.3002051,-1.3402051,-1.360205,-1.4002051,-1.4302051,-1.140205,-0.5702051,-0.18020508,-0.3902051,-1.0902051,-1.7802051,-2.510205,-4.170205,-5.7202053,-4.070205,-0.67020506,2.479795,2.469795,0.37979493,-1.2902051,-1.9002051,-2.010205,-1.9502051,-1.730205,-1.5902051,-1.5802051,-1.7902051,-2.1402051,-2.530205,-2.8702052,-3.180205,-3.760205,-4.820205,-5.500205,-6.450205,-7.060205,-7.390205
-0.080205075,-1.1602051,-2.190205,-2.990205,-2.810205,-2.020205,-1.0302051,-0.06020508,0.9797949,1.9397949,2.689795,3.019795,2.949795,2.729795,2.419795,2.029795,1.5997949,1.0497949,0.38979492,-0.2602051,-0.66020507,-0.73020506,-0.6302051,-0.5902051,-0.66020507,-0.74020505,-0.67020506,-0.37020507,-0.06020508,0.019794922,0.009794922,0.3297949,1.0997949,1.8297949,0.89979494,-1.5902051,-3.170205,-3.5902052,-3.200205,-2.750205,-2.3502052,-1.3102051,-0.86020505,-1.3202051,-1.9302051,-2.270205,-2.440205,-2.530205,-2.710205,-2.8702052,-3.070205,-3.250205,-3.580205,-4.040205,-4.600205,-5.680205,-6.310205,-6.820205,-7.2402053,-7.650205
-3.1302052,-1.5502051,0.17979492,1.6697949,2.179795,2.559795,3.289795,4.229795,5.149795,5.349795,4.869795,4.5097947,4.429795,4.4897947,4.539795,4.479795,4.229795,3.569795,2.4097948,1.0797949,-0.06020508,-0.74020505,-1.0502051,-1.360205,-1.6002051,-1.5702051,-1.380205,-1.4102051,-1.860205,-2.4002051,-2.920205,-3.790205,-5.090205,-6.170205,-4.890205,-1.1802051,1.1997949,1.989795,2.249795,1.7997949,-0.30020508,-2.1402051,-2.440205,-2.6602051,-3.250205,-3.570205,-3.520205,-3.540205,-3.8402052,-4.230205,-4.5302052,-4.710205,-5.050205,-5.580205,-5.980205,-6.600205,-7.300205,-7.860205,-8.320205,-8.730206
3.6497948,2.699795,0.6897949,-0.6302051,-0.2602051,-0.38020507,-0.020205079,1.8997949,2.8397949,3.419795,4.749795,5.659795,5.539795,5.179795,5.0297947,4.789795,4.099795,3.1097949,2.1497948,1.4297949,0.7997949,0.19979492,-0.24020508,-0.7502051,-1.7102051,-2.9102051,-3.960205,-4.690205,-5.360205,-5.620205,-5.2602053,-5.040205,-5.370205,-5.330205,-4.5302052,-3.9102051,-3.740205,-2.500205,-1.7002051,-1.3002051,-0.6202051,-1.4302051,-3.0902052,-4.770205,-5.2602053,-5.340205,-5.400205,-5.830205,-6.960205,-7.330205,-7.4902053,-7.7402053,-8.090205,-8.340205,-8.470205,-8.500205,-8.5202055,-8.630205,-8.750205,-8.800205
3.179795,5.5097947,8.189795,4.839795,2.529795,4.149795,5.0297947,5.059795,5.369795,5.299795,4.919795,4.609795,4.439795,4.139795,3.8997948,3.709795,3.279795,2.6297948,1.9397949,1.249795,0.5997949,-0.030205078,-0.8102051,-1.5902051,-2.060205,-2.250205,-2.1402051,-2.060205,-2.3402052,-3.020205,-4.650205,-5.480205,-5.810205,-4.690205,-1.260205,-2.000205,-1.500205,0.13979492,0.10979492,-1.1002051,-3.6002052,-5.690205,-6.810205,-7.0302052,-7.140205,-8.290205,-9.340205,-10.150205,-10.040205,-9.630205,-9.540205,-9.290205,-8.820205,-8.460205,-8.290205,-8.250205,-8.320205,-8.400205,-8.340205,-8.190205
4.709795,2.709795,4.629795,6.389795,1.609795,-0.79020506,-1.0902051,-0.3902051,1.4697949,4.199795,5.479795,6.069795,6.2397947,4.9697948,4.4697948,4.309795,3.669795,2.989795,2.249795,1.139795,0.019794922,-1.0302051,-2.1002052,-2.930205,-3.240205,-3.310205,-3.990205,-4.680205,-5.5302052,-6.4702053,-5.750205,-4.200205,-3.260205,-1.6802051,-2.040205,-2.6102052,-1.480205,-1.9502051,-3.470205,-5.750205,-7.4902053,-7.820205,-8.620205,-9.120205,-9.800205,-11.130205,-12.040205,-11.440205,-9.680205,-8.350205,-7.5302052,-7.500205,-8.290205,-9.040205,-9.340205,-9.230206,-8.800205,-8.250205,-7.810205,-7.5102053
3.8697948,-0.07020508,3.049795,8.859795,4.539795,0.6897949,1.1797949,-0.49020508,-0.74020505,-0.16020508,1.4197949,1.869795,1.8397949,2.239795,2.1097949,1.9297949,1.989795,1.7197949,1.229795,0.5497949,-0.4202051,-1.610205,-2.6302052,-3.300205,-3.6202052,-3.960205,-4.310205,-4.5302052,-4.160205,-4.680205,-5.590205,-3.280205,-3.720205,-2.480205,0.51979494,0.77979493,-0.8302051,-3.3702052,-7.340205,-9.060205,-9.2702055,-9.970205,-10.470205,-11.310205,-12.610205,-12.740205,-11.300205,-10.240205,-10.130205,-10.0202055,-9.940205,-9.960205,-9.810205,-9.760205,-9.900205,-10.120205,-10.250205,-10.240205,-10.260205,-10.300205
2.6297948,-0.19020508,-0.21020508,4.959795,2.969795,-0.22020508,-0.120205075,-1.1702051,-1.7902051,0.8697949,0.9897949,0.5497949,2.679795,3.979795,4.0097947,3.4097948,3.079795,2.9097948,2.299795,1.4597949,0.50979495,-0.74020505,-1.990205,-2.980205,-3.9102051,-4.620205,-4.890205,-5.250205,-6.000205,-7.5102053,-8.850205,-4.980205,-2.3702052,-0.6802051,-0.8902051,-0.15020508,-2.010205,-4.5102053,-7.560205,-11.620205,-11.830205,-12.860205,-14.180205,-14.180205,-12.960205,-12.050205,-12.200205,-12.510205,-12.510205,-12.640205,-12.650205,-11.930205,-11.280205,-12.440205,-12.500205,-12.760205,-12.680205,-12.210205,-12.170205,-12.810205
1.5497949,-0.7602051,-3.680205,2.919795,6.729795,2.3897948,1.1897949,1.499795,-0.6902051,-0.8102051,2.549795,5.169795,4.829795,3.189795,3.519795,3.079795,2.669795,2.579795,2.189795,1.6697949,1.139795,-0.040205076,-1.750205,-2.990205,-3.980205,-4.9702053,-5.770205,-6.300205,-5.700205,-2.430205,1.7097949,2.3797948,1.0297949,2.469795,1.8297949,-3.690205,-5.190205,-7.870205,-12.880205,-15.000205,-16.130205,-16.080206,-13.880205,-13.450205,-14.380205,-14.630205,-14.470205,-14.290205,-14.060205,-13.750205,-13.7702055,-14.040205,-13.970205,-14.040205,-14.610205,-14.870205,-12.500205,-6.290205,1.9097949,6.0297947
2.499795,0.4897949,-0.55020505,1.7797949,3.469795,3.259795,1.009795,-0.7002051,-0.5802051,1.2097949,3.669795,4.949795,4.269795,3.029795,3.8697948,4.2797947,4.039795,3.9097948,4.159795,3.769795,2.729795,1.499795,-0.55020505,-2.230205,-2.8802052,-6.390205,-9.030205,-6.880205,-5.520205,-5.170205,-3.780205,-3.3702052,-5.210205,-4.290205,-3.800205,-6.190205,-8.710205,-14.420205,-16.940205,-17.230206,-17.260204,-15.820205,-14.950205,-15.430205,-15.590205,-15.690205,-15.820205,-16.090204,-16.410206,-15.780205,-13.420205,-9.530205,-4.9902053,-1.250205,0.76979494,1.6797949,2.509795,3.969795,5.479795,6.169795
1.5797949,0.51979494,-0.3902051,0.9197949,3.019795,2.079795,1.019795,0.57979494,0.49979493,0.6197949,2.729795,4.859795,4.659795,4.419795,2.8997948,3.0897949,3.439795,3.3397949,2.1597948,1.1597949,0.46979493,-0.7702051,-2.3702052,-3.720205,-4.400205,-3.820205,-6.080205,-3.500205,-0.7002051,1.4697949,1.5597949,1.4297949,-0.18020508,-2.730205,-6.080205,-9.210205,-11.960205,-14.110205,-15.970205,-17.110205,-16.640205,-16.240206,-17.220205,-17.830206,-18.650206,-17.730206,-13.680205,-9.560205,-7.670205,-7.2402053,-7.070205,-5.870205,-2.3802052,1.8397949,4.549795,6.389795,7.209795,6.939795,6.389795,5.999795
-1.020205,-3.310205,-2.490205,2.829795,6.339795,6.329795,2.459795,-0.5102051,-1.4402051,0.06979492,4.189795,5.059795,5.479795,5.139795,3.929795,2.3397949,1.0697949,0.6197949,-1.3102051,-3.520205,-2.580205,-3.810205,-4.610205,-4.5302052,-5.870205,-4.810205,-2.780205,-2.230205,-2.710205,-2.700205,-2.970205,-3.750205,-4.7602053,-5.960205,-7.410205,-8.700205,-9.820205,-10.420205,-12.780205,-14.040205,-15.190205,-16.500206,-17.320206,-18.170204,-13.7702055,-7.980205,-7.630205,-8.330205,-8.110205,-6.890205,-0.9002051,5.919795,7.2597947,7.7797947,9.149795,9.439795,9.049795,8.509795,7.979795,7.4897947
-0.72020507,-0.17020507,1.259795,3.779795,6.359795,6.979795,7.359795,0.9297949,0.20979492,0.8697949,5.199795,5.869795,5.059795,5.229795,5.099795,3.4097948,1.119795,-1.9102051,-4.190205,-5.7202053,-3.210205,-4.830205,-2.690205,-1.9502051,-5.930205,-10.540205,-10.060205,-8.190205,-7.080205,-6.750205,-6.640205,-6.810205,-7.250205,-7.4702053,-7.810205,-8.450205,-6.300205,-4.0102053,-6.210205,-9.410205,-7.380205,-4.880205,-2.8502052,-5.950205,-3.6202052,-3.000205,-3.4102051,-2.3402052,-0.40020508,1.879795,4.319795,6.329795,7.449795,7.7597947,7.769795,8.139795,8.4797945,8.399795,8.119795,7.829795
-2.1002052,-1.2102051,0.2997949,2.199795,3.529795,4.059795,4.0297947,4.039795,2.6597948,0.6097949,1.3097949,3.9097948,5.0097947,4.309795,3.549795,1.9297949,-0.36020508,-3.290205,-3.710205,-5.830205,-5.550205,-5.4702053,-10.700205,-13.100205,-12.860205,-13.750205,-11.710205,-7.750205,-4.940205,-3.480205,-2.550205,-1.5702051,-0.8202051,-0.86020505,-1.3202051,-2.020205,-2.960205,-2.6102052,-2.050205,-2.700205,-1.3502051,-0.4502051,1.7997949,2.709795,2.519795,2.179795,0.8497949,4.539795,4.709795,3.519795,2.919795,3.429795,4.909795,6.389795,7.269795,7.559795,7.729795,7.729795,7.589795,7.419795
