raw-data/2018091706.json
{"header": { "discipline":0, "disciplineName":"Meteorological products", "gribEdition":2, "gribLength":74208, "center":7, "centerName":"US National Weather Service - NCEP(WMC)", "subcenter":0, "refTime":"2018-09-17T06:00:00.000Z", "significanceOfRT":1, "significanceOfRTName":"Start of forecast", "productStatus":0, "productStatusName":"Operational products", "productType":1, "productTypeName":"Forecast products", "productDefinitionTemplate":0, "productDefinitionTemplateName":"Analysis/forecast at horizontal level/layer at a point in time", "parameterCategory":2, "parameterCategoryName":"Momentum", "parameterNumber":2, "parameterNumberName":"U-component_of_wind", "parameterUnit":"m.s-1", "genProcessType":2, "genProcessTypeName":"Forecast", "forecastTime":0, "surface1Type":103, "surface1TypeName":"Specified height level above ground", "surface1Value":10.0, "surface2Type":255, "surface2TypeName":"Missing", "surface2Value":0.0, "gridDefinitionTemplate":0, "gridDefinitionTemplateName":"Latitude_Longitude", "numberPoints":65160, "shape":6, "shapeName":"Earth spherical with radius of 6,371,229.0 m", "gridUnits":"degrees", "resolution":48, "winds":"true", "scanMode":0, "nx":360, "ny":181, "basicAngle":0, "lo1":0.0, "la1":90.0, "lo2":359.0, "la2":-90.0, "dx":1.0, "dy":1.0 }, "data":
[rows 108 to 134 of 181, columns 62 to 123 of 360]
-7.21302,-7.87302,-7.86302,-7.64302,-7.81302,-7.67302,-7.33302,-7.51302,-8.21302,-8.78302,-8.79302,-8.40302,-8.08302,-8.31302,-8.3030205,-8.38302,-8.63302,-9.01302,-9.74302,-10.44302,-10.77302,-11.21302,-11.26302,-11.20302,-11.12302,-10.78302,-10.01302,-10.19302,-10.21302,-10.18302,-10.29302,-10.46302,-10.71302,-10.94302,-11.11302,-10.41302,-9.51302,-8.39302,-7.60302,-7.34302,-7.49302,-7.70302,-7.48302,-7.33302,-7.09302,-6.7930202,-6.58302,-6.15302,-5.59302,-4.99302,-4.32302,-3.26302,-2.4230201,-1.8530201,-1.69302,-0.87302,-0.68302,-1.25302,-0.0030200195,2.49698,5.26698,4.01698
-6.36302,-6.76302,-6.74302,-6.84302,-7.14302,-7.17302,-7.37302,-8.02302,-8.18302,-8.19302,-8.23302,-8.34302,-7.88302,-7.63302,-7.5430202,-7.81302,-8.63302,-9.69302,-10.25302,-10.63302,-10.86302,-10.8030205,-11.02302,-10.94302,-10.70302,-10.18302,-9.89302,-9.94302,-10.15302,-10.37302,-10.70302,-10.90302,-11.24302,-11.37302,-11.39302,-10.63302,-10.21302,-9.37302,-8.38302,-7.98302,-7.85302,-7.77302,-7.70302,-7.49302,-7.20302,-6.98302,-6.5430202,-6.10302,-5.47302,-4.96302,-4.24302,-2.87302,-1.30302,0.05697998,1.11698,0.71698,1.1369799,0.47697997,-0.07302002,3.75698,0.29698,1.6469799
-4.66302,-5.77302,-5.93302,-5.59302,-6.01302,-6.42302,-7.0430202,-7.58302,-7.5430202,-7.41302,-7.52302,-8.31302,-7.84302,-8.08302,-9.12302,-9.47302,-10.17302,-10.45302,-10.29302,-10.56302,-10.41302,-10.39302,-10.40302,-10.3030205,-10.21302,-10.58302,-10.38302,-10.36302,-10.46302,-10.47302,-10.45302,-10.66302,-10.95302,-11.17302,-11.35302,-11.01302,-10.68302,-9.96302,-9.38302,-8.96302,-8.62302,-8.43302,-8.38302,-8.3030205,-7.73302,-7.30302,-6.71302,-6.07302,-5.32302,-4.78302,-4.09302,-2.29302,-0.12302002,1.82698,4.12698,5.94698,4.03698,4.22698,2.81698,2.63698,2.14698,0.91697997
-2.86302,-3.98302,-4.52302,-4.56302,-4.48302,-5.41302,-6.51302,-7.22302,-7.25302,-6.68302,-6.80302,-7.78302,-7.74302,-8.49302,-8.61302,-9.50302,-10.14302,-10.53302,-10.46302,-10.22302,-10.18302,-9.98302,-9.95302,-9.75302,-9.76302,-10.32302,-10.42302,-10.67302,-11.02302,-11.12302,-11.19302,-11.25302,-11.23302,-11.21302,-11.31302,-11.40302,-11.21302,-10.85302,-10.36302,-9.68302,-8.98302,-8.78302,-8.73302,-8.62302,-8.17302,-7.71302,-7.2930202,-6.36302,-5.53302,-4.93302,-3.98302,-1.58302,1.30698,4.47698,6.52698,6.38698,6.92698,6.22698,5.69698,4.66698,3.23698,3.64698
-1.07302,-1.91302,-3.23302,-2.76302,-3.05302,-3.63302,-5.10302,-6.58302,-6.67302,-6.00302,-6.39302,-7.26302,-8.01302,-8.35302,-8.41302,-9.22302,-10.02302,-10.24302,-10.03302,-9.81302,-9.73302,-9.73302,-9.87302,-9.76302,-9.61302,-9.76302,-10.27302,-10.82302,-11.24302,-11.28302,-11.23302,-11.17302,-11.23302,-11.33302,-11.46302,-11.52302,-11.43302,-11.29302,-11.03302,-10.71302,-10.26302,-9.77302,-9.31302,-9.01302,-8.68302,-8.45302,-7.97302,-7.14302,-6.40302,-6.02302,-4.42302,-1.39302,2.46698,2.92698,4.18698,6.62698,7.25698,7.31698,6.99698,6.71698,6.54698,5.38698
-0.12302002,1.31698,-0.99302,-1.81302,-1.30302,-2.00302,-3.37302,-5.2930202,-6.18302,-5.10302,-5.92302,-6.92302,-7.44302,-7.81302,-8.00302,-8.76302,-9.58302,-9.46302,-9.17302,-9.19302,-9.07302,-9.61302,-9.95302,-10.13302,-10.20302,-10.10302,-10.04302,-10.53302,-10.81302,-11.08302,-11.26302,-11.34302,-11.36302,-11.35302,-11.41302,-11.29302,-11.16302,-10.98302,-10.79302,-10.53302,-10.22302,-9.82302,-9.40302,-9.00302,-8.78302,-8.43302,-7.95302,-7.23302,-6.62302,-6.58302,-5.38302,-1.70302,0.07697998,0.49697998,3.04698,4.55698,6.37698,7.52698,7.06698,7.57698,7.93698,5.59698
1.3869799,0.46697998,2.85698,-0.32302,-0.35302,-0.30302003,-2.20302,-3.81302,-5.46302,-4.2930202,-4.50302,-5.99302,-6.25302,-6.36302,-6.96302,-7.73302,-8.38302,-8.78302,-8.87302,-8.84302,-8.78302,-9.5530205,-9.89302,-10.13302,-10.40302,-10.38302,-10.22302,-10.29302,-10.52302,-10.73302,-10.85302,-11.01302,-11.07302,-11.12302,-11.20302,-11.16302,-10.95302,-10.60302,-10.35302,-10.15302,-10.01302,-9.72302,-9.17302,-8.79302,-8.58302,-8.27302,-7.75302,-7.18302,-6.48302,-6.08302,-6.01302,-3.01302,-2.9130201,-2.11302,-0.13302001,1.7669799,2.91698,5.51698,7.39698,8.66698,8.77698,7.39698
2.62698,2.85698,0.88698,4.08698,0.39698,0.86697996,-0.40302002,-2.22302,-4.03302,-3.25302,-3.07302,-4.07302,-4.92302,-5.42302,-5.65302,-6.47302,-7.32302,-8.19302,-8.13302,-8.3030205,-8.34302,-8.60302,-9.44302,-9.76302,-10.09302,-10.03302,-10.02302,-10.08302,-10.23302,-10.3030205,-10.45302,-10.74302,-10.88302,-10.94302,-10.88302,-10.73302,-10.45302,-10.14302,-9.90302,-9.71302,-9.60302,-9.29302,-8.90302,-8.43302,-8.27302,-8.17302,-7.7930202,-7.23302,-6.52302,-5.65302,-5.60302,-4.14302,-1.53302,-3.24302,-2.13302,-1.94302,-0.03302002,1.42698,3.14698,5.65698,9.23698,9.1969795
4.28698,3.80698,3.96698,2.60698,4.08698,1.17698,1.40698,-1.02302,-2.50302,-2.25302,-1.96302,-3.12302,-3.70302,-4.56302,-4.98302,-5.5430202,-6.88302,-7.36302,-7.12302,-7.2930202,-7.73302,-8.34302,-8.68302,-8.78302,-9.45302,-9.58302,-9.65302,-9.59302,-9.66302,-10.11302,-10.3030205,-10.20302,-10.13302,-10.21302,-10.3030205,-10.08302,-9.77302,-9.61302,-9.46302,-9.07302,-8.83302,-8.52302,-8.25302,-8.07302,-7.87302,-7.81302,-7.47302,-7.15302,-6.88302,-5.83302,-4.86302,-3.59302,-1.66302,-3.4130201,-3.46302,-2.18302,-1.45302,-0.11302002,0.71698,2.40698,5.85698,10.21698
5.78698,5.44698,4.66698,4.40698,4.56698,2.31698,1.72698,0.51698,-1.03302,-1.21302,-1.19302,-1.80302,-2.54302,-3.54302,-3.98302,-5.00302,-5.83302,-5.97302,-6.07302,-6.31302,-6.46302,-7.22302,-7.71302,-8.18302,-8.64302,-8.85302,-9.0530205,-9.45302,-9.78302,-9.82302,-9.63302,-9.59302,-9.72302,-9.76302,-9.59302,-9.47302,-9.26302,-8.99302,-8.66302,-8.29302,-7.90302,-7.56302,-7.21302,-7.14302,-6.96302,-6.70302,-6.5430202,-6.36302,-6.26302,-5.80302,-5.06302,-5.05302,-0.72302,-3.55302,-3.1630201,-2.81302,-1.70302,-0.69302005,-0.03302002,0.17697997,0.82698,3.18698
6.99698,7.00698,6.17698,5.31698,4.38698,5.26698,1.98698,1.90698,0.05697998,-0.42302,-0.80302,-0.55302,-1.37302,-2.45302,-2.93302,-3.64302,-4.33302,-4.73302,-5.07302,-5.41302,-5.40302,-5.93302,-7.28302,-7.88302,-7.80302,-7.78302,-7.90302,-8.70302,-9.11302,-9.00302,-9.01302,-8.98302,-8.98302,-8.8030205,-8.83302,-8.84302,-8.69302,-8.42302,-7.82302,-7.37302,-7.09302,-6.76302,-6.27302,-5.80302,-5.63302,-5.42302,-5.10302,-4.85302,-4.65302,-4.69302,-4.44302,-4.11302,-2.75302,-2.59302,-2.84302,-2.93302,-1.13302,-0.78302,0.26698,0.026979981,0.39698,-0.70302004
8.15698,8.15698,6.97698,5.91698,5.37698,5.61698,3.94698,2.52698,1.04698,-0.02302002,-0.26302,-0.07302002,-0.60302,-1.1030201,-1.78302,-2.49302,-2.89302,-3.97302,-4.42302,-4.31302,-4.99302,-5.69302,-6.96302,-7.57302,-7.42302,-7.05302,-7.53302,-8.10302,-8.36302,-7.63302,-7.86302,-7.94302,-7.98302,-7.92302,-7.96302,-7.99302,-7.82302,-7.50302,-7.05302,-6.39302,-6.07302,-5.78302,-5.28302,-4.69302,-4.16302,-3.98302,-3.61302,-3.33302,-2.99302,-2.79302,-2.89302,-2.80302,-2.6730201,0.12697998,-1.62302,-1.39302,-0.75302005,0.17697997,0.90698,0.81698,1.23698,1.20698
6.49698,7.9569798,8.43698,6.61698,6.74698,5.28698,4.76698,3.54698,2.35698,0.95698,0.49697998,0.41697997,0.38697997,0.17697997,-0.83302003,-1.68302,-2.09302,-3.21302,-2.9130201,-3.35302,-3.55302,-5.42302,-7.18302,-6.74302,-6.39302,-5.21302,-6.05302,-6.69302,-6.69302,-5.97302,-6.26302,-6.59302,-6.74302,-6.73302,-6.78302,-6.74302,-6.56302,-6.27302,-5.88302,-5.26302,-4.86302,-4.31302,-3.9130201,-3.62302,-2.96302,-2.47302,-2.13302,-1.71302,-1.54302,-1.2230201,-1.09302,-1.24302,-0.36302003,0.86697996,0.42698,0.62698,1.18698,1.43698,1.00698,1.71698,1.55698,2.65698
5.76698,6.59698,7.23698,8.05698,6.60698,5.58698,6.10698,5.16698,3.11698,1.72698,0.82698,0.58698,0.96698,0.87698,-0.43302003,-0.73302,-1.2330201,-2.11302,-2.40302,-2.69302,-2.76302,-5.28302,-5.31302,-5.24302,-4.45302,-3.14302,-4.30302,-4.01302,-4.49302,-4.65302,-4.93302,-5.30302,-5.47302,-5.42302,-5.47302,-5.32302,-5.01302,-4.82302,-4.39302,-3.59302,-3.15302,-2.63302,-2.50302,-2.30302,-1.66302,-1.25302,-0.50302005,-0.43302003,-0.16302001,0.31697997,0.47697997,0.60697997,1.1369799,2.34698,3.11698,2.45698,2.55698,3.35698,2.98698,2.73698,2.29698,2.75698
6.09698,6.63698,6.67698,7.02698,7.51698,6.66698,5.86698,6.90698,4.77698,2.27698,1.42698,0.91697997,1.5269799,1.30698,0.46697998,-0.18302003,-0.27302003,-1.18302,-1.42302,-1.40302,-2.22302,-4.87302,-3.85302,-3.28302,-3.53302,-1.90302,-1.92302,-2.30302,-2.98302,-3.25302,-3.46302,-3.75302,-4.12302,-4.17302,-4.03302,-3.9130201,-3.65302,-3.15302,-2.44302,-1.81302,-1.34302,-0.66302,-0.94302005,-0.81302,-0.48302,-0.23302002,0.77698,0.69698,1.03698,1.7669799,2.13698,2.11698,2.48698,3.44698,3.41698,3.01698,3.46698,4.58698,4.02698,3.95698,2.34698,2.71698
7.04698,7.23698,7.25698,6.16698,7.10698,7.94698,6.4569798,7.23698,6.29698,3.51698,2.3269799,1.75698,1.68698,1.53698,1.03698,0.42698,0.94698,0.35697997,-0.63302004,-0.98302,-3.12302,-3.20302,-2.43302,-1.74302,-1.75302,-0.99302,-0.95302004,-1.09302,-1.52302,-1.53302,-1.67302,-1.90302,-2.09302,-2.31302,-2.36302,-1.91302,-1.90302,-1.37302,-0.53302,0.026979981,0.36698,0.85697997,0.65698,0.74697995,0.77698,1.21698,1.81698,1.84698,2.18698,2.74698,3.13698,3.26698,3.93698,4.31698,2.71698,4.41698,4.68698,4.93698,5.52698,3.98698,4.07698,5.02698
8.28698,7.94698,7.93698,7.11698,6.22698,7.27698,8.77698,6.65698,6.15698,3.21698,1.56698,-0.33302003,2.04698,1.82698,1.1369799,0.81698,1.81698,0.94698,0.09697998,-0.0030200195,-0.63302004,-0.66302,-0.69302005,-0.42302,-0.22302002,-0.39302003,0.41697997,0.27697998,0.25697997,0.34697998,0.46697998,0.51698,0.35697997,0.33698,-0.29302,-0.03302002,0.52698,0.78698,1.48698,1.87698,1.97698,1.99698,2.3269799,2.18698,2.05698,2.31698,2.76698,3.05698,3.44698,3.8269799,4.31698,4.43698,4.97698,3.69698,1.72698,5.02698,5.54698,5.96698,8.11698,10.4469795,9.96698,10.21698
8.98698,8.66698,8.33698,8.36698,8.01698,7.68698,8.32698,7.86698,6.66698,4.19698,1.97698,1.43698,1.93698,3.04698,1.49698,1.62698,2.23698,1.53698,1.28698,1.70698,1.65698,1.54698,1.1469799,0.80697995,1.42698,0.73697996,1.23698,1.11698,2.17698,2.22698,2.50698,2.55698,2.54698,2.43698,2.48698,2.74698,3.20698,3.30698,3.64698,3.69698,3.63698,3.5769799,3.40698,3.66698,3.53698,3.62698,3.86698,4.16698,4.54698,4.94698,5.36698,5.62698,6.23698,6.54698,7.26698,4.78698,5.66698,9.85698,9.75698,10.29698,11.30698,12.38698
9.12698,8.83698,8.55698,8.60698,9.17698,8.57698,8.62698,9.60698,7.44698,6.14698,3.76698,3.30698,3.37698,3.53698,2.98698,2.68698,3.12698,2.65698,2.66698,2.88698,2.89698,3.17698,3.11698,2.87698,2.71698,2.75698,2.65698,3.01698,3.34698,3.43698,4.40698,4.69698,5.03698,4.74698,5.02698,5.23698,5.84698,5.46698,5.69698,5.03698,5.06698,4.89698,4.77698,4.97698,4.80698,4.97698,5.15698,5.29698,5.62698,5.99698,6.53698,7.00698,7.29698,7.87698,8.24698,8.21698,8.78698,9.28698,9.41698,10.59698,12.12698,13.18698
8.86698,9.83698,9.65698,9.48698,9.55698,9.86698,9.78698,9.92698,10.54698,8.14698,5.83698,4.35698,4.32698,4.08698,3.61698,3.21698,3.95698,3.87698,3.91698,4.17698,4.23698,4.98698,4.61698,4.34698,4.19698,3.78698,3.87698,4.17698,4.11698,5.04698,6.04698,6.88698,7.02698,6.89698,7.15698,7.4569798,7.46698,7.06698,7.13698,6.12698,5.98698,6.01698,5.97698,6.03698,5.88698,6.24698,6.64698,6.88698,6.83698,7.22698,7.96698,8.28698,8.45698,8.82698,9.10698,9.05698,9.48698,10.05698,10.84698,12.20698,13.43698,13.89698
7.91698,8.72698,9.02698,8.82698,8.91698,9.54698,10.63698,11.08698,10.98698,11.72698,8.05698,6.15698,4.99698,4.90698,4.76698,4.12698,4.30698,4.94698,4.97698,5.28698,5.56698,6.10698,5.9569798,5.40698,4.84698,4.61698,4.47698,4.68698,5.26698,6.90698,7.98698,8.46698,8.32698,8.57698,8.86698,8.91698,8.61698,8.28698,7.93698,7.41698,7.16698,7.06698,7.01698,6.42698,6.29698,6.88698,7.80698,8.02698,7.21698,8.29698,9.06698,9.26698,9.38698,9.92698,10.21698,10.90698,11.37698,11.58698,12.67698,13.37698,13.63698,14.00698
7.34698,7.43698,7.75698,9.1969795,9.80698,10.12698,11.67698,12.65698,12.72698,11.34698,10.66698,7.99698,6.40698,5.87698,5.72698,5.41698,5.40698,5.72698,6.05698,6.30698,6.51698,6.90698,6.87698,5.92698,5.09698,5.04698,5.34698,5.42698,5.37698,7.36698,8.56698,8.68698,8.86698,9.21698,9.74698,9.67698,9.14698,8.71698,8.75698,8.41698,8.26698,8.26698,8.15698,7.43698,7.35698,7.64698,8.24698,8.86698,9.11698,9.15698,9.58698,10.17698,10.88698,10.80698,11.14698,12.21698,12.21698,12.52698,13.25698,13.59698,14.17698,14.26698
7.05698,6.79698,7.63698,8.9469795,7.30698,9.36698,13.21698,15.64698,14.56698,12.87698,10.84698,7.97698,8.17698,6.97698,6.85698,6.75698,6.31698,6.59698,7.00698,7.42698,7.61698,7.7069798,7.43698,6.37698,6.26698,6.26698,6.14698,6.75698,6.41698,6.46698,9.16698,9.70698,9.54698,9.62698,10.22698,10.43698,10.22698,9.55698,9.28698,8.66698,8.64698,8.71698,8.77698,8.53698,8.42698,8.39698,8.30698,8.9469795,9.95698,10.96698,10.79698,11.34698,11.70698,12.08698,11.6969795,10.71698,10.67698,12.00698,12.54698,12.24698,12.64698,13.50698
6.17698,6.39698,7.39698,4.36698,5.19698,6.37698,10.24698,16.86698,16.11698,13.6969795,10.75698,9.97698,6.58698,8.48698,7.33698,7.44698,7.69698,7.81698,8.26698,8.30698,8.4469795,8.62698,8.11698,7.46698,6.81698,8.00698,8.12698,7.83698,7.77698,7.67698,8.66698,10.04698,10.17698,10.41698,10.52698,10.66698,10.38698,9.91698,9.68698,9.60698,9.42698,9.42698,9.28698,9.05698,9.16698,9.41698,9.25698,9.40698,10.61698,11.57698,12.68698,12.33698,12.32698,11.35698,9.59698,9.89698,10.47698,11.07698,11.00698,11.90698,12.34698,12.93698
5.90698,6.52698,5.67698,2.28698,3.99698,5.22698,6.41698,12.98698,14.14698,12.57698,9.80698,8.51698,9.33698,5.93698,6.75698,6.81698,7.34698,8.07698,8.6969795,8.63698,8.6969795,8.97698,8.81698,8.76698,8.42698,8.74698,9.36698,8.54698,8.34698,8.64698,9.45698,10.32698,10.59698,10.93698,11.38698,11.26698,10.89698,10.43698,10.28698,10.43698,10.48698,10.37698,10.22698,10.01698,10.03698,10.25698,10.1969795,10.78698,11.73698,12.39698,12.74698,11.93698,11.11698,8.86698,8.12698,9.17698,10.15698,10.6969795,11.50698,11.89698,12.4469795,13.21698
6.55698,7.42698,4.84698,2.52698,2.15698,1.22698,3.06698,4.17698,9.52698,11.14698,8.90698,7.14698,8.21698,7.68698,5.71698,7.42698,8.09698,8.39698,9.14698,9.37698,9.41698,9.60698,9.68698,9.47698,9.17698,9.12698,9.43698,9.62698,9.11698,9.43698,10.18698,10.71698,10.98698,11.48698,11.81698,11.75698,11.67698,11.27698,11.03698,11.1969795,11.25698,11.35698,11.10698,10.99698,10.87698,11.06698,11.43698,11.74698,12.25698,12.12698,11.40698,10.9469795,9.32698,7.4569798,8.87698,9.88698,10.71698,10.72698,10.07698,10.92698,11.70698,12.46698
7.73698,7.50698,4.04698,3.19698,2.77698,0.99697995,0.52698,0.51698,-3.02302,-6.10302,-6.63302,1.7669799,8.90698,6.65698,8.35698,9.30698,9.93698,10.09698,10.38698,10.49698,10.06698,9.90698,10.13698,9.54698,8.92698,9.14698,10.00698,10.34698,10.59698,10.32698,10.72698,11.37698,11.29698,11.55698,12.53698,13.09698,12.83698,12.88698,12.72698,12.21698,12.17698,12.23698,12.10698,12.00698,12.12698,11.80698,11.79698,12.33698,12.27698,11.62698,11.29698,9.46698,7.7069798,8.83698,9.88698,10.79698,10.63698,9.57698,10.58698,11.10698,11.24698,11.89698
