raw-data/2018091800.json
{"header": { "discipline":0, "disciplineName":"Meteorological products", "gribEdition":2, "gribLength":74587, "center":7, "centerName":"US National Weather Service - NCEP(WMC)", "subcenter":0, "refTime":"2018-09-18T00:00:00.000Z", "significanceOfRT":1, "significanceOfRTName":"Start of forecast", "productStatus":0, "productStatusName":"Operational products", "productType":1, "productTypeName":"Forecast products", "productDefinitionTemplate":0, "productDefinitionTemplateName":"Analysis/forecast at horizontal level/layer at a point in time", "parameterCategory":2, "parameterCategoryName":"Momentum", "parameterNumber":2, "parameterNumberName":"U-component_of_wind", "parameterUnit":"m.s-1", "genProcessType":2, "genProcessTypeName":"Forecast", "forecastTime":0, "surface1Type":103, "surface1TypeName":"Specified height level above ground", "surface1Value":10.0, "surface2Type":255, "surface2TypeName":"Missing", "surface2Value":0.0, "gridDefinitionTemplate":0, "gridDefinitionTemplateName":"Latitude_Longitude", "numberPoints":65160, "shape":6, "shapeName":"Earth spherical with radius of 6,371,229.0 m", "gridUnits":"degrees", "resolution":48, "winds":"true", "scanMode":0, "nx":360, "ny":181, "basicAngle":0, "lo1":0.0, "la1":90.0, "lo2":359.0, "la2":-90.0, "dx":1.0, "dy":1.0 }, "data":
[rows 0 to 25 of 181, columns 285 to 341 of 360]
2.9135523,2.9635522,3.0135522,3.0535522,3.1035523,3.1435523,3.1935523,3.2335522,3.2735522,3.3135521,3.3535523,3.3935523,3.4335523,3.4635522,3.5035522,3.5335522,3.5735521,3.6035523,3.6335523,3.6635523,3.6935523,3.7235522,3.7435522,3.7735522,3.7935522,3.8135521,3.8435524,3.8635523,3.8835523,3.9035523,3.9135523,3.9335523,3.9435523,3.9635522,3.9735522,3.9835522,3.9935522,4.0035524,4.013552,4.013552,4.0235524,4.0235524,4.0235524,4.033552,4.033552,4.033552,4.0235524,4.0235524,4.013552,4.013552,4.0035524,3.9935522,3.9835522,3.9735522,3.9635522,3.9535522,3.9335523
0.75355226,0.71355224,0.6735523,0.63355225,0.59355223,0.55355227,0.51355225,0.47355226,0.42355224,0.38355225,0.33355224,0.29355225,0.24355225,0.19355224,0.15355225,0.09355225,0.053552248,0.0035522461,-0.046447754,-0.09644775,-0.13644776,-0.18644775,-0.22644776,-0.27644774,-0.32644776,-0.36644775,-0.41644776,-0.44644776,-0.48644775,-0.5264478,-0.56644773,-0.59644777,-0.62644774,-0.65644777,-0.68644774,-0.7164478,-0.73644775,-0.75644773,-0.7764478,-0.78644776,-0.80644774,-0.80644774,-0.81644773,-0.8264477,-0.8264477,-0.8264477,-0.8264477,-0.8264477,-0.81644773,-0.80644774,-0.79644775,-0.78644776,-0.7764478,-0.75644773,-0.73644775,-0.72644776,-0.69644773
-0.78644776,-0.85644776,-0.91644776,-0.98644775,-1.0464478,-1.0964477,-1.1564478,-1.2064477,-1.2664478,-1.3164477,-1.3764478,-1.4264477,-1.4964478,-1.5564477,-1.6264478,-1.7064477,-1.7764478,-1.8564477,-1.9364477,-1.9964478,-2.0664477,-2.1164477,-2.1764479,-2.2264478,-2.2664478,-2.2864478,-2.2964478,-2.3164477,-2.3364477,-2.3764477,-2.4164476,-2.4464478,-2.4764478,-2.5164478,-2.5464478,-2.5664477,-2.6064477,-2.6364477,-2.6664476,-2.6964478,-2.7164478,-2.7464478,-2.7764478,-2.8064477,-2.8364477,-2.8764477,-2.8864477,-2.9064476,-2.9264479,-2.9364479,-2.9464478,-2.9564478,-2.9664478,-2.9764478,-2.9764478,-2.9764478,-2.9764478
-1.5564477,-1.6264478,-1.7064477,-1.7764478,-1.8464477,-1.9064478,-1.9564477,-2.0064478,-2.0564477,-2.1164477,-2.1764479,-2.2264478,-2.2764478,-2.3164477,-2.3464477,-2.3664477,-2.4064476,-2.4464478,-2.4764478,-2.4964478,-2.5164478,-2.5564477,-2.5764477,-2.6164477,-2.6664476,-2.7164478,-2.7764478,-2.8364477,-2.8864477,-2.9464478,-2.9964478,-3.0364478,-3.0764477,-3.1064477,-3.1264477,-3.1464477,-3.1564476,-3.1764479,-3.1864479,-3.1864479,-3.1864479,-3.1764479,-3.1764479,-3.1864479,-3.2064478,-3.2064478,-3.1864479,-3.1564476,-3.1264477,-3.1064477,-3.0864477,-3.0564477,-3.0264478,-2.9964478,-2.9664478,-2.9364479,-2.9264479
-1.9264477,-2.0664477,-2.2164478,-2.3864477,-2.5964477,-2.8264477,-3.0564477,-3.2464478,-3.4364479,-3.5964477,-3.7164478,-3.8164477,-3.8964477,-3.9364479,-3.9864478,-4.0464478,-4.056448,-4.0664477,-4.0664477,-4.0664477,-4.056448,-4.0364475,-3.9864478,-3.9664478,-3.9464478,-3.9264479,-3.9364479,-3.9064476,-3.8764477,-3.8564477,-3.8364477,-3.8364477,-3.8364477,-3.8064477,-3.7764478,-3.7364478,-3.6964478,-3.6264477,-3.5464478,-3.4564478,-3.3464477,-3.2364478,-3.1264477,-3.0464478,-2.9564478,-2.8864477,-2.8364477,-2.7964478,-2.7764478,-2.7764478,-2.8064477,-2.8464477,-2.9164476,-2.9864478,-3.0764477,-3.1664476,-3.2464478
-3.4164476,-3.3064477,-3.1464477,-2.9764478,-2.8164477,-2.6764479,-2.6264477,-2.6164477,-2.6464477,-2.6864479,-2.7664478,-2.8564477,-2.9564478,-3.0464478,-3.1264477,-3.2164478,-3.2764478,-3.3464477,-3.4064476,-3.4564478,-3.5264478,-3.5864477,-3.6564476,-3.7064478,-3.7564478,-3.8064477,-3.8464477,-3.9064476,-3.9464478,-3.9964478,-4.026448,-4.0464478,-4.056448,-4.056448,-4.0464478,-4.0364475,-4.0164475,-3.9864478,-3.9464478,-3.9064476,-3.8764477,-3.8264477,-3.7764478,-3.7064478,-3.6364477,-3.5564477,-3.4764478,-3.3864477,-3.2964478,-3.1864479,-3.0864477,-2.9664478,-2.8464477,-2.7264478,-2.5864477,-2.4464478,-2.3064477
-3.1564476,-2.9464478,-2.7364478,-2.5664477,-2.4664478,-2.4064476,-2.3764477,-2.3964477,-2.3664477,-2.3064477,-2.2464478,-2.2164478,-2.2264478,-2.3064477,-2.3764477,-2.4764478,-2.5764477,-2.6964478,-2.8364477,-2.9464478,-2.9864478,-3.0464478,-3.1164477,-3.1264477,-3.1664476,-3.1964478,-3.2064478,-3.2064478,-3.1864479,-3.1464477,-3.0864477,-3.0264478,-2.9664478,-2.9164476,-2.8764477,-2.8364477,-2.8264477,-2.7864478,-2.7564478,-2.7964478,-2.9364479,-3.1764479,-3.4264479,-3.7264478,-3.9564478,-4.076448,-4.0464478,-3.8964477,-3.6264477,-3.3064477,-3.0664477,-2.8764477,-2.7264478,-2.5964477,-2.4664478,-2.3464477,-2.2364478
-0.48644775,-0.12644775,-0.29644775,-0.49644774,-0.15644775,0.58355224,1.0735523,1.1935523,1.2235522,1.4635522,1.8335522,2.3935523,2.8135521,3.0035522,2.9235523,2.6935523,2.2935522,1.9235523,1.6235522,1.5035522,1.5335523,1.6335522,1.6935523,1.6435523,1.5235523,1.3735522,1.1935523,0.94355226,0.63355225,0.46355224,0.5335522,0.70355225,0.7335522,0.7835522,1.1335522,1.6635523,1.4935522,0.58355224,-0.16644776,-0.17644775,0.56355226,1.4735522,2.1135523,1.5535523,0.69355226,0.47355226,0.58355224,0.37355223,-0.19644776,-0.68644774,-0.8964478,-1.0464478,-1.3764478,-1.6964477,-1.9464477,-2.1564476,-2.2564478
-0.16644776,0.19355224,0.70355225,1.0835522,1.0635523,0.7335522,0.21355225,-0.06644776,0.09355225,0.50355226,0.71355224,0.69355226,0.49355224,0.25355226,0.09355225,0.0035522461,0.08355225,0.5335522,1.4135523,2.5635521,3.2335522,2.5735521,1.6135522,0.64355224,0.16355224,0.023552246,0.42355224,1.5135522,2.3735523,2.0235522,0.6635522,-0.84644777,-1.5964477,-1.5364478,-0.8864477,0.29355225,1.9135523,3.1835523,3.5035522,2.4235523,1.2235522,0.83355224,1.1335522,1.4335523,0.88355225,-0.20644775,-0.8364478,-0.55644774,0.24355225,0.76355225,0.70355225,0.43355224,0.0035522461,-0.41644776,-0.87644774,-1.3164477,-1.4764477
-0.8964478,-0.24644776,1.0335523,1.6735523,1.1535523,0.6635522,0.75355226,0.94355226,0.69355226,-0.29644775,-0.99644774,-0.69644773,-0.056447756,-0.14644775,-1.3164477,-2.3364477,-1.6064477,0.55355227,2.2635522,2.8035522,2.9135523,3.1135523,3.5535522,4.1635523,4.8335524,5.2335525,4.9135523,3.8435524,2.6335523,1.8835522,1.5235523,1.0035522,0.21355225,-0.18644775,0.38355225,2.3535523,4.5235524,5.6635523,5.3535523,4.113552,3.0035522,2.8135521,3.2435522,3.3735523,2.9735522,2.5235522,2.1735523,1.2335522,-0.10644776,-0.84644777,0.50355226,2.1935523,2.5135522,1.0235523,0.29355225,0.89355224,1.9135523
1.3235523,1.1135522,1.0135522,0.83355224,0.76355225,0.28355226,-0.79644775,-1.6064477,-2.0764477,-2.4364479,-2.6064477,-2.4064476,-2.4664478,-1.4164478,-0.8264477,-1.7464478,-3.0464478,-3.0564477,-2.3664477,-1.4964478,-0.66644776,-0.44644776,-0.59644777,0.0035522461,1.8735522,3.7835522,4.653552,4.443552,3.7035522,3.0435522,2.5735521,2.2035522,2.6735523,4.3935523,6.323552,7.0435524,6.6835523,6.2935524,6.2935524,6.363552,6.4635525,6.6435523,6.323552,5.223552,3.8735523,3.2435522,3.2935522,3.5035522,3.8035522,3.9835522,3.5035522,2.1435523,1.3335522,1.3735522,2.1635523,1.8535522,0.69355226
1.2635522,0.6735523,-0.14644775,-0.66644776,-0.59644777,0.063552245,1.0435523,1.9535522,2.1635523,1.3435522,0.053552248,-0.9564478,-1.2164477,-0.91644776,-0.5164478,-0.53644776,-1.0664477,-1.5164478,-0.98644775,0.09355225,0.75355226,0.9135522,1.1835523,1.5835522,1.7935523,1.8035523,1.7635522,1.9035523,2.2635522,2.6335523,3.0035522,3.6735523,4.673552,5.5835524,6.0035524,5.9835525,5.8735523,5.923552,6.113552,6.2535524,6.223552,6.323552,6.693552,6.9535522,6.673552,6.263552,5.9135523,5.4635525,4.9335523,4.363552,3.9735522,4.423552,5.223552,4.3135524,1.9635522,0.80355227,1.2035522
-2.1564476,-2.2764478,-2.2464478,-1.8564477,-1.3964478,-0.45644775,-0.60644776,-0.38644776,0.31355226,-0.75644773,-1.7464478,-1.1664478,-0.62644774,-1.2364478,-2.5864477,-3.8464477,-4.3364477,-4.1064477,-3.3964477,-2.3964477,-1.6264478,-1.2864478,-0.99644774,-0.50644773,-0.046447754,0.21355225,0.28355226,0.40355223,0.95355225,1.8235523,2.5635521,3.0335522,3.4735522,4.1835523,5.0835524,5.723552,5.7935524,5.783552,6.113552,6.473552,6.783552,7.1235523,7.3335524,7.4535522,7.5435524,7.823552,8.553553,9.303553,9.443552,9.103552,7.653552,4.7735524,1.8035523,-0.97644776,-1.8864478,-0.14644775,0.45355225
-3.8764477,-3.5964477,-3.5264478,-2.9664478,-1.9564477,-2.3264477,-2.6264477,-1.4064478,-0.13644776,-0.60644776,-1.5064478,-1.5964477,-1.0664477,-1.2764478,-3.0964477,-5.306448,-6.7064476,-7.076448,-6.7964478,-6.676448,-6.656448,-6.0664477,-5.3164477,-4.556448,-4.2064476,-3.7664478,-2.6864479,-1.6364478,-0.7164478,0.20355225,1.0035522,1.7635522,2.4635522,2.9735522,3.3435524,3.7635522,4.343552,4.8535523,5.193552,5.5835524,5.7935524,5.763552,5.8935523,6.223552,6.613552,6.883552,7.1835523,7.263552,7.8135524,11.443552,14.643552,10.273552,1.0435523,-2.2764478,1.0535523,3.0735521,1.9735522
-6.196448,-6.3364477,-6.1464477,-5.6264477,-5.2064476,-5.176448,-5.006448,-3.2664478,-1.3064477,-1.0064478,-0.49644774,-0.36644775,-1.2864478,-1.7064477,-1.2064477,-1.7764478,-3.4264479,-3.5264478,-2.0764477,-2.4964478,-3.3664477,-3.3164477,-3.1764479,-2.7664478,-2.4564478,-2.9364479,-3.6064477,-3.3964477,-2.5764477,-1.8364477,-1.0264478,-0.16644776,0.99355227,2.6535523,4.1435523,4.573552,4.153552,3.9435523,4.1835523,4.5035524,4.783552,4.903552,4.7535524,4.9635525,6.093552,6.843552,6.3735523,4.7035522,3.5635521,5.923552,6.973552,3.3935523,1.4435523,1.3835522,1.2635522,1.3935523,-0.21644776
-2.0064478,-1.7264477,-2.2264478,-3.2464478,-3.9764478,-3.9264479,-3.1764479,-2.2364478,-1.0264478,0.49355224,1.6335522,1.9735522,0.82355225,-0.8364478,-1.7364478,-0.8964478,0.063552245,-1.2064477,-3.5764477,-4.306448,-3.9664478,-3.6864479,-3.3164477,-2.5364478,-2.0364478,-2.3864477,-2.7264478,-2.2664478,-2.0464478,-2.1664476,-1.7864478,-0.65644777,0.5335522,1.7835523,2.7835522,3.3935523,4.0835524,4.693552,4.7335525,4.673552,4.923552,4.8135524,4.493552,4.653552,4.8535523,5.0835524,4.7335525,3.5235522,1.8035523,1.0635523,2.7335522,5.383552,4.6835523,2.2535522,1.4035523,0.18355225,-1.1664478
-0.60644776,-0.33644775,0.18355225,0.34355223,0.013552246,-0.006447754,0.12355225,-0.41644776,-1.1864477,-1.6464478,-1.3664478,-0.33644775,0.93355227,1.8135523,1.9535522,2.0235522,1.9835522,1.1635523,-0.21644776,-1.3764478,-2.2564478,-2.8264477,-3.1664476,-3.0464478,-2.5464478,-2.0164478,-2.5464478,-3.2564478,-3.3464477,-2.7964478,-1.9864478,-1.1464478,-0.38644776,0.15355225,0.7335522,1.5635523,2.6335523,3.7135522,4.5835524,5.3335524,5.943552,5.6835523,5.2735524,5.633552,5.923552,6.4135523,7.673552,9.203552,7.6035523,4.4635525,4.0435524,2.1935523,2.7935522,2.0435522,0.5335522,-0.47644776,-2.5564477
0.87355226,0.88355225,1.4735522,2.0535522,2.2335522,2.3635523,2.6335523,2.5935524,1.4135523,0.12355225,-0.08644775,0.33355224,0.9735522,1.2335522,1.0835522,1.2835523,1.5235523,0.76355225,-0.08644775,-0.35644776,-2.1164477,-4.3364477,-4.556448,-4.0864477,-3.2364478,-2.7664478,-3.4664478,-3.5164478,-3.6964478,-3.6864479,-3.1364477,-2.7164478,-2.5564477,-2.0264478,-0.8964478,-0.24644776,0.64355224,2.1435523,3.3135521,3.8335524,4.7035522,4.883552,4.323552,5.1835523,5.223552,6.6035523,4.943552,3.9135523,2.0635521,3.8535523,2.8835523,1.3335522,3.1835523,1.4235523,-0.16644776,-1.0764477,-2.8064477
3.6135523,3.8935523,5.2735524,6.3735523,5.093552,2.9035523,2.3435524,2.4335523,1.9335523,1.6035522,1.5735523,0.77355224,-0.24644776,-0.62644774,-0.47644776,-0.056447756,0.33355224,0.23355225,-0.33644775,-0.5864478,-0.15644775,-0.48644775,-2.3964477,-4.3564477,-4.6664476,-5.026448,-5.0864477,-4.806448,-4.4764476,-4.2264476,-4.0664477,-3.9064476,-3.7664478,-3.4664478,-3.0564477,-2.3564477,-1.3464477,-0.24644776,1.0535523,2.0835524,3.6235523,5.073552,5.4635525,5.2135525,5.943552,7.2735524,2.7235522,0.21355225,0.33355224,0.08355225,1.8935523,1.9435523,2.1235523,1.4635522,-0.48644775,-1.5764477,-3.1364477
-0.68644774,-0.19644776,1.1635523,3.2035522,4.2735524,3.8835523,3.8035522,3.1935523,2.3235521,1.4735522,0.77355224,-0.50644773,-1.1364478,-0.94644773,-0.8364478,-0.40644777,-0.12644775,0.29355225,0.41355225,-0.34644777,-0.68644774,-1.0264478,-2.2664478,-3.1764479,-4.9164476,-5.056448,-5.2064476,-5.716448,-4.806448,-4.5464478,-4.4364476,-4.1264477,-3.8164477,-3.3264477,-2.4364479,-2.1864479,-1.7464478,-1.1464478,-0.41644776,0.44355226,1.4435523,2.4935522,3.0135522,4.4135523,6.4835525,5.2335525,2.9135523,1.7935523,-0.5164478,1.7035522,-0.8364478,-1.9264477,-0.78644776,1.4935522,2.6835523,0.33355224,-0.8964478
-4.556448,-1.2564478,2.3335524,1.1035522,0.83355224,3.2335522,4.073552,3.5535522,2.8635523,1.2935523,1.1835523,0.62355226,-0.23644775,-0.23644775,0.36355224,1.2135522,1.3235523,1.1135522,0.55355227,-0.5764477,-0.9664478,-1.0464478,-0.046447754,-0.72644776,-1.5864477,-4.1464477,-4.886448,-5.2964478,-5.2864475,-4.4364476,-3.9264479,-4.1064477,-4.156448,-3.9264479,-3.7164478,-3.4164476,-2.9664478,-1.9964478,-1.0064478,-0.22644776,0.51355225,1.4135523,1.8535522,3.6635523,5.033552,5.5635524,4.843552,3.9735522,0.9235523,0.89355224,1.7735523,2.2935522,3.6535523,2.1935523,-0.9664478,-1.5464478,-1.2364478
-2.0764477,-2.4364479,-1.4464477,-0.73644775,0.30355224,1.7135522,3.4735522,4.3535523,6.4635525,5.0435524,2.4635522,1.7835523,0.9235523,0.7235522,0.65355223,0.41355225,0.7335522,0.87355226,0.33355224,0.59355223,0.51355225,0.46355224,0.23355225,-0.94644773,-1.4264477,-2.4264479,-5.136448,-4.826448,-5.6264477,-4.826448,-3.9964478,-3.5064478,-3.5264478,-3.7264478,-3.8464477,-3.8864477,-3.7564478,-2.5564477,-2.1764479,1.7635522,4.443552,2.3535523,-3.2364478,-5.5864477,1.5935522,-1.7164477,1.7435522,-0.28644776,0.84355223,2.5235522,-1.0164478,-6.3564477,-7.556448,-6.216448,-4.9964476,-4.5864477,-6.7264476
1.0935522,1.2335522,1.4835522,1.3935523,1.1435523,1.1535523,1.3435522,1.3835522,2.7335522,2.3635523,-0.53644776,-0.75644773,0.7335522,1.0335523,1.3135523,1.8735522,2.0735521,1.8135523,0.8635523,-0.38644776,-0.78644776,-1.4364477,-1.0864477,0.26355225,-0.25644776,-3.7964478,-2.6864479,-5.056448,-7.596448,-6.0364475,-4.196448,-4.116448,-4.8364477,-5.236448,-4.596448,-4.2064476,-3.4164476,-2.5764477,-2.0864477,-0.19644776,0.95355225,1.0735523,5.843552,3.3835523,-0.60644776,0.25355226,-2.1164477,-5.3564477,-9.756448,-11.176448,-11.006448,-10.706448,-9.746448,-9.396448,-9.556448,-10.196447,-10.636448
3.6235523,3.5935524,3.4635522,2.5935524,3.6035523,1.7035522,0.31355226,0.57355225,-0.9564478,-1.5764477,2.0935524,0.96355224,0.93355227,2.5235522,4.0035524,3.0135522,1.9835522,1.9735522,2.0335522,-0.7664478,-1.8964478,-1.0364478,-1.3664478,-0.8864477,-0.7164478,-2.1764479,-5.886448,-5.406448,-6.0464478,-5.5164475,-5.2664475,-4.256448,-4.2064476,-3.9464478,-2.5464478,-3.9964478,-2.9164476,-4.5164475,-5.5364475,-3.0064478,-1.1864477,1.6035522,-1.7464478,-5.5364475,-7.886448,-11.116447,-12.176448,-11.616447,-11.686448,-11.456448,-10.906447,-9.556448,-9.906447,-12.3264475,-12.476448,-12.556448,-12.756448
4.1035523,3.0235522,3.1235523,3.1735523,3.1835523,3.4235523,3.7535522,3.6835523,3.1835523,1.6235522,0.64355224,0.34355223,1.7335522,-0.48644775,-1.5064478,0.51355225,1.4635522,1.4835522,1.4135523,0.6635522,0.37355223,1.1435523,-2.3164477,-1.2364478,-0.18644775,-2.5764477,-4.506448,-6.2464476,-4.4564476,-5.5864477,-5.5364475,-4.236448,-5.716448,-3.1864479,-0.25644776,-0.94644773,0.52355224,1.8335522,-1.2864478,-5.446448,-8.106448,-9.456448,-9.296448,-9.626448,-11.516448,-14.346448,-14.0764475,-13.446447,-13.546448,-13.896448,-13.966448,-12.936448,-9.906447,-11.706448,-11.866447,-8.496448,-3.3364477
2.3535523,1.8135523,1.2435522,2.3435524,4.2735524,3.2935522,2.8435524,3.4735522,5.0235524,6.0835524,4.6435523,2.8535523,2.3435524,-0.18644775,-0.75644773,-0.45644775,0.40355223,0.7935522,0.7335522,0.51355225,0.76355225,1.5535523,0.9835522,-1.7164477,-1.6364478,-5.2264476,-5.2664475,-5.7964478,-8.476448,-6.866448,-5.926448,-7.676448,-6.946448,-4.716448,2.3135521,1.7935523,-1.6564478,-8.236447,-12.246448,-12.176448,-11.636448,-11.856448,-13.536448,-13.756448,-13.816448,-14.116447,-14.626448,-14.476448,-13.146448,-11.836448,-11.546448,-10.776447,-5.466448,-2.5264478,-1.9964478,-5.6264477,-7.5464478
