raw-data/2018091418.json
{"header": { "discipline":0, "disciplineName":"Meteorological products", "gribEdition":2, "gribLength":48515, "center":7, "centerName":"US National Weather Service - NCEP(WMC)", "subcenter":0, "refTime":"2018-09-14T18:00:00.000Z", "significanceOfRT":1, "significanceOfRTName":"Start of forecast", "productStatus":0, "productStatusName":"Operational products", "productType":1, "productTypeName":"Forecast products", "productDefinitionTemplate":0, "productDefinitionTemplateName":"Analysis/forecast at horizontal level/layer at a point in time", "parameterCategory":2, "parameterCategoryName":"Momentum", "parameterNumber":2, "parameterNumberName":"U-component_of_wind", "parameterUnit":"m.s-1", "genProcessType":2, "genProcessTypeName":"Forecast", "forecastTime":0, "surface1Type":103, "surface1TypeName":"Specified height level above ground", "surface1Value":10.0, "surface2Type":255, "surface2TypeName":"Missing", "surface2Value":0.0, "gridDefinitionTemplate":0, "gridDefinitionTemplateName":"Latitude_Longitude", "numberPoints":65160, "shape":6, "shapeName":"Earth spherical with radius of 6,371,229.0 m", "gridUnits":"degrees", "resolution":48, "winds":"true", "scanMode":0, "nx":360, "ny":181, "basicAngle":0, "lo1":0.0, "la1":90.0, "lo2":359.0, "la2":-90.0, "dx":1.0, "dy":1.0 }, "data":
[rows 104 to 129 of 181, columns 174 to 231 of 360]
-8.625934,-8.525934,-8.825933,-9.025934,-9.025934,-8.725934,-8.225934,-8.225934,-8.025934,-8.025934,-7.825934,-8.625934,-8.725934,-7.725934,-7.1259336,-7.225934,-7.425934,-8.225934,-8.425934,-8.825933,-9.025934,-9.125934,-9.125934,-9.225934,-9.225934,-9.225934,-9.125934,-8.625934,-8.025934,-7.825934,-7.925934,-8.025934,-7.425934,-6.925934,-6.6259336,-7.325934,-7.425934,-7.5259337,-7.225934,-8.525934,-8.125934,-8.625934,-8.125934,-8.225934,-6.925934,-6.225934,-7.0259337,-8.025934,-7.825934,-7.5259337,-7.6259336,-7.425934,-7.825934,-8.225934,-8.325933,-8.625934,-8.525934,-7.725934
-9.025934,-9.225934,-9.125934,-9.125934,-8.925934,-9.025934,-8.625934,-8.525934,-8.625934,-8.125934,-8.625934,-8.525934,-8.725934,-8.225934,-7.225934,-6.925934,-7.925934,-8.125934,-8.125934,-8.325933,-8.325933,-8.225934,-8.525934,-8.525934,-8.425934,-8.225934,-8.025934,-7.925934,-7.825934,-7.5259337,-7.225934,-7.0259337,-6.5259337,-6.325934,-5.925934,-7.0259337,-7.225934,-7.325934,-6.925934,-7.425934,-8.325933,-8.025934,-7.425934,-7.5259337,-6.5259337,-7.0259337,-8.125934,-7.825934,-7.5259337,-7.725934,-7.225934,-5.725934,-7.225934,-8.625934,-8.825933,-8.125934,-7.5259337,-7.1259336
-8.225934,-9.125934,-8.825933,-8.725934,-7.825934,-8.625934,-9.125934,-8.925934,-8.425934,-8.125934,-7.825934,-8.125934,-8.725934,-8.025934,-7.6259336,-7.325934,-7.825934,-8.325933,-8.325933,-8.625934,-8.825933,-8.725934,-8.225934,-8.125934,-7.825934,-7.5259337,-7.0259337,-7.325934,-6.925934,-7.1259336,-6.5259337,-6.225934,-5.925934,-5.5259337,-6.825934,-6.0259337,-6.325934,-6.5259337,-6.425934,-6.825934,-7.325934,-7.6259336,-7.1259336,-6.6259336,-6.1259336,-6.0259337,-5.925934,-6.925934,-7.0259337,-7.0259337,-6.825934,-7.825934,-7.925934,-8.725934,-8.125934,-7.325934,-7.825934,-8.825933
-7.0259337,-7.5259337,-7.1259336,-8.825933,-9.325933,-7.6259336,-9.125934,-9.525934,-9.225934,-9.225934,-8.225934,-8.725934,-9.025934,-9.225934,-8.525934,-7.6259336,-7.6259336,-8.325933,-8.325933,-8.525934,-8.425934,-8.325933,-8.225934,-8.025934,-7.725934,-7.425934,-7.325934,-6.925934,-6.6259336,-6.225934,-6.325934,-6.325934,-5.325934,-5.0259337,-5.0259337,-5.425934,-5.5259337,-5.6259336,-5.725934,-5.825934,-6.225934,-6.5259337,-6.425934,-5.1259336,-5.825934,-5.425934,-6.825934,-7.325934,-7.1259336,-6.725934,-6.825934,-6.725934,-8.725934,-8.125934,-7.325934,-7.325934,-8.325933,-9.525934
-8.925934,-8.725934,-7.925934,-6.1259336,-1.4259338,-7.325934,-8.725934,-9.525934,-10.025934,-10.025934,-9.425934,-8.725934,-9.325933,-9.225934,-9.725934,-9.125934,-8.725934,-8.425934,-8.125934,-8.925934,-8.625934,-8.525934,-8.425934,-8.525934,-8.525934,-7.825934,-7.825934,-7.425934,-7.225934,-6.925934,-6.6259336,-6.0259337,-5.225934,-4.825934,-4.825934,-4.425934,-4.725934,-5.1259336,-4.825934,-5.225934,-5.0259337,-5.6259336,-5.325934,-5.0259337,-5.6259336,-4.5259337,-5.1259336,-5.925934,-6.425934,-6.6259336,-6.5259337,-7.225934,-7.6259336,-7.5259337,-7.0259337,-7.6259336,-7.825934,-8.425934
-9.725934,-9.325933,-8.825933,-8.925934,-8.025934,-7.725934,-8.825933,-8.725934,-8.725934,-9.525934,-9.525934,-10.425934,-10.125934,-9.425934,-9.425934,-9.125934,-8.825933,-8.725934,-8.225934,-8.925934,-9.025934,-9.125934,-8.925934,-8.425934,-8.125934,-7.925934,-7.825934,-7.5259337,-7.325934,-7.1259336,-7.325934,-7.0259337,-6.6259336,-6.225934,-5.825934,-4.225934,-4.1259336,-4.0259337,-4.0259337,-4.225934,-4.6259336,-4.425934,-4.925934,-4.425934,-4.225934,-4.325934,-3.625934,-4.725934,-5.5259337,-5.5259337,-5.425934,-5.825934,-7.0259337,-6.725934,-6.225934,-6.825934,-7.425934,-7.825934
-9.525934,-9.225934,-8.725934,-8.325933,-8.225934,-7.925934,-8.825933,-9.125934,-9.325933,-9.025934,-8.325933,-10.625934,-9.925934,-9.125934,-8.925934,-9.625934,-10.225934,-8.925934,-9.825933,-10.125934,-10.125934,-9.925934,-8.925934,-8.425934,-8.125934,-7.725934,-7.225934,-7.1259336,-7.1259336,-6.825934,-6.925934,-6.325934,-6.0259337,-6.5259337,-6.425934,-6.0259337,-4.825934,-4.1259336,-3.4259338,-2.7259338,-3.0259337,-3.825934,-4.825934,-3.9259338,-3.4259338,-3.325934,-3.325934,-4.225934,-4.6259336,-4.6259336,-4.425934,-4.5259337,-5.825934,-5.825934,-5.825934,-6.225934,-6.825934,-6.925934
-9.225934,-8.925934,-8.525934,-8.125934,-9.025934,-8.925934,-9.025934,-9.925934,-10.025934,-10.925934,-11.025934,-11.625934,-11.525934,-11.025934,-10.925934,-10.225934,-10.525934,-10.425934,-9.925934,-9.525934,-9.525934,-9.125934,-8.025934,-7.425934,-7.6259336,-7.0259337,-6.825934,-6.225934,-6.325934,-5.6259336,-5.425934,-5.6259336,-5.6259336,-5.725934,-5.925934,-5.225934,-4.325934,-3.5259337,-3.5259337,-2.9259338,-2.5259337,-1.7259338,-1.6259339,-2.2259338,-2.125934,-2.0259337,-2.9259338,-2.2259338,-2.825934,-3.9259338,-2.7259338,-3.2259338,-5.1259336,-4.6259336,-5.0259337,-5.325934,-5.5259337,-5.725934
-9.225934,-9.025934,-8.925934,-8.325933,-8.025934,-8.725934,-9.025934,-9.025934,-9.525934,-9.725934,-10.325933,-10.625934,-10.225934,-10.025934,-10.125934,-9.425934,-9.625934,-8.825933,-8.525934,-8.125934,-7.825934,-7.6259336,-7.1259336,-6.6259336,-6.425934,-5.825934,-5.425934,-5.225934,-5.225934,-4.925934,-4.725934,-4.225934,-4.0259337,-4.425934,-4.225934,-4.1259336,-4.325934,-4.0259337,-3.325934,-3.4259338,-2.2259338,-2.2259338,-1.4259338,-0.52593386,-0.32593384,-0.8259338,-0.92593384,-2.2259338,-2.125934,-3.0259337,-1.5259339,-2.5259337,-4.225934,-3.325934,-3.7259338,-4.1259336,-4.1259336,-5.0259337
-8.725934,-9.125934,-10.025934,-9.325933,-8.825933,-8.125934,-8.225934,-8.325933,-8.725934,-8.725934,-9.025934,-9.425934,-9.525934,-9.225934,-8.925934,-8.525934,-7.925934,-7.6259336,-7.425934,-7.0259337,-6.6259336,-6.325934,-5.925934,-5.425934,-4.825934,-4.5259337,-4.225934,-4.225934,-4.0259337,-3.7259338,-3.325934,-2.7259338,-2.5259337,-2.9259338,-2.7259338,-2.625934,-2.2259338,-2.125934,-3.2259338,-3.125934,-2.5259337,-1.7259338,-2.4259338,-1.3259338,1.7740662,2.2740662,0.57406616,0.37406617,-0.8259338,-1.3259338,-0.72593385,-1.0259339,-2.9259338,-2.0259337,-2.125934,-2.7259338,-2.625934,-3.125934
-9.025934,-9.325933,-9.525934,-9.325933,-8.725934,-8.625934,-8.025934,-8.025934,-7.5259337,-8.125934,-7.925934,-8.225934,-8.325933,-8.025934,-7.725934,-7.225934,-6.425934,-6.225934,-6.0259337,-5.825934,-5.5259337,-5.0259337,-4.6259336,-4.325934,-4.0259337,-3.625934,-3.2259338,-2.7259338,-2.4259338,-2.2259338,-2.0259337,-1.3259338,-0.8259338,-0.8259338,-0.6259338,-0.42593384,-0.6259338,-1.0259339,-0.8259338,-0.42593384,-0.22593383,-0.6259338,-1.1259339,-1.8259338,-2.5259337,-1.0259339,2.874066,2.874066,1.9740661,1.4740661,0.57406616,1.0740662,-0.12593384,-1.1259339,-0.42593384,-0.22593383,-0.32593384,-0.6259338
-8.925934,-9.625934,-9.725934,-8.825933,-7.6259336,-6.925934,-7.425934,-7.825934,-8.025934,-7.725934,-7.225934,-7.425934,-7.425934,-7.0259337,-6.725934,-6.6259336,-5.925934,-5.5259337,-4.925934,-4.925934,-4.425934,-3.4259338,-3.2259338,-3.825934,-3.4259338,-2.9259338,-4.225934,-4.5259337,-3.7259338,-2.825934,-2.2259338,-1.3259338,-0.8259338,0.27406615,1.5740662,1.8740661,1.7740662,1.4740661,1.6740662,1.5740662,1.1740662,1.8740661,2.4740663,0.8740662,0.8740662,0.8740662,0.57406616,2.7740662,4.574066,3.9740663,2.374066,1.9740661,1.0740662,1.0740662,0.77406615,1.2740662,1.1740662,-0.12593384
-8.225934,-8.825933,-8.425934,-7.925934,-7.425934,-7.225934,-7.6259336,-7.6259336,-7.5259337,-6.925934,-6.6259336,-6.425934,-6.225934,-6.1259336,-5.725934,-5.825934,-5.5259337,-5.725934,-5.425934,-5.0259337,-5.225934,-5.225934,-4.725934,-4.0259337,-3.325934,-2.625934,-2.0259337,-2.125934,-1.8259338,-1.0259339,-0.025933838,0.8740662,0.97406614,1.3740661,1.9740661,2.2740662,1.8740661,2.374066,2.874066,3.174066,3.2740662,3.374066,3.5740662,3.5740662,2.174066,2.2740662,2.7740662,2.2740662,1.2740662,4.4740663,5.3740664,3.9740663,2.7740662,2.5740662,2.374066,1.9740661,1.6740662,1.6740662
-7.225934,-7.5259337,-7.5259337,-8.425934,-8.825933,-8.525934,-7.925934,-6.6259336,-6.225934,-5.725934,-5.825934,-5.225934,-4.425934,-4.825934,-5.925934,-6.1259336,-5.925934,-5.925934,-4.825934,-4.325934,-4.225934,-3.5259337,-2.7259338,-2.625934,-2.125934,-1.2259338,-0.025933838,-0.22593383,-0.52593386,0.27406615,1.1740662,1.7740662,2.174066,3.0740662,3.4740663,3.174066,2.9740663,3.4740663,3.374066,2.5740662,2.374066,3.4740663,4.274066,4.4740663,4.774066,4.3740664,3.7740662,3.4740663,3.7740662,2.7740662,2.4740663,5.074066,6.174066,4.674066,3.7740662,3.374066,3.0740662,3.174066
-7.725934,-8.125934,-8.325933,-7.925934,-7.1259336,-6.725934,-5.1259336,-4.825934,-4.725934,-4.725934,-4.425934,-4.425934,-3.9259338,-5.0259337,-4.225934,-5.0259337,-4.6259336,-4.5259337,-3.825934,-3.625934,-2.9259338,-2.2259338,-1.8259338,-1.4259338,-1.2259338,-0.52593386,-1.4259338,-1.3259338,-0.12593384,0.8740662,1.9740661,1.7740662,2.4740663,3.174066,3.374066,4.174066,4.8740664,4.8740664,4.3740664,4.274066,4.174066,4.274066,4.174066,3.9740663,4.4740663,5.4740663,5.674066,5.774066,5.3740664,4.8740664,4.074066,3.674066,3.7740662,6.074066,6.8740664,5.174066,4.3740664,4.774066
-6.325934,-6.425934,-7.1259336,-5.825934,-4.925934,-4.5259337,-3.9259338,-3.9259338,-3.5259337,-3.325934,-3.2259338,-3.4259338,-3.325934,-4.5259337,-4.0259337,-3.5259337,-2.9259338,-2.5259337,-2.2259338,-1.3259338,-1.2259338,-1.2259338,-1.0259339,-0.42593384,-0.025933838,-0.025933838,-0.22593383,0.17406616,0.97406614,1.1740662,1.7740662,2.674066,3.2740662,3.674066,4.274066,4.774066,4.774066,5.3740664,5.8740664,6.074066,5.9740663,6.174066,6.274066,6.4740663,6.9740663,6.9740663,6.3740664,6.574066,6.8740664,6.174066,6.574066,6.4740663,5.674066,4.8740664,5.674066,6.9740663,7.8740664,5.9740663
-6.6259336,-5.725934,-5.6259336,-3.325934,-2.9259338,-2.325934,-2.0259337,-2.125934,-2.0259337,-2.125934,-1.8259338,-1.5259339,-1.9259338,-1.9259338,-1.6259339,-1.7259338,-0.6259338,0.17406616,0.37406617,0.77406615,1.4740661,1.2740662,0.8740662,1.0740662,1.5740662,1.4740661,1.3740661,1.8740661,2.174066,2.5740662,2.9740663,3.7740662,4.3740664,4.574066,5.174066,5.674066,6.174066,6.574066,6.9740663,7.574066,8.074066,8.474066,8.374066,8.474066,8.474066,7.8740664,8.074066,8.674067,8.574066,7.3740664,8.274066,8.374066,8.274066,7.774066,7.174066,6.574066,8.074066,8.074066
-5.225934,-3.9259338,-1.6259339,-0.12593384,-0.12593384,-0.32593384,-0.32593384,-0.12593384,-0.12593384,-0.22593383,-0.12593384,0.57406616,0.8740662,1.3740661,1.6740662,2.0740662,1.9740661,2.5740662,3.0740662,3.374066,3.5740662,3.674066,3.5740662,3.374066,2.9740663,2.9740663,2.4740663,2.874066,3.5740662,3.4740663,3.7740662,4.4740663,5.3740664,5.674066,5.4740663,5.8740664,6.174066,6.774066,7.274066,7.774066,8.074066,8.374066,8.974066,9.074066,8.474066,9.574066,10.274066,10.574066,10.374066,8.974066,8.574066,9.474066,9.474066,9.374066,8.974066,7.8740664,7.8740664,7.574066
-1.8259338,-0.22593383,1.0740662,2.0740662,2.174066,1.6740662,0.8740662,1.1740662,1.5740662,1.9740661,2.2740662,2.5740662,3.174066,3.7740662,3.874066,4.274066,4.574066,4.774066,4.8740664,4.8740664,5.074066,5.174066,5.174066,5.3740664,5.074066,4.4740663,3.874066,3.9740663,4.674066,3.9740663,4.174066,5.274066,5.8740664,6.274066,6.8740664,7.074066,6.9740663,7.4740663,7.774066,7.8740664,8.274066,9.074066,9.674067,9.874066,9.974066,11.774066,12.274066,11.574066,11.774066,12.174067,11.474066,11.574066,10.174067,9.474066,9.874066,9.374066,8.374066,8.574066
-0.32593384,0.27406615,1.0740662,2.0740662,2.5740662,2.5740662,2.4740663,2.2740662,2.374066,2.5740662,3.174066,3.7740662,4.674066,4.9740663,5.3740664,5.4740663,5.774066,6.274066,6.574066,5.9740663,6.074066,5.9740663,6.174066,6.274066,6.174066,5.8740664,5.674066,5.774066,6.074066,5.774066,5.574066,6.074066,6.4740663,7.074066,7.674066,7.574066,7.3740664,7.674066,7.9740663,8.274066,8.874066,9.774066,10.674067,10.774066,11.374066,12.974066,12.974066,12.774066,13.074066,13.474066,12.974066,11.274066,10.574066,10.474066,9.974066,9.274066,9.374066,9.674067
-2.2259338,-0.025933838,2.174066,3.174066,2.9740663,3.2740662,2.9740663,2.874066,2.674066,2.674066,3.174066,4.174066,5.174066,6.074066,6.674066,7.174066,7.4740663,7.9740663,8.274066,8.074066,7.774066,7.574066,7.4740663,7.3740664,6.8740664,6.4740663,6.774066,7.274066,7.3740664,6.9740663,7.074066,6.8740664,7.274066,7.8740664,8.674067,8.474066,8.074066,8.374066,8.974066,9.574066,9.874066,10.474066,11.074066,11.374066,12.274066,13.374066,12.974066,12.674067,12.674067,12.674067,12.474066,12.674067,12.574066,11.974066,10.874066,9.674067,9.274066,9.674067
1.1740662,1.4740661,2.5740662,2.374066,2.0740662,1.7740662,1.9740661,2.174066,2.4740663,3.2740662,4.174066,5.074066,5.774066,6.774066,7.774066,8.574066,9.374066,9.474066,9.674067,9.674067,9.174067,8.874066,8.474066,8.274066,7.574066,7.3740664,7.574066,7.9740663,7.9740663,7.774066,7.9740663,8.174067,8.474066,8.574066,8.974066,8.974066,8.874066,9.174067,9.774066,10.174067,10.674067,11.074066,11.574066,12.174067,13.174067,13.674067,13.374066,13.174067,13.474066,14.274066,13.774066,13.974066,13.974066,12.774066,11.574066,9.974066,9.574066,9.674067
0.77406615,0.57406616,-1.6259339,-0.72593385,-1.5259339,-0.8259338,-0.22593383,0.57406616,1.4740661,2.0740662,2.874066,3.7740662,4.8740664,5.9740663,7.274066,8.574066,9.674067,10.574066,11.174067,10.974066,10.774066,10.374066,9.874066,9.174067,8.174067,8.474066,8.374066,8.274066,8.074066,7.9740663,8.874066,9.474066,9.274066,8.974066,9.374066,9.474066,9.874066,9.974066,9.974066,10.474066,11.074066,11.474066,12.174067,13.074066,13.574066,13.274066,14.174067,14.474066,14.474066,14.574066,14.274066,14.574066,14.574066,13.274066,12.274066,11.574066,11.074066,10.474066
1.2740662,-0.42593384,1.5740662,-3.625934,-5.325934,-2.9259338,-1.0259339,0.47406617,1.7740662,2.674066,3.2740662,3.874066,4.574066,5.3740664,6.274066,7.4740663,8.574066,9.774066,10.574066,11.274066,11.474066,11.374066,10.774066,10.274066,9.374066,9.174067,8.974066,8.774066,8.574066,8.674067,9.174067,9.474066,9.774066,10.374066,10.274066,9.874066,9.874066,9.774066,10.174067,10.874066,11.274066,11.774066,12.574066,12.974066,13.374066,13.674067,13.974066,14.674067,14.974066,15.174067,14.574066,14.574066,14.674067,13.974066,12.874066,12.374066,12.474066,11.874066
1.2740662,-0.42593384,-0.92593384,0.17406616,0.47406617,0.8740662,0.8740662,1.9740661,2.4740663,2.7740662,3.2740662,3.7740662,4.274066,5.274066,5.8740664,6.9740663,7.8740664,8.474066,8.974066,9.274066,9.674067,10.174067,9.874066,10.074066,10.174067,9.574066,8.774066,8.874066,9.274066,9.674067,9.574066,9.174067,9.774066,10.374066,9.974066,9.874066,8.974066,9.474066,10.474066,10.974066,11.374066,12.074066,12.674067,12.174067,12.674067,13.474066,14.074066,14.374066,14.774066,15.074066,15.374066,15.274066,14.674067,14.074066,13.674067,13.074066,12.474066,12.174067
1.3740661,-0.52593386,-0.42593384,0.6740662,2.874066,2.674066,1.6740662,1.0740662,1.2740662,1.5740662,2.174066,3.0740662,3.674066,4.674066,5.674066,6.574066,7.274066,7.074066,7.074066,7.4740663,8.074066,8.574066,8.874066,9.074066,9.574066,8.674067,8.574066,9.874066,10.174067,10.674067,10.774066,9.874066,9.874066,10.074066,9.874066,10.374066,10.274066,10.074066,10.274066,10.674067,11.474066,11.974066,12.074066,12.274066,12.374066,12.974066,13.774066,14.174067,14.574066,14.974066,15.474066,15.474066,14.574066,14.274066,14.774066,14.474066,13.674067,12.974066
