raw-data/2018100818.json
{"header": { "discipline":0, "disciplineName":"Meteorological products", "gribEdition":2, "gribLength":74887, "center":7, "centerName":"US National Weather Service - NCEP(WMC)", "subcenter":0, "refTime":"2018-10-08T18:00:00.000Z", "significanceOfRT":1, "significanceOfRTName":"Start of forecast", "productStatus":0, "productStatusName":"Operational products", "productType":1, "productTypeName":"Forecast products", "productDefinitionTemplate":0, "productDefinitionTemplateName":"Analysis/forecast at horizontal level/layer at a point in time", "parameterCategory":2, "parameterCategoryName":"Momentum", "parameterNumber":3, "parameterNumberName":"V-component_of_wind", "parameterUnit":"m.s-1", "genProcessType":2, "genProcessTypeName":"Forecast", "forecastTime":0, "surface1Type":103, "surface1TypeName":"Specified height level above ground", "surface1Value":10.0, "surface2Type":255, "surface2TypeName":"Missing", "surface2Value":0.0, "gridDefinitionTemplate":0, "gridDefinitionTemplateName":"Latitude_Longitude", "numberPoints":65160, "shape":6, "shapeName":"Earth spherical with radius of 6,371,229.0 m", "gridUnits":"degrees", "resolution":48, "winds":"true", "scanMode":0, "nx":360, "ny":181, "basicAngle":0, "lo1":0.0, "la1":90.0, "lo2":359.0, "la2":-90.0, "dx":1.0, "dy":1.0 }, "data":
[rows 78 to 103 of 181, columns 0 to 57 of 360]
8.572818,1.2728174,1.3028173,1.4728174,2.2328174,2.2328174,1.8328174,1.0728173,0.20281738,-0.21718262,0.8228174,2.9628174,0.8928174,-2.4071827,-4.9771824,-1.2971826,0.72281736,0.22281738,-0.6671826,-0.8071826,0.8628174,0.9828174,0.29281738,0.65281737,-0.7471826,0.032817382,0.3828174,-0.7571826,1.4828174,0.29281738,1.7228174,0.8028174,1.7128174,-0.5571826,2.0328174,1.2228174,-0.18718262,-0.4671826,1.2828174,0.8728174,-2.0171826,-2.6771827,5.172817,1.3228173,-1.4571826,-3.5871825,-2.6071825,-0.057182617,-0.28718263,-0.5571826,0.48281738,0.7328174,-0.027182616,-1.2271826,-0.09718262,-0.3771826,-2.9271827,-4.8471828
2.5728173,3.2528174,1.7928174,1.7728174,2.4528174,2.2928174,2.6028173,2.5728173,-0.5171826,0.6928174,2.0428174,2.3828173,1.3028173,-1.3071827,-0.6771826,-0.9971826,-1.7671826,-1.3271827,0.022817383,0.42281738,0.6228174,-0.07718262,1.7628174,1.5828174,2.2328174,-0.13718262,-0.027182616,-0.09718262,-1.5671827,1.8628174,0.7728174,-0.35718262,-1.7471826,1.1828173,0.052817382,0.7428174,1.0028174,-0.71718264,1.2328174,-0.057182617,0.112817384,1.5228174,1.4128174,-0.8271826,-1.7971826,-2.2471826,-0.067182615,-0.89718264,-0.28718263,-1.6071826,-0.24718262,0.16281739,1.2228174,1.2028174,1.0928174,0.7128174,-0.9871826,-2.5371826
2.3028173,2.1728175,2.2728174,2.0428174,1.4628174,2.4328175,2.1428175,1.8828174,2.2128174,0.9428174,2.0228174,1.4328173,-0.6871826,-0.3371826,-0.3371826,0.65281737,0.6128174,0.7728174,0.9528174,0.46281737,-0.6771826,0.7728174,-0.8271826,-0.9971826,-1.7071826,0.48281738,-0.6071826,-1.2971826,0.7128174,-0.7971826,-1.4371827,-0.7671826,1.4728174,1.5528173,1.0028174,1.8728174,-0.6271826,1.2928174,-0.7971826,1.8628174,-1.3871826,-4.6771827,-1.8271827,-0.58718264,-1.0671827,-0.84718263,-3.8571825,-3.3971827,0.9428174,-4.7771826,3.8628173,3.2828174,3.2128174,2.4428174,1.7228174,0.8128174,-0.52718264,-1.3671826
1.9628174,1.1628174,0.46281737,1.9628174,2.1628175,0.90281737,0.5028174,0.72281736,0.7328174,-0.14718261,1.0728173,1.0828174,1.0528173,1.9728174,0.78281736,1.1228174,1.7728174,0.91281736,-0.17718261,-0.107182615,0.5128174,-0.6871826,-1.0071826,-0.26718262,0.6228174,-0.7971826,-1.2171826,-0.15718262,-1.0171826,-1.3471826,-0.107182615,1.4328173,1.3428174,0.40281737,-0.4971826,0.42281738,0.8628174,-2.0371826,0.3128174,-3.0671825,-1.0971826,-2.5871825,-2.9471827,-5.6071825,-7.827183,-2.6271827,-3.5371826,0.27281737,-0.047182616,5.4028172,4.6128173,6.1028175,5.0228176,3.8328173,2.4228175,1.2828174,0.36281738,-0.4671826
1.8228173,0.09281738,0.6428174,1.4128174,1.9128174,1.6328174,1.5128174,1.2328174,-0.48718262,0.3228174,1.1728173,0.30281737,-0.9171826,0.30281737,1.3228173,-0.6271826,-0.14718261,0.09281738,1.2328174,1.0128174,0.24281739,-1.0671827,-1.3371826,-1.4471827,-1.4871826,-1.7071826,-0.9171826,-1.4271827,-1.5271826,0.17281738,-0.4071826,0.30281737,0.12281738,-0.71718264,-1.4071826,0.16281739,0.17281738,0.4128174,0.79281735,0.2828174,-0.027182616,2.0528173,2.1428175,4.6128173,3.7728174,4.3228173,5.4328175,3.7628174,4.2428174,7.5628176,6.6328173,6.0728173,6.3528175,5.0728173,3.1328173,2.0728173,1.5428174,1.4928174
1.0528173,2.3228173,2.3628173,2.6828175,1.6428174,1.0028174,1.7228174,0.8028174,1.0928174,2.9428174,0.65281737,0.5128174,-0.83718264,-0.23718262,-1.7571826,1.1028174,1.3928174,0.09281738,1.2328174,1.9728174,1.9628174,1.1728173,1.4628174,-0.31718263,0.8328174,0.8728174,-1.8671826,-0.45718262,0.29281738,0.5528174,-1.4271827,-0.9971826,-1.3371826,-0.26718262,0.08281738,1.0628173,-1.4271827,-0.47718263,1.0128174,0.26281738,0.6728174,2.6228173,5.8128176,3.9528174,3.1128173,2.6428175,4.0228176,3.7228174,8.742817,8.002817,9.232818,7.5828176,6.8928175,5.0228176,3.7328174,2.6128173,2.1628175,1.9828174
2.0428174,3.5328174,4.1828175,3.5328174,3.8728173,1.9328173,1.1228174,2.5628173,3.1128173,-0.017182617,-0.19718261,-0.32718262,0.48281738,0.7128174,0.7728174,0.36281738,-0.18718262,1.8828174,1.5828174,0.85281736,1.5928174,1.2628174,0.6828174,0.90281737,-0.5471826,0.6828174,1.2028174,0.5528174,0.2528174,0.78281736,0.78281736,0.112817384,1.1228174,1.5528173,-0.25718263,-0.71718264,-1.0471826,-0.027182616,2.3328173,-0.83718264,1.5228174,5.1028175,4.1128173,4.3728175,4.1328173,4.5428176,2.4928174,8.582817,8.532818,10.792817,9.1428175,8.882817,7.3828173,5.1128173,3.6028173,3.1728175,2.7528174,2.2428174
2.8028173,3.0828173,3.0828173,3.3028173,3.8428173,4.3228173,1.2928174,1.9928174,2.2728174,0.65281737,0.59281737,0.7328174,0.7328174,0.0028173828,0.59281737,0.29281738,0.49281737,-0.5671826,-0.7471826,0.84281737,1.1128174,1.0428174,1.3728174,0.5728174,1.4628174,1.5828174,0.36281738,1.1528174,1.3728174,1.4728174,1.0828174,0.33281738,-0.7571826,-0.4071826,-2.5671825,-2.4271827,0.09281738,-2.1471827,1.0828174,-0.5471826,2.7328174,3.2628174,5.0928173,4.1128173,5.3528175,5.0628176,8.122817,10.422817,9.8928175,9.752817,9.422817,8.362818,6.3528175,5.0728173,4.7828174,4.1628175,3.5728173,3.1228173
2.9128175,3.4228175,3.9028175,4.4028172,4.1528172,3.9628174,3.4428174,2.9128175,3.1628175,-1.7271826,1.5828174,1.0028174,-0.9871826,0.7428174,0.9828174,0.79281735,-0.26718262,1.0628173,0.9328174,1.0328174,0.40281737,0.27281737,0.5828174,1.0528173,1.0628173,0.5228174,0.4428174,-0.017182617,-0.18718262,0.08281738,0.90281737,-0.3671826,-0.6371826,-0.19718261,-1.1971827,0.10281739,-1.2371826,2.6928174,2.6528175,4.0728173,2.3528173,5.7628174,4.3828173,4.5228176,5.3428173,10.3928175,9.922817,9.362818,9.972817,9.522818,8.532818,6.8328176,5.6528172,4.9928174,4.252817,3.7728174,3.5128174,3.4128175
4.422817,4.172817,4.462817,5.1528172,5.232817,5.6828175,4.6028175,3.7428174,3.0428174,2.0828173,0.9328174,-0.24718262,-0.17718261,-0.5571826,0.45281738,0.14281738,0.09281738,-1.0671827,0.48281738,0.84281737,0.24281739,0.6328174,0.3128174,0.39281738,-0.007182617,-0.28718263,0.2828174,-0.28718263,-0.96718264,-0.8271826,0.84281737,-0.3971826,0.09281738,-1.3371826,-1.4271827,-0.38718262,1.2028174,0.85281736,2.6928174,2.5028174,2.4828174,2.5728173,5.1028175,8.682817,7.8328176,9.072818,7.982817,9.622817,8.982818,7.8528175,6.6428175,5.8328176,5.2928176,4.672817,4.4528174,4.2628174,3.9828174,3.7828174
5.8828173,5.7828174,5.5928173,6.1828175,6.0828176,5.0228176,4.0328174,2.3728173,3.0928173,2.6928174,0.3228174,-0.6071826,0.3728174,0.43281737,-0.007182617,0.5128174,0.8128174,1.2828174,0.59281737,0.4128174,0.79281735,0.3728174,-0.4671826,-0.4671826,-0.20718262,0.13281739,0.032817382,-0.38718262,-1.3171827,-0.70718265,-0.3071826,-0.5571826,-0.48718262,-0.6671826,0.97281736,-1.1171826,-1.0671827,-0.21718262,2.0428174,2.7728174,1.4228173,4.6828175,8.902818,7.5228176,5.6828175,7.172817,7.9328175,7.442817,7.0628176,6.4528174,5.942817,5.4928174,4.8828173,4.7228174,4.6328173,4.6328173,4.3128176,4.2828174
6.462817,7.1628175,7.9328175,7.5628176,6.692817,6.1528172,6.0328174,4.3728175,4.9728174,3.3428173,0.06281738,-0.23718262,0.33281738,-0.23718262,0.09281738,0.6228174,1.1228174,1.8428174,1.2228174,0.112817384,-0.34718263,-0.38718262,-0.5471826,-0.9771826,-0.90718263,-0.5171826,-0.3671826,-0.8071826,0.19281739,0.72281736,0.5128174,0.42281738,1.5028174,1.0128174,1.5228174,0.26281738,-0.8171826,0.16281739,4.6828175,5.8328176,5.8028173,7.3928175,7.4928174,4.1828175,7.3828173,7.0628176,7.0928173,7.0128174,6.5428176,6.0928173,5.7428174,5.442817,5.2928176,5.0428176,4.9328175,4.9028172,5.0428176,5.0828176
6.9328175,7.2928176,7.4028172,7.4028172,7.0128174,6.0528173,5.672817,5.5928173,5.192817,5.0428176,0.22281738,-0.027182616,0.7128174,1.1428174,1.4828174,1.4828174,1.9528174,1.2428174,1.1428174,0.7328174,-0.7871826,-0.7671826,-0.38718262,-0.7871826,-1.3371826,-1.6371826,-0.96718264,0.8728174,1.4328173,1.4628174,-1.7871826,-0.007182617,0.39281738,1.0728173,0.24281739,-1.2671826,1.3428174,2.5928173,2.0728173,7.4128175,8.052817,6.5928173,3.6428175,6.8528175,6.5828176,6.4728174,6.2428174,6.0328174,5.732817,5.422817,5.4928174,5.462817,5.3428173,5.3828173,5.5328174,5.6328173,5.5728173,5.232817
6.7428174,6.732817,6.4128175,6.0328174,5.8628173,5.8128176,5.5328174,5.192817,5.6228175,3.0628173,2.5228174,1.4228173,0.9328174,1.0628173,1.7228174,2.0428174,1.4828174,0.6428174,0.46281737,0.4128174,0.7628174,1.0528173,0.0028173828,-0.19718261,-1.3771826,-1.7371826,-1.9671826,-0.057182617,2.2428174,0.6328174,0.9528174,0.5228174,-0.3771826,-1.9471827,0.8228174,0.4728174,-1.1271826,-0.07718262,3.0228174,6.922817,7.5528173,4.5628176,4.6328173,6.8328176,6.6128173,6.4128175,6.5728173,6.1528172,5.4928174,5.1128173,5.0928173,5.3628173,5.5228176,5.4928174,5.3828173,5.3128176,5.4128175,5.1028175
5.7228174,5.6228175,5.9128175,5.7028174,5.4928174,5.462817,5.672817,6.1028175,6.1328173,6.7028174,1.5628173,0.7428174,1.1628174,0.18281738,0.16281739,1.1128174,0.84281737,1.0828174,0.06281738,-0.017182617,0.60281736,-0.5471826,-0.5771826,0.7728174,0.29281738,1.2528174,0.6828174,0.26281738,0.5128174,0.53281736,-0.13718262,0.112817384,-2.5571826,-2.2971826,-1.7971826,-4.0471826,-1.3171827,1.6828173,3.2028174,6.2628174,5.6828175,2.9628174,6.5628176,6.7928176,6.8528175,6.9928174,7.1328173,6.0128174,5.4128175,4.9928174,4.942817,5.2228174,5.2928176,5.5228176,5.5828176,5.3828173,5.3828173,5.7428174
5.982817,5.8528175,5.7628174,5.192817,4.922817,4.7228174,5.2928176,5.8928175,6.3128176,6.3228173,5.9028172,1.9728174,1.3628174,1.4328173,0.30281737,0.90281737,0.21281739,-0.58718264,-0.25718263,-0.65718263,-0.6771826,-0.5771826,0.3828174,0.24281739,1.3128173,1.2028174,0.7628174,-0.5571826,-1.0671827,-0.5771826,-0.13718262,-0.057182617,-0.7671826,-1.7471826,-0.71718264,2.2028174,4.752817,4.5328174,3.5828173,7.7628174,4.0628176,7.8128176,7.2628174,7.3328176,7.442817,7.9528174,7.672817,6.0728173,6.232817,6.1428175,6.2928176,6.5528173,6.4128175,6.0228176,6.0828176,5.9528174,5.7928176,5.7428174
5.922817,5.5828176,5.2928176,4.922817,4.712817,4.7028174,4.8928175,5.3628173,5.8928175,6.2428174,6.3028173,4.752817,2.0528173,1.7228174,0.24281739,-0.7271826,-1.0971826,-0.13718262,-0.41718262,-1.0071826,-0.6871826,0.3128174,-0.23718262,-0.22718261,-0.027182616,-0.09718262,0.3528174,-0.3671826,-1.5671827,-2.5671825,0.7428174,-1.2871826,-1.7971826,-1.0071826,0.5828174,0.7028174,1.5928174,4.5728173,1.7128174,4.3128176,8.282818,7.8128176,7.7428174,7.6528172,7.6428175,8.012817,7.752817,6.942817,6.6428175,6.4928174,6.502817,6.5428176,6.5328174,6.5428176,6.6228175,6.672817,6.5328174,6.2428174
5.6628175,5.2228174,5.3428173,5.482817,5.6428175,5.7028174,5.6228175,5.5428176,5.4728174,5.5128174,5.752817,5.442817,3.5828173,1.2828174,0.3428174,0.26281738,0.032817382,-0.77718264,-0.25718263,-1.3971826,1.2728174,0.9328174,0.29281738,-0.2771826,-0.7471826,0.3728174,-0.6171826,-0.6271826,-0.19718261,-0.64718264,-1.4871826,-1.5671827,2.1728175,1.7528174,-0.5171826,0.9228174,0.59281737,1.6428174,1.7128174,2.8128173,6.462817,6.752817,7.0928173,6.9728174,7.0128174,7.2928176,7.0928173,6.8128176,6.4728174,6.3528175,6.5128174,6.7028174,6.982817,7.192817,7.0228176,6.8428173,6.6828175,6.672817
4.8628173,5.1628175,5.482817,5.6128173,5.8428173,5.9728174,5.8128176,5.482817,5.232817,5.3328176,4.922817,4.5628176,4.7628174,1.6028174,-0.5571826,-0.45718262,-1.7771826,-1.4371827,-1.0571827,-0.9171826,-3.0271826,-1.2971826,-0.5771826,0.6128174,0.042817384,0.072817385,-0.7971826,-1.3671826,-0.6771826,0.12281738,0.9428174,-0.58718264,-0.14718261,0.23281738,1.6128174,0.84281737,1.4228173,0.6428174,-0.14718261,4.5128174,6.3428173,6.1828175,6.442817,6.212817,6.422817,6.6328173,6.5228176,6.3228173,6.6428175,6.7628174,6.7628174,6.9528174,7.2028174,7.3828173,7.6328173,7.0128174,6.442817,6.6428175
4.9928174,5.4028172,5.6528172,5.7228174,5.6328173,5.6128173,5.502817,4.9928174,4.4928174,4.3928175,4.212817,4.1828175,3.8428173,1.9728174,1.6928173,0.4128174,0.06281738,-1.1971827,-1.2271826,1.4628174,-0.5771826,-0.5171826,-1.2971826,-0.6971826,-0.3671826,-1.1471826,-1.5971826,-1.8071827,-1.9171826,0.072817385,2.5828173,1.0928174,0.59281737,-0.25718263,0.3428174,1.9828174,1.0528173,0.6228174,0.3128174,1.2928174,5.3528175,5.7228174,6.1628175,5.7828174,5.732817,6.0428176,6.0228176,5.9328175,6.2428174,6.8928175,7.3428173,7.5628176,7.6828175,7.8028173,7.7628174,7.3028173,5.8128176,5.7428174
5.5528173,5.8128176,5.7828174,5.8428173,5.732817,5.502817,5.2628174,4.6828175,3.9628174,3.5628173,3.4428174,3.2528174,2.8428173,1.7228174,0.4428174,0.0028173828,-0.047182616,-2.2971826,-0.9371826,-0.7371826,-1.2971826,-2.0471826,-1.7571826,-1.6271826,-1.5371826,-1.3771826,-1.5871826,0.20281738,0.08281738,-0.47718263,-0.8071826,-0.9871826,1.1828173,0.3728174,3.8228173,1.5928174,0.7328174,-1.6171826,-0.5671826,0.43281737,4.002817,5.1428175,5.4128175,5.6628175,5.752817,5.172817,5.1328173,5.3928175,5.942817,6.482817,6.7928176,7.2428174,7.442817,7.1328173,6.8628173,6.422817,5.8428173,5.6428175
5.8228173,5.9728174,6.0528173,5.8728175,5.6228175,5.422817,4.942817,4.3928175,3.8428173,2.9828174,2.5628173,2.5228174,1.9928174,1.8728174,-0.48718262,0.53281736,0.9428174,0.052817382,0.10281739,0.59281737,-0.32718262,-2.2671826,-1.5671827,-1.6171826,-1.6171826,-2.6871827,-1.1771827,-0.8571826,-0.08718262,-0.4671826,0.40281737,0.72281736,0.9928174,2.5128174,2.6328173,1.1728173,-0.95718265,1.0028174,-0.6171826,-0.067182615,3.1328173,4.3628173,4.962817,5.0128174,5.3328176,4.2628174,4.482817,4.4528174,5.0528173,5.7028174,6.3128176,6.7828174,6.8528175,6.8928175,6.1028175,6.4728174,6.0128174,6.0128174
6.1328173,6.0628176,5.8328176,5.5728173,5.4328175,5.252817,4.7928176,4.2028174,3.3828173,2.8228173,2.0328174,1.1328174,0.9328174,1.3928174,2.3628173,-0.34718263,-1.2771826,-1.3571826,-0.8871826,-0.8171826,-0.4371826,-0.8271826,-1.3371826,-1.1971827,1.1528174,1.4428173,1.6028174,2.3128173,1.8328174,1.0528173,0.8228174,1.0528173,-0.057182617,-0.4371826,7.732817,-1.0171826,0.8228174,1.4928174,1.2028174,-0.65718263,2.7028174,3.5028174,4.8528175,3.5728173,4.9328175,4.3428173,3.5128174,2.7928174,3.4328175,4.5228176,5.752817,6.8828173,7.0628176,6.9528174,7.3128176,6.6528172,6.6228175,6.5828176
6.0628176,5.7028174,5.5328174,5.482817,5.0828176,4.752817,4.2628174,3.6328173,2.6928174,2.0228174,1.5228174,1.2728174,1.0628173,1.4728174,1.2028174,-0.8671826,-0.7971826,-0.9271826,-1.6471826,-0.8071826,0.9328174,0.7728174,-1.1371826,-0.83718264,-0.5371826,1.3628174,0.33281738,0.78281736,1.5828174,1.1828173,3.9628174,3.2928174,2.0928173,1.2928174,-0.017182617,0.6428174,-0.52718264,-1.4271827,-1.0471826,-0.9871826,0.7328174,2.9728174,4.0528173,3.7928174,4.5928173,3.6528175,1.4728174,1.8328174,2.0728173,4.4028172,5.6828175,7.1028175,7.462817,7.1028175,6.8828173,6.5828176,6.3428173,5.7828174
5.2928176,5.8428173,5.502817,4.9728174,5.1528172,5.0328174,4.3728175,3.5028174,2.6928174,2.0228174,1.6428174,1.7828174,1.8728174,1.4328173,-0.107182615,-0.3771826,-0.9271826,-0.17718261,0.39281738,0.032817382,0.032817382,2.7428174,3.9828174,0.9228174,1.0028174,1.1228174,2.9428174,3.2628174,3.6928174,3.9728174,3.8528173,3.9528174,2.0728173,0.6428174,0.08281738,0.6828174,-0.21718262,0.43281737,1.9628174,0.15281738,-0.20718262,2.8728173,3.7028174,3.8428173,3.7428174,3.3328173,0.53281736,-1.3771826,-1.6571826,3.7328174,6.3428173,6.8328176,7.4028172,6.7828174,6.0728173,5.7628174,5.6428175,5.172817
5.4528174,5.3528175,5.0828176,4.9928174,4.7428174,4.6128173,4.442817,3.9828174,3.2728174,3.0828173,3.1028173,3.5628173,3.5728173,0.3728174,-0.89718264,-0.057182617,0.5728174,-0.18718262,0.60281736,0.72281736,0.97281736,1.9928174,3.1728175,1.8828174,0.9528174,2.0628173,2.4728174,2.8628173,2.9828174,3.2228174,3.8128173,3.1628175,4.0828176,-0.3371826,0.6128174,0.90281737,1.2928174,1.9128174,2.0928173,1.4128174,0.8928174,4.2728176,3.8728173,3.8828173,3.2228174,2.2128174,0.7728174,-1.7771826,-3.2871826,-0.59718263,7.0828176,6.5228176,7.0928173,6.462817,5.1028175,4.7228174,4.4728174,4.212817
