raw-data/2018091706.json
{"header": { "discipline":0, "disciplineName":"Meteorological products", "gribEdition":2, "gribLength":74120, "center":7, "centerName":"US National Weather Service - NCEP(WMC)", "subcenter":0, "refTime":"2018-09-17T06:00:00.000Z", "significanceOfRT":1, "significanceOfRTName":"Start of forecast", "productStatus":0, "productStatusName":"Operational products", "productType":1, "productTypeName":"Forecast products", "productDefinitionTemplate":0, "productDefinitionTemplateName":"Analysis/forecast at horizontal level/layer at a point in time", "parameterCategory":2, "parameterCategoryName":"Momentum", "parameterNumber":3, "parameterNumberName":"V-component_of_wind", "parameterUnit":"m.s-1", "genProcessType":2, "genProcessTypeName":"Forecast", "forecastTime":0, "surface1Type":103, "surface1TypeName":"Specified height level above ground", "surface1Value":10.0, "surface2Type":255, "surface2TypeName":"Missing", "surface2Value":0.0, "gridDefinitionTemplate":0, "gridDefinitionTemplateName":"Latitude_Longitude", "numberPoints":65160, "shape":6, "shapeName":"Earth spherical with radius of 6,371,229.0 m", "gridUnits":"degrees", "resolution":48, "winds":"true", "scanMode":0, "nx":360, "ny":181, "basicAngle":0, "lo1":0.0, "la1":90.0, "lo2":359.0, "la2":-90.0, "dx":1.0, "dy":1.0 }, "data":
[rows 27 to 53 of 181, columns 118 to 176 of 360]
-1.6696582,-2.1496582,-2.7996583,-3.1096582,-5.669658,-4.349658,-4.189658,-5.9896584,-3.2996583,-2.8296583,-2.3496583,-2.1796582,-2.2196581,-1.3596582,-0.7396582,-1.5196582,-2.759658,-3.3096583,-3.7896583,-2.3596582,-1.0796582,-0.7796582,-0.7996582,-0.3496582,-1.2096581,-1.6896582,-1.3396583,-0.4696582,1.8703418,0.9903418,0.6603418,0.8503418,1.5303417,1.7403418,1.6203418,1.2703418,2.1403418,1.2303418,3.6603417,1.4103417,1.8603418,1.8303418,1.9603418,2.4703417,2.9703417,3.1503417,2.2803419,1.2903419,1.2603418,2.0803418,2.3803418,3.7803419,3.5603418,1.3303418,0.1503418,-0.5696582,-1.2896582,-1.4596581,-0.7296582
-1.3996582,-1.5096582,-1.5896583,-2.2196581,-2.749658,-3.2996583,-3.249658,-3.0596583,-2.999658,-2.8196583,-2.989658,-2.769658,-2.6096582,-1.9096582,-2.1696582,-2.9596581,-2.509658,-2.0596583,-1.4096582,-1.6296582,-1.9496582,-0.3296582,-0.3196582,-0.1396582,-2.6796582,-0.9096582,-0.019658202,1.2203418,0.6603418,2.5803418,1.6703418,1.4203418,-0.18965821,2.0503418,3.5203419,3.6203418,5.100342,1.9603418,3.510342,2.240342,2.0703418,2.6603417,2.4703417,0.7803418,2.0403419,2.8803418,1.8003418,0.7503418,2.010342,2.5203419,2.1203418,1.2103418,0.7803418,0.6203418,-1.1596582,-2.2296581,-2.8996582,-2.6896582,-0.5996582
-1.2596582,-1.4896582,-1.6596582,-1.2996582,-1.2796582,-1.7696582,-2.5396583,-2.4696581,-2.6296582,-2.8496583,-2.749658,-2.8296583,-2.8696582,-2.9496582,-3.0696583,-3.019658,-2.2196581,-1.6696582,-0.8896582,-1.0196582,-0.8996582,-2.239658,-1.7396582,-0.8196582,-0.2496582,-0.3596582,-0.25965822,0.30034178,0.3203418,0.8503418,0.5803418,0.7303418,0.5003418,2.0303419,2.6603417,3.6103418,2.250342,1.5603418,-0.8296582,0.7203418,4.210342,4.600342,3.2003417,1.8003418,0.5303418,-0.6596582,1.4903418,1.6003418,2.3003418,1.7803417,1.3103418,0.050341796,0.110341795,-1.0896583,-0.3396582,2.6603417,2.0703418,0.6503418,0.6403418
-1.2896582,-1.0896583,-1.0796582,-1.4096582,-1.6496582,-1.5996583,-1.5396582,-2.5596583,-3.4096582,-3.769658,-3.739658,-3.4396582,-3.4496582,-3.3396583,-3.5896583,-2.4496582,-0.7496582,-1.9696583,-3.5396583,-1.6596582,-1.2296582,-2.5896583,-3.1896582,-0.5096582,-1.6296582,-2.1496582,-0.5796582,-1.4296582,-1.4596581,-1.3996582,-0.2396582,-0.18965821,-0.6896582,0.110341795,-0.5696582,-0.9896582,-2.4296582,-4.9296584,0.2903418,3.5603418,4.4103417,3.8503418,1.4503418,-2.6896582,1.3803418,2.480342,2.7003417,2.9703417,3.5303419,3.4503417,2.6303418,0.8103418,-0.2296582,1.8003418,1.2603418,1.1903418,1.4903418,1.8303418,2.2103417
-1.0296582,-0.8796582,-1.3296582,-1.4196582,-1.2496582,-1.4796582,-2.3296583,-1.7396582,-1.2996582,-2.8696582,-3.3196583,-3.5496583,-3.1996582,-2.5596583,-2.6896582,-1.8996582,-2.8796582,-2.5696583,-2.0996583,-2.0296583,-3.239658,-3.6996582,-3.0996583,-3.249658,-6.249658,-1.7996582,0.9003418,0.27034178,1.2003418,4.0703416,4.310342,5.130342,6.230342,3.3003418,0.6803418,-2.8596582,-3.5296583,2.1703417,6.2003417,7.5903416,8.390342,7.980342,3.230342,2.9003417,1.5603418,2.4603417,3.3703418,5.210342,5.400342,5.460342,4.7603416,3.8403418,2.8203418,2.0303419,1.5303417,1.3003418,1.4903418,1.8603418,2.2703419
1.2003418,0.4603418,-1.5696582,-2.5496583,-2.9096582,-2.9696581,-1.9996582,-2.0296583,-4.939658,-3.6596582,-6.149658,-4.629658,-3.6296582,-4.559658,-4.139658,-2.7896583,-3.3796582,-2.989658,-3.5596583,-2.9796581,-2.999658,-2.009658,-0.3396582,-2.0596583,-1.5896583,-4.2596583,-0.8896582,4.8203416,5.130342,5.650342,5.960342,5.690342,4.580342,3.4703417,3.6103418,4.830342,6.040342,6.8903418,7.6803417,7.4703417,5.710342,4.3403416,3.1603417,0.5203418,-1.1496582,1.5003418,5.1603417,6.500342,7.040342,6.770342,6.2803416,5.5703416,4.7003417,3.8303418,3.1903417,2.9703417,3.010342,3.0903418,3.1503417
0.5003418,-0.7896582,-1.8696582,-0.4996582,-2.4596581,-4.289658,-2.8996582,-2.7796583,-2.9296582,-4.4096584,-4.9696584,-7.399658,-5.5896583,-4.4896584,-1.9896582,-4.0296583,-4.2996583,-2.6596582,-3.0696583,-3.499658,0.030341797,-2.1896582,-2.6396582,1.3603418,1.7203418,-2.6196582,3.240342,7.270342,5.7603416,4.020342,5.1803417,7.3903418,8.350342,7.7603416,6.9503417,6.7803416,7.150342,7.8403416,6.610342,3.8303418,4.0903416,-0.1496582,0.4303418,-1.6496582,-0.4696582,4.360342,8.200342,7.4903417,7.560342,6.7203417,6.3203416,6.0903416,5.5703416,4.770342,4.080342,3.8303418,3.6003418,3.4003417,3.2803419
-1.9196582,-3.009658,-1.4596581,-0.6096582,-3.0796583,-3.7096581,-4.3196583,-8.669659,-6.8196583,-5.9696584,-4.7196584,-5.5496583,-5.1996584,-6.579658,-4.2596583,-2.5396583,-3.0396583,-4.1096582,-4.899658,-1.9496582,-4.4296584,0.30034178,-0.2896582,-0.2296582,-0.3596582,-0.9996582,1.0103418,4.0103416,4.620342,4.170342,4.710342,6.520342,8.270342,8.450342,8.040341,8.190342,8.000341,7.7203417,6.000342,5.5103416,1.5903418,2.0303419,1.3103418,0.6703418,1.6503417,3.480342,7.6603417,7.790342,7.650342,6.4703417,6.770342,6.0703416,5.3003416,4.610342,4.270342,4.0703416,3.9103417,3.5703418,3.3103418
-0.7096582,-1.3296582,-0.5596582,-0.5596582,-1.7396582,-4.129658,-4.149658,-3.1396582,-4.829658,-4.829658,-4.149658,-4.579658,-3.499658,-3.489658,-4.8396583,-3.5496583,-1.7196583,-2.2896583,0.4103418,-0.7096582,-2.519658,2.8103418,1.5403419,-0.3396582,-0.7396582,0.2503418,1.3603418,3.2703419,3.8303418,3.8803418,4.380342,5.880342,7.1403418,7.600342,7.710342,8.350342,8.050342,7.730342,6.7603416,4.500342,0.6003418,-0.2296582,1.9603418,3.4703417,4.2603416,10.900342,8.510342,7.5703416,6.4703417,6.040342,5.900342,5.350342,5.0903416,4.7603416,4.620342,4.250342,3.8903418,3.6503417,3.0503418
-2.019658,-1.9396582,-2.4496582,-1.9496582,-2.4496582,-3.3096583,-3.6096582,-3.8196583,-4.479658,-4.3196583,-5.369658,-6.019658,-3.9496582,-5.769658,-2.2296581,-0.1296582,-0.3096582,-1.4696583,-2.5596583,-2.7896583,0.050341796,-2.1096582,-1.4096582,-1.8296582,-0.9296582,0.6503418,2.1103418,2.3403418,3.1703417,3.2803419,4.1803417,4.0503416,6.060342,6.560342,6.6603417,6.880342,6.350342,6.190342,5.7603416,2.6203418,3.6203418,2.6003418,2.2803419,5.000342,6.8403416,7.6603417,7.6403418,7.3003416,6.7403417,6.060342,5.790342,5.5303416,5.310342,5.100342,4.9703417,4.8203416,4.6803417,4.3403416,4.4703417
-0.7196582,-0.099658206,-1.4496582,-1.6196582,-2.3596582,-2.7896583,-3.3296583,-3.509658,-3.7296581,-4.099658,-3.7096581,-3.6496582,-4.8396583,-1.6696582,1.3003418,1.6303418,1.6903418,-0.029658204,-1.4596581,-1.2896582,-2.0696583,-1.9496582,1.6103418,0.2603418,1.9903418,0.6103418,4.060342,1.7603418,0.7303418,0.63034177,0.9603418,4.650342,6.110342,5.7403417,6.380342,5.7203417,5.670342,6.1403418,3.730342,0.060341798,-0.059658203,5.120342,5.5903416,7.380342,8.000341,7.5703416,7.400342,7.100342,6.8203416,6.460342,6.000342,5.7603416,5.2403417,4.8203416,5.0103416,3.9203417,4.5903416,4.440342,4.8203416
-1.2796582,-1.5696582,-2.2296581,-2.5796583,-2.2996583,-3.2896583,-3.8696582,-4.129658,-4.1096582,-4.7196584,-4.669658,-4.419658,-2.4496582,1.8403418,0.4003418,-0.6696582,-0.2696582,-0.9896582,-0.7696582,0.4803418,1.1403418,0.060341798,2.010342,0.9303418,3.4303417,0.8403418,3.4403417,-0.7196582,-2.9496582,-1.3196582,3.4503417,5.5303416,6.2603416,6.3203416,6.1403418,6.0703416,6.630342,7.230342,8.650342,2.4603417,3.510342,7.440342,7.670342,7.730342,7.6603417,7.360342,7.150342,7.380342,7.060342,6.360342,5.960342,5.420342,4.7603416,4.270342,3.8803418,3.7803419,3.7203417,4.100342,4.120342
-2.5696583,-1.9796582,-2.1896582,-2.3796582,-2.999658,-3.489658,-3.3296583,-4.999658,-4.9296584,-3.6296582,-4.5696583,-3.8996582,-0.8996582,-0.7496582,-1.7996582,0.17034179,0.110341795,-0.9796582,-2.0896583,0.6503418,2.5203419,1.0103418,0.2103418,3.6003418,4.1803417,0.2103418,-1.3396583,-2.9296582,-0.6596582,3.6803417,5.230342,5.690342,6.3003416,6.5103416,6.1803417,6.120342,7.0303416,7.1803417,6.940342,5.230342,7.2803416,7.520342,7.9503417,8.120342,7.730342,7.350342,7.020342,6.850342,6.630342,5.8403416,5.2603416,4.540342,3.9703417,3.6903417,3.8203418,3.3403418,3.1903417,2.750342,2.8903418
-2.8296583,-2.2796583,-2.3196583,-2.5896583,-2.3996582,-3.009658,-3.0696583,-3.1996582,-3.009658,-2.9096582,-4.0496583,-3.6596582,-2.7296581,-1.7996582,-1.5996583,-1.2596582,-1.5896583,-0.5896582,2.3403418,2.9303417,2.4003417,0.4303418,0.1203418,1.3603418,2.6303418,-0.4996582,-0.1496582,2.750342,3.490342,4.250342,5.4103417,5.850342,6.5303416,6.0303416,6.0303416,6.920342,7.250342,5.850342,6.9703417,7.620342,7.790342,8.090342,8.050342,7.5903416,7.650342,7.480342,6.8003416,6.1603417,5.710342,5.1803417,4.440342,3.8103418,3.6803417,3.7003417,3.3503418,2.7903419,2.240342,2.0303419,2.7003417
-0.2996582,-2.1296582,-2.7996583,-3.1896582,-2.8896582,-2.5496583,-2.2096581,-3.2096581,-3.7296581,-2.9496582,-2.4296582,-3.019658,-4.2396584,-2.6996582,-2.3996582,-2.1296582,-2.3396583,-0.7496582,0.6603418,0.8103418,-0.1696582,-0.3596582,-1.6996582,0.8703418,2.260342,0.2203418,0.6503418,2.9403417,3.240342,3.6503417,4.170342,4.8903418,5.440342,5.610342,5.5903416,6.520342,7.7403417,8.640342,7.9303417,8.220342,7.7603416,8.130342,8.400342,8.100342,7.5903416,6.940342,6.500342,6.2003417,5.460342,4.7603416,4.210342,3.6703417,3.6503417,3.1303418,3.3003418,3.0503418,2.3003418,2.4303417,2.7703419
2.7703419,1.4503418,-1.4196582,-3.269658,-3.2996583,-3.9496582,-2.6596582,-2.3996582,-3.2996583,-3.0396583,-1.8996582,-1.5196582,-2.5596583,-2.3496583,-2.259658,-1.9596581,-1.8096582,-0.47965822,0.23034179,-0.2796582,-0.44965822,-0.6896582,3.3103418,5.2403417,2.7903419,-0.1696582,-0.1696582,1.7803417,1.9803418,1.3203418,1.7903419,2.8503418,3.6603417,4.870342,5.120342,7.8003416,8.850342,8.360342,8.730342,8.630342,9.310342,8.560342,8.450342,8.040341,7.420342,6.870342,6.4503417,6.060342,5.3903418,4.520342,3.1903417,3.4303417,4.1603417,4.000342,3.9503417,3.7103417,2.980342,2.4103417,2.3203418
2.5903418,3.1603417,-0.8496582,-2.3596582,-3.3596582,-2.739658,-2.0796583,-2.1896582,-2.3996582,-2.5896583,-1.9696583,-1.3096582,-1.0596582,-0.6996582,-1.1696582,-1.1496582,-1.7396582,-1.4896582,-1.5496582,-1.5396582,-1.3296582,0.1403418,3.1703417,1.1603417,-0.7396582,0.0903418,-0.2696582,1.7903419,1.3203418,0.7303418,0.8303418,0.7503418,2.3103418,4.310342,5.290342,8.410342,8.310342,8.310342,8.640342,8.660342,8.140342,8.890342,8.520342,8.080341,7.6803417,7.150342,6.270342,5.650342,4.9303417,4.270342,3.4203417,3.4003417,3.8503418,4.5103416,4.9103417,4.2803416,3.0503418,2.3903418,2.1103418
3.7103417,3.4703417,0.9803418,-1.6096582,-1.7996582,-1.5796582,-1.7396582,-1.8796582,-1.8996582,-1.9196582,-1.2396582,0.2103418,-0.61965823,-0.8596582,-0.7596582,-2.0696583,-1.2296582,-0.9796582,-1.8996582,-2.2096581,-0.5196582,5.270342,2.8603418,0.3503418,-0.5696582,1.9403418,1.1603417,0.8403418,0.2103418,-0.8396582,-0.8196582,-1.0996583,1.5703418,4.920342,6.2603416,7.420342,7.420342,8.350342,8.110342,7.560342,8.720342,9.080341,8.610342,8.210341,7.440342,6.7203417,6.150342,5.610342,5.1603417,4.650342,4.600342,4.8203416,5.150342,5.3003416,4.440342,3.1903417,2.0703418,1.6803418,1.1403418
2.0303419,1.4203418,1.4103417,-1.3496583,-2.1196582,-2.4496582,-2.1796582,-1.8696582,-2.1896582,-2.1296582,-0.8896582,-2.1796582,-1.3296582,-2.0696583,-2.6596582,-1.2196583,-1.0596582,-1.6596582,-3.0296583,0.6403418,5.210342,2.2003417,-0.8496582,1.1703418,1.7903419,-2.2996583,-3.5596583,-2.8096583,-2.2996583,-1.9196582,-0.4296582,4.560342,2.3603418,3.7103417,4.4503417,5.7003417,6.2803416,6.2203417,7.0103416,8.040341,7.6803417,6.8903418,8.040341,8.120342,7.770342,7.0703416,6.4703417,6.000342,5.8403416,5.870342,5.8003416,5.600342,5.210342,4.440342,3.1903417,1.8503418,1.3803418,0.8103418,0.1303418
0.4803418,1.6703418,2.3603418,-0.3996582,-2.0796583,-2.8296583,-2.3296583,-2.0696583,-1.5796582,-1.5596582,-2.4796581,-1.7096581,-2.8796582,-2.4096582,-1.6596582,-1.9696583,-3.0696583,-2.8996582,-0.3296582,3.9303417,0.7303418,-0.8396582,-0.7796582,1.6003418,-0.0796582,0.6703418,-1.4196582,-2.3496583,-3.9096582,-0.4896582,1.9503418,1.9903418,1.0903418,0.2403418,1.0303417,3.4203417,2.9103417,3.510342,5.5703416,7.5303416,7.4703417,8.530342,9.200342,9.270342,8.690342,7.7603416,6.600342,5.600342,5.830342,6.0103416,5.770342,5.2803416,4.440342,3.4403417,2.4103417,1.6003418,1.1003418,0.2203418,-1.0596582
0.7703418,0.4103418,1.4203418,-0.3296582,-1.9996582,-2.769658,-1.9296582,-1.5496582,-2.3096583,-1.1996582,-1.3696582,-2.999658,-2.4796581,-1.4096582,0.9803418,-2.0296583,-0.9796582,3.8403418,2.2903419,0.4003418,-1.6096582,-1.5196582,0.1303418,-0.4196582,-3.9796581,-2.5596583,0.1803418,1.6003418,0.8303418,1.8103418,3.3203418,1.5903418,-1.7996582,-3.1396582,0.7403418,-1.7196583,-1.6596582,-0.1996582,3.7103417,6.0703416,8.690342,9.770342,9.630342,10.060342,8.840342,7.560342,6.4103417,5.900342,6.0703416,5.790342,5.0703416,4.5903416,3.8803418,2.740342,1.9403418,1.3303418,0.23034179,-0.8496582,-2.0296583
3.1203418,1.6603417,0.3203418,-0.1496582,-0.1196582,-0.6096582,-1.7596582,-2.4196582,-2.4296582,-2.3796582,-2.4596581,-2.6396582,0.9303418,4.250342,0.27034178,-2.2096581,-1.5796582,-1.3696582,-1.0996583,-1.1896582,-1.7896582,-0.9496582,-0.2696582,-2.759658,-1.0696582,-1.2296582,3.0703418,2.3903418,3.0203419,3.760342,1.9103417,-1.4096582,-3.2296581,-0.6596582,-4.0296583,-6.939658,-3.7096581,9.320342,10.090342,11.350342,9.100342,8.930342,6.440342,6.0703416,6.120342,7.3003416,7.000342,6.5903416,6.710342,7.370342,6.7603416,5.810342,4.540342,2.6503417,1.6103418,0.5203418,-0.4896582,-1.4796582,-2.4496582
1.4603418,2.250342,1.8703418,2.8803418,1.3103418,-1.0396582,-2.4296582,-1.2396582,-1.1196582,-1.6796582,-3.3996582,-1.5596582,5.880342,3.500342,0.17034179,-3.6696582,-4.2796583,-2.239658,-1.5296582,-1.3196582,-1.5496582,-2.1796582,-1.0396582,-0.6596582,-2.7296581,-2.2296581,-0.7796582,-0.2896582,0.3203418,0.8903418,-1.3996582,-3.769658,-4.379658,-4.0496583,-7.059658,-6.269658,1.1103418,7.080342,9.440342,12.470342,12.880342,13.180342,12.320342,10.140342,8.860342,8.710341,8.540341,7.420342,7.520342,7.4503417,6.5503416,5.3403416,4.150342,2.7003417,1.1603417,-0.1796582,-1.1896582,-2.2096581,-3.1096582
0.3703418,2.0403419,3.7903419,0.1203418,-1.7396582,-0.0496582,0.5903418,-1.9596581,0.010341797,-0.7596582,2.3103418,3.8303418,3.0403419,3.2103417,0.6603418,-2.749658,-4.309658,-3.259658,-1.8596582,-1.5896583,-2.0296583,-2.3896582,-1.9496582,-0.6096582,-0.3296582,0.7403418,-3.0596583,-3.3496583,-1.5496582,-2.7896583,-4.209658,-5.709658,-5.379658,-4.979658,-6.869658,-6.0896583,-1.7296582,4.2603416,8.380342,11.210341,12.290341,12.900342,13.370342,12.6703415,10.560342,9.660342,8.810342,8.730342,8.320342,7.2203417,6.0303416,4.750342,3.6903417,2.1803417,0.6803418,-0.3996582,-1.1196582,-2.2096581,-3.489658
2.6403418,2.1903417,0.4003418,0.7203418,2.5303419,-0.3496582,-2.5996583,-2.3796582,-2.8396583,-0.029658204,-1.3196582,-3.009658,-1.7096581,-0.5296582,-1.1896582,-2.8896582,-3.7296581,-3.5496583,-2.8096583,-2.2896583,-3.009658,-3.9096582,-0.4596582,-2.3396583,0.8303418,2.0303419,-3.0596583,-3.5796583,-3.3896582,-4.289658,-4.769658,-5.6796584,-5.4296584,-5.3396583,-7.459658,-7.689658,-4.4896584,2.4003417,8.040341,11.780342,12.020342,12.830341,13.790341,13.330341,12.410342,10.890342,8.950342,7.900342,7.040342,6.400342,5.4903417,4.360342,3.3603418,1.9303418,0.5703418,-0.4296582,-1.3796582,-2.999658,-3.9796581
-0.5596582,-0.6096582,0.050341796,-0.5296582,-1.0796582,-3.3996582,-4.1096582,-3.3596582,-2.1296582,-1.9596581,0.17034179,-3.5396583,-5.099658,-4.2196584,-3.509658,-3.8096583,-3.739658,-2.509658,0.2503418,3.4179687E-4,-1.3196582,-1.4196582,-1.2496582,-3.2996583,-0.8096582,-3.769658,-5.059658,-4.689658,-3.9296582,-3.8296583,-3.6596582,-4.2996583,-3.989658,-4.769658,-6.399658,-6.4496584,-4.3196583,1.8803418,6.730342,9.610342,10.580341,10.630342,12.350342,12.550342,11.010342,10.870342,9.1703415,8.370342,6.7403417,5.540342,4.880342,4.040342,3.000342,1.4003417,-0.1296582,-1.0896583,-1.9496582,-3.1896582,-4.3396583
0.2603418,-0.6296582,-1.1296582,0.3603418,-0.8496582,-3.5596583,-3.509658,-3.5296583,-2.7096581,-0.3796582,-0.6796582,0.070341796,-4.619658,-4.669658,-4.3396583,-3.6196582,-3.8796582,-2.0796583,-0.4396582,-0.6096582,-1.8096582,-2.5796583,-3.8196583,-2.0796583,-7.5896583,-6.9496584,-7.349658,-5.139658,1.1203418,-0.1996582,-2.0496583,-3.1296582,-3.6596582,-4.3396583,-5.2996583,-5.4696584,-3.4596581,1.2303418,5.500342,8.270342,8.720342,8.940342,10.640342,12.260342,9.970342,9.100342,9.130342,7.7603416,7.080342,5.7203417,4.270342,3.3503418,2.230342,0.8403418,-0.3196582,-1.3896582,-1.9796582,-3.1596582,-4.479658
