raw-data/2018091712.json
{"header": { "discipline":0, "disciplineName":"Meteorological products", "gribEdition":2, "gribLength":74331, "center":7, "centerName":"US National Weather Service - NCEP(WMC)", "subcenter":0, "refTime":"2018-09-17T12:00:00.000Z", "significanceOfRT":1, "significanceOfRTName":"Start of forecast", "productStatus":0, "productStatusName":"Operational products", "productType":1, "productTypeName":"Forecast products", "productDefinitionTemplate":0, "productDefinitionTemplateName":"Analysis/forecast at horizontal level/layer at a point in time", "parameterCategory":2, "parameterCategoryName":"Momentum", "parameterNumber":3, "parameterNumberName":"V-component_of_wind", "parameterUnit":"m.s-1", "genProcessType":2, "genProcessTypeName":"Forecast", "forecastTime":0, "surface1Type":103, "surface1TypeName":"Specified height level above ground", "surface1Value":10.0, "surface2Type":255, "surface2TypeName":"Missing", "surface2Value":0.0, "gridDefinitionTemplate":0, "gridDefinitionTemplateName":"Latitude_Longitude", "numberPoints":65160, "shape":6, "shapeName":"Earth spherical with radius of 6,371,229.0 m", "gridUnits":"degrees", "resolution":48, "winds":"true", "scanMode":0, "nx":360, "ny":181, "basicAngle":0, "lo1":0.0, "la1":90.0, "lo2":359.0, "la2":-90.0, "dx":1.0, "dy":1.0 }, "data":
[rows 52 to 77 of 181, columns 177 to 235 of 360]
-3.9907837,-5.5107837,-6.3807836,-6.520784,-6.500784,-6.3407836,-6.1307836,-6.4307837,-6.9507837,-6.4707837,-4.9407835,0.6392163,4.2992163,5.4492164,5.2792163,4.9292164,3.7092164,6.939216,4.879216,4.5492163,3.3792162,2.6092162,2.2092164,1.5592163,0.36921632,0.7092163,1.1492163,-0.2207837,-1.3107837,-1.2407837,-2.0707836,-1.4607837,-0.9007837,-0.89078367,-1.7207837,-1.7607837,-2.0607836,-2.5707836,-4.330784,-4.9007835,-1.1907837,-2.1707838,-1.5607837,-0.70078367,-1.0907837,-1.5007837,-1.7907836,-2.6107836,-4.0307837,-5.3807836,-5.620784,-5.540784,-4.9407835,-4.390784,-4.5307837,-4.9207835,-5.160784,-5.0107837,-4.9007835
-5.250784,-6.2407837,-6.6307836,-6.9707837,-5.160784,-4.660784,-5.0707836,-5.2407837,-5.750784,-1.7807837,5.689216,4.9892163,4.999216,3.8492162,3.6892164,5.7392163,7.2192163,5.6792164,3.7992163,2.5192163,1.7892163,0.8192163,0.2592163,-0.4507837,0.7792163,0.18921632,-1.1407837,-1.8507837,-2.7707837,-2.9507837,-2.5907836,-1.9807837,-0.3007837,-0.47078368,-1.5207837,-1.5307837,-1.7007837,-2.2407837,-3.4707837,-3.7607837,-4.2807837,-2.7407837,-3.4107838,-1.7007837,-0.13078369,-1.6907837,-2.2007837,-3.2007837,-4.2807837,-5.890784,-7.060784,-5.580784,-0.6807837,0.009216309,-2.3907838,-3.5207837,-3.6107836,-3.6207838,-4.0507836
-5.8607836,-7.060784,-7.1807837,-4.0707836,-2.3607836,-2.4707837,-2.0907836,-1.6007837,3.6892164,4.669216,5.479216,5.0292163,4.2592163,3.8292162,5.5592165,6.1392164,5.5292163,4.249216,2.3292162,0.17921631,-0.8407837,0.03921631,0.2192163,-1.8307837,0.6392163,-0.4207837,-1.8307837,-3.1407838,-3.9107838,-4.140784,-2.4607837,-1.9507837,-0.9207837,-0.6907837,-0.5407837,-0.8007837,-1.7307837,-2.3207836,-3.6207838,-4.0707836,-4.5107837,-3.7707837,-2.0407836,-0.6807837,1.0292163,0.14921631,-2.5907836,-3.4607837,-4.290784,-5.2807837,-5.270784,-1.7707837,1.3492163,1.5992163,-1.3207837,-2.9107838,-2.6307838,-3.8707838,-4.7007837
-5.790784,-6.0107837,-2.9507837,1.9892163,0.7192163,-0.3707837,2.6892164,4.2592163,5.2392163,5.8892164,4.729216,4.2392163,3.9992163,3.9592164,3.4692163,4.4692163,3.8892164,1.6492163,-0.25078368,-0.18078369,1.8692163,1.9792163,0.3492163,-2.1907837,-2.0407836,-1.0007837,-2.4107838,-3.2107837,-3.1407838,-2.0907836,-1.0407836,-0.8007837,-0.5307837,-1.6207837,0.6292163,0.8092163,0.1992163,-2.0507836,-1.5907837,0.1692163,-0.2207837,-1.8607837,-2.3307836,-1.9307837,-1.5207837,0.6592163,-1.4107836,-3.2307837,-4.4407835,-4.6307836,-4.520784,-0.13078369,1.1292163,-0.89078367,-2.6307838,-2.5707836,-2.7807837,-4.1107836,-5.1907835
-4.9207835,-3.4007838,2.0292163,0.6892163,0.6992163,2.3092163,4.8192163,4.7692165,5.2192163,4.5392165,3.5992162,3.0192163,3.0692163,3.0392163,3.2992163,2.5792162,2.8692162,1.4092163,0.23921631,3.1692164,2.4292164,1.4692163,0.029216308,-2.2507837,-3.8607836,-1.5907837,-2.3907838,-2.6707838,-2.8707838,-2.7807837,-2.0007837,-0.4307837,-0.4607837,-2.6507838,-0.58078367,1.5492163,0.8392163,-0.10078369,-0.3907837,-1.2507837,-2.5007837,-2.1807837,-2.8807838,-2.0807836,-2.9007838,1.9192163,0.1992163,-1.3107837,-1.5407836,-0.9807837,-0.6107837,-0.52078366,-0.8107837,-1.6707836,-1.5407836,-2.1907837,-2.9807837,-4.3207836,-5.4307837
-2.2107837,0.09921631,-0.4807837,-0.1607837,1.4492164,3.6692164,3.6592164,4.0492163,3.9892163,3.4692163,2.8892164,2.8192163,2.5792162,2.2092164,1.8292164,1.7092164,2.3392162,1.6792163,0.8492163,2.5992162,2.4192164,1.8992163,0.8792163,-1.0307837,-2.2107837,-2.4007838,-2.4907837,-1.6807837,-0.8407837,0.9592163,0.43921632,0.11921631,-0.6707837,-1.1107837,0.5092163,-0.5407837,0.11921631,-1.2907836,-2.0807836,-1.7207837,-1.3307837,-0.02078369,-0.5107837,-0.11078369,-0.11078369,-0.18078369,-0.44078368,-1.0107837,-1.3007836,-1.0307837,-1.6407837,-2.3607836,-1.2707837,-1.6107837,-2.0807836,-2.8207836,-3.6607838,-4.660784,-5.8407836
-0.7607837,-1.6207837,-2.6307838,-0.23078369,2.2192163,3.5892162,3.2192163,2.9292164,2.3492162,1.9092163,1.4992163,1.5292163,1.4392163,1.1892163,1.1692163,2.3892164,1.6592163,2.1592164,1.8692163,1.3492163,1.7792163,1.5292163,1.0292163,0.5392163,-0.13078369,-0.8207837,-1.1507837,-0.9407837,-1.3107837,-1.1507837,-0.8507837,-0.7507837,-1.1207837,-1.5007837,-2.9207838,-1.2107837,-1.0907837,-1.3907837,-1.4207836,-0.3207837,1.3892163,0.17921631,-0.1707837,-0.06078369,-0.1407837,-0.44078368,-1.1307837,-1.5807837,0.1692163,-1.3207837,-2.0207837,-0.31078368,-0.7107837,-1.9807837,-3.5007837,-3.9507837,-4.0507836,-5.1307836,-6.100784
-1.4207836,-2.8107836,-1.9607837,0.03921631,2.3392162,2.4892163,1.8692163,1.2692163,1.2592163,1.2792163,1.2092164,1.5692163,0.8992163,0.7392163,2.1892164,2.1192162,1.3092163,1.2692163,1.7492163,2.2192163,2.1392164,1.0892164,-0.11078369,-0.7907837,-1.0607837,-1.5207837,-1.9607837,-2.1707838,-2.4607837,-2.3907838,-2.2607837,-2.4907837,-2.5507836,-3.1107836,-2.2207837,-0.8407837,-1.0007837,-0.3307837,0.6392163,0.2492163,0.019216308,-0.3907837,0.3792163,0.7592163,0.2292163,-0.3207837,-0.3307837,-0.28078368,-0.9007837,-1.1307837,-0.5907837,-0.6007837,-1.0407836,-2.0907836,-3.0907836,-3.8807838,-4.660784,-5.5507836,-6.310784
-3.3507836,-2.7607837,-2.0107837,0.07921631,1.6692163,1.4792163,0.6892163,0.03921631,-0.3607837,-0.11078369,0.6792163,0.79921633,0.8092163,0.9092163,1.8892163,1.5292163,0.9592163,0.9092163,1.1792163,1.3292164,1.5992163,0.5692163,0.8392163,0.79921633,-0.3907837,-1.9307837,-2.1107836,-1.9207836,-2.5907836,-2.6007836,-3.3307836,-2.2207837,-0.7507837,-1.4907837,-1.9007837,-1.0207837,-0.20078368,-0.3607837,-0.1907837,0.019216308,-0.18078369,0.3292163,0.6292163,0.18921632,-0.44078368,-0.4607837,-0.7307837,-0.77078366,-1.0407836,-1.4707837,-1.4907837,-1.6007837,-1.8907837,-2.7907836,-3.6507838,-4.4607835,-5.1307836,-5.9207835,-6.6307836
-2.8607836,-3.2607837,-2.9107838,-1.0207837,0.2492163,0.2192163,0.4192163,0.7192163,0.9092163,0.7492163,0.9492163,0.9492163,0.8692163,0.6892163,1.2892163,2.9392164,1.4592164,0.7792163,0.15921631,0.08921631,0.6292163,0.6892163,0.3992163,-0.24078369,-0.4207837,-0.8607837,-1.7507837,-2.8307836,-2.1007836,-1.7407837,-1.9707837,-2.3307836,-1.1607836,-0.4807837,-0.7207837,-1.5607837,-1.4007837,-1.3407837,-0.3907837,0.049216308,0.1992163,0.3892163,0.2192163,0.3792163,0.4792163,-0.040783692,-0.7307837,-1.2507837,-1.7407837,-1.8607837,-2.1507838,-2.1807837,-2.7307837,-3.4507837,-4.3207836,-4.850784,-5.520784,-6.2807837,-6.8607836
-3.3107836,-4.2307835,-3.6207838,-1.8307837,-1.1507837,-0.4807837,-0.2207837,0.3892163,1.0092163,1.2692163,0.8892163,0.8392163,0.7692163,0.8892163,1.3792163,3.8692162,2.3792162,0.5092163,-0.7307837,0.2992163,0.15921631,0.15921631,0.36921632,-0.5107837,-0.07078369,-0.1907837,-0.5707837,-1.1207837,-1.3407837,-1.3007836,-0.9607837,-1.0107837,-1.9007837,-1.6907837,-1.0407836,-1.2107837,-2.2307837,-0.5907837,-0.3607837,-0.3407837,-0.21078369,-0.5907837,-0.2207837,0.17921631,0.36921632,0.1392163,-0.4807837,-1.1307837,-1.6407837,-2.2507837,-2.5407836,-2.6507838,-3.2007837,-4.0507836,-4.7407837,-5.3807836,-6.1907835,-6.5907836,-7.1907835
-3.9707837,-4.6307836,-3.8707838,-3.1407838,-2.1707838,-1.6307837,-0.7607837,0.2292163,0.9592163,1.2392163,0.91921633,1.3492163,1.3592163,1.4092163,1.6592163,3.1192162,1.9192163,0.3492163,-0.38078368,0.6592163,1.6292163,0.2592163,-0.5707837,0.11921631,-0.2207837,-0.9807837,-1.3507837,-1.2207837,-0.83078367,-0.9607837,-1.4107836,-1.5407836,-1.2907836,-1.7207837,-2.3307836,-2.0707836,-1.3407837,-1.2307837,-1.2907836,-1.7507837,-1.9907837,-1.9507837,-0.6307837,0.4192163,0.7092163,0.019216308,-0.58078367,-1.2607837,-1.8707837,-2.3907838,-2.6607838,-3.0707836,-3.6507838,-4.330784,-5.0507836,-5.910784,-6.5507836,-6.9607835,-7.2407837
-4.500784,-4.310784,-4.560784,-4.330784,-3.7307837,-2.7907836,-0.7107837,1.2692163,2.0592163,1.8392164,2.6692164,3.0992162,3.1192162,2.8792162,2.7192163,2.0892162,1.2092164,0.3592163,0.17921631,-0.15078369,-0.41078368,-0.8207837,-0.9307837,-1.5307837,-2.2507837,-1.6407837,-1.4307837,-1.8007836,-2.1607838,-1.9107836,-1.8607837,-2.5007837,-3.2007837,-3.4307837,-2.1007836,-1.5307837,-1.8107837,-2.2407837,-2.9707837,-3.3407836,-1.2307837,1.1792163,0.85921633,0.79921633,0.5892163,-0.040783692,-0.8007837,-1.2907836,-1.8807837,-2.4607837,-3.0207837,-3.4207838,-3.9407837,-4.6107836,-5.4007835,-6.160784,-6.7607837,-7.1107836,-7.310784
-4.060784,-4.6707835,-5.060784,-5.0507836,-4.850784,-4.5907836,-0.31078368,2.6992164,3.3792162,3.8492162,4.5192165,4.7592163,3.4792163,3.3692162,2.5092163,1.9192163,0.9692163,0.1992163,0.049216308,-0.28078368,-0.10078369,0.11921631,-0.5507837,-0.38078368,-0.1607837,-0.8207837,-0.8607837,-0.70078367,-0.8707837,-1.5507836,-2.3207836,-1.8507837,-2.2307837,-1.4307837,-0.6107837,-1.8907837,-2.8607836,-3.8307836,-5.0507836,-3.0307837,-0.8107837,0.08921631,0.6992163,0.5692163,-0.080783695,-0.70078367,-0.7807837,-1.1507837,-1.6607836,-2.4607837,-3.1107836,-3.6107836,-4.1507835,-4.8607836,-5.7407837,-6.4307837,-6.9707837,-7.250784,-7.5307837
-3.9207838,-4.540784,-5.3007836,-5.750784,-5.390784,-4.9507837,-1.2107837,3.4292164,6.499216,6.189216,5.2992163,4.3692164,3.7092164,2.6192162,2.2492163,1.7492163,1.4092163,1.5492163,0.2692163,-0.5107837,-0.7407837,-0.9907837,-1.0507836,-1.1407837,-1.9707837,-2.1907837,-1.8907837,-1.8207837,-2.7707837,-3.1007836,-1.6607836,-1.8707837,-1.9407837,-1.3707837,-2.3207836,-3.3707838,-3.7807837,-5.4007835,-5.4907837,-1.6907837,1.9992163,2.7492163,2.0392163,0.54921633,-0.4007837,-0.5007837,-0.8607837,-1.2707837,-1.8307837,-2.3507836,-3.1207838,-3.8607836,-4.500784,-5.330784,-6.100784,-6.660784,-7.080784,-7.3607836,-7.7007837
-3.4807837,-4.0907836,-4.4607835,-4.7807837,-4.6107836,-4.7207837,-0.8707837,5.1592164,6.669216,5.359216,4.8292165,3.7492163,3.1992164,3.1392164,2.1392164,1.3992163,0.8292163,0.60921633,-0.2207837,-1.1607836,-1.1207837,-1.0707837,-1.6607836,-2.2007837,-0.7207837,-1.0507836,-0.7907837,-1.4607837,-1.9107836,-0.7207837,-1.5707837,-1.8507837,-1.9207836,-2.8107836,-3.9807837,-3.1807837,-4.6707835,-6.140784,-5.5307837,-1.4007837,1.9892163,3.0092163,2.6392164,2.0392163,0.5892163,-0.18078369,-0.89078367,-1.1007837,-2.0007837,-2.9207838,-3.6207838,-4.4907837,-5.2607837,-5.870784,-6.4407835,-6.850784,-7.160784,-7.410784,-7.6907835
-3.0107837,-2.7907836,-2.6107836,-2.7307837,-3.4407837,-2.5907836,-0.21078369,3.7892163,6.129216,4.7592163,4.879216,4.629216,2.7892163,2.0692163,1.5192163,0.5892163,0.4092163,0.06921631,0.1392163,-0.1707837,-1.6307837,-2.6707838,-2.3007836,-0.77078366,-4.040784,-2.5507836,-1.3907837,-0.3307837,-1.2907836,-1.0207837,-2.2407837,-2.5907836,-3.0107837,-4.080784,-2.8907838,-4.2407837,-4.7807837,-6.6507835,-5.640784,-3.2007837,1.6292163,2.6092162,2.8292162,1.7992163,1.1192163,0.09921631,-0.6807837,-2.0307837,-3.0007837,-3.4207838,-4.270784,-4.9507837,-5.560784,-6.000784,-6.390784,-6.660784,-7.0107837,-7.1907835,-7.4207835
-1.8707837,-2.3107836,-2.5407836,-2.2807837,-2.5007837,-1.4907837,0.5992163,1.7792163,4.6192164,4.6792164,4.1792164,4.4692163,3.6392164,1.8392164,1.2592163,0.85921633,-0.28078368,-0.6807837,-0.77078366,-0.4207837,0.10921631,-0.07078369,-1.9107836,-2.7007837,-3.0607836,-2.4907837,-2.2907836,-0.21078369,-1.1707836,-2.5907836,-4.1707835,-3.5607836,-3.5907836,-3.2507837,-4.1507835,-4.600784,-5.1507835,-6.5707836,-5.4707837,-3.2107837,0.46921632,3.0892162,2.2492163,0.7092163,-0.2907837,-0.4607837,-0.7507837,-1.8107837,-2.8407836,-3.6207838,-4.1107836,-4.8607836,-5.2007837,-5.6907835,-6.2007837,-6.4607835,-6.6107836,-6.6807837,-7.0507836
-1.4907837,-1.6307837,-1.4807837,-1.3507837,-0.77078366,0.4292163,1.1692163,3.6992164,4.8692164,3.0892162,2.7792163,4.0392165,3.5392163,2.3892164,1.6392163,0.18921632,0.3892163,-0.4507837,-0.8507837,-1.3107837,-1.6107837,-2.0507836,-2.6207838,-3.7007837,-2.0207837,-3.2907836,-4.310784,-5.0307837,0.20921631,-3.1207838,-1.8207837,-2.7807837,-2.9607837,-3.9707837,-4.080784,-4.1707835,-4.4807835,-6.250784,-4.620784,-2.9407837,-1.3907837,1.2192163,1.9692163,0.72921634,-0.5307837,-1.5107837,-1.2507837,-1.5107837,-2.5807836,-3.3807838,-3.9607837,-4.4807835,-4.870784,-5.310784,-5.6707835,-5.910784,-6.080784,-6.3807836,-6.8007836
-0.6307837,-0.3707837,-0.8507837,-0.4007837,0.5992163,1.4292163,2.6792164,2.9692163,2.1592164,1.8392164,1.4592164,3.7592163,3.0792162,1.8292164,0.9992163,0.4192163,-0.11078369,-0.6307837,-1.1607836,-0.9607837,-1.0307837,-1.7707837,-1.9907837,-1.4707837,-2.0207837,-1.0607837,1.0992163,1.0292163,-6.8207836,-4.6707835,-5.2407837,-4.2107835,-3.2107837,-3.8807838,-3.9607837,-4.270784,-4.6107836,-5.040784,-4.4007835,-3.8907838,-1.1007837,-0.6507837,0.4092163,1.1392163,0.6592163,-0.2607837,-1.9207836,-1.4907837,-2.1307838,-3.0607836,-3.7107837,-4.160784,-4.7207837,-4.9807835,-5.1507835,-5.410784,-5.5307837,-6.0507836,-6.520784
0.66921633,0.36921632,1.0092163,1.4992163,1.6692163,1.5392163,1.1092163,1.4392163,1.7092164,0.7192163,0.06921631,2.0392163,2.2892163,1.6492163,1.2592163,0.30921632,-0.52078366,-1.1707836,-1.6907837,-1.4307837,-1.4907837,-0.41078368,-0.010783691,-0.23078369,0.2292163,0.8092163,-0.4007837,-2.8507836,-4.310784,-5.7607837,-3.9807837,-2.7507837,-2.4007838,-4.1307836,-5.4907837,-5.410784,-5.350784,-4.520784,-4.810784,-3.7907836,-2.1907837,-1.7907836,-1.2907836,-0.52078366,0.23921631,0.5992163,-0.2707837,-1.1807837,-1.8907837,-3.0107837,-3.6507838,-4.040784,-4.5307837,-4.350784,-4.4207835,-4.620784,-4.9507837,-5.3207836,-6.020784
-0.03078369,0.3492163,0.08921631,0.6492163,1.1892163,1.1192163,1.0392163,0.66921633,0.2692163,-0.31078368,-0.8807837,0.79921633,0.6992163,0.4292163,0.05921631,-0.6807837,-1.2207837,-0.89078367,-0.13078369,-0.3607837,-0.6607837,0.3992163,-0.1707837,-0.5007837,-0.7807837,-1.5607837,-1.6707836,-3.5107837,-4.9407835,-3.7807837,-5.140784,-4.8607836,-3.9807837,-4.1107836,-3.6507838,-3.9007838,-2.7007837,-3.0307837,-3.3207836,-3.1207838,-2.9407837,-2.6807837,-2.4507837,-2.3507836,-0.4007837,0.2892163,0.4592163,-0.83078367,-1.6207837,-2.2407837,-3.2307837,-3.7607837,-3.6407838,-3.8007836,-4.1707835,-4.5707836,-4.270784,-5.1707835,-5.8207836
0.6792163,0.8092163,1.1692163,0.4592163,0.12921631,-0.2607837,-0.6907837,-0.4607837,-0.70078367,-1.4907837,-1.4407837,-0.3607837,-0.8207837,-1.0807837,-1.4107836,-1.5207837,-0.28078368,-0.4007837,-0.64078367,-0.15078369,-0.1607837,-0.8107837,-1.5807837,-1.7907836,-1.7607837,-2.1807837,-2.5707836,-2.6707838,-3.0107837,-3.6707838,-3.1307838,-2.4507837,-3.3907838,-3.6407838,-3.7007837,-3.8607836,-3.3907838,-3.0907836,-3.3307836,-3.5307837,-3.1607838,-2.9807837,-2.7207837,-2.6907837,-0.6307837,-0.8107837,-0.6307837,0.2492163,-0.7607837,-2.4307837,-2.3607836,-2.8607836,-3.4207838,-3.5707836,-3.6807837,-4.1307836,-4.6307836,-4.4907837,-5.6107836
0.18921632,0.17921631,0.5992163,0.4292163,0.08921631,0.05921631,0.3292163,-0.7407837,-1.7907836,-2.0707836,-1.2007837,-1.7507837,-1.8607837,-1.8307837,-1.9207836,-1.1907837,-0.5507837,-0.1707837,0.1392163,-0.41078368,-0.9907837,-1.6607836,-2.0907836,-2.4207838,-2.6607838,-2.2807837,-1.9807837,-3.1207838,-3.3607836,-3.2607837,-3.5407836,-3.3807838,-4.560784,-5.020784,-4.600784,-4.4907837,-5.0507836,-4.750784,-4.100784,-3.8407836,-3.7307837,-3.7207837,-3.3007836,-3.0307837,-1.9007837,-1.8007836,-1.2007837,-0.6907837,-0.5707837,-0.8407837,-1.8907837,-3.4107838,-3.7007837,-3.8607836,-3.7607837,-3.9607837,-3.8607836,-4.1707835,-4.5107837
-1.4407837,-0.5307837,-1.3707837,-2.1907837,-1.2307837,-1.3907837,-1.1507837,-1.3607837,-1.7607837,-2.2407837,-2.5407836,-3.1307838,-2.5007837,-2.1807837,-1.5007837,-0.8407837,-0.20078368,0.7592163,0.2892163,0.5892163,-0.6907837,-2.0507836,-2.3707838,-2.6807837,-2.8607836,-3.1307838,-3.3507836,-3.7407837,-4.4507837,-5.2807837,-4.6707835,-4.7407837,-4.9407835,-5.0107837,-5.310784,-5.350784,-5.100784,-4.020784,-4.540784,-4.7007837,-4.5107837,-4.500784,-3.9207838,-2.9907837,-2.7307837,-2.8607836,-1.9507837,-1.2107837,-1.1407837,-1.2307837,-0.9107837,-1.0307837,-1.3807837,-2.0307837,-2.3507836,-2.9107838,-3.9507837,-3.8507836,-3.6907837
-0.9007837,-2.4007838,-2.1607838,-2.8407836,-2.0207837,-2.0907836,-2.5207837,-2.8707838,-3.0907836,-3.6607838,-3.6607838,-2.2907836,-2.4007838,-1.6607836,-1.2807837,0.4892163,2.3692162,2.2392163,1.2792163,-0.24078369,-0.09078369,-0.6807837,-2.2507837,-3.0807836,-3.5807836,-2.9207838,-3.1707838,-3.9807837,-4.850784,-5.410784,-5.9807835,-5.870784,-6.0507836,-5.540784,-4.1907835,-3.1407838,-2.7307837,-3.7607837,-4.5107837,-4.5107837,-3.8207836,-2.9407837,-3.1707838,-3.6507838,-3.6407838,-3.6807837,-2.3007836,-0.58078367,0.05921631,-0.38078368,-0.5607837,-1.1207837,-1.0307837,-1.7607837,-2.2107837,-1.4107836,-0.9707837,-1.6307837,-2.8607836
