raw-data/2018091600.json
{"header": { "discipline":0, "disciplineName":"Meteorological products", "gribEdition":2, "gribLength":74051, "center":7, "centerName":"US National Weather Service - NCEP(WMC)", "subcenter":0, "refTime":"2018-09-16T00:00:00.000Z", "significanceOfRT":1, "significanceOfRTName":"Start of forecast", "productStatus":0, "productStatusName":"Operational products", "productType":1, "productTypeName":"Forecast products", "productDefinitionTemplate":0, "productDefinitionTemplateName":"Analysis/forecast at horizontal level/layer at a point in time", "parameterCategory":2, "parameterCategoryName":"Momentum", "parameterNumber":2, "parameterNumberName":"U-component_of_wind", "parameterUnit":"m.s-1", "genProcessType":2, "genProcessTypeName":"Forecast", "forecastTime":0, "surface1Type":103, "surface1TypeName":"Specified height level above ground", "surface1Value":10.0, "surface2Type":255, "surface2TypeName":"Missing", "surface2Value":0.0, "gridDefinitionTemplate":0, "gridDefinitionTemplateName":"Latitude_Longitude", "numberPoints":65160, "shape":6, "shapeName":"Earth spherical with radius of 6,371,229.0 m", "gridUnits":"degrees", "resolution":48, "winds":"true", "scanMode":0, "nx":360, "ny":181, "basicAngle":0, "lo1":0.0, "la1":90.0, "lo2":359.0, "la2":-90.0, "dx":1.0, "dy":1.0 }, "data":
[rows 78 to 103 of 181, columns 116 to 173 of 360]
8.849492,8.109492,7.2794924,6.829492,1.9394922,2.829492,2.2994921,2.079492,0.75949216,-0.45050782,-1.7505078,-1.9805079,-2.160508,-2.3505077,-2.5605078,-2.0005078,-2.0805078,-1.8205078,-0.4605078,-0.6305078,-0.6105078,-1.6605078,-1.8905078,-3.4505079,-4.1405077,-4.090508,-4.290508,-3.930508,-3.6405077,-3.5905077,-3.7705078,-3.9805079,-4.820508,-5.400508,-5.4705076,-5.540508,-5.020508,-4.960508,-4.9105077,-6.2605076,-6.4705076,-6.4905076,-5.9905076,-5.500508,-5.1605077,-4.9705076,-4.550508,-3.3705077,-3.190508,-4.6005077,-4.940508,-5.4505076,-5.3305078,-6.170508,-5.9505076,-6.6005077,-6.690508,-7.460508
7.8394923,7.559492,6.8194923,2.8594923,3.1994922,1.2594922,-1.2005078,2.819492,-0.32050782,-0.24050781,-1.2905078,-1.9605079,-2.0405078,-2.1005077,-2.0205078,-1.8305078,-1.6605078,-1.3105078,-0.13050781,0.7294922,0.2594922,-0.9805078,-1.5205078,-2.650508,-3.7205079,-4.440508,-4.3305078,-4.550508,-4.7205076,-3.1205077,-4.250508,-4.2405076,-4.3905077,-4.480508,-4.130508,-4.550508,-4.1805077,-4.150508,-4.3505077,-4.940508,-4.880508,-5.520508,-5.310508,-4.820508,-3.940508,-3.7405078,-3.5105078,-1.7605078,-1.5505078,-4.230508,-3.690508,-4.270508,-4.9705076,-5.630508,-3.910508,-5.000508,-5.610508,-5.900508
7.119492,5.6694922,4.439492,1.4094921,1.4294922,-0.2805078,-1.6605078,-0.16050781,1.2394922,0.6994922,-0.7705078,-1.3505079,-1.5305078,-1.8105078,-2.1205077,-1.7705078,-1.5105078,-0.9705078,0.4194922,1.3094922,1.6094922,-1.1505078,-1.2405078,-1.2605078,-3.400508,-4.6005077,-4.6805077,-4.8905077,-5.230508,-5.2405076,-4.860508,-4.7405076,-4.480508,-3.8805077,-3.4705079,-3.7705078,-3.940508,-3.1005077,-3.160508,-3.9605079,-3.9705079,-4.070508,-5.020508,-4.2605076,-4.320508,-4.000508,-3.0205078,-2.0505078,-2.0705078,-3.0405078,-3.3905077,-4.360508,-4.1405077,-4.810508,-4.7405076,-3.3005078,-3.8805077,-3.6305077
5.7594924,4.079492,0.9794922,0.8494922,-1.1105078,-1.8805078,-2.0505078,-0.110507816,-0.14050782,-0.99050784,0.3494922,-5.078125E-4,-0.7105078,-1.3405079,-2.6005077,-1.7005078,-1.5005078,-0.87050784,0.6394922,1.3694922,2.3994923,0.29949218,-0.5105078,-0.75050783,-2.6005077,-4.170508,-4.190508,-5.070508,-5.290508,-5.250508,-5.310508,-4.820508,-4.290508,-3.0905077,-2.2905078,-3.2505078,-3.1105077,-2.3205078,-2.0305078,-1.7105079,-2.9705079,-3.440508,-4.020508,-3.7705078,-4.1005077,-2.5005078,-1.6805078,-1.8105078,-1.9805079,-2.4705079,-2.5805078,-3.1305077,-4.170508,-3.4505079,-3.2005079,-3.0805078,-3.0605078,-2.3205078
4.949492,3.7294922,-0.9505078,-1.2205079,-2.660508,-3.0605078,-2.910508,-0.74050784,1.0794922,-0.020507812,1.0994922,0.06949219,0.2394922,-1.4105078,-2.7905078,-2.1205077,-1.3005078,-0.39050782,0.56949216,1.2594922,1.6294922,1.7194922,0.20949219,-5.078125E-4,-2.3605077,-2.9705079,-4.090508,-4.480508,-4.630508,-4.880508,-5.3505077,-4.800508,-3.9605079,-2.5505078,-1.3305078,-2.5705078,-2.0205078,-1.4505078,-1.1705078,-1.9505078,-1.8005078,-1.9305078,-1.5105078,-1.6405078,-1.7405078,-1.2105079,-1.5605078,-1.6205078,-2.1005077,-2.5605078,-2.5305078,-2.5305078,-2.7605078,-2.7705078,-3.0505078,-1.6205078,-0.8805078,-0.5905078
3.6494923,-0.99050784,-0.8905078,-1.6905078,-3.6205077,-3.7505078,-2.1405077,-3.5005078,-1.8105078,0.62949216,0.049492188,2.339492,0.5994922,-1.1605078,-1.8505079,-1.8905078,-1.8205078,-0.5805078,0.8294922,1.4394922,1.2794921,2.8894923,2.2794921,-0.10050781,-1.3905078,-2.190508,-3.5905077,-3.8405077,-3.5005078,-4.310508,-4.8705077,-3.3505077,-2.6405077,-2.170508,-1.5805078,-1.4705079,-1.2105079,-0.06050781,0.4494922,-1.4305078,0.14949219,-0.81050783,-0.39050782,-0.3105078,-0.42050782,-1.8805078,-1.5605078,-1.7405078,-2.180508,-2.4805079,-2.2005079,-3.0605078,-2.8105078,-3.5005078,-3.1205077,-2.2305079,-1.4005078,-1.0705078
-0.7005078,-0.4305078,0.20949219,-2.3705077,-3.2205079,-1.8205078,-4.250508,-4.960508,-6.3305078,-1.3705078,1.0994922,0.5294922,0.3494922,-1.5805078,-1.5605078,-1.6405078,-1.9105078,-0.81050783,0.6794922,1.8294922,2.1294923,2.589492,2.6194923,1.4294922,-0.48050782,-1.9105078,-2.8905077,-3.0405078,-2.690508,-3.5105078,-4.7205076,-2.920508,-2.2605078,-1.7305079,-1.3805078,-0.5905078,-0.14050782,0.7894922,0.93949217,0.4494922,0.7294922,0.1294922,-0.7705078,-0.6305078,-0.18050781,-0.9005078,-1.5705078,-1.6305078,-2.3505077,-2.3705077,-2.8105078,-3.8405077,-3.8505077,-3.2905078,-2.3005078,-3.670508,-2.2605078,-1.7605078
-0.7605078,-0.19050781,-0.7605078,-0.45050782,-1.9205078,-2.8905077,-4.1805077,-5.210508,-4.980508,-2.8405077,-0.7605078,0.08949219,0.059492186,-1.3305078,-1.6805078,-1.3605078,-0.9405078,-1.0605078,0.14949219,2.4894922,3.0394921,2.7794921,2.7994921,2.4394922,1.0094922,-0.50050783,-1.3405079,-1.5405078,-1.6705078,-2.5505078,-1.7405078,-0.93050784,-1.5005078,-1.5705078,-0.8305078,-0.110507816,0.5294922,0.8994922,0.5994922,1.2794921,1.2994922,0.5594922,-0.050507814,-0.17050782,0.20949219,-1.7005078,-1.8805078,-1.4405078,-2.2305079,-2.8305078,-3.2105079,-4.2405076,-4.070508,-3.2905078,-3.420508,-3.6305077,-3.0105078,-2.400508
-0.080507815,0.019492187,0.6494922,-0.040507812,-1.7305079,-3.6005077,-3.650508,-4.090508,-4.540508,-3.4605079,-1.1805078,-0.07050781,-0.7305078,-1.2605078,-1.7505078,-1.5805078,-0.4905078,0.26949218,0.3494922,1.9294922,3.1794922,3.8994923,3.9594922,3.849492,3.2594922,2.6894922,0.019492187,0.4494922,-0.020507812,0.4394922,0.42949218,1.2194922,0.75949216,0.8894922,1.2894921,0.87949216,1.1094922,0.8894922,1.3094922,1.6494921,2.089492,1.7694921,1.0194921,0.74949217,1.0094922,-0.3105078,-0.8905078,-1.3705078,-2.2005079,-3.0905077,-2.7305079,-4.4505076,-4.590508,-4.340508,-4.170508,-4.070508,-3.7705078,-3.0705078
0.4694922,0.2594922,0.6494922,0.18949218,-0.5405078,-1.5705078,-3.4705079,-2.3905077,-1.7405078,-3.5205078,-1.2205079,0.11949219,0.4494922,-1.5305078,-1.3805078,-1.9505078,-0.8305078,0.5794922,1.1194922,1.5494922,2.9194922,3.5194921,3.8894923,4.309492,5.0894923,4.2594924,3.7394922,3.0094922,2.089492,1.5794922,2.1094923,3.0294921,3.1094923,3.3994923,4.079492,3.329492,1.9094921,2.1094923,1.8794922,2.1794922,2.5094922,2.4194922,2.4294922,1.9594922,0.7894922,0.19949219,-0.4305078,-1.1405078,-1.8005078,-2.0805078,-2.440508,-4.860508,-4.9905076,-5.040508,-4.810508,-4.6005077,-4.280508,-3.7005079
0.5894922,0.21949218,0.29949218,0.8394922,0.019492187,-3.410508,-5.030508,-0.8905078,-1.5105078,-3.1005077,-0.4705078,1.1794922,-0.21050781,0.3494922,-0.6605078,-2.0505078,-1.3005078,-0.26050782,0.9494922,1.7294922,3.0394921,3.2994921,3.569492,4.469492,5.249492,4.8794923,5.6694922,5.5894923,4.5894923,5.019492,4.8594923,4.4894924,3.6894922,3.6094923,4.6694922,3.4394922,3.339492,2.9194922,3.3894923,3.349492,3.2494922,3.0194921,3.2194922,2.8994923,1.4294922,0.8994922,-0.36050782,-0.38050783,-1.8105078,-2.1005077,-1.8205078,-5.420508,-5.500508,-5.540508,-5.210508,-5.000508,-4.750508,-5.2205076
-0.5105078,0.2594922,0.74949217,0.4394922,-2.0405078,0.5194922,0.4494922,0.48949218,-1.1205078,2.2694921,0.3394922,-0.8505078,-0.3405078,1.4594922,0.5394922,1.1994922,0.4794922,0.9794922,1.0694922,1.4594922,2.4394922,3.5194921,3.7594922,5.3394923,5.059492,5.179492,5.9894924,6.469492,6.209492,6.7594924,6.709492,4.2794924,3.4394922,3.0494921,4.309492,4.579492,3.5294921,3.059492,3.9794922,3.7994921,3.9994922,4.199492,3.599492,2.7694921,1.3894922,0.29949218,0.24949218,-0.36050782,-2.0905077,-2.2505078,-2.7905078,-5.2605076,-6.1405077,-5.800508,-5.570508,-5.4705076,-4.8905077,-6.6405077
0.45949218,0.48949218,0.3194922,-1.1105078,-2.6105077,-5.650508,-2.9605079,-3.660508,0.6394922,-1.2005078,-0.3005078,-0.9705078,-1.4305078,-1.3505079,-1.0905079,0.20949219,2.099492,0.4694922,-0.7805078,1.2494922,2.0494921,3.4894922,3.819492,5.7794924,5.7794924,5.429492,6.6294923,6.719492,6.9894924,7.449492,6.8394923,4.459492,3.559492,3.099492,3.9294922,3.559492,2.7894921,3.2994921,3.9594922,4.8194923,4.1694922,4.949492,4.199492,2.4794922,1.5594922,0.62949216,0.36949217,0.3494922,-1.8005078,-2.430508,-2.660508,-4.440508,-6.4305077,-5.9905076,-5.6405077,-5.570508,-5.7605076,-7.170508
-1.0005078,0.6094922,1.0994922,0.2394922,-0.5305078,1.2394922,0.019492187,1.8594922,2.0094922,-0.36050782,-1.2405078,-1.2605078,-1.2705078,-2.0405078,-1.4205078,-0.4305078,-1.1205078,0.6594922,-2.0005078,0.3394922,0.6694922,2.6394923,3.6394923,5.309492,5.8194923,6.7394924,7.3594923,7.639492,7.039492,7.249492,5.619492,4.449492,3.5294921,3.3594923,3.4794922,2.079492,2.8894923,2.4794922,3.3694923,5.2994924,5.039492,4.429492,3.0494921,0.8694922,0.75949216,0.4394922,0.11949219,-0.74050784,-1.7805078,-3.0305078,-2.8605077,-4.540508,-6.310508,-6.060508,-5.6605077,-5.7405076,-6.5105076,-7.290508
-0.7005078,0.6994922,0.29949218,-0.6405078,-1.0905079,-0.35050783,4.3394923,0.8394922,-1.5805078,0.5994922,-1.6105078,-2.8505077,-1.1905078,-0.8405078,-1.0705078,-1.7305079,-2.3005078,-0.2505078,1.4194922,-0.09050781,0.14949219,1.5994922,1.3294922,2.9494922,4.929492,6.6694922,7.439492,6.729492,6.409492,5.869492,4.5694923,2.4094923,2.839492,2.309492,2.6094923,1.9594922,1.9394922,0.4794922,1.0994922,3.6494923,5.2794924,4.369492,3.1894922,-0.120507814,0.039492186,0.6994922,-1.0105078,-1.5305078,-2.430508,-3.2105079,-3.7705078,-4.780508,-5.9705076,-6.310508,-5.840508,-5.840508,-6.290508,-7.230508
1.3094922,-2.3705077,-3.5605078,0.39949217,-1.1805078,0.11949219,0.5594922,-0.6105078,-3.3005078,-3.3405077,2.7194922,-2.0805078,-1.7805078,0.029492188,-0.35050783,0.48949218,1.5094922,-0.5105078,0.35949218,1.2494922,0.50949216,0.5494922,1.7394922,2.2694921,1.8494922,2.4894922,2.6594923,3.559492,3.9594922,4.219492,3.1594923,1.9694922,1.1794922,1.2994922,1.0694922,0.8394922,0.009492188,-0.8405078,-0.7005078,1.9894922,2.8694923,3.329492,0.36949217,-0.7905078,2.099492,0.21949218,-1.2305079,-2.1105077,-2.7305079,-3.0705078,-3.7805078,-5.150508,-5.1405077,-6.300508,-5.790508,-5.6205077,-5.820508,-7.030508
-4.290508,-5.030508,-8.050508,-9.730508,-3.3005078,0.45949218,-0.17050782,-0.14050782,-3.2805078,-4.3505077,-6.210508,-5.210508,-5.020508,-4.4505076,-0.7105078,0.1594922,-2.1105077,-1.2005078,-2.4505079,0.13949218,-0.42050782,0.20949219,0.4394922,0.06949219,0.68949217,0.7894922,1.4294922,1.8994921,1.8194922,3.1994922,2.099492,-0.120507814,-0.5905078,-0.7205078,0.4694922,-0.050507814,-3.2305079,-1.9105078,1.1394922,2.2794921,1.1094922,1.4394922,-0.020507812,0.6094922,0.7894922,0.14949219,-1.9905078,-2.680508,-3.170508,-3.3605077,-3.7005079,-5.1405077,-5.840508,-5.300508,-5.730508,-5.1405077,-5.520508,-6.270508
-7.280508,-7.780508,-5.530508,-1.1405078,-3.0105078,-4.8305078,-2.2905078,-2.660508,-4.3305078,-5.4105077,-5.270508,-5.380508,-5.090508,-4.270508,-4.570508,-3.3205078,-4.7005076,-5.030508,-3.3805077,-2.0405078,-0.6105078,1.0894922,1.0594922,0.56949216,0.9794922,0.3094922,0.38949218,0.8894922,-0.14050782,-0.010507813,-1.0005078,-1.1805078,-2.430508,-0.6305078,-0.6405078,0.74949217,-1.1505078,3.4994922,0.6394922,-0.19050781,-2.3005078,-0.9405078,-0.030507812,-1.3805078,-2.170508,-1.9905078,-3.0405078,-3.3205078,-3.4805079,-3.5705078,-4.1205077,-5.540508,-5.4705076,-5.060508,-5.5805078,-4.9705076,-4.6005077,-5.500508
-6.4105077,-7.8705077,-7.7605076,-8.900508,-5.820508,-3.8005078,-3.8005078,-3.8005078,-6.0805078,-6.2605076,-6.210508,-5.9705076,-6.2205076,-4.800508,-5.690508,-4.9105077,-5.480508,-4.750508,-3.7505078,-4.150508,-3.6105077,1.7394922,-4.8305078,-1.3205078,-1.0905079,-0.68050784,-0.120507814,0.7394922,-0.16050781,0.6194922,-1.0705078,-1.4605079,-3.7105079,0.14949219,-0.020507812,1.0794922,4.159492,2.1194923,-1.5105078,-0.81050783,-2.0605078,-2.1305077,-1.1205078,-0.4405078,-1.7505078,-1.9405078,-2.670508,-3.0105078,-3.4505079,-2.910508,-4.310508,-5.360508,-5.380508,-5.110508,-5.090508,-4.4505076,-4.3505077,-6.1405077
-4.5105076,-3.900508,-6.0105076,-4.590508,-3.6405077,-2.5605078,-2.170508,-1.8605078,-0.5505078,-1.5705078,-5.9705076,-6.6805077,-5.9305077,-6.0105076,-5.090508,-4.4505076,-4.960508,-3.910508,-5.250508,-4.980508,-4.460508,-4.690508,-7.800508,-2.4705079,-1.6805078,-1.4605079,-0.3705078,0.7194922,0.19949219,-0.13050781,0.6494922,-3.420508,-0.6605078,-2.1105077,-3.6005077,-2.1105077,0.13949218,-3.7905078,-4.270508,-3.660508,-1.4105078,-0.120507814,-1.0905079,0.3394922,-0.36050782,-0.74050784,-2.2305079,-2.430508,-3.670508,-4.110508,-4.030508,-4.4905076,-5.6205077,-5.0805078,-4.6405077,-4.310508,-4.4505076,-4.8705077
-0.120507814,-4.7405076,-2.8905077,-3.6205077,-1.1205078,-0.29050782,0.3794922,0.9294922,0.48949218,-2.3705077,-3.3505077,-4.780508,-5.8905077,-5.670508,-4.670508,-4.360508,-3.8405077,-4.3905077,-5.320508,-6.290508,-5.960508,-5.6205077,-2.0305078,-2.900508,-1.3205078,-0.7905078,-0.7705078,-2.2805078,-4.2405076,-1.5005078,-0.45050782,1.0794922,-1.9605079,-2.6105077,-2.8305078,-4.070508,-3.8605077,-4.190508,-4.270508,-4.360508,-1.5205078,-2.6205077,0.6394922,0.2394922,0.6494922,-1.3105078,-1.9405078,-2.5005078,-3.9905078,-4.4305077,-4.9305077,-5.2605076,-5.3305078,-4.9305077,-4.7005076,-4.900508,-5.300508,-5.4905076
-6.6805077,-2.7605078,-3.150508,-3.5905077,-4.5805078,-1.4105078,1.6194922,1.1194922,-2.2105079,-0.080507815,-1.5605078,-1.6105078,-4.8505077,-4.940508,-4.1005077,-3.3805077,-3.5805078,-4.2405076,-5.520508,-6.4905076,-6.8905077,-7.000508,-7.440508,-6.2005076,-5.7205076,-3.2905078,-3.0905077,-2.6105077,-4.7605076,-4.3705077,-3.3405077,-0.8605078,0.22949219,-1.2705078,-1.3305078,-3.5505078,-2.420508,-4.070508,-4.6005077,-4.920508,-3.1305077,-4.3505077,-1.6705078,0.8894922,0.1594922,-0.7805078,-2.0805078,-3.3805077,-4.750508,-4.790508,-5.090508,-5.500508,-4.940508,-4.440508,-5.2005076,-5.400508,-5.570508,-6.550508
-5.860508,-5.810508,-4.710508,-4.520508,-1.3105078,-1.9305078,-3.2805078,-3.4905078,-2.6405077,0.29949218,-0.6705078,-2.2205079,-4.0805078,-3.9905078,-3.2805078,-3.2105079,-3.2805078,-3.8105078,-4.690508,-5.530508,-6.060508,-6.190508,-5.8505077,-6.230508,-6.1805077,-5.860508,-6.6405077,-5.7005076,-5.050508,-4.670508,-3.6005077,-3.8105078,-1.5005078,-0.42050782,-1.8105078,-1.1405078,-3.670508,-5.0805078,-5.6405077,-5.800508,-4.300508,-5.8705077,-3.410508,-4.900508,-2.8005078,-2.5805078,-4.560508,-3.5705078,-5.150508,-5.2605076,-5.280508,-5.550508,-4.8705077,-5.1805077,-6.1405077,-6.5105076,-5.790508,-6.690508
-4.560508,-3.670508,-3.0805078,-2.8805077,-2.420508,-2.6005077,-2.9505079,-3.0605078,-2.400508,-0.6505078,0.2894922,-1.3205078,-2.8705077,-3.0805078,-1.4905078,-1.0005078,-2.8405077,-3.7805078,-3.7005079,-3.9705079,-4.7205076,-5.440508,-5.4505076,-5.860508,-6.520508,-6.3905077,-3.8405077,-6.1005077,-5.4705076,-5.320508,-4.780508,-5.020508,-5.790508,-4.8305078,-5.730508,-5.190508,-5.9505076,-5.310508,-5.980508,-6.9305077,-5.560508,-6.480508,-4.1805077,-7.400508,-6.710508,-7.610508,-4.380508,-5.400508,-5.4905076,-6.0105076,-6.1205077,-5.540508,-5.3505077,-5.530508,-6.400508,-6.070508,-6.820508,-6.570508
-3.5505078,-2.680508,-2.1205077,-2.1005077,-1.8405079,-1.5205078,-1.0005078,-1.1205078,-0.36050782,0.6694922,1.3394922,0.56949216,-0.8505078,-1.3105078,-0.020507812,0.8494922,-1.8105078,-2.0105078,-1.7405078,-1.7305079,-3.2105079,-4.7205076,-5.0105076,-5.440508,-5.630508,-5.820508,-3.3005078,-4.7005076,-5.270508,-5.3905077,-5.520508,-5.270508,-4.780508,-4.8505077,-4.7605076,-4.7605076,-5.6205077,-5.6605077,-5.940508,-6.650508,-5.460508,-5.710508,-5.340508,-6.4505076,-5.690508,-5.9505076,-5.480508,-5.7405076,-5.880508,-5.520508,-5.6805077,-5.9105077,-5.550508,-7.1005077,-7.340508,-6.7005076,-7.1005077,-6.5805078
-2.4805079,-1.8305078,-1.5305078,-1.2505078,-0.6605078,0.19949219,0.8394922,0.9494922,1.1194922,1.7594922,2.569492,2.1694922,0.8594922,0.029492188,0.7294922,0.6594922,-1.5005078,-2.2105079,-2.3305078,-1.3705078,-2.4505079,-3.7805078,-4.270508,-4.590508,-4.7205076,-4.860508,-2.7805078,-3.660508,-4.920508,-5.210508,-5.040508,-5.110508,-4.840508,-4.4905076,-4.2605076,-4.020508,-4.480508,-4.6605077,-4.800508,-5.6405077,-5.480508,-5.340508,-5.4505076,-5.6405077,-5.540508,-5.2405076,-4.860508,-4.4305077,-4.9705076,-5.170508,-5.190508,-5.9905076,-5.960508,-6.090508,-8.110508,-6.270508,-6.790508,-6.420508
