raw-data/2018091806.json
{"header": { "discipline":0, "disciplineName":"Meteorological products", "gribEdition":2, "gribLength":74732, "center":7, "centerName":"US National Weather Service - NCEP(WMC)", "subcenter":0, "refTime":"2018-09-18T06:00:00.000Z", "significanceOfRT":1, "significanceOfRTName":"Start of forecast", "productStatus":0, "productStatusName":"Operational products", "productType":1, "productTypeName":"Forecast products", "productDefinitionTemplate":0, "productDefinitionTemplateName":"Analysis/forecast at horizontal level/layer at a point in time", "parameterCategory":2, "parameterCategoryName":"Momentum", "parameterNumber":2, "parameterNumberName":"U-component_of_wind", "parameterUnit":"m.s-1", "genProcessType":2, "genProcessTypeName":"Forecast", "forecastTime":0, "surface1Type":103, "surface1TypeName":"Specified height level above ground", "surface1Value":10.0, "surface2Type":255, "surface2TypeName":"Missing", "surface2Value":0.0, "gridDefinitionTemplate":0, "gridDefinitionTemplateName":"Latitude_Longitude", "numberPoints":65160, "shape":6, "shapeName":"Earth spherical with radius of 6,371,229.0 m", "gridUnits":"degrees", "resolution":48, "winds":"true", "scanMode":0, "nx":360, "ny":181, "basicAngle":0, "lo1":0.0, "la1":90.0, "lo2":359.0, "la2":-90.0, "dx":1.0, "dy":1.0 }, "data":
[rows 125 to 149 of 181, columns 290 to 347 of 360]
2.8838818,-0.84611815,-1.3061181,2.6538818,-1.6761181,-3.4061182,-2.9061182,-3.0961182,-2.486118,-2.3861182,-1.9961182,-1.8261181,-1.5161182,-2.2961183,-0.8261182,-2.8661182,-3.506118,-4.4661183,-5.1561184,-7.4661183,-7.4661183,-7.226118,-7.5061183,-9.046118,-9.516118,-9.456119,-9.466118,-9.646118,-9.826118,-10.136118,-9.736118,-9.156118,-9.016118,-10.296118,-11.386118,-11.886118,-11.676118,-10.856118,-9.346118,-7.606118,-7.1961184,-6.6761184,-6.3161182,-7.0061183,-7.476118,-7.0061183,-6.7161183,-6.746118,-6.336118,-6.106118,-5.896118,-5.436118,-4.806118,-3.8961182,-2.8961182,-1.8961182,-0.72611815,0.25388184
3.233882,2.8838818,1.3338819,2.0938818,-4.2761183,-4.5661182,-3.8561182,-3.5461183,-3.0561182,-3.006118,-2.476118,-2.1461182,-1.8361182,-1.8261181,-1.8361182,-2.9361181,-3.5561182,-3.3061182,-5.6761184,-5.856118,-7.1561184,-6.726118,-8.266118,-7.956118,-8.136118,-9.2861185,-9.456119,-9.216118,-8.716118,-8.696118,-8.696118,-8.566118,-9.476118,-10.566118,-10.986118,-10.806118,-9.906118,-9.156118,-7.346118,-6.7961183,-6.146118,-5.1561184,-4.9661183,-7.186118,-7.096118,-6.0661182,-5.576118,-5.226118,-4.766118,-4.376118,-4.056118,-3.486118,-2.726118,-1.5361181,-0.14611816,0.7538818,1.0038818,1.6738819
1.8938818,-1.8861182,-0.76611817,-1.8661182,-4.356118,-4.416118,-3.5461183,-3.716118,-3.5261183,-3.0961182,-2.6261182,-1.5661181,-1.7961181,-1.4461181,-2.726118,-2.266118,-2.756118,-2.8761182,-5.1961184,-4.476118,-6.386118,-7.536118,-7.1961184,-6.846118,-8.106118,-9.406118,-9.506118,-8.636118,-6.7161183,-6.4061184,-6.496118,-6.956118,-8.316118,-8.816118,-8.716118,-8.016118,-7.536118,-7.146118,-6.2761183,-5.916118,-5.336118,-4.456118,-4.6961184,-5.7361183,-5.396118,-5.226118,-4.536118,-4.206118,-3.5461183,-2.8761182,-2.1661181,-1.3361182,-0.036118165,1.1938819,1.7838818,1.7138819,3.1638818,4.293882
2.1038818,-1.4461181,-1.2961181,-1.1461182,-3.006118,-6.646118,-3.1861181,-3.496118,-1.9761182,-1.2261182,-1.1861181,-1.0261182,-1.5161182,-2.716118,-2.1161182,-2.0861182,-0.58611816,-2.266118,-3.3361182,-3.716118,-4.896118,-5.2761183,-5.7161183,-5.7961183,-6.996118,-7.886118,-7.1961184,-6.4261184,-4.516118,-4.0461183,-3.7961183,-4.7361183,-6.146118,-6.746118,-6.476118,-5.9061184,-5.706118,-5.4461184,-5.136118,-4.586118,-4.056118,-3.256118,-3.8261182,-4.146118,-3.6661181,-2.736118,-1.3261181,-0.96611816,-0.25611818,0.39388183,1.3338819,2.503882,3.1738818,3.553882,4.2638817,4.7838817,5.3238816,5.893882
-1.5361181,-2.966118,-1.4761182,2.1838818,0.7538818,-5.3161182,-4.6961184,-2.3061182,-2.496118,-1.5861182,-1.5961182,-1.6661181,-2.966118,-1.5261182,-0.39611816,-0.71611816,0.57388186,1.1538818,-0.84611815,-0.90611815,-1.8761182,-1.7261182,-2.506118,-3.236118,-3.716118,-4.336118,-4.366118,-3.2761183,-2.6461182,-1.4161181,-2.1361182,-3.3561182,-4.836118,-4.576118,-4.856118,-4.246118,-4.456118,-4.0461183,-3.5361183,-2.9161181,-2.3061182,-2.3461182,-1.4761182,-1.0861182,-0.70611817,-0.17611817,0.26388183,0.6838818,1.5638819,2.5938818,3.543882,4.643882,5.4338818,5.2038817,4.7838817,5.0338817,4.123882,1.4238819
-1.4161181,-2.3861182,1.8438818,3.983882,2.533882,1.2238818,1.5838819,-0.70611817,-0.46611816,-0.8261182,-2.2761183,-1.9861182,-1.4061182,0.20388183,0.97388184,0.76388186,1.4738818,3.5638819,2.1238818,3.053882,1.0638819,0.59388185,0.08388183,-0.5761182,-1.8561182,-2.3261182,-1.6161182,-1.0561181,-1.1461182,-0.6861182,-0.92611814,-2.0361183,-2.9261181,-3.1061182,-2.696118,-2.3861182,-2.2961183,-1.9161181,-1.1861181,-0.65611815,-0.30611816,0.09388184,0.66388184,1.1238818,1.8838818,2.8738818,3.9038818,4.753882,5.173882,5.4538817,5.693882,5.7238817,5.4338818,4.413882,5.133882,4.9338818,1.8638818,1.4438819
2.7238817,1.7538818,1.2738818,1.0638819,3.243882,2.763882,2.773882,1.6938819,1.1538818,0.8838818,0.013881836,-0.27611816,0.30388182,1.2838818,2.1038818,3.0838819,3.293882,4.5138817,3.5638819,4.113882,2.753882,1.8638818,1.3238819,0.83388186,-0.5761182,-0.38611817,-0.38611817,0.39388183,-0.11611816,0.73388183,0.77388185,0.40388185,-0.5661182,-0.89611816,-1.2861181,-1.0861182,-0.29611817,0.6138818,0.91388184,1.4038818,1.9538819,2.6538818,3.3938818,3.983882,4.5538816,5.363882,6.083882,6.3038816,6.133882,6.663882,6.793882,6.5738816,6.5938816,6.083882,6.083882,4.8038816,3.303882,2.2138817
1.7038819,1.6938819,2.7138817,0.79388183,1.4438819,1.7738818,3.4138818,4.833882,5.0138817,2.6438818,1.6138818,1.1538818,1.3238819,1.9138818,2.6938818,3.3638818,5.4938817,6.423882,6.043882,5.403882,6.4938817,4.983882,4.213882,2.553882,1.4338819,1.4638819,1.9838818,1.6238818,2.0838819,1.7338818,2.533882,2.273882,0.9238818,0.72388184,-0.026118165,0.42388183,1.1838819,1.6638818,2.4638817,3.243882,4.163882,4.893882,5.353882,5.773882,6.2038817,6.983882,7.5338817,7.173882,6.613882,6.653882,6.3038816,6.143882,6.043882,6.503882,7.083882,5.373882,4.443882,4.2638817
0.38388184,0.54388183,1.7438818,-0.13611816,-1.2961181,-2.1361182,-1.0461181,0.073881835,2.003882,1.3238819,0.7438818,1.1938819,2.2238817,3.3538818,4.2638817,5.403882,6.2438817,6.0738816,6.0138817,6.143882,6.8038816,6.913882,5.603882,3.3938818,3.253882,3.3338819,2.9138818,2.8538818,2.9338818,2.8138819,3.043882,2.5838819,1.0838819,0.8838818,1.5638819,2.4438818,2.8538818,3.1438818,4.123882,3.8838818,4.0938816,4.5338817,4.943882,5.7438817,5.7838817,5.833882,6.233882,7.813882,7.603882,7.153882,7.3038816,7.333882,7.2638817,7.523882,6.2238817,5.693882,5.9538817,5.8238816
-0.046118163,0.91388184,0.51388186,1.3738818,1.1438818,3.1038818,2.4038818,2.1338818,1.3038819,1.5138818,2.4138818,3.1838818,3.8438818,4.103882,4.7838817,6.0338817,6.693882,6.403882,6.633882,6.643882,7.163882,6.9938817,7.003882,6.5138817,5.5338817,4.613882,4.083882,3.4338818,2.783882,3.3338819,3.243882,2.763882,1.8238819,2.1538818,2.3638818,2.9038818,3.8538818,4.2038817,5.353882,5.693882,4.893882,4.9738817,5.293882,5.673882,6.233882,7.2838817,7.633882,9.153882,9.543881,8.843882,9.583881,9.773882,9.473882,8.803882,6.8438816,6.273882,7.113882,7.2238817
0.49388182,0.34388185,1.1138818,2.023882,2.6238818,3.8438818,4.063882,4.173882,4.563882,4.0738816,3.4438818,3.6838818,4.083882,4.393882,4.9338818,4.833882,6.2838817,6.853882,8.253881,8.953882,8.583881,7.673882,7.9538817,8.543881,7.603882,5.793882,5.273882,4.5138817,3.983882,4.043882,4.193882,4.103882,3.5838819,3.503882,3.6538818,3.6738818,3.9338818,4.103882,4.353882,4.883882,5.173882,5.713882,6.2038817,6.753882,7.353882,8.543881,8.303882,9.873882,11.2138815,10.893882,10.653882,11.003881,10.913882,10.433882,8.033882,7.653882,8.043881,8.313882
1.5238818,1.0538819,2.6138818,4.7638817,5.5738816,5.3438816,5.1838818,5.653882,5.853882,5.623882,5.293882,4.693882,4.623882,5.273882,4.833882,4.653882,6.8238816,7.563882,7.853882,7.903882,9.093882,9.423882,8.153882,9.513882,8.703882,7.233882,6.3238816,5.873882,5.4338818,5.173882,5.523882,6.023882,6.143882,5.5338817,5.583882,5.7838817,5.523882,5.363882,5.373882,6.193882,6.393882,6.643882,7.5938816,7.813882,8.303882,9.323882,9.553882,10.283882,10.183882,9.873882,11.123882,12.233882,12.193882,9.623882,8.753881,8.823882,9.193882,8.993882
1.5938818,1.6138818,2.7038817,2.8738818,-1.5061182,-0.24611816,3.263882,6.3038816,7.153882,6.753882,6.103882,5.6838818,5.403882,5.4938817,5.353882,6.0338817,7.623882,8.183882,8.483882,8.613882,8.563882,9.243882,9.813882,9.373882,9.973882,9.153882,7.313882,6.9338818,6.913882,6.913882,6.733882,7.083882,7.173882,7.123882,7.3438816,7.443882,7.153882,7.133882,7.3238816,7.523882,7.693882,8.493882,8.573882,8.653882,8.9638815,8.813882,9.273882,9.973882,9.703882,9.983882,11.243882,12.093882,11.063882,9.913882,9.7138815,9.2138815,9.443882,8.683882
-1.4861182,-3.0861182,-4.396118,-2.5961182,-0.23611817,0.42388183,0.91388184,1.5138818,2.7138817,5.8438816,6.4738817,5.943882,6.103882,6.503882,6.7038817,6.963882,6.9738817,7.0938816,8.023882,8.503881,8.483882,9.203882,10.263882,9.433882,9.943882,10.883882,8.9638815,7.103882,7.693882,8.383882,8.363882,8.373882,8.433882,8.993882,8.723882,8.423882,8.753881,8.913882,8.823882,8.663882,8.973882,9.923882,9.513882,9.2138815,9.233882,9.9638815,9.483882,9.613882,10.243882,10.173882,10.793881,11.913882,10.603882,8.863882,9.473882,9.783882,8.633882,8.643882
-6.2361183,-5.4461184,-3.8261182,-2.3561182,-2.6061182,-0.90611815,1.0638819,2.6138818,3.8738818,4.393882,4.9738817,6.353882,6.793882,7.193882,7.253882,7.2638817,7.253882,7.503882,8.053882,8.523882,9.453882,10.063882,9.013882,8.303882,9.313882,9.943882,8.523882,7.333882,7.4938817,8.193882,7.403882,6.7838817,7.0938816,8.193882,9.433882,9.753881,9.273882,9.603882,10.303882,10.473882,10.573882,10.703882,9.633882,8.793881,9.093882,9.833881,9.373882,9.563882,10.303882,10.753881,11.543881,12.483882,11.423882,9.543881,9.573882,9.383882,8.313882,9.253881
-5.3161182,-3.8761182,-4.266118,-4.356118,-4.2161183,-3.516118,-2.246118,-1.3661182,0.47388184,3.283882,5.9338818,6.693882,6.563882,6.793882,7.393882,7.963882,8.283882,8.643882,8.983882,9.283882,9.073882,9.753881,10.593882,10.043881,8.413882,8.993882,8.693882,8.123882,7.923882,8.2138815,7.663882,7.7438817,8.853882,9.733882,10.313882,11.123882,11.163882,11.133882,11.493882,11.013882,10.693882,10.523882,10.043881,9.563882,9.803882,10.723882,11.423882,11.233882,11.513882,11.7138815,12.443882,12.773882,11.913882,11.4638815,10.433882,7.713882,6.413882,6.673882
-3.5761182,-3.4161181,-4.186118,-4.186118,-3.8361182,-3.9061182,-3.1661181,-3.0261183,-2.946118,-1.6961181,-0.12611817,2.3938818,6.403882,9.043881,9.753881,9.743882,10.043881,10.523882,10.923882,11.193882,11.033882,10.903882,11.313882,11.533882,10.403882,9.493882,9.283882,9.293881,8.9638815,8.623882,8.953882,10.423882,11.483882,12.233882,12.793881,13.4638815,13.333881,12.563882,11.763882,11.123882,11.303882,11.363882,10.593882,10.273882,10.503881,11.043881,11.623882,12.143882,12.593882,12.773882,12.743882,13.183882,13.843882,13.623882,9.423882,5.8238816,7.193882,8.793881
0.043881837,-0.67611814,-2.5261183,-2.966118,-2.986118,-3.0761182,-3.446118,-3.6561182,-3.8561182,-2.736118,-2.6161182,-2.0261183,-1.6861181,-0.066118166,3.013882,6.9538817,10.083881,11.733882,12.413882,12.483882,12.103882,11.613882,11.433882,11.633882,11.343882,11.153882,10.633882,10.643882,10.293881,9.853882,10.973882,12.283882,13.543881,13.893882,13.783882,13.9638815,13.493882,13.013882,12.333881,12.063882,11.573882,11.333881,11.403882,11.953882,12.4638815,12.823882,13.283882,13.803882,13.683882,13.933882,14.233882,14.913882,14.383882,10.133882,6.543882,6.943882,7.693882,8.613882
1.0438819,0.29388183,-1.2261182,-1.2961181,-0.9961182,-0.8661182,-1.9861182,-2.8161182,-3.016118,-2.976118,-2.9261181,-3.0561182,-3.006118,-2.946118,-2.3861182,-1.1761181,0.30388182,3.9538817,9.433882,12.153882,12.813882,12.353882,11.183882,10.553882,10.183882,10.4638815,10.593882,10.183882,10.363882,11.223882,11.863882,12.273882,12.793881,13.273882,13.193882,13.383882,13.453882,12.993882,12.793881,12.573882,12.663882,12.853882,13.2138815,13.773882,13.993882,14.323882,14.543881,14.523882,14.333881,15.313882,15.553882,13.343882,9.433882,6.123882,5.4938817,5.813882,7.003882,8.113882
-0.9961182,0.08388183,0.57388186,1.6438818,1.3438818,-0.056118164,-0.90611815,-1.7261182,-1.5361181,-1.0561181,-0.78611815,-1.1761181,-1.7361182,-2.0461183,-2.2761183,-2.3361182,-2.1361182,-1.8861182,-1.2061181,0.76388186,7.913882,11.643882,11.273882,11.2138815,10.653882,10.143882,10.403882,11.243882,10.843882,10.093882,11.113882,11.993882,11.343882,11.243882,12.633882,13.913882,13.893882,13.683882,13.553882,13.663882,13.783882,13.763882,14.133882,14.683882,15.113882,15.693882,16.053883,16.023882,16.113882,14.913882,12.663882,8.223882,4.543882,3.6338818,3.8838818,4.793882,6.133882,7.4938817
0.70388186,1.3838818,1.5738819,0.21388184,-2.0261183,-1.5961182,-1.0561181,-0.90611815,-0.73611814,0.49388182,0.71388185,0.6938818,0.30388182,-0.27611816,-0.71611816,-0.76611817,-0.9961182,-1.4461181,-1.0961182,-1.0861182,-2.1061182,-2.7761183,4.9738817,11.133882,10.603882,10.343882,10.313882,10.283882,10.593882,11.293881,11.273882,10.763882,11.343882,10.653882,9.793881,6.7038817,12.633882,13.943882,14.113882,14.493882,14.733882,15.083881,15.553882,15.943882,16.333881,16.473883,15.883882,14.993882,14.003881,11.623882,7.103882,3.3238819,2.1838818,1.9438819,2.793882,4.5138817,5.7038817,6.523882
-1.9661182,-4.0061183,-2.5461183,0.09388184,0.97388184,1.7938819,2.4138818,1.3538818,1.2238818,1.8738818,1.6038818,1.3738818,1.0738819,1.1638818,1.1138818,1.1838819,1.1138818,0.72388184,0.43388185,0.14388184,-0.22611816,-0.5561182,-0.76611817,-2.726118,-3.1161182,2.3938818,8.253881,10.083881,10.003881,10.563882,11.023882,11.2138815,11.233882,11.613882,10.853882,13.003881,11.863882,11.163882,12.343882,13.683882,14.573882,14.973882,14.683882,14.253881,13.883882,13.923882,13.093882,11.453882,8.693882,4.923882,2.023882,0.53388184,0.51388186,1.6338818,3.4138818,4.7838817,5.5938816,6.903882
0.6738818,3.1238818,4.133882,4.403882,4.0138817,3.9138818,3.783882,3.043882,3.1738818,3.0838819,2.6838818,2.4238818,2.1938818,2.263882,2.6038818,2.9538817,2.8838818,2.8338819,3.013882,2.9538817,2.2138817,1.4038818,1.1038818,1.1638818,0.8038818,0.103881836,-0.71611816,-0.77611816,1.4338819,5.4738817,8.473882,9.593882,10.153882,10.553882,10.843882,11.493882,11.573882,11.723882,12.393882,11.753881,11.313882,10.863882,10.393882,9.893882,9.623882,8.233882,6.633882,4.5738816,1.5638819,-0.73611814,-1.5061182,-0.6961182,1.1438818,2.8738818,3.5838819,3.8938818,4.3438816,6.163882
7.383882,7.8238816,7.503882,7.023882,6.673882,6.4738817,6.2638817,5.793882,5.4538817,5.403882,5.0938816,4.793882,4.613882,4.583882,4.653882,4.813882,4.903882,4.913882,5.113882,4.923882,2.9038818,1.8238819,1.5138818,1.4738818,1.8338819,2.6138818,3.233882,2.6438818,2.033882,1.7238818,1.8938818,3.4038818,5.4538817,6.5938816,6.793882,7.2438817,7.7838817,8.263882,8.103882,8.193882,8.593882,8.503881,7.773882,7.003882,4.2038817,0.76388186,-1.3561182,-2.9061182,-3.4161181,-2.9261181,-1.7661182,-0.31611815,0.60388184,1.8038819,3.3838818,4.4738817,5.693882,6.0138817
11.273882,10.623882,9.633882,8.573882,8.7138815,8.743882,8.633882,8.413882,8.133882,7.813882,7.523882,7.3238816,6.9938817,6.6838818,6.563882,6.633882,6.853882,6.903882,6.603882,5.5938816,4.233882,4.273882,4.563882,4.3238816,4.0338817,3.9138818,3.773882,3.8138819,4.113882,3.6538818,3.0938818,2.9138818,2.8138819,2.983882,3.733882,4.643882,5.113882,5.3238816,5.123882,5.503882,5.2438817,3.8938818,1.9738818,-0.9461182,-3.006118,-4.5461183,-5.056118,-4.9661183,-4.076118,-2.8161182,-1.5461181,-0.30611816,0.98388183,2.233882,3.6938818,4.083882,5.413882,5.663882
