raw-data/2018091612.json
{"header": { "discipline":0, "disciplineName":"Meteorological products", "gribEdition":2, "gribLength":74006, "center":7, "centerName":"US National Weather Service - NCEP(WMC)", "subcenter":0, "refTime":"2018-09-16T12:00:00.000Z", "significanceOfRT":1, "significanceOfRTName":"Start of forecast", "productStatus":0, "productStatusName":"Operational products", "productType":1, "productTypeName":"Forecast products", "productDefinitionTemplate":0, "productDefinitionTemplateName":"Analysis/forecast at horizontal level/layer at a point in time", "parameterCategory":2, "parameterCategoryName":"Momentum", "parameterNumber":3, "parameterNumberName":"V-component_of_wind", "parameterUnit":"m.s-1", "genProcessType":2, "genProcessTypeName":"Forecast", "forecastTime":0, "surface1Type":103, "surface1TypeName":"Specified height level above ground", "surface1Value":10.0, "surface2Type":255, "surface2TypeName":"Missing", "surface2Value":0.0, "gridDefinitionTemplate":0, "gridDefinitionTemplateName":"Latitude_Longitude", "numberPoints":65160, "shape":6, "shapeName":"Earth spherical with radius of 6,371,229.0 m", "gridUnits":"degrees", "resolution":48, "winds":"true", "scanMode":0, "nx":360, "ny":181, "basicAngle":0, "lo1":0.0, "la1":90.0, "lo2":359.0, "la2":-90.0, "dx":1.0, "dy":1.0 }, "data":
[rows 37 to 73 of 181, columns 0 to 82 of 360]
6.69,7.87,10.04,11.46,10.75,7.01,4.99,4.43,4.12,3.82,2.94,3.37,3.46,2.72,2.3,1.53,0.36,0.18,-0.09,0.12,0.28,0.13,-0.87,-1.88,-2.55,-3.2,-3.19,-4.13,-4.09,-4.21,-4.99,-4.02,-4.84,-4.7,-4.46,-5.3,-5.74,-4.32,-2.33,-1.09,3.73,6.69,5.69,4.26,4.53,4.57,4.22,2.6,3.39,3.3,3.01,3.01,2.43,3.05,2.84,2.71,1.3,0.52,0.54,0.27,-0.06,-1.21,-0.6,-0.67,-1.79,-2.83,-3.21,-3.51,-3.47,-3.75,-2.93,-3.56,-2.97,-3.89,-4.6,-4.26,-3.2,-3.92,-2.94,-2.19,-1.8,-1.96,-2.13
6.74,7.02,10.58,9.13,7.14,3.94,3.36,3.21,2.48,2.01,2.6,2.29,2.97,2.67,2.08,1.47,1.06,0.46,-0.07,-0.26,-0.44,-0.5,-1.12,-1.87,-2.76,-3.28,-4.07,-4.16,-3.89,-4.12,-3.57,-4.22,-4.88,-5.84,-5.68,-5.38,-4.66,-4.32,-2.63,-0.91,5.7,6.35,4.6,4.67,4.94,4.32,4.52,4.94,5.69,5.8,6.06,5.84,5.12,4.18,3.95,3.25,2.07,0.47,-0.25,-1.42,-1.52,-1.57,-1.78,-1.82,-1.26,-2.64,-3.08,-3.65,-3.87,-3.36,-1.55,-1.6,-2.51,-3.22,-4.07,-4.24,-3.33,-2.62,-3.12,-2.56,-2.86,-1.44,-1.35
6.04,7.52,6.07,5.01,3.51,2.56,1.31,1.7,1.94,1.72,1.36,0.5,1.76,2.12,2.9,2.11,0.91,0.92,-0.15,-0.89,-0.86,-1.52,-2.36,-2.99,-2.89,-3.81,-4.18,-3.84,-4.47,-4.84,-4.8,-5.08,-5.78,-5.92,-6.05,-4.53,-4.93,-3.3,-3.19,1.8,5.01,4.88,3.76,4.51,3.05,-0.24,-0.75,3.73,4.2,6.22,6.81,5.82,5.67,5.38,5.03,3.91,2.65,1.43,0.04,-0.86,-1.85,-1.93,-0.11,-0.46,-2.07,-2.09,-2.41,-3.35,-3.58,-3.51,-3.76,-3.62,-2.92,-2.4,-2.65,-3.26,-3.73,-3.59,-3.8,-3.7,-3.13,-2.95,-1.35
4.43,4.23,3.59,2.9,2.26,1.57,1.68,1.14,1.42,0.7,1.1,0.49,1.33,1.83,2.26,1.71,1.42,1.55,0.17,-0.72,-0.97,-1.34,-1.51,-1.89,-2.79,-3.6,-4.69,-5.1,-5.32,-5.43,-5.15,-5.23,-5.69,-5.7,-5.55,-5.8,-5.24,-5.5,-3.21,3.6,5.09,3.29,2.41,3.15,1.71,-2.11,0.97,6.87,7.18,5.78,2.32,3.8,5.96,5.2,5.07,4.72,3.42,2.4,1.27,-0.18,-1.44,-1.37,-1.08,-1.2,-1.97,-2.76,-3.43,-3.59,-3.7,-4.24,-4.43,-4.18,-4.02,-4.02,-4.42,-4.55,-4.7,-4.98,-5.02,-4.94,-4.17,-3.56,-2.24
2.6,2.34,1.15,1.0,0.91,1.03,0.79,1.0,-0.01,0.36,1.37,1.06,0.41,0.92,0.68,2.06,1.9,0.38,0.31,-0.12,0.79,-1.63,-2.85,-3.13,-3.24,-3.68,-4.57,-5.55,-6.03,-5.61,-5.72,-5.88,-5.91,-5.81,-5.53,-5.38,-6.02,-6.34,-3.75,1.87,3.22,4.9,2.79,2.36,2.15,1.08,4.0,7.48,9.75,8.62,6.97,5.83,5.71,5.48,4.86,4.63,3.92,3.49,2.55,1.53,1.31,1.89,1.65,1.48,0.18,-1.37,-2.98,-4.41,-4.96,-4.54,-4.31,-4.27,-4.64,-4.44,-4.13,-4.56,-4.35,-4.5,-4.58,-5.12,-4.33,-3.49,-2.74
1.3,1.02,-0.37,0.41,1.02,2.16,2.06,1.28,0.3,0.73,-1.05,-0.83,-0.81,-1.22,-1.99,0.08,1.68,2.17,-0.53,-0.23,1.38,-2.37,-4.3,-3.58,-1.51,-2.4,-5.51,-5.77,-5.75,-5.43,-6.45,-6.22,-5.62,-5.71,-6.27,-6.44,-6.93,-7.53,-3.94,-0.67,4.58,5.31,5.05,1.71,1.06,0.64,0.93,5.6,8.11,8.39,8.05,6.88,6.04,5.68,4.95,4.45,3.79,3.12,2.92,2.77,2.59,2.25,1.55,-0.37,-0.53,-1.27,-2.6,-3.39,-4.33,-4.55,-5.93,-5.87,-5.16,-4.99,-4.7,-3.59,-2.16,-1.6,-3.12,-2.88,-1.73,-1.37,-1.52
0.25,1.01,1.33,2.13,1.52,1.98,0.3,2.15,-1.7,-0.3,0.85,1.83,2.21,2.91,2.53,1.47,1.61,2.34,2.25,-0.3,-0.33,-3.49,-4.8,-3.64,-2.94,-0.26,-1.39,-6.61,-6.68,-6.89,-6.4,-6.21,-5.59,-6.37,-6.05,-5.88,-7.49,-7.99,-2.45,-1.49,3.47,5.99,6.45,3.87,0.35,0.43,0.62,5.17,5.39,6.59,6.56,6.07,5.05,2.21,1.74,1.83,2.3,3.01,2.27,2.01,2.04,0.48,-0.34,-0.5,-1.16,-1.84,-1.75,-1.78,-2.54,-3.88,-4.29,-4.72,-5.51,-5.34,-6.71,1.0,2.06,-2.29,-4.7,0.15,-1.7,-1.66,-1.1
1.39,1.11,0.99,0.64,1.09,2.5,1.21,0.27,1.84,-0.81,1.68,2.47,1.86,1.9,0.65,1.79,1.68,1.79,1.39,-1.34,-2.47,-4.06,-3.95,0.38,-2.84,-1.56,0.21,-4.42,-6.86,-7.28,-6.63,-6.64,-7.22,-2.35,-1.87,-1.58,-3.5,-3.56,-0.57,-0.85,5.99,6.99,4.44,-0.54,-1.33,-1.12,-0.86,4.08,4.25,2.61,0.96,-0.09,1.15,4.48,3.81,3.2,2.86,2.7,2.06,0.82,-3.69,-2.7,-1.3,-0.98,-0.55,-0.1,0.14,-0.06,-0.76,-1.64,-2.92,-3.34,-3.8,-3.29,5.11,-1.28,-3.48,-3.5,-2.69,-4.11,-3.94,-1.73,2.21
1.29,1.75,2.08,2.55,2.42,3.88,0.2,0.89,-0.75,-0.72,0.27,0.89,-0.41,-0.66,1.82,-0.08,0.0,0.45,0.89,-0.02,-2.68,-4.86,-5.0,0.81,0.15,1.87,2.08,-3.46,-6.09,-6.38,-6.29,-7.68,-6.32,-4.79,-2.24,-4.89,-6.57,-4.55,-1.52,1.68,5.98,3.52,-1.9,-3.77,-2.97,-3.43,-2.55,2.66,2.67,3.09,0.91,4.65,5.6,5.0,4.43,3.67,2.6,1.86,0.32,-2.68,-5.04,-3.4,-1.41,-2.04,-1.94,-0.69,-0.34,-0.39,-0.87,-0.6,-1.41,-1.2,-1.0,-2.59,-5.63,-3.51,-4.46,-5.11,-4.54,-2.33,-2.25,0.04,0.42
0.37,1.05,3.19,2.93,2.6,2.22,2.04,1.78,0.7,0.99,1.69,2.1,-0.41,-2.68,-0.44,-0.46,2.34,0.29,-0.14,-0.72,-2.95,-4.23,-4.68,-2.89,-0.68,3.36,0.55,-3.33,-4.94,-3.4,-5.68,-5.96,-5.42,-6.17,-5.75,-2.37,-6.4,-4.24,-3.43,2.81,4.15,0.94,-2.43,-1.54,-3.33,-3.21,-3.73,-0.63,2.15,4.31,4.33,5.19,5.52,5.13,4.27,3.88,2.99,1.16,-0.64,-3.16,-6.73,-0.94,-2.02,-2.22,-2.67,-3.18,-2.61,-2.48,-3.19,-0.5,-2.17,-2.86,-3.58,-3.45,-2.06,-3.85,-4.53,-6.52,-2.78,2.43,1.22,0.11,1.52
-1.91,-1.3,-1.13,0.34,2.32,2.31,1.38,1.0,1.1,-1.95,2.55,1.65,0.89,-0.91,-1.0,-2.22,1.33,1.65,-0.22,-2.21,-2.82,-3.96,-3.85,-2.48,-3.16,-2.16,-2.22,-3.32,-1.28,-6.47,-3.08,-3.77,-4.34,-4.79,-4.6,-4.62,-3.11,-2.57,-0.4,1.74,3.07,0.87,1.62,3.29,-1.45,-1.92,-2.85,-3.44,-1.0,2.26,3.26,2.03,3.99,4.33,4.16,4.13,3.01,1.67,0.57,-0.11,-0.77,-2.43,-1.86,-0.96,-1.14,-1.0,-1.84,-1.52,-3.71,-5.12,-3.49,-3.37,-2.17,-0.7,2.93,2.5,-2.49,-2.38,-0.81,-1.84,0.0,0.66,-1.86
2.77,2.54,2.96,3.57,3.32,2.02,0.31,0.11,-0.48,0.66,1.61,2.1,4.1,1.92,-0.38,-3.89,-3.14,-2.03,0.03,-1.45,-1.82,-2.65,-4.97,-4.24,-3.32,-3.84,-3.36,-4.16,-4.22,-6.0,-2.87,-3.09,-3.16,-1.6,-3.89,-3.54,-4.81,-3.56,-1.4,0.12,-0.59,-1.55,0.87,-2.29,-3.12,-1.12,2.66,1.14,-2.9,0.75,3.72,3.03,2.91,5.23,4.53,3.83,2.9,2.55,1.44,-0.05,-1.2,-1.67,-1.29,-1.54,-1.19,-2.41,-2.44,-2.4,-2.13,-3.01,-2.6,1.03,-1.72,1.62,-2.2,-1.03,-2.82,-2.29,-2.57,0.22,0.43,2.8,0.92
-1.01,1.62,1.25,1.17,1.92,1.0,-0.16,-1.13,-1.43,-2.25,2.01,0.74,2.25,1.82,1.78,-0.92,-3.73,-3.99,-4.12,-6.06,0.11,-0.84,-3.67,-4.59,3.09,2.73,-3.14,-2.89,-0.9,-3.12,-3.23,-3.19,-2.17,-2.97,-3.58,-2.24,-2.85,-3.1,-2.14,-1.47,-0.98,-1.29,-3.29,-3.48,-0.34,-3.26,-2.99,-5.13,1.63,-0.77,2.0,1.02,1.11,3.73,4.32,3.12,2.79,1.71,0.98,0.43,-0.14,-0.56,-1.43,-1.36,-1.65,-2.46,-2.52,-0.29,-2.52,-2.27,-0.5,2.88,-0.91,-0.62,-0.24,-2.02,-2.1,0.04,2.01,1.63,6.44,5.5,3.37
1.21,-2.16,0.73,-1.27,1.76,2.73,2.0,2.17,2.93,1.02,1.85,1.23,2.09,0.75,-1.11,-1.03,0.19,3.11,-4.64,-6.9,1.06,-0.83,-1.49,-2.84,1.61,-1.91,-5.07,-4.27,-4.67,-3.21,-4.69,-2.74,-1.39,-2.21,-2.31,-2.81,-2.7,-4.3,-3.1,-1.76,-1.82,-0.05,-1.03,1.23,-2.74,1.25,1.24,-4.27,-2.39,0.49,2.94,1.1,-0.22,-1.69,2.35,2.63,1.04,1.15,1.3,0.86,0.12,-0.23,-0.66,-1.53,-2.88,-2.3,-0.74,-1.98,-1.29,-1.35,-1.83,-1.63,-1.97,-2.26,-2.01,1.96,3.25,1.73,1.62,3.55,3.46,1.57,0.64
-2.35,-2.52,-0.44,1.66,2.23,2.12,2.02,2.5,4.42,2.65,1.77,1.49,0.52,0.16,-0.91,-1.86,-1.77,-2.62,-5.85,-6.13,-0.9,0.47,-2.19,-2.1,-4.75,-5.29,-3.62,-4.42,-4.74,-4.25,-3.58,-3.62,-3.49,-1.95,-2.94,-2.99,-2.22,-4.25,-3.07,-0.01,0.99,0.55,1.48,1.74,1.52,-2.39,0.06,-3.53,-4.35,2.64,-2.12,-1.25,-1.68,-1.41,-2.47,-1.84,-0.66,2.7,1.39,1.43,0.75,0.12,-0.6,-1.59,-0.78,-1.51,-3.11,-1.49,-1.86,0.59,2.15,-3.09,-1.49,-1.44,-2.69,-0.71,-0.25,1.03,1.99,1.03,-2.62,0.66,1.4
-5.06,-2.61,-0.36,1.93,1.53,1.55,2.32,2.3,1.94,2.27,3.15,1.61,-1.26,-2.54,-3.14,-2.93,1.67,-3.22,-6.34,-6.06,-2.57,-2.38,-1.81,-3.0,-5.8,-7.1,-6.15,-4.2,-1.75,-1.45,-3.26,-2.3,-3.93,-4.84,-3.35,-3.94,-3.81,-2.6,-1.88,-0.05,-2.15,0.58,0.37,1.1,2.29,0.45,1.38,-0.55,2.68,-2.04,-3.56,-2.99,-2.11,-2.78,-2.78,-0.65,-1.12,0.25,-0.58,2.38,1.07,0.46,-1.03,-1.74,-1.9,-2.15,-2.66,-0.41,-0.88,2.51,0.38,-2.33,-1.94,-1.35,-3.37,-1.78,-1.02,-0.61,-0.85,1.8,1.46,-0.05,-3.73
-4.82,-2.59,-1.84,-3.41,-2.15,-2.94,-3.77,-2.1,-2.07,-0.65,1.6,2.35,0.1,-1.11,2.65,0.92,-1.81,-4.56,-5.01,-4.75,-4.31,-3.75,3.12,-3.59,-5.99,-5.4,-8.45,-4.25,2.08,-0.14,-3.55,2.13,-1.85,-5.19,-2.61,3.46,2.66,-1.42,-0.5,1.65,2.25,1.49,1.61,0.58,2.82,1.64,-1.45,4.06,0.61,-1.7,-2.59,-3.18,-1.21,-1.76,-1.47,-0.87,-2.94,0.41,-2.37,-0.88,0.3,-0.26,-1.83,-2.16,-2.66,-3.1,-2.54,0.19,0.08,-0.96,0.39,-0.53,-0.43,-1.69,-1.4,-1.81,-0.52,-1.83,-2.72,-2.15,0.5,1.76,1.77
-5.33,0.59,5.02,6.66,5.92,4.35,2.67,1.37,1.52,-1.49,2.06,0.8,0.85,0.37,-0.18,-1.73,-3.3,-4.13,-3.96,-4.37,-5.36,-5.31,-1.24,-3.69,-6.51,-6.11,-5.97,-4.71,0.3,-0.6,2.27,-0.49,2.18,3.31,3.38,0.01,0.04,-1.09,0.89,1.92,1.03,0.01,-0.76,-0.95,-1.67,-0.2,4.36,2.04,0.59,0.52,-0.03,1.08,1.18,-2.9,-1.24,-1.55,-0.46,-1.58,-1.98,0.47,-0.93,-2.02,-3.49,-2.41,-2.6,-4.47,-2.53,-3.91,-2.9,1.16,-3.82,-3.96,1.75,2.54,2.38,-0.42,-2.11,-3.58,-4.57,-4.31,-3.1,-2.35,-3.74
0.32,10.75,9.48,7.38,5.86,4.3,3.02,3.56,1.14,0.35,0.28,1.44,0.3,0.11,-0.62,-1.87,-2.77,-3.36,-3.88,-4.87,-5.99,-6.42,-5.01,-8.41,-0.47,-2.98,-4.1,-8.98,-5.12,-1.74,0.21,0.28,-0.52,-1.9,3.45,0.5,-1.32,-1.05,0.47,2.36,1.66,-0.22,-2.85,-3.69,-4.12,-3.83,0.8,1.35,0.87,-1.31,0.31,2.13,-0.1,-0.23,1.29,0.54,-2.38,-1.28,2.03,3.09,-1.01,-5.24,-4.15,-3.55,-0.28,-4.76,-3.77,-4.06,-3.63,-1.25,3.12,1.82,2.77,0.59,-0.43,-1.16,-3.33,-1.45,2.35,2.81,-1.57,-0.35,-1.74
10.74,10.45,8.79,3.97,1.49,1.62,1.64,1.66,0.28,-0.56,-0.53,-0.64,-1.01,-0.88,-1.23,-2.19,-3.17,-3.86,-4.32,-5.01,-5.84,-6.1,-6.29,-6.0,-1.87,-2.01,-3.0,-5.26,-6.27,-2.37,-0.82,-0.8,-1.59,-2.09,-2.05,-0.58,-0.51,1.93,1.86,0.45,0.53,-1.21,-3.16,-4.12,-5.5,-6.41,-4.69,-2.24,-0.22,0.02,-3.64,-1.28,-2.45,-3.83,-1.1,-2.11,-3.38,-4.19,-5.59,-4.16,-0.59,-9.3,-7.69,-5.23,-5.72,-5.6,-4.8,-1.63,-5.51,-1.94,1.99,0.19,-1.17,0.53,2.11,0.97,3.57,-1.12,-1.08,1.45,1.39,1.17,2.3
5.19,5.36,5.88,3.52,1.73,0.53,-0.11,-0.03,-0.64,-0.73,-1.14,-2.79,-3.44,-3.71,-2.05,-2.55,-3.4,-3.86,-4.12,-4.93,-5.52,-4.16,-4.2,-4.93,-3.48,-3.57,-3.76,-3.42,-5.37,-3.98,-2.11,-2.33,-2.65,-3.53,-2.97,-4.26,2.34,-1.39,-0.88,2.93,3.88,1.04,-1.91,-4.85,-6.48,-7.92,-8.53,-2.4,-1.63,-0.73,-1.91,-1.87,-1.31,-5.58,-1.63,-1.64,-5.24,-4.2,-5.85,-5.71,-3.55,-9.96,-6.15,1.47,-2.21,4.09,3.71,-2.4,7.1,-1.46,2.24,0.5,-1.14,-0.77,1.03,-1.02,0.8,3.33,1.57,-1.0,4.07,1.95,-0.43
0.14,5.52,5.71,4.39,2.4,1.02,0.39,-0.19,-0.12,-0.63,-2.15,-3.35,-4.09,-4.48,-3.39,-3.4,-3.43,-3.72,-3.91,-4.66,-8.19,-4.16,-4.32,-6.5,-5.37,-4.71,-3.63,-3.61,-4.33,-4.94,-4.19,-3.25,-4.08,-4.12,-3.61,-4.47,-1.14,0.33,-0.25,4.22,5.24,3.07,-0.54,-4.03,-6.33,-7.53,-8.87,-6.23,-3.48,-2.51,0.66,-1.13,-3.09,-4.79,-2.56,-2.93,-5.73,-3.88,-5.63,-4.26,-1.46,-9.94,-3.42,1.53,0.55,0.82,2.94,3.79,0.22,0.23,0.74,1.6,0.25,-0.08,-0.83,-2.08,-0.89,1.42,4.35,2.31,4.59,3.77,4.3
3.89,-0.26,5.36,4.99,3.77,3.0,2.45,1.08,0.28,-1.27,-1.42,-2.28,-3.02,-3.15,-3.39,-3.89,-4.99,-5.14,-4.49,-4.03,-3.89,-3.82,-4.19,-4.34,-4.16,-4.56,-5.51,-5.62,-5.65,-5.95,-5.78,-6.2,-6.55,-5.42,-5.67,-4.51,-2.42,-2.4,-0.53,4.24,5.58,2.41,-0.41,-2.89,-5.46,-6.77,-7.48,-6.87,-6.14,-5.29,-2.76,0.46,-2.25,-4.81,-1.41,-3.77,-4.75,-4.44,-4.01,-3.58,-0.51,-7.48,-3.1,0.0,1.88,0.5,1.76,1.67,-0.32,6.61,2.05,0.38,-1.28,-0.13,-0.77,-1.2,-2.62,-1.49,1.4,2.58,4.52,5.65,6.5
0.08,-2.35,1.91,5.4,6.41,5.98,4.05,2.54,0.44,-0.94,-1.57,-1.98,-2.62,-3.35,-3.9,-4.13,-3.5,-3.95,-4.48,-5.88,-3.51,-3.95,-3.89,-3.72,-3.47,-3.4,-3.84,-4.29,-4.25,-6.34,-6.49,-5.46,-5.91,-6.32,-5.78,-5.96,-0.14,-0.52,-1.55,0.36,3.39,3.22,0.56,-2.22,-4.53,-6.07,-6.97,-7.4,-7.64,0.57,3.71,0.95,0.32,-0.72,-4.96,-4.69,-6.62,-3.13,-3.87,-5.0,-2.81,-3.36,-5.23,-0.75,-3.2,2.1,0.89,0.97,2.99,4.76,4.25,1.66,0.39,-2.19,-2.6,-2.23,-2.09,-1.5,-0.25,1.15,2.62,1.08,2.64
2.66,-3.74,-0.86,4.58,5.75,5.51,4.11,1.74,-0.8,-1.92,-2.08,-2.14,-2.91,-3.41,-3.94,-4.16,-3.26,-3.33,-3.98,-4.27,-3.75,-3.96,-3.46,-2.6,-2.36,-3.03,-4.01,-5.11,-5.28,-5.84,-6.77,-7.56,-6.23,-9.01,-5.46,-4.32,0.34,4.62,-0.7,3.78,4.89,2.89,0.96,-1.47,-2.99,-5.01,-6.52,-7.46,-6.75,-0.81,0.2,2.76,-2.03,-0.53,-2.17,-4.53,-5.93,2.14,-0.78,-6.3,-2.75,-4.78,-7.39,-5.07,3.03,-0.14,2.75,1.83,3.87,4.17,3.91,3.35,1.87,0.01,-0.49,-0.92,-1.45,-1.5,-1.45,-0.32,0.67,1.57,1.35
4.39,0.16,3.58,5.29,3.33,3.57,3.45,2.01,-0.44,-1.2,-1.66,-2.1,-2.92,-3.33,-2.48,-1.81,-2.86,-4.26,-4.88,-5.13,-4.38,-4.05,-2.85,-0.41,-2.33,-3.19,-4.14,-5.8,-7.21,-6.89,-7.58,-9.18,-7.54,-10.1,-3.34,-2.99,4.09,0.61,4.34,4.08,2.68,1.91,1.93,-0.14,-1.95,-3.68,-4.99,-6.04,-5.96,-2.78,0.36,1.98,2.35,1.89,0.87,5.53,3.85,5.81,1.62,-3.77,-5.93,-3.66,-4.13,-2.7,-0.95,1.02,0.39,1.58,2.64,3.89,4.32,3.68,2.28,0.77,-0.27,0.38,-0.28,-0.83,-0.53,-1.58,-1.57,-0.18,-0.18
5.41,1.2,1.4,3.54,2.3,0.83,0.15,0.76,-0.24,-1.85,-2.86,-2.8,-2.97,-3.09,-2.8,0.01,-0.1,-1.34,-2.91,-4.59,-5.46,-4.7,-2.39,-1.2,-3.08,-3.62,-4.0,-5.62,-6.94,-7.66,-8.13,-9.09,-8.22,-3.44,-10.24,-5.24,-3.04,3.18,3.42,3.69,1.04,1.71,1.65,1.09,-1.39,-3.03,-3.76,-4.45,-4.68,-5.28,-1.94,0.42,1.56,2.95,3.52,3.51,1.82,4.56,-2.77,-2.88,-1.91,-4.78,0.82,-0.49,-2.3,-3.51,3.26,1.85,1.61,5.55,5.34,4.2,2.28,0.49,-0.07,-0.97,-1.16,-0.81,-1.74,-1.42,-1.21,-0.96,-1.08
6.4,0.74,0.51,1.4,1.03,-0.57,-1.01,0.18,-1.97,-2.7,-3.51,-3.99,-3.68,-3.67,-1.69,0.46,0.56,-0.88,-2.35,-3.18,-4.78,-4.56,-3.22,-2.78,-3.49,-4.3,-4.3,-4.99,-6.87,-8.34,-8.47,-8.52,-7.68,-3.41,-2.58,-8.24,-7.1,-2.46,2.72,0.31,-1.47,-0.3,1.36,0.05,-0.99,-1.61,-2.31,-3.66,-4.0,-3.42,-1.56,-3.51,-1.61,-0.56,-0.32,-2.23,-1.99,7.21,4.42,6.85,6.37,6.01,6.49,4.88,3.82,7.96,4.76,2.71,6.71,4.37,4.63,3.25,2.58,0.11,-0.97,-1.53,-2.06,-0.22,0.41,-1.04,-1.82,-1.07,-0.61
3.91,1.17,1.12,1.47,0.37,-0.9,1.77,0.73,1.1,-2.59,-3.38,-4.1,-3.5,-2.32,-0.23,-0.15,1.01,0.28,-1.97,-2.73,-3.44,-4.09,-4.04,-3.41,-3.37,-4.15,-4.81,-5.69,-6.9,-8.2,-7.61,-7.77,-7.5,-4.32,-2.03,-8.54,-7.76,-5.54,0.88,1.2,-2.81,-1.94,-1.22,0.83,1.15,-0.01,-0.99,-2.23,-3.22,-2.48,-3.81,-4.45,-3.68,-4.11,-2.04,-2.99,-0.13,1.16,1.39,2.89,5.37,6.51,5.49,4.21,4.23,4.04,4.36,3.71,3.39,4.16,4.18,4.48,1.34,0.25,-0.55,-1.96,-1.97,-1.25,-2.13,-1.07,0.52,-0.35,-1.42
3.43,1.54,2.36,1.87,1.26,0.29,-1.41,0.24,1.43,0.13,-3.31,-4.15,-4.17,-1.87,-1.56,-0.8,-1.15,-2.04,-3.21,-4.5,-4.36,-4.17,-3.89,-3.22,-4.19,-4.82,-5.25,-6.03,-7.1,-7.67,-7.72,-8.0,-5.9,-4.7,-3.57,-1.11,-8.84,-7.79,-0.96,0.37,-4.27,-3.35,0.23,2.0,1.0,-0.19,-1.02,-1.25,-2.66,-2.97,-3.34,-4.03,-5.81,-6.49,-7.72,1.35,1.15,-1.95,-1.66,0.81,5.2,6.56,4.85,3.84,3.19,2.78,2.46,2.2,3.45,1.91,1.03,-1.53,-0.21,0.25,0.1,-2.16,-2.38,-2.13,-2.01,-1.89,-1.88,-0.75,-1.37
-1.78,-2.45,3.07,2.63,2.05,2.61,2.02,1.41,0.33,-0.38,-2.48,-3.57,-3.94,-4.2,-3.87,-2.52,-2.34,-3.17,-3.84,-3.26,-4.24,-4.32,-3.2,-3.19,-4.19,-3.79,-4.06,-6.07,-7.13,-7.56,-7.75,-7.53,-5.22,-4.84,-4.53,-0.98,-6.82,-7.47,-6.6,2.85,-3.5,-3.59,-0.5,1.6,0.65,0.33,-0.35,-0.97,-1.74,-2.6,-2.89,-3.28,-2.3,-0.24,1.59,2.75,2.3,3.58,0.55,-0.78,10.03,7.83,5.23,3.47,2.69,2.24,1.6,1.02,0.45,1.31,2.66,0.66,-0.14,-0.21,-0.67,-2.55,-0.58,-2.2,-1.69,-1.75,-2.28,-2.66,-2.89
4.97,3.04,0.14,4.54,2.77,2.88,2.13,2.32,0.08,-1.0,-2.27,-2.88,-3.86,-3.84,-4.28,-1.79,-2.69,-3.61,-3.91,-2.63,-4.4,-3.19,-3.63,-2.63,-3.08,-3.69,-5.04,-6.72,-7.7,-8.26,-8.46,-7.7,-5.86,-5.86,-4.29,-1.83,-7.17,-10.41,-6.64,1.06,3.51,-2.73,-2.32,0.9,0.6,-0.13,0.09,-0.35,-1.46,-1.42,-0.76,-0.63,0.48,0.36,1.99,2.11,2.99,4.13,5.67,7.38,9.91,6.63,4.62,2.85,1.47,1.08,0.69,-0.05,-0.26,-0.14,-1.08,0.06,0.73,-0.93,-0.86,-1.71,-2.12,-1.94,-3.3,-1.59,-2.41,-1.97,-2.13
5.72,4.5,3.77,3.73,2.29,1.62,1.62,0.68,0.34,-1.54,-2.27,-3.33,-4.54,-5.18,-3.87,2.25,-0.48,-2.5,-4.58,-4.37,-5.14,-4.57,-2.61,-1.75,-2.59,-4.24,-5.27,-6.72,-8.11,-8.9,-8.24,-7.7,-7.03,-6.03,-2.0,-0.22,-2.42,-4.83,-6.23,-2.51,1.43,-2.61,-0.38,0.46,1.03,-0.02,-0.24,-1.12,-0.3,-0.35,0.12,0.25,-0.3,0.72,1.54,2.52,3.09,3.47,6.95,7.12,5.57,4.38,3.41,2.24,1.08,0.27,-0.15,-0.64,-0.59,-0.7,-0.8,0.75,4.28,-0.03,-1.7,-2.5,-2.19,-4.12,-2.15,-3.15,-2.36,-1.13,-1.12
7.03,5.08,5.51,5.46,3.06,0.06,0.2,0.0,-0.67,-1.09,-2.55,-4.01,-4.48,-4.54,-1.12,4.69,3.18,1.35,-3.28,-6.35,-6.07,-5.31,-2.83,-1.79,-2.68,-3.98,-5.18,-6.86,-7.75,-7.94,-7.55,-6.71,-6.22,-5.71,-0.61,0.34,-0.42,-1.35,-5.92,-3.24,-1.26,0.37,-1.51,-1.33,-2.09,-1.36,-2.29,-1.56,-0.15,0.07,0.3,-0.9,-0.76,0.19,1.51,2.42,3.82,5.89,8.89,6.05,4.11,3.18,2.36,1.35,0.56,-0.02,-0.9,-1.56,-1.23,-0.63,-1.18,-0.96,-1.46,-1.87,-2.66,-3.72,-3.04,-3.36,-2.22,-2.4,-2.39,-0.81,-2.5
5.48,4.55,4.69,3.96,3.17,0.93,-1.16,-1.31,-2.26,-3.73,-1.92,-4.44,-5.03,-3.92,-1.29,4.0,3.33,2.16,-0.49,-6.1,-6.38,-5.92,-3.06,-2.91,-2.91,-3.94,-4.45,-5.05,-6.42,-6.93,-7.03,-5.96,-5.56,-5.21,-0.51,2.43,1.34,-3.36,-5.24,-3.83,-3.44,-3.12,-0.23,-3.3,-1.82,-2.15,-1.76,-1.12,-1.2,-1.29,-0.78,0.22,0.01,0.3,0.0,2.54,5.63,7.61,5.85,5.11,4.08,3.11,1.81,0.65,-0.22,-0.37,-0.65,-1.14,-1.17,-1.6,-2.35,-2.16,-3.92,-3.11,-2.62,-3.19,-3.68,-1.72,-2.71,-2.1,-1.64,-1.5,-3.42
5.51,4.04,4.02,3.64,2.51,2.09,0.08,-1.23,-2.08,-1.72,-3.29,-4.46,-4.74,-3.71,0.45,1.74,1.47,-0.1,-2.89,-5.15,-5.98,-5.0,-2.79,-1.68,-3.11,-3.13,-2.25,-2.81,-4.99,-6.01,-6.01,-5.24,-4.41,-3.44,0.2,3.06,1.75,0.64,-6.13,-6.5,-4.85,-5.06,-1.11,0.91,-1.79,-1.72,-2.2,-1.98,-0.56,-0.46,-2.03,-1.48,-0.49,-0.01,2.46,2.11,9.38,7.73,6.05,4.46,3.3,2.51,2.35,1.53,0.23,-0.76,-0.77,-0.66,-0.87,-2.49,-2.8,-2.91,-4.65,-4.19,-1.41,-3.07,-3.39,-3.17,-2.64,-3.63,-2.26,-1.66,-0.81
5.23,4.05,3.31,3.22,2.03,0.52,0.03,-0.63,0.06,-2.93,-4.56,-4.0,-3.91,-2.5,-0.93,-0.65,-0.43,-1.4,-3.21,-4.59,-5.25,-5.06,-0.8,-1.43,-3.16,-2.66,-1.27,-1.96,-3.48,-4.83,-4.68,-4.37,-1.75,-0.83,0.65,2.2,1.22,-1.23,-0.02,-5.89,-5.79,-4.46,-3.92,-1.7,-5.18,-2.99,-3.18,-2.29,-2.12,-0.88,0.97,4.48,5.83,2.69,4.39,5.33,7.24,6.63,5.59,4.58,4.07,3.78,3.24,2.24,0.69,-0.56,-1.08,-0.94,-1.19,-1.72,-2.67,-3.41,-4.54,-5.35,0.44,-0.27,-3.21,-1.4,-2.88,-1.81,-3.21,-2.22,2.1
