raw-data/2018091618.json
{"header": { "discipline":0, "disciplineName":"Meteorological products", "gribEdition":2, "gribLength":74738, "center":7, "centerName":"US National Weather Service - NCEP(WMC)", "subcenter":0, "refTime":"2018-09-16T18:00:00.000Z", "significanceOfRT":1, "significanceOfRTName":"Start of forecast", "productStatus":0, "productStatusName":"Operational products", "productType":1, "productTypeName":"Forecast products", "productDefinitionTemplate":0, "productDefinitionTemplateName":"Analysis/forecast at horizontal level/layer at a point in time", "parameterCategory":2, "parameterCategoryName":"Momentum", "parameterNumber":2, "parameterNumberName":"U-component_of_wind", "parameterUnit":"m.s-1", "genProcessType":2, "genProcessTypeName":"Forecast", "forecastTime":0, "surface1Type":103, "surface1TypeName":"Specified height level above ground", "surface1Value":10.0, "surface2Type":255, "surface2TypeName":"Missing", "surface2Value":0.0, "gridDefinitionTemplate":0, "gridDefinitionTemplateName":"Latitude_Longitude", "numberPoints":65160, "shape":6, "shapeName":"Earth spherical with radius of 6,371,229.0 m", "gridUnits":"degrees", "resolution":48, "winds":"true", "scanMode":0, "nx":360, "ny":181, "basicAngle":0, "lo1":0.0, "la1":90.0, "lo2":359.0, "la2":-90.0, "dx":1.0, "dy":1.0 }, "data":
[rows 78 to 103 of 181, columns 285 to 341 of 360]
1.5490942,4.9290943,1.3690943,2.8390942,-0.7209058,-0.33090577,-6.9209056,-5.620906,-7.250906,-5.9009056,-6.060906,-6.020906,-6.020906,-5.140906,-5.5909057,-5.5709057,-6.580906,-7.310906,-7.6709056,-7.6909056,-7.790906,-8.360906,-8.410906,-8.210906,-7.8809056,-7.750906,-7.9809055,-8.120906,-7.5909057,-7.330906,-7.2109056,-6.7109056,-7.350906,-7.470906,-7.0909057,-6.9209056,-6.8809056,-6.6509056,-7.060906,-8.390905,-8.480906,-8.070906,-7.6309056,-6.9009056,-6.040906,-5.0509057,-3.8409057,-3.0409057,-2.4609058,-2.3709059,-2.2309058,-1.6909058,-1.6709057,-2.0409057,-2.3609056,-2.1109056,-1.6209058
3.2390943,0.7890942,1.6290942,-1.5209057,3.3790941,1.1890942,-1.9409058,-4.720906,-5.8609056,-5.0509057,0.7890942,-5.870906,-6.8409057,-5.0109057,-5.250906,-5.430906,-5.910906,-7.020906,-7.490906,-7.7809057,-8.040906,-8.410906,-8.390905,-8.190906,-8.170906,-7.830906,-7.7309055,-7.750906,-7.6109056,-7.3009057,-7.1509056,-6.990906,-6.8209057,-7.410906,-7.080906,-7.160906,-7.2309055,-6.9409056,-6.580906,-6.830906,-7.8409057,-8.0209055,-7.520906,-7.0709057,-6.5309057,-5.9409056,-5.120906,-4.240906,-3.7309058,-3.2509058,-2.7809057,-2.7309058,-2.6709058,-2.9009058,-3.0709057,-2.7509058,-1.8209058
2.2490942,0.5990942,-0.040905762,-1.6209058,2.5790942,-1.0109057,-1.0409057,-0.38090575,-1.1009058,-0.93090576,-0.37090576,-2.4209058,-2.2909057,-1.5809058,-5.0909057,-5.140906,-5.540906,-6.740906,-7.1509056,-7.0909057,-7.250906,-7.600906,-8.220905,-8.250906,-7.040906,-7.100906,-7.390906,-7.560906,-7.3009057,-7.0509057,-6.7109056,-6.9809055,-7.0909057,-6.8609056,-6.540906,-6.270906,-6.520906,-6.7609057,-6.770906,-6.3609056,-6.350906,-6.4809055,-6.2809057,-6.870906,-6.700906,-6.1709056,-6.000906,-5.240906,-4.560906,-3.5309057,-3.4609058,-2.6709058,-3.2509058,-3.4609058,-3.1509058,-2.4609058,-1.2909057
-0.89090574,0.27909425,-0.7809058,0.14909424,0.66909426,-0.7309058,-0.63090575,-1.1009058,-1.4609058,-1.7709057,-1.9009057,-4.310906,-3.7609057,-1.8309058,-2.0109057,-5.750906,-5.200906,-6.140906,-6.4009056,-6.410906,-6.450906,-7.3609056,-7.140906,-6.9209056,-6.470906,-6.660906,-7.2309055,-6.7609057,-5.990906,-6.870906,-6.370906,-5.870906,-6.370906,-5.680906,-5.560906,-6.330906,-6.100906,-6.310906,-6.2809057,-6.000906,-5.7609057,-5.410906,-5.270906,-5.4809055,-5.810906,-6.0109057,-5.560906,-5.1109056,-4.620906,-3.7009058,-3.0709057,-2.5909057,-2.1009057,-3.0509057,-3.2109058,-2.0409057,-0.93090576
0.34909424,-1.7109058,-2.1909058,-1.2909057,-1.0009058,0.23909424,-0.040905762,-0.17090577,-0.38090575,-0.95090574,-3.6509058,-3.4009058,-2.9009058,-1.5709058,-1.7409058,-1.6909058,-4.7309055,-5.6509056,-5.4009056,-5.600906,-5.7309055,-5.8409057,-5.700906,-6.040906,-5.6509056,-5.890906,-6.1109056,-6.5709057,-5.660906,-6.4809055,-6.680906,-6.330906,-6.0509057,-5.240906,-5.8809056,-6.1909056,-6.3409057,-6.810906,-6.1309056,-5.6509056,-5.4409056,-5.470906,-5.6709056,-5.080906,-4.3609056,-5.270906,-5.750906,-5.060906,-4.7109056,-4.100906,-3.3609056,-2.7509058,-2.2009058,-2.3709059,-2.0409057,-1.4609058,-1.0409057
-1.9209057,0.12909424,1.8090942,-2.3809059,-0.55090576,0.81909424,0.5190942,0.39909422,0.91909426,-0.9009058,-1.9409058,-2.1009057,-2.7209058,-2.3109057,-2.3409057,-1.5409057,-1.8809057,-5.5509057,-5.290906,-5.3209057,-5.5109057,-5.2609057,-4.8809056,-5.6909056,-5.220906,-4.8409057,-4.430906,-4.0309057,-4.970906,-5.830906,-5.3409057,-5.790906,-5.470906,-5.310906,-4.2609057,-3.8009057,-4.560906,-3.4609058,-3.3209057,-3.6309059,-3.6709058,-3.4009058,-2.5709057,-2.7609057,-1.8309058,-1.3009057,-2.4709058,-2.6609058,-2.2809057,-3.5309057,-3.8709059,-2.7209058,-1.8409058,-0.86090577,0.26909423,-1.0709058,-1.3609058
-1.8609058,1.7790942,-0.81090575,-1.4309058,0.8490942,1.2790942,1.8190942,2.1290941,1.8690943,-1.2809057,-1.9009057,0.57909423,1.0490942,-1.0009058,-2.1409059,-2.3309057,-1.4709058,-1.4209057,-2.8209057,-5.620906,-4.3809056,-6.430906,-6.430906,-5.660906,-5.020906,-3.9609058,-4.060906,-2.4109058,-4.560906,-5.950906,-5.850906,-5.8609056,-5.4409056,-4.9409056,-4.520906,-4.330906,-3.9109058,-3.6009057,-3.8309057,-3.5109057,-3.6509058,-2.6709058,-2.6009057,-2.4809058,-1.6009058,-0.9709058,-0.49090576,-1.1909058,-0.7209058,0.14909424,-1.4709058,-3.4809058,-2.9409058,-2.0509057,-2.2909057,-2.3209057,-2.4609058
-1.4909058,-4.700906,-1.1509057,-0.55090576,0.5890942,1.4990942,1.5890943,1.5490942,-1.5109057,1.1390942,-2.6009057,0.19909424,-0.80090576,-1.9309058,-0.77090573,-1.2409058,-1.4109057,-0.50090575,0.74909425,-2.3909059,-0.87090576,-2.2509058,-1.6709057,-8.070906,-4.7309055,-4.410906,-4.330906,-2.6009057,-4.060906,-5.1709056,-5.6709056,-5.5709057,-5.040906,-5.000906,-5.100906,-4.740906,-4.350906,-4.620906,-4.410906,-4.310906,-3.6109056,-2.9609058,-1.9909058,-3.1009057,-2.9809058,-1.8809057,-1.7809057,-3.0909057,-2.9209058,-2.6609058,-2.4309058,-3.8709059,-3.9609058,-3.8009057,-3.0409057,-1.8709058,-1.8609058
1.4890943,-3.2909057,-0.080905765,1.6790942,1.2590942,0.79909426,0.50909424,1.1890942,0.47909424,-0.7809058,-1.8009057,-2.1009057,-1.8209058,-1.5209057,-1.7609057,-2.3209057,-1.8809057,0.7090942,-1.2109058,-1.9809058,-1.8209058,-2.2409058,-2.2309058,-2.9709058,-5.430906,-4.9609056,-4.7609057,-4.6109056,-5.160906,-5.2609057,-5.7809057,-5.930906,-5.330906,-5.100906,-5.0709057,-5.240906,-5.2809057,-5.2609057,-4.910906,-4.5909057,-4.240906,-3.3609056,-3.8509057,-3.9809058,-3.7909057,-3.5009058,-3.4509058,-3.9709058,-3.5709057,-3.8809059,-3.7809057,-4.2109056,-4.540906,-3.8309057,-2.9409058,-2.2609057,-2.1609058
0.7890942,-1.3409058,-1.1309057,0.45909423,-1.0009058,-0.27090576,-0.18090576,0.08909424,0.23909424,-1.2809057,-0.13090576,-2.6809058,-1.4409058,-2.0709057,-2.7309058,-3.1409059,-1.2609057,-0.6609058,-0.6009058,-2.2009058,-2.5709057,-2.1709058,-2.4809058,-3.1909058,-3.3909059,-5.4409056,-5.370906,-5.810906,-6.0709057,-6.100906,-6.430906,-6.1909056,-5.7609057,-5.6509056,-5.7609057,-5.8209057,-5.6909056,-5.5709057,-5.240906,-4.810906,-4.580906,-4.330906,-4.470906,-4.1109056,-4.5109057,-4.1309056,-3.6509058,-4.5509057,-4.490906,-4.560906,-4.680906,-4.700906,-4.560906,-4.0309057,-3.7009058,-3.3309057,-2.7609057
-0.76090574,-0.93090576,-1.6409057,-0.45090577,-1.1009058,-0.61090577,-0.13090576,-0.81090575,-0.9109058,-0.22090577,-0.62090576,-2.4409058,-1.8309058,-1.5609058,-1.6009058,-0.18090576,-2.3509057,-1.2009058,-2.4509058,-3.4509058,-2.3909059,-2.2509058,-2.7909057,-2.8509057,-3.7109058,-6.060906,-6.680906,-7.1509056,-7.290906,-6.9809055,-6.680906,-6.140906,-6.0509057,-5.750906,-5.9409056,-6.540906,-6.5909057,-6.0709057,-5.6309056,-5.180906,-5.020906,-5.1509056,-4.9809055,-4.660906,-4.990906,-4.640906,-4.7109056,-4.8409057,-5.500906,-5.2609057,-4.910906,-5.4609056,-5.020906,-4.8809056,-4.5109057,-4.4209056,-3.7109058
0.23909424,0.13909423,-0.18090576,-0.9009058,-1.1009058,-0.26090577,-0.61090577,0.9590942,0.5990942,-0.70090574,-1.4209057,-1.6609057,-1.6809058,-2.5009058,-0.80090576,-1.2809057,-2.2609057,-2.0809057,-2.3209057,-2.5409057,-2.5609057,-2.6609058,-2.8509057,-3.0209057,-4.2809057,-4.970906,-8.070906,-8.280906,-7.990906,-7.5909057,-7.3609056,-6.5909057,-6.3409057,-6.4409056,-7.000906,-6.8209057,-6.8209057,-6.200906,-6.1109056,-5.660906,-5.3209057,-5.3409057,-5.540906,-5.8009057,-5.4209056,-5.270906,-5.500906,-5.490906,-5.500906,-5.470906,-5.7609057,-5.9009056,-5.490906,-5.600906,-5.4609056,-4.6309056,-4.620906
0.10909424,0.15909424,0.46909425,-0.74090576,-0.63090575,-0.77090573,-0.15090576,-0.39090577,-0.19090576,-1.1409057,-1.1309057,-1.5609058,-1.1909058,-0.99090576,-1.4309058,-1.3709058,-2.0209057,-1.2809057,-1.3709058,-1.3609058,-2.6109056,-2.4409058,-2.7309058,-3.0109057,-5.080906,-4.5109057,-9.470905,-9.740906,-8.960906,-8.430905,-8.100905,-7.490906,-7.3609056,-7.600906,-7.5309057,-7.100906,-6.4409056,-6.410906,-6.410906,-6.2809057,-5.6909056,-5.540906,-5.9409056,-6.2109056,-5.790906,-5.560906,-5.5909057,-5.700906,-5.910906,-6.1309056,-6.4209056,-6.290906,-5.970906,-6.240906,-5.790906,-4.680906,-4.6109056
0.61909425,-0.26090577,-0.52090573,-0.27090576,-0.13090576,-0.33090577,-0.20090576,0.07909424,-1.0709058,-0.88090575,-0.39090577,-0.37090576,-0.74090576,-0.69090575,-0.93090576,-2.1209059,-2.0309057,-2.1809058,-1.9009057,-1.4809058,-2.0309057,-1.7909057,-2.6109056,-2.4309058,-1.3109058,-1.9709058,-4.6509056,-1.8409058,-2.5309057,-8.960906,-8.560905,-8.7709055,-7.9409056,-8.060905,-8.010906,-7.8209057,-6.910906,-7.020906,-6.950906,-6.540906,-6.370906,-6.310906,-6.4209056,-6.3009057,-6.0709057,-5.870906,-6.1909056,-6.1909056,-6.4009056,-6.290906,-6.3809056,-6.600906,-6.6109056,-6.270906,-6.000906,-5.580906,-5.790906
0.92909425,0.07909424,-0.61090577,-0.20090576,-0.55090576,-0.56090575,-0.37090576,-0.92090577,-0.5409058,-0.5909058,-1.0609058,-0.46090576,-1.1009058,-1.2609057,-1.2709057,-1.4309058,-2.0509057,-1.2509058,-2.0109057,-4.0109057,-1.2409058,-3.3409057,-2.5409057,-1.4309058,-2.0509057,-2.6309059,-1.5109057,-2.5609057,-3.2409058,-2.7109058,-3.7209058,-9.430905,-7.8609056,-8.160906,-9.790906,-9.0209055,-8.290906,-7.4609056,-7.2109056,-7.080906,-6.7109056,-7.040906,-7.1109056,-6.850906,-6.7609057,-6.640906,-6.7309055,-6.740906,-6.990906,-6.5709057,-6.770906,-7.040906,-7.3809056,-6.8409057,-6.7809057,-6.620906,-6.290906
-0.9609058,-0.57090575,-0.9609058,-0.23090576,-0.43090576,-0.42090577,-0.6009058,0.049094237,-0.41090575,-0.67090577,-0.9809058,-0.95090574,-1.0509057,-0.69090575,-1.5509057,-1.2709057,-1.1409057,-2.1009057,-1.8209058,-0.94090575,-1.4109057,-1.4709058,-1.5509057,-1.5209057,-1.7009058,-2.3109057,-2.6309059,-2.8009057,-2.1709058,-2.1609058,-2.7609057,-0.82090575,-1.7009058,-3.9109058,-4.120906,-7.560906,-11.130906,-7.7309055,-7.720906,-7.1309056,-6.9209056,-7.0109057,-7.240906,-7.2109056,-7.3209057,-7.3409057,-6.9809055,-7.0909057,-7.2809057,-7.060906,-7.700906,-7.5909057,-8.110906,-7.490906,-7.250906,-7.430906,-6.990906
0.73909426,-0.38090575,-0.13090576,0.23909424,-0.010905761,-0.19090576,-0.6609058,-0.19090576,-0.61090577,-0.47090575,0.61909425,0.16909423,-0.33090577,-0.07090576,-1.7709057,-1.2009058,-0.81090575,-1.8909057,-2.0809057,-1.7109058,-1.8509058,-1.0209057,-1.8609058,-2.0109057,-2.0909057,-2.8109057,-1.9509058,-1.8509058,-2.4609058,-2.4409058,-2.8409057,-2.3509057,-2.2509058,-3.6309059,-4.8409057,-5.1509056,-4.4009056,-9.720905,-9.380906,-7.770906,-7.2309055,-7.1309056,-7.0909057,-7.160906,-7.4209056,-7.5509057,-7.220906,-7.3409057,-7.560906,-7.810906,-7.8409057,-8.090906,-8.240906,-7.6909056,-7.2809057,-7.500906,-7.2609057
-0.060905762,-0.26090577,-0.38090575,0.92909425,0.5290942,0.049094237,-0.30090576,-0.24090576,-0.16090576,-0.43090576,0.15909424,-0.35090578,0.18909425,-0.55090576,-1.1909058,-1.4809058,-1.0909058,-1.4709058,-1.9809058,-0.47090575,-1.9509058,-1.8109058,-1.6109058,-1.8709058,-1.7209058,-2.5609057,-1.7409058,-2.7009058,-3.0509057,-2.7609057,-2.8509057,-2.3809059,-3.4609058,-3.7809057,-4.540906,-5.4209056,-4.1309056,-4.240906,-7.8009057,-8.800906,-6.500906,-6.680906,-6.7609057,-7.120906,-7.290906,-7.330906,-7.5709057,-7.6709056,-7.540906,-8.280906,-7.6709056,-8.190906,-8.010906,-7.7109056,-7.750906,-8.050906,-8.070906
0.44909424,-0.17090577,-0.10090576,0.66909426,0.5190942,0.30909425,0.45909423,-0.22090577,-0.16090576,-0.20090576,-0.14090577,-0.30090576,-0.76090574,-1.2509058,-1.1309057,-1.6109058,-0.92090577,-1.5309057,-1.7809057,-1.3509058,-1.5309057,-1.7909057,-1.6809058,-2.1909058,-2.2209058,-2.5609057,-2.4909058,-2.2209058,-3.7709057,-3.3909059,-3.4009058,-3.2709057,-3.4609058,-3.4809058,-4.600906,-5.370906,-4.470906,-5.450906,-7.3209057,-5.0109057,-5.720906,-6.0709057,-6.4209056,-6.9009056,-7.1709056,-7.4009056,-7.5109057,-7.390906,-7.950906,-8.120906,-8.000906,-8.070906,-8.410906,-8.280906,-8.390905,-8.510906,-8.7709055
0.09909424,0.61909425,-0.28090575,1.4190942,0.27909425,0.54909426,0.26909423,0.5890942,0.19909424,-0.28090575,0.03909424,-0.28090575,-0.47090575,0.57909423,-1.0309057,-1.7609057,-0.83090574,-1.1709057,-0.94090575,-1.8209058,-1.3009057,-0.94090575,-1.9109057,-2.0109057,-2.1409059,-3.4909058,-2.6909058,-2.4509058,-3.8309057,-3.9109058,-4.1709056,-4.0509057,-3.5909057,-3.2709057,-3.3809059,-3.6609058,-3.1009057,-5.450906,-6.850906,-6.6509056,-5.750906,-5.6509056,-5.930906,-6.5709057,-6.9809055,-7.4409056,-7.8609056,-7.6509056,-7.7109056,-7.850906,-8.100905,-8.320906,-8.750906,-8.920906,-8.750906,-8.610906,-8.980906
-1.2009058,1.0190942,-0.25090575,0.54909426,0.32909423,-0.120905764,0.23909424,1.4490943,0.44909424,0.73909426,-0.30090576,0.17909424,-0.7309058,0.8390942,-0.38090575,-0.46090576,-0.87090576,0.60909426,-1.0909058,-1.0109057,-1.3209058,-0.43090576,-2.4809058,-1.9009057,-2.0609057,-3.5309057,-1.9909058,-2.7109058,-3.7509058,-3.6609058,-3.8609056,-3.5509057,-3.4409058,-3.7309058,-4.4209056,-3.4009058,-5.0109057,-6.200906,-4.950906,-4.890906,-3.9709058,-5.8009057,-6.2809057,-6.3009057,-6.600906,-7.390906,-7.8609056,-8.0209055,-7.8209057,-8.000906,-8.150906,-8.630906,-8.860906,-9.030906,-8.910906,-8.760906,-9.210906
-1.7409058,1.4790943,0.12909424,0.81909424,0.18909425,-0.8409058,1.9890943,0.55909425,0.9590942,-1.7109058,0.72909427,0.049094237,0.41909423,1.2990942,0.38909423,-0.13090576,0.14909424,-0.080905765,0.40909424,1.9990942,-0.13090576,-1.5109057,-1.5309057,-1.1909058,-1.8909057,-2.5209057,-2.3009057,-2.1309059,-2.1709058,-2.9109058,-2.7909057,-3.1409059,-3.7709057,-4.5309057,-5.450906,-5.2109056,-4.8209057,-4.7309055,-4.770906,-4.700906,-5.4809055,-6.1109056,-6.600906,-6.700906,-7.180906,-7.3209057,-7.750906,-7.850906,-7.750906,-8.0209055,-8.330906,-8.700906,-9.000906,-8.950906,-8.950906,-8.960906,-9.070906
-1.0709058,0.8390942,1.1490942,0.10909424,2.2190943,0.47909424,0.5190942,1.1390942,1.5590942,-0.020905761,-0.040905762,1.0790943,1.3290943,1.6990943,0.8990942,-0.060905762,0.10909424,0.48909423,0.18909425,-0.09090576,0.06909424,-1.1709057,0.07909424,-2.0209057,-1.9709058,-2.3109057,-2.5509057,-1.5609058,-0.7209058,-2.5809057,-3.4709058,-3.6209059,-3.7709057,-2.3609056,-4.7609057,-4.120906,-4.4009056,-4.6509056,-5.660906,-5.830906,-6.3009057,-6.430906,-6.7309055,-7.0709057,-7.3409057,-7.3809056,-7.2309055,-7.740906,-7.790906,-7.950906,-8.280906,-8.590906,-9.110906,-9.030906,-8.930905,-8.880906,-9.030906
-0.47090575,-0.16090576,0.93909425,1.0990943,1.1190943,1.0690942,1.0590942,0.69909424,0.98909426,0.22909424,0.93909425,0.8390942,1.4090942,2.0790942,2.3690941,0.9690942,0.6590942,0.7190942,0.54909426,0.29909423,0.44909424,-0.080905765,-0.95090574,-1.2209058,-2.7909057,-1.4909058,-2.1609058,-2.0309057,-2.1309059,-2.3309057,-3.3109057,-3.5909057,-1.8409058,-2.7209058,-2.7109058,-2.3409057,-2.9309058,-4.970906,-5.4209056,-6.0709057,-6.0509057,-6.7809057,-7.020906,-7.240906,-7.430906,-7.2809057,-7.520906,-7.830906,-8.010906,-8.100905,-8.070906,-8.370906,-8.710906,-9.0209055,-9.000906,-8.870906,-8.880906
-4.9809055,0.05909424,0.15909424,1.1290942,0.48909423,1.3690943,1.2790942,1.3890942,0.93909425,-0.28090575,0.5990942,1.3490943,1.5290942,2.6790943,1.3690943,1.7390943,0.37909424,1.2090943,1.1190943,0.61909425,-9.057617E-4,-0.58090574,-0.37090576,-1.0909058,-2.3709059,-1.8109058,-1.5309057,0.12909424,0.42909423,-3.4509058,-2.5209057,-2.1409059,-0.88090575,-2.6709058,-2.3709059,-2.6109056,-2.6409059,-3.2009058,-4.7609057,-4.9009056,-5.540906,-6.120906,-6.9009056,-7.430906,-7.3209057,-7.790906,-7.930906,-8.190906,-8.230906,-8.040906,-7.950906,-8.110906,-8.300906,-8.560905,-8.670906,-8.700906,-8.620906
-0.40090576,-2.7009058,-0.47090575,1.2190943,-0.39090577,1.3090942,1.9790943,2.5190942,2.3890944,2.5690942,0.5290942,2.0890942,2.8190942,2.7690942,2.4290943,1.1690942,1.3390943,0.72909427,1.7590942,0.94909424,0.27909425,0.5890942,-0.7909058,-0.25090575,-1.4109057,-0.7909058,-1.1909058,-0.57090575,0.40909424,-2.1109056,-0.23090576,-3.1209059,-1.2509058,-2.4209058,-1.6809058,-1.8909057,-1.7809057,-6.930906,-4.500906,-4.3609056,-4.6109056,-5.200906,-6.100906,-6.9009056,-7.3409057,-7.6909056,-7.720906,-7.830906,-8.000906,-8.090906,-8.130906,-8.070906,-8.060905,-8.170906,-8.220905,-8.240906,-8.460906
