raw-data/2018091900.json
{"header": { "discipline":0, "disciplineName":"Meteorological products", "gribEdition":2, "gribLength":74459, "center":7, "centerName":"US National Weather Service - NCEP(WMC)", "subcenter":0, "refTime":"2018-09-19T00:00:00.000Z", "significanceOfRT":1, "significanceOfRTName":"Start of forecast", "productStatus":0, "productStatusName":"Operational products", "productType":1, "productTypeName":"Forecast products", "productDefinitionTemplate":0, "productDefinitionTemplateName":"Analysis/forecast at horizontal level/layer at a point in time", "parameterCategory":2, "parameterCategoryName":"Momentum", "parameterNumber":2, "parameterNumberName":"U-component_of_wind", "parameterUnit":"m.s-1", "genProcessType":2, "genProcessTypeName":"Forecast", "forecastTime":0, "surface1Type":103, "surface1TypeName":"Specified height level above ground", "surface1Value":10.0, "surface2Type":255, "surface2TypeName":"Missing", "surface2Value":0.0, "gridDefinitionTemplate":0, "gridDefinitionTemplateName":"Latitude_Longitude", "numberPoints":65160, "shape":6, "shapeName":"Earth spherical with radius of 6,371,229.0 m", "gridUnits":"degrees", "resolution":48, "winds":"true", "scanMode":0, "nx":360, "ny":181, "basicAngle":0, "lo1":0.0, "la1":90.0, "lo2":359.0, "la2":-90.0, "dx":1.0, "dy":1.0 }, "data":
[rows 130 to 155 of 181, columns 0 to 57 of 360]
11.559204,11.449204,10.809204,10.239204,9.549204,9.069204,9.1192045,8.789204,7.8392043,7.759204,8.609204,7.039204,6.949204,7.409204,6.829204,5.259204,4.5892043,4.179204,5.949204,5.969204,4.8192043,4.789204,3.329204,11.239204,8.539204,8.019204,8.059204,8.439204,8.769204,9.289204,9.819204,9.479204,8.689204,9.049204,9.789204,10.549204,10.459204,9.779204,10.019204,12.299204,13.339204,12.889204,10.509204,11.669204,13.459204,12.969204,12.439204,9.599204,7.889204,7.619204,7.659204,9.309204,7.179204,5.249204,1.3892041,-3.640796,-5.280796,-4.860796
13.499204,13.019204,12.699204,11.999204,11.249204,10.339204,10.209204,9.929204,8.8692045,8.949204,9.459204,8.439204,8.339204,8.509204,8.219204,8.089204,7.0892043,6.689204,7.169204,6.809204,6.239204,5.769204,6.719204,5.789204,8.449204,8.959204,8.509204,8.269204,8.069204,7.949204,8.179204,8.979204,8.839204,8.229204,9.059204,10.559204,10.3692045,11.089204,14.029204,13.039204,11.639204,11.299204,11.039204,13.669204,14.439204,13.709204,10.519204,9.319204,10.149204,8.999204,9.099204,7.189204,8.179204,3.149204,-4.8707957,-6.8507957,-6.170796,-2.840796
15.149204,14.499204,14.139204,13.349204,12.599204,11.729204,11.429204,10.9092045,9.939204,9.859204,10.899204,9.679204,9.079205,10.539204,10.4092045,9.879204,9.989204,8.899204,8.339204,8.829205,7.6292043,8.319204,8.269204,8.089204,8.449204,6.929204,9.309204,8.599204,7.709204,8.6592045,8.829205,8.979204,8.289204,8.939204,10.479204,11.959204,11.779204,12.3692045,13.739204,13.929204,12.219204,11.709204,11.979204,12.509204,11.9092045,11.309204,10.719204,10.499204,10.1192045,8.889204,7.239204,6.3392043,-0.1407959,-4.170796,-7.010796,-6.240796,-4.9107957,-3.190796
16.159204,15.8692045,15.129204,14.449204,13.579205,12.899204,12.279204,11.6592045,11.309204,11.149204,10.809204,10.299204,11.379204,11.569204,10.479204,11.079205,10.249204,9.789204,10.579205,10.129204,8.739204,9.399204,9.799204,9.449204,9.389204,8.9092045,8.789204,9.499204,9.649204,9.339204,9.339204,9.229204,9.319204,10.679204,11.929204,13.029204,13.8692045,14.399204,13.919204,13.569204,13.109204,12.629204,11.859204,10.759204,10.209204,10.999204,12.029204,12.949204,10.669204,8.029204,3.139204,-2.570796,-5.720796,-6.840796,-7.820796,-7.210796,-5.3707957,-2.7607958
16.579205,16.889204,16.309204,15.419204,14.099204,13.419204,12.839204,12.489204,11.939204,11.469204,11.179204,11.739204,11.949204,10.679204,10.589204,10.649204,10.289204,11.269204,10.519204,9.989204,10.609204,10.729204,10.969204,10.649204,10.529204,10.3692045,8.8692045,7.8992043,8.6192045,8.569204,8.629204,9.989204,11.449204,12.719204,13.859204,14.519204,14.789204,14.649204,13.559204,13.259204,12.6192045,11.579205,9.889204,8.489204,8.549204,9.1192045,11.069204,11.359204,8.519204,3.589204,-2.600796,-8.560796,-10.940796,-11.500796,-9.150796,-4.8507957,-3.870796,-2.420796
15.349204,15.989204,16.209204,15.499204,14.549204,13.799204,12.519204,10.769204,11.919204,12.389204,12.279204,11.989204,11.329205,10.559204,10.179204,10.749204,11.349204,10.569204,10.919204,11.049204,11.689204,12.229204,11.899204,11.339204,11.519204,11.189204,10.519204,10.169204,10.029204,10.389204,11.439204,12.549204,13.419204,14.279204,15.029204,15.719204,15.979204,14.949204,13.489204,12.4092045,10.879204,6.6292043,2.5092041,1.9192041,1.4392041,0.4392041,-0.010795899,-0.33079588,-5.020796,-13.430796,-15.830796,-15.740796,-13.150796,-9.540796,-7.1407957,-5.470796,-4.3707957,-3.370796
14.949204,14.9092045,14.679204,14.199204,14.749204,13.769204,12.489204,11.979204,12.6592045,12.829205,12.739204,12.379204,11.139204,10.819204,11.219204,11.229204,10.729204,11.029204,11.459204,12.1192045,11.559204,11.599204,12.489204,13.1192045,12.529204,11.699204,11.689204,11.639204,11.649204,11.949204,12.3692045,12.989204,13.9092045,15.229204,16.489204,17.179205,16.539204,14.739204,12.229204,10.579205,2.7792041,-2.370796,-3.700796,-4.520796,-6.420796,-9.620796,-12.890796,-17.700796,-17.280796,-16.420795,-16.760796,-13.200796,-10.310796,-8.430796,-6.770796,-5.030796,-3.2907958,-1.630796
14.769204,14.949204,14.859204,13.309204,13.299204,13.1192045,12.839204,13.379204,13.199204,12.829205,12.529204,12.109204,12.069204,12.039204,11.809204,11.449204,10.989204,11.049204,11.269204,11.939204,12.699204,13.139204,12.6192045,12.389204,12.149204,11.669204,12.149204,12.149204,11.979204,12.469204,13.239204,13.849204,14.139204,16.179205,17.229204,17.789204,15.729204,12.639204,11.039204,2.7092042,-3.2907958,-6.150796,-7.490796,-9.300796,-10.520796,-12.3807955,-13.580796,-14.700796,-14.070796,-12.680796,-11.3407955,-9.680796,-8.330796,-6.650796,-5.1007957,-3.5607958,-1.7907959,-0.15079589
15.339204,14.8692045,15.049204,14.859204,14.359204,13.139204,12.569204,12.779204,12.269204,11.999204,12.399204,12.279204,12.129204,11.899204,11.479204,11.149204,10.949204,11.459204,11.949204,11.729204,11.849204,11.9092045,12.289204,12.799204,12.679204,12.539204,11.999204,11.539204,11.889204,13.359204,14.509204,15.189204,15.849204,16.619204,16.579205,16.329205,12.599204,10.4092045,4.0892043,-2.390796,-5.440796,-6.800796,-7.530796,-8.310796,-9.280796,-10.100796,-10.400796,-10.400796,-10.060796,-9.460796,-8.390796,-6.130796,-6.010796,-4.8707957,-3.0107958,-1.8107959,-0.5607959,0.4292041
15.949204,15.639204,15.179204,14.779204,13.609204,10.839204,9.859204,9.3692045,10.179204,11.529204,12.049204,12.169204,11.679204,11.279204,10.889204,11.069204,11.6192045,11.199204,10.939204,10.939204,11.399204,11.949204,12.459204,12.3692045,12.029204,12.019204,11.8692045,12.259204,12.889204,14.269204,15.279204,15.479204,15.939204,16.679205,16.279203,14.979204,10.969204,4.5692043,-1.3007959,-4.190796,-5.9107957,-6.6007957,-6.590796,-6.1207957,-6.8507957,-7.510796,-7.530796,-7.4307957,-7.170796,-6.590796,-5.9107957,-4.980796,-4.330796,-3.120796,-2.2307959,-1.0507959,0.0492041,1.1292042
16.499205,16.419205,15.489204,14.059204,11.489204,8.439204,7.169204,8.839204,9.6592045,10.509204,11.1192045,11.299204,11.419204,10.759204,10.629204,10.809204,10.439204,10.179204,10.639204,11.069204,11.3692045,12.009204,11.629204,12.079205,11.969204,11.779204,11.849204,12.679204,13.559204,14.519204,14.889204,15.089204,15.979204,17.119204,16.549204,13.709204,4.079204,-0.8307959,-3.4907959,-5.990796,-7.060796,-7.260796,-6.080796,-5.030796,-5.310796,-5.780796,-5.700796,-5.460796,-5.130796,-4.560796,-4.1007957,-3.7207959,-3.170796,-2.140796,-1.1607959,-0.0907959,0.5792041,1.4692041
16.279203,15.279204,14.329205,12.149204,8.419204,5.799204,5.529204,6.849204,8.739204,10.039204,10.879204,11.1592045,10.989204,10.309204,10.389204,9.9092045,9.799204,10.319204,10.509204,10.779204,11.309204,11.6192045,11.769204,11.769204,11.439204,11.489204,11.609204,12.139204,12.939204,14.009204,14.359204,14.429204,15.169204,15.889204,15.169204,5.779204,-0.7707959,-4.240796,-6.010796,-7.980796,-8.420795,-7.700796,-5.880796,-5.050796,-4.8907957,-4.960796,-4.730796,-4.290796,-3.8107958,-3.180796,-2.590796,-2.2407959,-1.380796,-0.72079587,0.2792041,1.0992041,1.2892041,1.0992041
15.299204,14.049204,12.269204,8.739204,5.239204,3.7592041,5.059204,7.3592043,8.959204,9.999204,10.4092045,10.529204,10.289204,10.329205,10.239204,10.099204,10.469204,10.359204,10.569204,10.729204,11.099204,11.4092045,11.209204,10.689204,10.1592045,10.4092045,10.6592045,11.069204,11.929204,12.599204,12.769204,13.209204,13.799204,14.209204,6.659204,-0.9207959,-5.200796,-7.240796,-8.530796,-9.070796,-8.970796,-7.270796,-5.530796,-4.840796,-4.530796,-4.1407957,-4.070796,-3.670796,-2.900796,-1.880796,-1.0907959,-0.5407959,0.1392041,0.5492041,1.119204,1.729204,1.3192041,1.8892041
13.899204,11.6592045,8.499204,4.8192043,3.089204,3.7192042,5.719204,7.329204,8.479204,9.169204,9.459204,9.979204,10.049204,10.559204,10.739204,11.039204,10.8692045,10.929204,10.999204,11.129204,11.639204,11.479204,11.009204,10.699204,10.589204,10.439204,10.1192045,9.9092045,10.319204,10.339204,10.669204,10.789204,10.919204,6.1292043,-0.2807959,-6.000796,-8.390796,-9.750796,-9.490796,-8.900796,-8.180796,-6.3707957,-5.110796,-4.6607957,-4.090796,-4.110796,-3.7307959,-3.5307958,-2.360796,-1.380796,-0.3707959,0.6792041,1.3392041,1.9192041,2.4392042,3.389204,3.6992042,4.0692043
11.359204,7.739204,4.3792043,2.1892042,2.7792041,4.5692043,6.3192043,7.499204,8.189204,9.029204,9.449204,9.989204,10.249204,10.519204,11.149204,11.829205,12.3692045,12.229204,11.789204,11.669204,11.429204,11.139204,10.739204,10.439204,10.069204,9.819204,9.259204,8.9092045,8.889204,8.529204,8.149204,6.449204,1.2692041,-4.800796,-7.4107957,-9.020796,-10.310796,-10.330796,-9.510796,-8.470796,-7.170796,-5.560796,-4.6607957,-4.240796,-4.030796,-3.700796,-3.450796,-2.5407958,-2.100796,-0.8507959,0.20920411,1.0292041,2.049204,3.0292041,3.379204,4.5692043,6.039204,6.269204
6.3792043,2.9492042,0.9792041,0.6192041,1.119204,2.179204,3.179204,4.0892043,4.509204,5.709204,6.449204,6.3392043,7.1292043,9.269204,10.079205,9.599204,12.949204,12.899204,12.8692045,12.549204,12.069204,11.109204,10.089204,9.259204,8.759204,8.479204,8.349204,8.449204,8.419204,7.5892043,6.529204,2.4892042,-2.420796,-8.330796,-9.990796,-10.390796,-9.670795,-9.3807955,-8.210796,-6.8507957,-5.770796,-4.790796,-4.050796,-3.350796,-2.7907958,-2.440796,-1.9407959,-1.4007959,-0.5807959,0.2592041,1.2092041,2.119204,3.169204,3.809204,4.759204,5.979204,6.799204,7.0892043
0.5192041,-1.1907959,-1.3107959,-0.0607959,0.7992041,2.049204,3.089204,3.6892042,4.169204,5.579204,6.039204,7.259204,6.949204,7.999204,8.379204,10.139204,11.299204,11.439204,11.609204,10.799204,10.1592045,8.999204,7.789204,8.289204,9.319204,9.059204,8.469204,8.059204,7.829204,6.369204,5.6092043,1.0092041,-1.4107959,-3.7207959,-5.650796,-5.8507957,-6.230796,-6.250796,-5.520796,-4.540796,-3.7707958,-3.2907958,-2.690796,-2.100796,-1.7007959,-1.0707959,-0.2307959,0.5092041,1.1292042,2.5292041,3.409204,4.219204,4.689204,5.039204,5.489204,6.019204,6.489204,6.999204
-3.120796,-2.3007958,-0.6107959,0.4592041,0.8492041,1.7492042,2.7192042,3.549204,4.219204,5.6492043,5.3792043,6.219204,6.079204,6.509204,6.729204,7.949204,9.089204,9.699204,9.929204,9.899204,8.9092045,7.959204,6.789204,6.689204,7.809204,7.719204,6.939204,6.449204,6.889204,6.329204,5.949204,1.9392041,0.0692041,-1.0407959,-1.6507959,-2.2807958,-2.390796,-2.420796,-2.620796,-2.2807958,-2.090796,-1.7007959,-1.1507959,-0.6607959,-0.0807959,0.4592041,1.2192041,2.2592041,2.9692042,3.569204,4.529204,4.929204,5.199204,5.329204,5.3992043,5.479204,5.8192043,6.269204
-3.5307958,-2.130796,-0.9507959,-0.15079589,1.6492041,2.859204,3.549204,4.199204,4.8992043,5.429204,5.739204,6.049204,6.329204,6.529204,6.519204,6.549204,6.189204,5.989204,6.429204,7.189204,6.349204,5.159204,5.459204,5.169204,6.1492043,6.239204,6.419204,5.559204,3.849204,1.0892041,1.6592041,3.849204,0.9792041,1.0192041,0.1092041,-0.1307959,-0.6007959,-0.4807959,-0.3707959,-0.3507959,-0.15079589,0.079204105,0.3292041,0.8592041,1.369204,1.8392041,2.339204,3.369204,4.119204,4.509204,4.779204,5.159204,5.299204,5.619204,6.019204,6.3992043,6.999204,7.6292043
-2.9907959,-1.2407959,0.5592041,1.9692041,3.0192041,4.1292043,4.889204,5.239204,5.489204,5.739204,6.119204,6.329204,6.539204,6.439204,6.269204,6.559204,6.209204,6.119204,6.119204,5.529204,5.6292043,4.789204,3.859204,4.349204,7.039204,7.279204,7.019204,6.039204,5.439204,4.969204,1.359204,2.619204,2.2792041,1.619204,1.1892041,0.41920412,0.029204102,-0.0607959,0.0992041,0.3092041,0.6692041,1.0892041,1.6392041,1.979204,2.1992042,2.579204,2.799204,3.0292041,3.809204,5.139204,5.0692043,4.349204,4.329204,4.579204,4.999204,5.689204,6.019204,6.369204
-0.72079587,0.6992041,2.1992042,3.7492042,4.8192043,5.329204,5.5692043,5.959204,6.349204,6.739204,6.869204,7.0892043,7.3592043,7.099204,7.259204,7.209204,7.029204,6.689204,6.139204,5.449204,4.809204,4.329204,3.899204,3.5292041,3.6992042,3.159204,2.799204,2.7492042,2.139204,1.2092041,0.8592041,0.2292041,2.429204,0.8692041,0.3792041,0.41920412,0.1792041,-0.030795898,0.0692041,-7.9589844E-4,0.2492041,0.5792041,1.0892041,1.7992041,2.2092042,2.4992042,2.7792041,3.0092041,3.109204,3.339204,3.6992042,4.1492043,4.529204,4.759204,4.999204,5.269204,5.659204,6.1292043
0.6592041,2.4792042,3.869204,4.849204,5.519204,6.159204,6.669204,7.229204,7.779204,7.969204,8.389204,8.4092045,8.359204,8.419204,8.479204,8.429204,7.929204,7.299204,6.619204,5.909204,5.3792043,4.669204,3.9492042,3.4692042,3.359204,3.099204,2.839204,2.659204,2.099204,2.059204,1.8492041,1.7492042,0.7292041,2.369204,0.8492041,-0.1307959,0.079204105,0.029204102,0.2992041,0.41920412,0.7192041,1.0292041,1.229204,1.619204,1.8792042,2.1992042,2.5292041,2.7692041,3.0092041,3.129204,3.299204,3.4592042,3.7292042,3.889204,4.139204,4.6092043,5.439204,6.029204
2.639204,4.099204,5.179204,6.009204,6.909204,7.459204,7.849204,8.049204,8.4092045,8.999204,9.249204,9.259204,9.169204,9.239204,9.019204,8.679204,8.199204,7.509204,6.5892043,5.889204,5.159204,4.639204,4.119204,3.5292041,2.919204,2.619204,2.409204,2.079204,1.619204,1.6692041,1.7992041,1.9192041,1.6292042,0.6392041,1.1892041,0.6192041,-0.3107959,-0.2707959,-0.4207959,-0.1807959,-0.0407959,0.2292041,0.4392041,0.5492041,0.7092041,0.8692041,1.0392041,1.0792041,1.2092041,1.5192041,1.9592041,2.409204,2.849204,3.2492042,3.669204,4.229204,4.919204,5.299204
4.469204,5.5892043,6.419204,6.999204,7.579204,8.099204,8.549204,8.809204,9.089204,9.249204,9.279204,9.189204,8.999204,8.989204,9.049204,8.789204,8.149204,7.419204,6.939204,6.349204,5.6492043,5.029204,4.009204,3.4992042,2.7092042,1.8892041,1.4992042,1.5292041,1.0192041,0.8092041,1.0192041,1.2192041,1.2992041,0.9092041,0.2592041,-0.3607959,0.4992041,0.2292041,-0.1407959,-0.030795898,0.0492041,0.2192041,0.2892041,0.3092041,0.5092041,0.6892041,0.9592041,1.1992041,1.3792042,1.6392041,1.8392041,2.089204,2.4592042,2.799204,3.0192041,3.4492042,4.1292043,3.7592041
5.709204,6.3392043,6.959204,7.419204,7.709204,7.919204,8.069204,8.009204,8.429204,8.589204,8.879204,9.1192045,8.989204,8.929204,8.899204,8.559204,8.129204,7.309204,6.579204,6.0692043,5.459204,4.799204,4.009204,2.799204,2.159204,1.5492041,0.8192041,0.4692041,0.4692041,0.2192041,0.1892041,0.3992041,0.5992041,0.6792041,0.4292041,-0.020795899,-1.5407959,-2.5507958,-0.8307959,0.1392041,0.1392041,0.0892041,-0.0707959,-0.2707959,-0.1407959,0.029204102,0.1792041,0.2592041,0.3292041,0.4992041,0.7192041,1.0692041,1.7792041,1.8892041,0.019204102,-2.7807958,-3.7707958,-2.4607959
5.079204,5.449204,5.889204,6.1492043,6.269204,6.139204,5.8592043,5.939204,6.5892043,7.119204,6.749204,5.3792043,4.6492043,5.209204,6.329204,7.249204,7.299204,6.519204,5.619204,4.669204,3.9692042,3.359204,2.639204,2.069204,1.2692041,0.7692041,0.2992041,-0.2107959,-0.4307959,-0.3107959,-0.2807959,-0.15079589,0.0492041,0.2492041,0.41920412,0.2692041,-0.4307959,-1.2507958,-2.2707958,-3.2207959,-3.5307958,-3.4607959,-3.180796,-2.7707958,-2.2707958,-1.630796,-1.1207958,-0.7907959,-0.1407959,-0.2507959,-2.2807958,-4.820796,-6.270796,-6.3907957,-5.550796,-4.280796,-2.870796,-1.3507959
