raw-data/2018091518.json
{"header": { "discipline":0, "disciplineName":"Meteorological products", "gribEdition":2, "gribLength":74191, "center":7, "centerName":"US National Weather Service - NCEP(WMC)", "subcenter":0, "refTime":"2018-09-15T18:00:00.000Z", "significanceOfRT":1, "significanceOfRTName":"Start of forecast", "productStatus":0, "productStatusName":"Operational products", "productType":1, "productTypeName":"Forecast products", "productDefinitionTemplate":0, "productDefinitionTemplateName":"Analysis/forecast at horizontal level/layer at a point in time", "parameterCategory":2, "parameterCategoryName":"Momentum", "parameterNumber":3, "parameterNumberName":"V-component_of_wind", "parameterUnit":"m.s-1", "genProcessType":2, "genProcessTypeName":"Forecast", "forecastTime":0, "surface1Type":103, "surface1TypeName":"Specified height level above ground", "surface1Value":10.0, "surface2Type":255, "surface2TypeName":"Missing", "surface2Value":0.0, "gridDefinitionTemplate":0, "gridDefinitionTemplateName":"Latitude_Longitude", "numberPoints":65160, "shape":6, "shapeName":"Earth spherical with radius of 6,371,229.0 m", "gridUnits":"degrees", "resolution":48, "winds":"true", "scanMode":0, "nx":360, "ny":181, "basicAngle":0, "lo1":0.0, "la1":90.0, "lo2":359.0, "la2":-90.0, "dx":1.0, "dy":1.0 }, "data":
[rows 26 to 51 of 181, columns 290 to 347 of 360]
4.0422926,4.5222926,4.9022923,3.0822926,1.3722925,-0.30770752,-1.8377075,0.23229247,2.7522924,1.6322925,-1.9177076,-4.6577077,-6.3477077,-7.1277075,-7.7277074,-7.9877076,-8.317707,-8.607708,-6.5577073,-2.1677074,-1.7977076,-0.80770755,0.7922925,2.1322925,2.0822926,2.1022925,1.6122925,-1.3577075,-2.2377076,-3.1777074,-8.5877075,-8.567707,-7.2577076,-7.4377074,-9.227708,-10.387708,-10.687708,-11.307708,-11.417707,-11.277707,-11.027707,-11.057708,-10.797708,-9.157707,-5.9977074,-2.4377074,-0.05770752,1.0922924,1.0922924,-2.0377076,1.1722925,4.7822924,1.9322925,-1.0677075,-3.6577075,2.2722924,5.6922927,5.5822926
3.9822924,2.6722925,1.3722925,4.5122924,2.9222925,0.03229248,-0.27770752,2.0322924,2.2022924,1.8122925,0.26229247,-3.4277074,-5.9477077,-6.5177073,-6.9477077,-7.1577077,-7.2377076,-8.137708,-9.0877075,-6.8377075,-0.69770753,-0.24770752,3.0322924,3.5022924,2.2022924,1.0022925,-0.87770754,0.19229248,-1.1677076,-6.5377073,-9.427708,-8.197707,-8.3777075,-9.927708,-10.477708,-10.367707,-10.977708,-11.937708,-13.097708,-13.827707,-15.117707,-14.757708,-8.397708,-1.3877075,2.6222925,4.8622923,6.2122927,6.5122924,6.3122926,4.5322924,2.2722924,4.3322926,6.8622923,7.0522923,6.9422927,7.1222925,7.4122925,7.2222924
6.7722926,5.6322923,4.2922926,2.3922925,1.0522925,1.6522925,1.4922925,3.5822926,4.3822923,2.7822924,0.44229248,-2.1077075,-4.4977074,-5.5177073,-5.9077077,-6.2377076,-6.4177074,-6.9477077,-7.8777075,-8.527707,-6.3277073,-1.2977076,-1.0777075,0.9622925,1.0822924,-0.5377075,-1.9777075,-0.7977075,-4.2977076,-8.457707,-9.507708,-9.317707,-9.357708,-9.327707,-9.477708,-9.957707,-10.887708,-12.697707,-14.067707,-16.307707,-16.917707,-10.367707,-6.9777074,-2.1477075,4.0922923,8.132293,9.962293,10.482292,9.9122925,8.782292,7.6622925,5.8322926,4.6522923,8.582293,8.692292,8.002293,8.682293,9.232292
1.4022925,2.6022925,4.6722927,6.7922926,5.7322927,6.1922927,5.8722925,4.9622927,5.1322923,3.3922925,1.3722925,-0.19770752,-2.2077074,-4.2877073,-5.3977075,-6.1577077,-6.4377074,-6.4477077,-6.7877073,-7.7477074,-8.247707,-8.097708,-2.5677075,0.02229248,0.86229247,-0.69770753,-0.0077075195,-1.2877076,-7.4577074,-9.017708,-7.1177077,-7.2577076,-7.5877075,-8.017708,-8.727708,-9.327707,-10.117707,-11.097708,-12.537707,-14.867707,-14.817707,-10.237707,-8.257708,0.75229245,7.7022924,11.6622925,14.572292,13.132293,11.922293,10.092293,8.152292,6.6722927,4.7722926,3.5322924,6.6622925,7.9122925,10.902292,11.902292
0.7222925,1.4622924,2.7922926,4.1022925,5.6422925,2.7322924,5.0422926,6.6022925,5.0722923,3.6122925,2.4822924,1.0022925,-0.44770753,-1.8777075,-3.2977076,-4.4677076,-5.0277076,-5.2477074,-5.8277073,-7.0177073,-7.8777075,-7.8277073,-7.0377073,-4.1477075,-2.1477075,-0.7777075,0.42229247,-0.63770753,-5.8077073,-7.6177077,-6.3477077,-6.2577076,-6.3377075,-6.3977075,-7.1177077,-7.6277075,-7.9577074,-8.257708,-8.757708,-8.727708,-7.5777073,-5.3577075,-1.2677075,3.7922926,7.7222924,10.792293,12.002293,10.972293,10.182293,9.182293,7.7622924,6.2122927,4.3922925,2.5122924,5.5222926,10.952292,11.9122925,10.502293
-0.69770753,-0.09770752,0.6022925,1.1622925,2.3022926,3.6422925,2.5122924,4.2422924,5.7022924,3.8222926,3.4522924,1.9822925,-0.13770752,-1.4777075,-2.0477076,-2.8177075,-3.9077075,-4.9277077,-5.7077074,-6.3477077,-6.8777075,-6.9277077,-6.3277073,-5.6277075,-4.8577075,-3.2977076,-3.4577074,-3.4577074,-5.2477074,-7.5277076,-6.6477075,-5.3477077,-4.0177073,-4.1377077,-4.7677073,-5.0277076,-4.9377074,-4.2377076,-3.8977075,-3.5177076,-2.7177076,-1.3077075,0.8222925,3.2322924,5.2922926,6.6722927,7.4322925,7.5422926,7.3122926,6.6822925,5.9422927,4.4722924,2.9122925,1.5822924,8.932293,10.612292,10.282292,10.232292
-1.6877075,-1.0977075,-0.4377075,0.5322925,1.2622925,1.7322925,2.2722924,2.8122926,3.9822924,5.1522923,3.5022924,2.7022924,0.94229245,-0.9777075,-2.5177076,-3.2777076,-3.6477075,-3.9977076,-4.4777074,-4.8877077,-5.1777077,-5.4277077,-5.4377074,-5.0777073,-4.4877076,-4.3977075,-4.6977077,-5.1877074,-5.1377077,-5.1877074,-5.4577074,-4.9977074,-4.0777073,-3.5677075,-3.1477075,-2.4077075,-2.1477075,-1.5877075,-1.0877075,-0.5777075,0.08229248,0.9122925,1.7822925,2.6422925,3.4022925,4.0522923,4.2922926,4.2922926,4.3022923,4.2622924,3.7522924,2.3622925,0.2722925,3.6122925,9.422293,9.752293,9.972293,10.592293
-0.9277075,-1.2277075,-1.0477076,-0.99770755,-0.21770751,0.86229247,1.2122924,2.3622925,2.3922925,3.8922925,4.0622926,2.1222925,0.69229245,-0.5977075,-1.8877075,-2.9677076,-3.7777076,-4.4077077,-4.8677077,-5.0777073,-5.2377076,-5.3177075,-5.1977077,-4.9277077,-4.7377076,-4.6377077,-4.5877075,-4.3177075,-4.2377076,-4.1477075,-3.9277074,-3.4777076,-2.9177074,-2.2277076,-1.5877075,-1.1377075,-0.7977075,-0.49770752,-0.3177075,-0.17770752,-0.0077075195,0.23229247,0.50229245,0.87229246,1.2522925,1.6422925,1.9022925,2.1622925,2.0922925,1.7322925,0.93229246,-0.19770752,-1.9877075,6.8122926,7.1222925,7.9922924,8.952292,10.642292
-0.88770753,-1.5577075,-1.1977075,-1.2777076,-0.93770754,-0.99770755,-0.69770753,-0.6577075,0.7922925,1.1922925,2.0422926,1.5022925,-0.23770753,-1.1377075,-2.0277076,-3.0577075,-3.7877076,-4.5677075,-5.2177076,-5.7877073,-6.0277076,-6.0977077,-5.9477077,-5.6377077,-5.0877075,-4.5677075,-4.0977077,-3.5977075,-3.1877074,-2.8377075,-2.4677076,-2.1177075,-1.7377075,-1.4377075,-1.2177075,-1.0977075,-1.0977075,-1.0877075,-0.9777075,-0.6777075,-0.3177075,0.07229248,0.4022925,0.5822925,0.5122925,0.47229248,0.44229248,0.23229247,-0.4077075,-0.9777075,-1.7777076,-3.3877075,-0.41770753,3.8422925,2.1222925,0.75229245,4.9122925,8.012293
-2.1477075,-2.4177074,-2.6277075,-2.3477075,-1.8577075,-2.0677075,-2.5877075,-2.6077075,-2.0677075,0.9522925,0.15229248,-1.1577076,-0.5177075,-1.2377075,-2.4077075,-2.9477074,-3.7477076,-5.1377077,-6.0977077,-6.6977077,-7.1077075,-7.2077074,-7.0177073,-6.4477077,-5.6977077,-4.8277073,-3.8577075,-2.8577075,-2.1077075,-1.4977075,-0.9077075,-0.39770752,-0.19770752,-0.13770752,-0.01770752,-0.01770752,-0.05770752,-0.11770752,-0.10770752,-0.19770752,-0.36770752,-0.42770752,-0.44770753,-0.4677075,-0.33770752,-0.5277075,-1.1077075,-1.5977075,-2.1777074,-2.8777075,-4.0277076,-4.6077075,-2.1777074,-4.1577077,-8.827707,6.6322923,11.702292,13.452292
-2.6577075,-3.5777075,-2.8477075,-4.0377073,-3.9677076,-3.4077075,-2.6177075,-2.1377075,-1.7977076,-1.1477075,-0.88770753,1.0722924,-0.8677075,-2.7077074,-3.6277075,-4.9877076,-5.4077077,-5.8577075,-7.3177075,-8.607708,-9.567707,-9.727708,-8.867707,-7.4477077,-5.9677076,-4.5077076,-3.3577075,-1.8277075,-0.38770753,0.94229245,2.3322926,3.1322925,3.1622925,2.5422926,1.7222924,1.0722924,0.5822925,0.2822925,0.3122925,0.11229248,-0.12770753,-0.4377075,-0.8977075,-1.3377075,-1.6577076,-1.8377075,-2.1377075,-2.7377076,-3.3977075,-4.1177077,-4.7877073,-4.8577075,-4.6077075,-9.557708,-4.3677077,11.052293,14.712293,16.992292
-3.5977075,-4.2377076,-3.5277076,-2.8877075,-3.1977074,-2.7777076,-2.5377076,-3.1577075,-3.2477076,-1.3077075,-2.7277076,-3.0177076,-2.3577075,-3.2277076,-5.2377076,-6.9677076,-7.1377077,-8.307708,-8.807708,-9.287707,-8.867707,-7.0477076,-4.3377075,-1.7577075,-0.55770755,-0.09770752,0.32229248,1.1322925,3.1822925,4.0322924,4.6222925,5.5722923,5.4822927,4.9122925,4.5022926,4.2822924,3.7422924,2.6522925,1.5222925,0.7722925,0.3122925,-0.22770752,-0.87770754,-1.4477075,-2.0577075,-2.5277076,-2.9677076,-3.4277074,-4.0777073,-4.5477076,-4.2577076,-4.2077074,-6.0677075,-6.8777075,0.03229248,8.022292,12.922293,15.862292
-3.3877075,-3.7277076,-3.1277075,-3.4477074,-3.3177075,-3.5977075,-4.0577073,-3.1577075,-3.1577075,-3.0977075,-2.6177075,-3.6077075,-3.4677076,-5.3477077,-5.9277077,-10.547708,-9.567707,-8.8777075,-7.8077073,-6.0877075,-4.5677075,-3.7277076,-1.5077075,0.6722925,2.0322924,2.9722924,4.0022926,5.0922923,5.4622927,6.3922925,6.6822925,5.8922925,6.1622925,6.9622927,6.4422927,4.6222925,3.0322924,1.8222924,0.5822925,-0.21770751,-0.80770755,-1.2477075,-1.5577075,-1.8577075,-2.1277075,-2.4377074,-2.9677076,-3.4577074,-3.7677076,-3.7777076,-3.4277074,-3.8577075,-4.9777074,-4.5477076,-0.5277075,6.0222926,12.172293,12.692292
-2.8677075,-3.9477074,-4.5777073,-3.4377074,-3.3077075,-2.3577075,-1.5977075,-1.1477075,-0.30770752,0.30229247,0.20229249,0.0022924806,3.0422926,5.4622927,-3.1577075,-8.447707,-7.3477077,-6.8277073,-5.5077076,-3.9977076,-2.0977075,-0.3777075,1.4322925,2.6922925,3.6622925,4.1522923,4.2022924,5.3322926,6.6422925,7.1522923,7.4922924,7.6622925,7.3422923,6.6922927,6.2822924,4.0422926,1.6422925,0.7922925,0.02229248,-0.29770753,-0.5177075,-0.7877075,-1.1677076,-1.7177075,-2.2477076,-2.6277075,-2.7777076,-3.1577075,-3.3277075,-3.1777074,-3.1777074,-3.9577074,-4.9277077,-3.2577076,0.39229247,7.6622925,10.672293,10.512293
-2.1777074,-2.5877075,-2.1877074,-1.3077075,5.4322925,2.2622924,1.0922924,0.23229247,0.10229248,1.0322925,2.2322924,2.3922925,5.4522924,-0.3777075,-1.8077075,-4.6477075,-3.9677076,-3.3177075,-2.1377075,0.05229248,1.5122925,2.7522924,3.6722925,4.1522923,4.1022925,4.4422927,5.1322923,5.7722926,6.0022926,6.0622926,6.0122924,5.7522926,5.0222926,3.8522925,3.2322924,1.8522925,-0.05770752,-0.45770752,-0.63770753,-1.3877075,-1.4577075,-1.0577075,-0.50770754,-0.22770752,-0.36770752,-0.5877075,-0.6677075,-1.1677076,-2.0377076,-2.7777076,-4.0477076,-4.9177074,-4.3777075,-3.0277076,4.3922925,8.822292,8.862292,8.772292
-0.93770754,-2.1477075,4.5222926,2.1622925,-0.45770752,-2.0877075,-3.1477075,0.08229248,2.4322925,2.5722926,2.4822924,4.4222927,1.1922925,-0.13770752,-0.3777075,0.02229248,0.4322925,3.7722924,5.5022926,5.5122924,5.0022926,4.2322927,3.9122925,3.6622925,4.2022924,4.9722924,4.9922924,4.8022923,4.6222925,4.1322923,3.5022924,2.8822925,2.0222924,1.2022924,0.15229248,-0.12770753,0.0022924806,-0.5377075,-0.36770752,-0.08770752,-0.12770753,1.0422925,2.2222924,1.9522924,1.2322925,0.38229248,-0.6077075,-1.6477075,-2.7677076,-3.9577074,-4.8577075,-4.7977076,-3.6377075,3.2722924,7.3422923,8.102292,7.9522924,7.5822926
-0.9577075,0.24229248,-1.3077075,-0.8677075,0.24229248,1.0722924,3.9522924,2.3822925,1.9022925,2.9722924,3.3422925,2.3022926,1.7122924,3.0922925,2.4622924,3.2422924,3.0622926,5.2222924,4.5122924,5.4622927,4.8722925,4.0922923,3.8422925,3.8122926,3.8422925,3.6622925,3.2622924,2.7222924,2.1922925,1.3622925,0.6622925,0.0022924806,-0.04770752,-0.22770752,-0.23770753,0.12229248,0.45229247,0.17229249,0.4622925,2.0122924,2.3322926,1.3022925,0.6622925,0.32229248,-0.19770752,-1.0877075,-2.2377076,-3.3977075,-4.3877077,-4.8877077,-4.5477076,-2.7077074,3.6922925,7.0122924,7.8422923,7.9222927,7.3822923,6.3122926
1.4122925,-0.27770752,0.25229248,0.4022925,0.6422925,1.9722924,3.0822926,2.9622924,2.3122926,5.8122926,0.7222925,3.9522924,3.2022924,2.8022926,2.9622924,3.6822925,4.3122926,2.1922925,6.0322924,4.7622924,3.7522924,2.8022926,1.9922925,1.9022925,1.8222924,1.5222925,0.9122925,0.15229248,-0.74770755,-1.4577075,-1.4477075,-1.2177075,-1.1977075,-0.07770752,0.22229248,0.3122925,2.3122926,2.0122924,0.4622925,-0.07770752,-0.20770752,-0.42770752,-0.5477075,-0.7677075,-1.7377075,-2.9977076,-3.9677076,-4.2677073,-4.0977077,-3.1177075,0.39229247,4.8722925,7.1822925,7.2722926,7.1022925,7.4922924,6.6022925,5.2422924
-0.6177075,-0.14770752,1.7222924,1.3622925,2.3022926,2.0122924,3.7022924,2.5522926,2.1022925,0.8922925,3.2322924,7.0222926,4.8822923,4.1022925,3.9322925,4.4522924,3.7322924,2.6822925,2.0422926,1.7122924,1.1522925,0.9222925,0.42229247,0.10229248,-0.3177075,-0.93770754,-1.6377075,-2.0577075,-2.3777075,-2.2777076,-1.8277075,-1.4577075,-1.3077075,-0.4677075,1.4222925,0.8822925,-0.5777075,-0.8677075,-0.7377075,-0.6077075,-0.81770754,-0.99770755,-2.2577076,-3.7977076,-3.9577074,-3.7377076,-3.3477075,-2.3077075,1.0122925,4.1422925,6.0322924,7.0422926,6.6122923,6.2422924,7.0022926,6.7222924,5.2322927,3.8322926
1.0422925,1.3122925,1.1122925,3.6722925,4.8722925,0.22229248,-1.2077075,1.3622925,4.5822926,5.1522923,4.0922923,4.4822927,3.9922924,3.5722926,2.8722925,2.5222924,1.5322925,0.68229246,0.16229248,-0.14770752,-0.39770752,-0.88770753,-1.3477075,-2.1277075,-2.4977076,-2.7677076,-2.9377074,-2.8577075,-2.9277074,-2.8477075,-2.3077075,-2.6577075,-1.1577076,-1.5177075,-2.4577074,-2.6477075,-2.3777075,-1.9677075,-2.4177074,-2.7377076,-2.8077075,-3.0577075,-3.1677074,-3.0377076,-2.5377076,-1.4877075,1.1822925,3.9022925,4.8722925,5.4222927,5.4522924,5.4422927,5.4422927,5.0022926,5.7422924,5.3922925,3.2622924,2.3822925
1.9422925,3.8322926,2.1222925,1.4522924,0.61229247,2.2022924,4.0722923,1.5522925,2.1622925,2.3122926,2.3922925,2.4222925,2.1222925,1.5522925,1.0722924,0.6622925,0.29229248,0.20229249,0.68229246,0.09229248,-0.87770754,-1.8777075,-2.7577076,-3.0977075,-3.3177075,-3.8677075,-3.8577075,-3.5877075,-3.5177076,-3.9277074,-4.1977077,-3.5277076,-4.7077074,-5.1477075,-5.4577074,-5.3777075,-4.7177076,-4.0977077,-3.6077075,-3.1777074,-2.9877076,-2.7377076,-2.3677075,-1.4877075,1.1522925,3.2022924,4.6422925,5.4022923,5.6922927,5.6622925,5.7822924,5.5222926,4.9722924,4.8322926,4.4422927,3.0722926,1.2622925,1.6622925
2.0922925,1.6122925,1.6822925,1.4022925,-0.03770752,-0.13770752,0.33229247,0.5722925,0.4622925,0.05229248,0.4622925,0.26229247,-0.20770752,-0.36770752,-0.87770754,-0.9077075,-0.5877075,-0.23770753,-0.6477075,-1.5077075,-2.3477075,-2.8477075,-3.4077075,-4.1477075,-4.8277073,-4.0677075,-3.7677076,-4.5277076,-5.0177073,-4.6277075,-5.2077074,-5.9677076,-6.5777073,-7.5777073,-7.8677077,-7.7877073,-7.0677075,-5.1477075,-2.9077075,-1.2277075,-0.39770752,1.3322924,3.3422925,4.8722925,5.6422925,5.5322924,5.2922926,5.7122927,6.1522923,5.6322923,5.1722927,4.4422927,4.3922925,3.9122925,2.9122925,1.5422925,0.04229248,-0.6177075
-0.11770752,0.06229248,0.68229246,0.75229245,-0.04770752,-0.32770753,-0.9677075,-0.6477075,-1.3377075,-1.3477075,-1.2977076,-2.1377075,-2.7377076,-2.3077075,-1.0077075,-0.13770752,-0.39770752,-1.1577076,-1.8177075,-2.8077075,-3.2577076,-4.0777073,-5.1877074,-4.5777073,-3.4277074,-3.6077075,-3.6077075,-4.1177077,-4.9777074,-5.9477077,-6.8377075,-7.9377074,-8.927708,-9.687708,-10.737707,-10.797708,-9.157707,-8.5877075,-5.2077074,-1.4577075,1.3722925,3.8422925,5.7422924,5.7322927,5.3022923,5.4122925,5.9022923,7.0322924,6.8122926,5.8522925,4.8022923,3.6122925,3.6422925,2.8722925,1.8922925,0.13229248,-1.8177075,-3.8877075
-1.3677075,-1.1977075,-0.36770752,-1.3877075,-1.1677076,-1.5477076,-1.3477075,-1.8177075,-2.5477076,-2.8677075,-3.8677075,-4.7177076,-1.8777075,-0.5477075,-0.9277075,-0.8277075,-1.1677076,-2.1277075,-2.7977076,-3.0077076,-3.6777074,-3.6577075,-1.9277076,-3.0477076,-3.5777075,-4.0577073,-4.5377073,-4.9777074,-5.7677073,-6.8677077,-7.2477074,-8.407707,-9.5877075,-10.987707,-13.277707,-15.547708,-11.327707,1.8622925,6.8422923,10.842293,11.142292,9.682293,9.182293,8.992292,8.8722925,9.142292,8.6222925,8.312292,7.4522924,6.5922923,5.4522924,4.8822923,3.8722925,2.4422925,0.6022925,-1.8877075,-4.2177076,-5.8777075
-2.8977075,-0.22770752,-0.2877075,-0.45770752,-0.63770753,-1.0177075,-1.8677075,-2.5377076,-3.6277075,-4.8277073,-5.2177076,-2.5977075,-2.8377075,-2.4277074,-1.4177076,-1.2777076,-2.1177075,-3.2077074,-3.7577076,-3.5477076,-3.5177076,-3.5377076,-3.6377075,-4.3377075,-4.4277077,-4.1077075,-4.0577073,-4.8377075,-6.1577077,-5.8877077,-6.6877074,-8.257708,-9.737707,-12.057708,-14.767708,-18.997707,-15.167707,4.1322923,18.102293,14.762293,14.172293,12.992292,10.432293,10.322292,10.452292,10.952292,9.292293,8.702292,7.2922926,6.7522926,5.2022924,4.4322925,2.7822924,0.7622925,-1.4477075,-3.6277075,-5.3177075,-6.4577074
-0.5977075,-0.68770754,-0.8477075,-0.9577075,-0.94770753,-1.3277075,-1.9177076,-3.7077074,-4.5677075,-4.3377075,-4.1877074,-4.0877075,-3.4077075,-3.2877076,-1.3877075,-1.8577075,-3.1477075,-4.0077076,-4.1777077,-4.1277075,-4.4277077,-4.6577077,-4.7877073,-4.3877077,-4.0977077,-4.0077076,-3.6977074,-4.2677073,-5.0377073,-5.6977077,-6.5977077,-7.5477076,-9.067707,-11.187708,-12.687708,-15.447707,-5.9277077,7.1422925,24.362293,18.892292,15.712293,13.462293,9.362292,8.992292,9.802293,10.382293,9.352292,8.632293,7.0422926,5.7322927,3.8622925,3.8722925,1.6822925,-0.5977075,-2.7077074,-4.2477074,-5.4077077,-6.4377074
