raw-data/2018091606.json
{"header": { "discipline":0, "disciplineName":"Meteorological products", "gribEdition":2, "gribLength":73915, "center":7, "centerName":"US National Weather Service - NCEP(WMC)", "subcenter":0, "refTime":"2018-09-16T06:00:00.000Z", "significanceOfRT":1, "significanceOfRTName":"Start of forecast", "productStatus":0, "productStatusName":"Operational products", "productType":1, "productTypeName":"Forecast products", "productDefinitionTemplate":0, "productDefinitionTemplateName":"Analysis/forecast at horizontal level/layer at a point in time", "parameterCategory":2, "parameterCategoryName":"Momentum", "parameterNumber":2, "parameterNumberName":"U-component_of_wind", "parameterUnit":"m.s-1", "genProcessType":2, "genProcessTypeName":"Forecast", "forecastTime":0, "surface1Type":103, "surface1TypeName":"Specified height level above ground", "surface1Value":10.0, "surface2Type":255, "surface2TypeName":"Missing", "surface2Value":0.0, "gridDefinitionTemplate":0, "gridDefinitionTemplateName":"Latitude_Longitude", "numberPoints":65160, "shape":6, "shapeName":"Earth spherical with radius of 6,371,229.0 m", "gridUnits":"degrees", "resolution":48, "winds":"true", "scanMode":0, "nx":360, "ny":181, "basicAngle":0, "lo1":0.0, "la1":90.0, "lo2":359.0, "la2":-90.0, "dx":1.0, "dy":1.0 }, "data":
[rows 104 to 129 of 181, columns 58 to 115 of 360]
-4.838408,-4.2684083,-3.3384082,-2.6184082,-2.2584083,-3.228408,-6.178408,-9.038408,-10.668408,-11.888409,-11.918408,-11.268408,-11.208408,-10.378408,-9.358408,-9.018408,-8.718409,-7.9384084,-7.048408,-7.218408,-7.528408,-8.5484085,-9.258409,-10.058408,-10.138409,-10.388409,-10.608408,-10.588408,-9.598408,-8.598408,-8.478408,-8.538408,-8.828408,-9.328408,-9.308408,-9.368408,-9.268408,-8.098408,-8.038408,-8.068408,-8.558408,-7.618408,-7.638408,-7.6684084,-7.338408,-6.838408,-6.5384083,-6.0184083,-5.838408,-5.528408,-5.098408,-4.2684083,-3.458408,-2.738408,-2.1284082,-1.8284082,-2.0584083,-1.9684082
-4.678408,-4.1884084,-3.3184083,-3.1184082,-2.5684083,-4.7884083,-6.488408,-9.008409,-9.828408,-10.958408,-10.678409,-10.728408,-10.598408,-9.308408,-9.318408,-8.928409,-8.518408,-8.218409,-7.2484083,-7.1284084,-7.758408,-8.848408,-9.498408,-10.288408,-10.378408,-10.208408,-10.198408,-9.938408,-9.438408,-8.708408,-8.488408,-8.438408,-8.648408,-8.758409,-8.568408,-8.938408,-8.908408,-8.848408,-8.068408,-7.9984083,-7.8084083,-7.698408,-7.388408,-7.2284083,-7.088408,-6.6884084,-6.2284083,-5.6484084,-5.1484084,-4.8984084,-4.218408,-3.4284081,-2.6884081,-2.0784082,-1.9184082,-2.6184082,-2.4184082,-1.8084083
-4.3984084,-4.008408,-3.8184083,-3.6384082,-3.7784083,-5.0584083,-6.908408,-9.078408,-9.648408,-10.218409,-10.128408,-9.728408,-9.448408,-9.458408,-9.078408,-8.478408,-8.368408,-8.438408,-7.858408,-7.3984084,-8.038408,-9.318408,-9.788408,-9.738408,-9.748408,-9.488408,-9.608408,-9.218409,-8.658408,-8.108408,-8.508409,-8.858408,-9.108408,-9.278408,-8.438408,-8.068408,-8.328408,-8.678409,-8.198408,-7.7684083,-7.5184083,-7.278408,-7.2884083,-6.8984084,-6.798408,-6.4784083,-5.948408,-5.4784083,-4.8084083,-4.1884084,-3.5984082,-2.8384082,-2.0984082,-1.8584082,-2.5484083,-2.9084082,-2.6684082,-2.708408
-5.098408,-4.618408,-4.5584083,-4.428408,-4.028408,-4.9584084,-7.298408,-8.468409,-8.728408,-9.038408,-9.228408,-9.368408,-9.658408,-8.978408,-8.638409,-8.188408,-8.128408,-8.598408,-8.588408,-8.238408,-8.568408,-9.5484085,-9.638409,-9.638409,-9.428409,-9.218409,-9.028408,-8.948408,-8.378408,-8.158408,-9.388409,-9.998408,-9.708408,-9.208408,-8.908408,-8.728408,-8.608408,-8.518408,-8.238408,-8.098408,-7.4384084,-7.5784082,-6.778408,-7.028408,-6.838408,-6.1884084,-5.948408,-5.3084083,-4.7284083,-4.048408,-3.2984083,-2.7984083,-2.3184083,-1.9884082,-3.0884082,-3.3584082,-3.5384083,-4.408408
-5.2884083,-4.888408,-4.098408,-4.3984084,-4.408408,-4.3084083,-6.4184084,-7.608408,-8.098408,-8.428409,-8.508409,-9.128408,-9.288408,-8.908408,-8.128408,-8.098408,-7.798408,-8.448408,-8.878408,-9.538408,-9.578408,-9.698408,-9.528408,-9.628408,-9.648408,-9.568408,-9.248408,-9.218409,-8.858408,-8.718409,-9.148408,-9.158408,-9.188408,-9.118408,-8.858408,-8.698408,-8.998408,-8.828408,-8.648408,-8.098408,-7.1484084,-6.888408,-6.928408,-6.428408,-6.568408,-6.528408,-5.8784084,-5.1884084,-4.568408,-3.9984083,-3.5884082,-2.8884082,-2.5084083,-2.6584082,-3.3184083,-3.5084083,-3.6984081,-4.8784084
-5.5184083,-4.8284082,-4.118408,-2.9084082,-3.8384082,-3.0984082,-3.708408,-7.098408,-7.8084083,-7.428408,-8.268408,-9.618408,-9.368408,-8.5484085,-8.128408,-7.7684083,-7.5584083,-8.688408,-9.028408,-9.708408,-9.988408,-9.988408,-9.828408,-9.758409,-9.878408,-9.718409,-9.5484085,-9.288408,-9.478408,-9.438408,-9.118408,-8.878408,-8.748408,-8.818408,-9.108408,-9.428409,-9.628408,-8.468409,-7.8984084,-7.4984083,-6.9784083,-6.888408,-6.4384084,-6.5184083,-6.758408,-6.908408,-6.098408,-5.508408,-4.868408,-4.158408,-3.6184082,-3.208408,-2.5284083,-2.4484081,-3.3984082,-3.1684082,-3.6084082,-4.8784084
-4.6484084,-4.368408,-3.1884081,-2.5284083,-2.0884082,-0.83840823,-3.3084083,-7.348408,-7.5584083,-7.6484084,-8.838408,-9.808408,-9.368408,-8.248408,-7.9184084,-7.6284084,-8.268408,-9.698408,-9.658408,-9.858408,-9.988408,-10.448408,-9.858408,-9.988408,-10.118408,-10.128408,-10.318408,-10.478408,-10.348408,-10.108408,-9.738408,-10.268408,-10.538408,-10.768408,-10.508409,-9.948408,-8.878408,-7.8084083,-7.318408,-7.6484084,-7.448408,-7.108408,-6.868408,-6.858408,-6.738408,-7.0784082,-6.2284083,-5.818408,-5.178408,-4.548408,-3.728408,-3.0384083,-2.5284083,-2.1784081,-2.478408,-2.5384083,-2.6784081,-4.4384084
-3.7484083,-3.4184082,-2.1184082,-1.8584082,-2.488408,-0.2184082,-4.6884084,-6.8984084,-7.2484083,-8.578408,-8.5484085,-9.428409,-9.328408,-8.158408,-7.678408,-7.338408,-8.918408,-9.448408,-9.628408,-9.768408,-9.998408,-9.898408,-10.0484085,-10.268408,-10.348408,-10.238408,-10.358408,-10.558408,-10.538408,-10.198408,-10.738408,-10.908408,-10.788408,-10.468409,-9.878408,-9.018408,-8.188408,-7.3784084,-7.2484083,-7.698408,-8.008409,-7.608408,-7.4184084,-7.0584083,-6.698408,-6.7284083,-6.3984084,-5.4384084,-5.1884084,-4.5784082,-3.8384082,-2.8784082,-1.9784082,-1.3484082,-1.3684082,-1.0884082,-0.7884082,-2.6184082
-3.5684083,-3.3384082,-1.6184082,-2.4184082,-1.1684082,1.8715918,-4.948408,-6.9184084,-7.178408,-7.8084083,-9.018408,-8.898408,-9.328408,-7.948408,-7.5184083,-7.098408,-9.268408,-9.708408,-9.518408,-9.608408,-9.608408,-9.658408,-10.088408,-10.228408,-10.288408,-10.188408,-10.078408,-10.028408,-9.988408,-10.248408,-10.758409,-10.928409,-10.648408,-10.088408,-9.2984085,-8.908408,-8.108408,-7.928408,-7.588408,-7.9784083,-8.318408,-7.848408,-7.4184084,-7.2084084,-6.678408,-6.218408,-5.4784083,-4.508408,-4.888408,-4.408408,-3.468408,-2.5284083,-1.4184082,-0.3384082,0.30159178,0.5015918,2.6915917,3.5515919
-3.1784081,-2.8384082,-2.0984082,-1.3484082,-0.6784082,0.27159178,-6.258408,-7.818408,-8.378408,-6.9184084,-9.478408,-8.458408,-8.718409,-8.0484085,-7.618408,-7.8984084,-9.588408,-9.818408,-9.608408,-9.488408,-9.478408,-9.2984085,-9.608408,-9.728408,-9.5484085,-9.508409,-9.5484085,-9.538408,-9.628408,-9.898408,-10.268408,-10.328408,-9.808408,-9.2984085,-8.678409,-8.328408,-8.198408,-8.088408,-8.308408,-8.208408,-8.238408,-7.758408,-7.468408,-7.3084083,-6.8784084,-5.9784083,-5.2084084,-4.598408,-4.1684084,-3.8184083,-2.9284081,-1.7984082,-0.7984082,0.3215918,1.6515918,2.4215918,6.4415917,6.0015917
-1.8284082,-2.0584083,-2.0184083,-1.4684082,-1.3284082,-1.6084082,-6.928408,-7.598408,-8.058408,-7.1884084,-8.418408,-8.218409,-8.358408,-8.088408,-7.6484084,-8.138409,-9.718409,-9.748408,-9.278408,-8.938408,-8.818408,-9.178409,-9.288408,-9.448408,-9.538408,-9.248408,-9.228408,-9.218409,-8.998408,-9.128408,-9.468409,-9.618408,-9.098408,-8.638409,-8.388409,-8.508409,-8.238408,-8.078408,-8.0484085,-8.098408,-7.778408,-7.4784083,-7.3084083,-6.9384084,-6.658408,-6.0184083,-5.3984084,-4.548408,-3.8384082,-3.3384082,-2.5284083,-1.3984082,-0.3684082,0.6815918,2.3315918,3.271592,6.701592,6.4415917
-1.2784082,-1.6484082,-2.0984082,-2.3084083,-2.0784082,-3.0984082,-5.8284082,-8.208408,-7.6284084,-7.548408,-7.718408,-7.888408,-8.228408,-7.8984084,-7.258408,-7.868408,-9.198408,-9.228408,-8.948408,-8.618408,-8.2984085,-8.528408,-8.5484085,-8.318408,-8.728408,-9.118408,-9.208408,-9.2984085,-9.398408,-9.508409,-9.318408,-9.178409,-8.898408,-8.218409,-8.498408,-8.438408,-8.278408,-7.948408,-7.928408,-7.088408,-7.4584084,-7.2884083,-7.158408,-6.6484084,-6.3984084,-5.778408,-5.108408,-4.158408,-3.7584083,-3.1984081,-2.5684083,-1.2784082,-0.3884082,0.4415918,2.1715918,4.0815916,6.931592,7.151592
-0.5784082,-1.2884082,-2.0184083,-2.6184082,-3.0784082,-4.5784082,-5.408408,-8.508409,-7.238408,-8.098408,-6.8284082,-7.0784082,-7.9384084,-7.2484083,-6.7884083,-7.338408,-8.418408,-8.888409,-8.328408,-7.988408,-7.8784084,-8.108408,-7.218408,-8.308408,-8.448408,-8.368408,-8.428409,-8.508409,-8.348408,-8.448408,-8.458408,-8.458408,-8.608408,-8.5484085,-8.2984085,-8.228408,-7.888408,-7.678408,-7.698408,-7.4384084,-6.718408,-6.718408,-6.8984084,-6.048408,-5.358408,-5.048408,-4.678408,-4.028408,-3.4184082,-2.6884081,-2.2584083,-1.5384082,-0.5784082,-0.078408204,1.1115918,2.761592,5.7515917,5.6715918
0.8815918,-0.3984082,-1.4984082,-2.238408,-3.1284082,-2.718408,-4.598408,-5.7084084,-7.2684083,-7.3284082,-6.198408,-6.868408,-7.2084084,-7.088408,-7.2484083,-7.3784084,-7.608408,-7.7884083,-7.5184083,-7.348408,-7.4784083,-6.838408,-7.468408,-7.568408,-7.698408,-8.018408,-8.078408,-7.868408,-7.798408,-7.8984084,-7.9984083,-8.098408,-8.078408,-8.368408,-8.408408,-8.188408,-7.7484083,-7.358408,-7.138408,-7.098408,-6.9584084,-6.6484084,-5.9784083,-5.4584084,-4.758408,-4.0184083,-3.5984082,-2.8784082,-2.6684082,-2.1784081,-1.4384083,-0.9784082,-0.8484082,-0.5484082,-0.0984082,0.8415918,4.301592,4.8515916
2.4915917,1.1615918,-0.5084082,-1.6284082,-2.3384082,-2.968408,-4.9784083,-6.358408,-6.638408,-5.0184083,-6.5784082,-6.348408,-6.508408,-7.0584083,-7.048408,-6.7884083,-6.798408,-6.738408,-6.9184084,-6.488408,-6.348408,-6.618408,-6.838408,-7.068408,-7.488408,-8.108408,-8.448408,-8.368408,-8.218409,-7.988408,-7.8984084,-7.698408,-7.608408,-7.448408,-7.488408,-7.4584084,-6.928408,-6.698408,-6.6684084,-6.488408,-6.368408,-5.9784083,-5.4384084,-4.7284083,-4.008408,-3.2884083,-2.738408,-2.1484082,-1.5984082,-1.1784081,-0.41840822,-0.2284082,-0.3984082,-0.5584082,-0.4984082,-0.1884082,0.7515918,4.721592
3.6115918,2.8215919,1.2015918,-0.3584082,-1.4384083,-2.978408,-3.208408,-4.928408,-4.068408,-4.5184083,-4.968408,-4.598408,-5.2884083,-5.7484083,-6.1284084,-6.048408,-5.9584084,-5.8084083,-5.608408,-5.468408,-5.5384083,-6.068408,-6.468408,-6.968408,-7.0384083,-6.9984083,-7.2484083,-7.278408,-7.1484084,-6.9984083,-6.798408,-6.618408,-6.318408,-6.0384083,-6.098408,-6.068408,-5.9784083,-5.0184083,-4.5584083,-4.548408,-4.158408,-4.218408,-3.8984082,-3.238408,-2.5884082,-2.1484082,-1.5784082,-0.8884082,-0.3584082,-0.2584082,0.1915918,0.7315918,0.7415918,0.27159178,-0.018408203,-0.0884082,0.1515918,3.1815917
4.721592,4.1015916,2.9715917,1.5215918,0.071591794,-1.3284082,-1.9884082,-2.1584082,-3.1584082,-3.4184082,-3.3684082,-3.238408,-3.6084082,-4.068408,-4.3284082,-4.2884083,-4.2884083,-4.388408,-4.158408,-4.0584083,-4.1884084,-4.6484084,-4.858408,-5.0184083,-5.298408,-5.358408,-5.2284083,-5.098408,-5.778408,-6.8284082,-7.008408,-6.818408,-7.008408,-6.908408,-6.778408,-6.7084084,-6.778408,-6.758408,-6.4384084,-6.218408,-6.008408,-5.618408,-4.778408,-3.708408,-2.4284081,-0.9184082,0.2215918,0.7915918,0.9915918,1.4215918,1.8215919,1.7415918,1.9815918,1.9315917,1.3415918,1.0815918,1.3315918,2.3615918
5.6015916,4.8115916,4.361592,3.1315918,1.8615918,0.5515918,-0.1984082,-0.1884082,-0.3584082,-1.8284082,-1.2884082,-1.5984082,-1.6984082,-2.0284083,-2.3084083,-2.1184082,-2.1484082,-2.3384082,-2.3684082,-2.3084083,-2.1384082,-2.2684083,-2.6084082,-2.8284082,-3.1184082,-3.3084083,-5.068408,-7.158408,-7.0384083,-6.7284083,-6.6284084,-6.4584084,-6.6484084,-6.368408,-6.238408,-6.1484084,-6.238408,-6.278408,-6.158408,-5.698408,-5.2684083,-4.798408,-4.278408,-3.5784082,-2.6984081,-2.1284082,-1.5684083,-0.6884082,1.0715919,2.8515918,3.6015918,3.9015918,3.771592,3.4515917,3.6315918,2.9215918,2.7515917,1.7315918
7.201592,5.201592,5.131592,4.241592,3.3415918,2.1115918,1.0815918,0.6715918,0.8315918,0.6915918,0.30159178,0.2915918,-0.2484082,-0.2584082,-0.5384082,-0.3384082,0.011591797,0.101591796,0.011591797,0.1615918,0.6415918,1.2215918,0.3915918,-1.2584082,-2.8884082,-5.1484084,-5.7084084,-5.598408,-6.4384084,-6.7884083,-6.3084083,-6.088408,-6.2884083,-6.0184083,-5.8284082,-5.718408,-5.598408,-5.5184083,-5.3084083,-4.838408,-4.368408,-3.8184083,-3.1784081,-2.468408,-1.9584082,-1.4984082,-1.0084082,-0.1484082,0.4315918,1.1715918,2.4715917,4.631592,5.7715917,5.9815917,5.451592,5.2315917,4.7515917,4.4415917
8.011592,7.5215917,6.471592,4.9815917,4.6215916,3.9515917,2.7015917,2.0815918,1.4115918,0.8415918,1.1415918,1.5415918,1.1515918,0.9915918,0.7915918,0.9315918,1.2815918,1.3615918,1.6015918,2.3715918,2.4715917,1.3915918,-2.0884082,-4.4184084,-4.258408,-4.1484084,-4.088408,-4.8084083,-5.138408,-4.9584084,-5.258408,-5.3784084,-5.2884083,-5.1684084,-4.948408,-4.6684084,-4.2484083,-4.048408,-3.6984081,-3.2784083,-2.6784081,-2.1684082,-1.7084082,-1.1684082,-0.6884082,-0.15840821,0.0815918,0.4715918,1.1115918,1.6615918,2.1115918,2.761592,4.6215916,7.261592,7.9415917,7.2915916,6.7715917,6.3715916
7.1015916,7.131592,6.9815917,5.631592,5.161592,5.1715918,4.4415917,3.4715917,3.0715919,2.4415917,2.261592,2.4215918,1.8915918,1.3715918,1.2215918,1.2615918,0.8015918,-0.048408203,-0.048408203,1.3515918,-2.3884082,-4.2084084,-4.1884084,-4.3984084,-3.968408,-3.2784083,-3.5584083,-3.228408,-3.3584082,-3.5384083,-4.098408,-4.178408,-4.108408,-3.8184083,-3.3884082,-3.0084083,-2.488408,-2.1184082,-1.7584082,-1.3384082,-0.7384082,-0.3684082,0.011591797,0.5015918,1.0015918,1.4815918,1.6515918,1.7915918,2.261592,2.7115917,3.1515918,3.6715918,4.2315917,4.7115917,7.8115916,8.931592,8.621592,5.3315916
6.841592,6.5415916,6.221592,5.7715917,5.4415917,5.4215918,5.2915916,4.801592,4.1915917,3.8115919,3.4015918,3.1315918,2.531592,2.0715919,2.0015917,1.6215918,0.1815918,-0.0984082,-0.7784082,-0.5684082,-1.5784082,-2.238408,-2.4084082,-1.9984082,-1.1984082,-0.6284082,-1.4584082,-2.0084083,-2.0284083,-1.8684082,-2.2484083,-2.6984081,-2.6184082,-2.0384083,-1.3284082,-0.7084082,-0.4284082,0.041591797,0.4815918,0.8115918,1.1515918,1.5615917,1.8615918,2.3115919,2.6915917,3.261592,3.5515919,3.5915918,3.9315917,4.201592,4.391592,4.6015916,4.9815917,5.1915917,5.0015917,6.901592,10.101592,9.601592
6.2515917,6.281592,5.611592,5.5415916,6.301592,6.5415916,5.611592,5.881592,5.7515917,4.891592,4.1715918,3.6315918,2.9315917,2.5915918,2.031592,1.2915918,0.7515918,0.4715918,1.0615917,1.1815917,-0.038408205,-0.5484082,-1.0284082,-0.4984082,0.1815918,0.2215918,0.041591797,0.27159178,0.4715918,0.0515918,-0.2684082,-0.6884082,-0.5284082,0.2615918,1.1315918,1.6915917,2.0015917,2.3715918,2.771592,3.0715919,3.3815918,3.6415918,3.9115918,4.361592,4.7715917,5.0815916,5.4415917,5.931592,6.0015917,5.931592,6.051592,5.9815917,5.9615917,5.951592,5.651592,5.361592,5.9415917,10.361591
5.911592,6.031592,5.5415916,5.201592,6.2915916,6.2115917,7.1215916,7.161592,6.701592,6.5215917,5.451592,4.701592,3.8415918,3.1415918,2.6815917,1.8015918,1.7715918,2.291592,2.5615919,2.8915918,1.8315918,1.1915917,0.5615918,1.0415918,1.5115918,2.2015917,2.5015917,2.7515917,2.5915918,2.9315917,2.6915917,2.5915918,2.5715919,2.791592,3.541592,4.031592,4.361592,4.5015917,4.901592,5.341592,5.4415917,5.701592,6.201592,6.3715916,6.5615916,7.1015916,7.881592,7.6015916,7.0415916,7.841592,7.821592,7.661592,7.5415916,7.181592,6.951592,6.431592,5.6215916,5.491592
5.6215916,5.3315916,5.701592,6.321592,5.6215916,6.1915917,7.0415916,7.491592,7.641592,7.0015917,6.721592,5.911592,5.491592,4.5415916,3.7215917,3.1515918,2.8115919,3.9015918,4.1915917,3.9515917,2.8915918,2.5715919,2.3915918,2.781592,3.1715918,3.7315917,3.521592,4.141592,4.411592,4.681592,5.141592,5.281592,5.1915917,5.261592,5.6915917,6.141592,6.0815916,6.3115916,7.151592,7.111592,7.301592,7.7915916,7.8115916,7.821592,8.101592,8.771592,8.661592,8.401592,8.711592,8.841592,8.751592,9.121592,9.091592,8.791592,8.531591,8.181592,7.651592,6.761592
8.691592,7.611592,7.0215917,6.141592,6.3515916,6.7515917,7.7715917,7.7115917,7.471592,7.761592,7.361592,6.931592,6.3315916,5.6915917,5.091592,4.451592,4.091592,5.6915917,6.551592,6.161592,4.9415917,4.141592,4.321592,4.2115917,4.701592,4.861592,4.7715917,5.381592,6.0015917,6.3315916,6.7315917,7.051592,7.301592,7.141592,7.531592,7.7315917,7.891592,8.551592,8.521592,8.541592,8.971592,8.681592,8.541592,8.891592,9.031591,9.601592,9.521592,10.011592,9.9515915,10.071591,10.9515915,10.971592,10.381592,10.191592,10.231592,9.971592,9.631592,9.031591
