raw-data/2018101000.json
{"header": { "discipline":0, "disciplineName":"Meteorological products", "gribEdition":2, "gribLength":74795, "center":7, "centerName":"US National Weather Service - NCEP(WMC)", "subcenter":0, "refTime":"2018-10-10T00:00:00.000Z", "significanceOfRT":1, "significanceOfRTName":"Start of forecast", "productStatus":0, "productStatusName":"Operational products", "productType":1, "productTypeName":"Forecast products", "productDefinitionTemplate":0, "productDefinitionTemplateName":"Analysis/forecast at horizontal level/layer at a point in time", "parameterCategory":2, "parameterCategoryName":"Momentum", "parameterNumber":2, "parameterNumberName":"U-component_of_wind", "parameterUnit":"m.s-1", "genProcessType":2, "genProcessTypeName":"Forecast", "forecastTime":0, "surface1Type":103, "surface1TypeName":"Specified height level above ground", "surface1Value":10.0, "surface2Type":255, "surface2TypeName":"Missing", "surface2Value":0.0, "gridDefinitionTemplate":0, "gridDefinitionTemplateName":"Latitude_Longitude", "numberPoints":65160, "shape":6, "shapeName":"Earth spherical with radius of 6,371,229.0 m", "gridUnits":"degrees", "resolution":48, "winds":"true", "scanMode":0, "nx":360, "ny":181, "basicAngle":0, "lo1":0.0, "la1":90.0, "lo2":359.0, "la2":-90.0, "dx":1.0, "dy":1.0 }, "data":
[rows 100 to 124 of 181, columns 114 to 170 of 360]
-2.5572143,-2.0172143,-2.0572143,-1.9472144,-2.4472144,-2.2772143,-0.70721436,-2.0072143,-2.6872144,-0.6172144,-1.5972143,-0.89721435,-3.4372144,-4.117214,-4.367214,-4.2472143,-4.0472145,-3.8372145,-4.8072143,-6.7372146,-8.157214,-8.607214,-8.747214,-8.897214,-8.727215,-8.197214,-8.027214,-7.8972144,-7.847214,-6.9572144,-6.7372146,-6.5572143,-6.2572145,-6.8572145,-2.8572145,-0.34721434,-3.7972143,-2.0172143,-5.2872143,-5.7472143,-5.6872144,-5.2872143,-5.7772145,-6.2472143,-5.7672143,-5.177214,-4.2872143,-3.7472143,-5.4772143,-4.2672143,-3.7272143,-2.5872145,-4.5372143,-4.4772143,-4.0672145,-4.097214,-3.9372144
-3.3072143,-2.5272143,-2.5272143,-2.4472144,-2.3972144,-3.3772144,-2.9472144,-2.8872144,-4.407214,-3.6972144,-2.6872144,-2.0272143,-2.8672144,-3.5872145,-4.1272144,-3.9672143,-4.2772145,-3.7072144,-4.347214,-5.9372144,-7.1272144,-7.197214,-7.9672146,-8.647214,-8.707214,-8.2972145,-7.367214,-6.657214,-5.3272142,-6.8272142,-6.5372143,-6.7072144,-7.0572143,-7.347214,-6.9872146,-6.7772145,-6.7672143,-5.867214,-5.407214,-5.5272145,-6.867214,-6.2172146,-5.8372145,-5.7672143,-5.867214,-5.9672146,-6.2972145,-6.447214,-5.5772142,-5.427214,-4.5872145,-4.1272144,-3.8672144,-4.8072143,-4.2372146,-4.2372146,-4.347214
-3.0172143,-2.7572143,-2.3472145,-2.1372144,-1.4672143,-1.1472144,-1.2072144,-2.5972145,-3.1072145,-2.6772144,-1.8672143,-1.4372144,-1.9572144,-2.2772143,-2.5872145,-2.7172143,-3.1372144,-2.7272143,-2.2872143,-3.1372144,-4.1072145,-6.1472144,-6.3572145,-6.0172143,-6.1872144,-7.2072144,-7.387214,-5.9772143,-3.7072144,-5.2772145,-6.0772142,-6.347214,-7.2472143,-7.7972145,-7.8272142,-7.5472145,-6.8372145,-6.7572145,-6.3572145,-6.617214,-6.2772145,-6.5072145,-6.5772142,-6.4672146,-6.6272144,-5.7172146,-6.2972145,-6.3372145,-6.0072145,-5.887214,-5.407214,-5.197214,-5.597214,-4.597214,-4.0672145,-3.6972144,-3.6872144
-2.5972145,-2.3972144,-2.1072145,-1.2072144,-0.30721435,0.18278565,0.5727856,-0.047214355,-0.70721436,-0.6172144,0.032785643,-0.57721436,-0.9972144,-0.8672144,-1.0772144,-1.7172143,-0.48721436,-1.3172144,-1.4072144,-2.7272143,-3.5372143,-3.1872144,-3.1472144,-4.0072145,-4.177214,-4.9872146,-5.8772144,-5.1272144,-3.6672144,-4.7572145,-5.2372146,-5.8272142,-6.1672144,-7.0472145,-7.2372146,-7.5172143,-7.2872143,-7.0872145,-6.8072143,-6.5372143,-6.1872144,-6.197214,-6.1672144,-6.4172144,-6.7072144,-6.617214,-6.657214,-6.5772142,-5.7572145,-5.6872144,-5.1672144,-5.7572145,-5.2372146,-5.5272145,-4.5672145,-4.347214,-4.1672144
-2.3872144,-1.9472144,-1.4072144,-0.81721437,-0.58721435,-0.097214356,0.32278565,0.78278565,1.3727857,1.8027856,1.6927856,0.84278566,0.67278564,0.92278564,1.3227856,1.0827856,0.59278566,-0.08721436,-0.14721435,-0.6172144,-1.6172143,-2.0072143,-2.5872145,-2.5072143,-2.0472143,-3.0772142,-4.6872144,-4.6472144,-3.4272144,-4.4172144,-5.2972145,-5.8272142,-5.3172145,-5.9572144,-6.697214,-6.7572145,-6.677214,-6.6672144,-6.5072145,-6.2972145,-6.2372146,-6.0172143,-5.907214,-6.0672145,-5.9372144,-6.117214,-6.097214,-6.7072144,-6.4172144,-5.9972143,-5.0072145,-4.3272142,-6.367214,-4.117214,-5.2072144,-4.637214,-4.4372144
-1.8672143,-1.3472143,-0.70721436,-0.30721435,-0.52721435,0.19278565,1.1027856,1.5127857,1.4527856,1.9827857,2.4027855,2.0527856,2.6827857,2.6827857,1.3827857,1.6827856,2.0127857,1.9327856,1.8027856,1.9027857,1.4627856,0.20278564,0.67278564,-0.48721436,-0.47721437,-1.4972143,-3.3772144,-4.6672144,-3.6772144,-3.9172144,-3.5972145,-3.2072144,-4.447214,-4.8172145,-5.7272143,-6.2872143,-6.3572145,-6.347214,-6.1872144,-5.9672146,-5.8072143,-5.6472144,-5.617214,-5.5572143,-5.347214,-5.2572145,-5.427214,-5.5372143,-6.2972145,-6.1872144,-5.8072143,-5.2772145,-1.3472143,-3.8572145,-5.4672146,-5.2072144,-4.9672146
-1.2272143,-0.37721434,0.61278564,0.90278566,-0.16721435,1.2627857,2.0227857,2.3027856,2.4327857,2.7127857,1.6027856,2.0627856,4.9127855,1.9027857,-1.2872144,1.4127856,2.6327856,3.7127857,4.0627856,2.8527856,1.9827857,1.8127856,0.06278565,0.5627856,1.2127856,-0.08721436,-1.7872144,-3.2972143,-3.6072145,-3.5572143,-3.3572145,-3.1472144,-2.5272143,-3.5972145,-4.5072145,-5.4172144,-6.0272145,-6.1072145,-6.0272145,-5.8072143,-5.5572143,-5.3072143,-5.1872144,-5.2172146,-4.9772143,-4.887214,-4.9872146,-5.5272145,-5.6072145,-5.947214,-5.677214,-5.7972145,-5.4372144,-3.6872144,-4.5172143,-5.847214,-5.5372143
-0.6272144,0.5727856,1.6327857,2.3527856,0.41278565,1.0427856,0.89278567,1.1827856,2.1927857,2.6427855,2.8627856,3.0027857,4.2427855,2.5927856,-2.3172143,-2.7072144,-1.2472143,-0.22721435,3.2627857,1.1027856,2.1927857,1.8127856,1.0527856,0.112785645,0.20278564,1.4527856,-1.4872143,-0.96721435,-2.0972145,-2.8972144,-1.1672144,-3.2672143,-1.2772144,-2.0372143,-3.3472145,-4.2572145,-5.2572145,-5.5672145,-5.4972143,-5.2972145,-5.137214,-4.9572144,-4.7672143,-4.6672144,-4.5472145,-4.3372145,-4.7772145,-5.157214,-5.5472145,-5.3972144,-5.2272143,-5.4672146,-5.9772143,-6.3272142,-6.2172146,-6.3372145,-6.4872146
-0.107214354,1.1527857,2.1627855,3.4727857,2.2527857,2.3127856,2.4927857,0.93278563,3.3227856,3.7327857,3.5527856,3.9227858,2.6727858,1.5927856,-3.2972143,-5.0272145,-5.5172143,-5.8772144,-2.4772143,-1.4672143,2.3827856,2.9227858,2.9927857,-1.1172143,-0.60721433,-2.0072143,-1.8072144,0.022785645,-0.27721435,0.27278563,-0.16721435,-1.0472144,-1.3372144,-0.96721435,-1.9672143,-3.0472143,-4.0272145,-4.6472144,-4.7272143,-4.5272145,-4.3772144,-4.2172146,-4.1272144,-3.9772143,-3.9872143,-4.0672145,-3.9072144,-4.4572144,-4.7472143,-4.9172144,-4.6072145,-4.9572144,-5.3272142,-5.3172145,-5.7872143,-6.407214,-5.7372146
0.42278564,1.6127857,2.7327857,4.402786,3.6027856,3.2227857,2.5427856,0.83278567,-1.4372144,1.3327856,0.6227856,2.1127856,2.1527855,0.84278566,-1.8272144,-5.2372146,-4.5272145,-6.597214,-9.307215,-2.9672143,-1.6872144,5.0627856,3.6827857,3.0327857,2.1527855,1.7427857,-0.41721436,-0.49721435,1.1227857,0.8827856,0.90278566,-0.31721437,-1.9872143,0.79278564,-0.53721434,-1.6672144,-2.4672143,-3.3172143,-3.6072145,-3.5072143,-3.3772144,-3.2772143,-3.2572143,-3.2172143,-3.3272142,-3.5972145,-3.7872143,-3.4272144,-3.5672143,-3.8672144,-4.177214,-4.4672146,-4.7772145,-5.117214,-5.0772142,-4.7172146,-5.137214
0.9427856,2.0027857,3.3927855,4.7727857,3.7527857,3.9527857,-0.057214357,0.98278564,-1.1172143,-5.5272145,-2.5272143,-6.407214,-2.4672143,-2.0172143,-1.7972144,-0.88721436,-2.2472143,-6.2572145,-8.597215,-7.117214,-7.677214,-7.0472145,-1.1872144,1.8827857,3.4227858,3.9827857,3.0427856,1.9127856,1.3627857,1.8727857,0.35278565,0.10278565,0.0027856445,-1.2772144,-0.6772144,0.19278565,-0.72721434,-1.2472143,-2.0372143,-2.2372143,-2.3172143,-2.2672143,-2.3272142,-2.4872143,-2.8672144,-3.3672144,-3.1872144,-3.0172143,-2.8472145,-2.5672143,-3.4072144,-3.3672144,-4.7872143,-4.8172145,-4.8372145,-4.8372145,-4.367214
1.1227857,2.3227856,2.7727857,2.1627855,4.4727855,0.8727856,-0.58721435,-3.2972143,-2.7472143,-6.2272143,-8.897214,-7.4572144,-6.907214,-5.8772144,-3.4972143,-1.4472144,-3.5572143,-7.2272143,-6.2772145,-5.9372144,-6.157214,-7.4372144,-5.407214,-4.6072145,-4.7972145,-0.81721437,2.4227858,2.1627855,0.8727856,1.6827856,0.64278567,-0.9372144,-0.59721434,-0.52721435,-0.32721436,-0.56721437,0.74278563,0.84278566,-0.0072143553,-1.0172143,-0.96721435,-0.89721435,-1.0972143,-1.9372144,-2.4672143,-2.9472144,-2.9272144,-2.7372143,-2.3172143,-1.5772144,-1.0372144,-1.2872144,-4.0872145,-2.3072143,-3.8572145,-4.137214,-4.0672145
0.91278565,1.4727856,0.34278566,-0.08721436,3.4627857,-0.12721436,-4.9972143,-8.727215,-7.5372143,-6.7972145,-9.537214,-10.357214,-8.557215,-7.4972143,-5.5572143,-4.4372144,-3.5672143,-5.0072145,-5.1672144,-6.157214,-5.637214,-4.4372144,-3.7472143,-2.9772143,-2.5872145,-2.5972145,-1.8072144,-0.89721435,0.40278566,-1.4472144,-3.0672143,-0.40721434,-0.08721436,-0.047214355,0.79278564,0.052785646,1.7527857,2.0627856,1.6427857,0.71278566,0.67278564,0.34278566,0.022785645,-0.91721433,-2.1372144,-2.7072144,-2.5472143,-2.4172144,-2.2472143,-2.0472143,-2.1572144,-1.5272144,1.4227856,-2.9172144,-3.4672143,-3.6472144,-3.3872144
0.72278565,0.49278563,0.25278565,1.1527857,1.4127856,-1.0272144,-3.5672143,-6.8772144,-9.057215,-8.597215,-9.177215,-9.097215,-8.757215,-6.637214,-5.947214,-6.2772145,-5.137214,-2.4772143,-3.7872143,-4.8572145,-4.7972145,-3.6072145,-3.7672143,-3.4772143,-2.7172143,-0.45721436,-2.0272143,-1.0372144,0.37278566,0.55278563,-1.8172144,-1.1272143,0.61278564,1.1427857,1.7127856,1.7927856,1.3727857,-0.18721436,2.7927856,2.4527857,1.9427856,1.2627857,0.74278563,0.17278564,-1.0372144,-1.6472144,-1.4872143,-1.0272144,-1.1572144,-1.2572143,-1.8972144,-3.2972143,-3.6472144,-3.1272144,-3.0072143,-3.2272143,-2.3572145
0.59278566,0.44278565,0.83278567,0.21278565,-1.1072143,0.072785646,-3.7572143,-5.7372146,-7.697214,-9.447214,-9.147214,-8.437214,-6.9972143,-6.0372143,-6.4572144,-6.5572143,-4.2072144,-5.0472145,-5.2072144,-5.8572145,-4.927214,-3.4172144,-2.6372144,-2.4972143,-1.2972144,-0.90721434,-2.5272143,-1.8072144,-1.0972143,1.1327857,2.2927856,-0.017214356,1.2027856,2.8127856,2.3827856,2.5227857,2.8527856,1.4327856,4.5327854,3.3827856,2.8127856,2.0427856,1.3927857,1.1927856,0.43278563,-0.25721437,-0.34721434,-0.08721436,0.25278565,0.13278565,-0.43721434,-1.4472144,-1.8972144,-2.1972144,-2.6572144,-2.3672144,-2.0172143
1.5827856,1.0627856,1.1127857,0.8227856,2.1327856,-1.0272144,-6.5872145,-5.7972145,-6.347214,-7.4872146,-7.9872146,-8.257215,-7.0872145,-3.9372144,-4.2972145,-6.2972145,-5.887214,-6.5572143,-6.407214,-5.7672143,-4.407214,-3.5872145,-2.7572143,-1.8772143,-1.1872144,-0.91721433,-0.33721435,-0.0072143553,-0.20721436,0.37278566,3.8427856,5.112786,2.8827856,0.8727856,2.3427856,2.8427856,2.9227858,3.3827856,1.3227856,4.2227855,3.4527857,2.5827856,2.0927856,1.9727856,1.5427856,0.83278567,0.49278563,-0.15721436,0.32278565,0.46278563,-0.027214356,-1.1372143,-2.5072143,-3.1872144,-2.4572144,-1.8672143,-1.3772143
2.4427857,1.4827857,1.5727856,1.7327857,2.0427856,-3.9072144,-6.4672146,-6.5372143,-7.3772144,-7.7072144,-8.257215,-7.3772144,-5.7072144,-5.177214,-4.637214,-4.847214,-3.9572144,-4.0072145,-4.7572145,-4.3272142,-3.1572144,-2.6872144,-2.3872144,-1.6872144,-1.0272144,-0.7972143,-0.107214354,1.1327857,2.9527857,2.9227858,3.4527857,6.3527856,8.182786,7.2627854,5.7027855,2.9027855,3.0327857,3.1427855,2.8527856,1.4027857,4.4627857,3.1727858,2.7127857,2.2027857,1.9527856,1.6427857,1.3727857,-0.16721435,-0.18721436,-0.7372143,-1.4572144,-2.3672144,-2.7872143,-1.9372144,-1.0572144,-0.24721436,-0.48721436
4.1827855,2.1127856,2.3527856,1.7527857,-1.1872144,-5.9872146,-7.177214,-8.567214,-8.757215,-7.387214,-7.8072143,-7.0872145,-7.3072143,-6.407214,-5.9872146,-6.9972143,-5.8972144,-4.5372143,-4.117214,-2.9172144,-1.5472144,-1.1472144,-1.0372144,-0.43721434,0.10278565,0.17278564,-0.30721435,0.79278564,2.2327857,3.4527857,3.2627857,3.4327857,7.152786,8.132786,4.322786,2.3327856,2.6527855,3.4727857,3.2527857,-0.0072143553,5.322786,4.2427855,2.4727857,2.5527856,2.5927856,2.3827856,2.4827857,0.21278565,-0.51721436,-2.5372143,-3.4472144,-2.9872143,-2.4672143,-1.1972144,0.12278564,0.96278566,0.79278564
4.112786,2.8727856,2.7027857,2.2227857,-4.2572145,-6.8272142,-7.4972143,-9.117214,-8.567214,-7.4372144,-7.1872144,-6.9672146,-7.367214,-7.3572145,-6.947214,-6.847214,-5.9572144,-4.7672143,-3.5472143,-1.6872144,-0.69721437,0.09278564,0.36278564,0.6927856,0.83278567,-0.26721436,-0.59721434,0.46278563,-0.0072143553,0.042785645,0.83278567,1.0027857,2.3327856,5.5427856,4.4227858,2.2527857,1.1327857,1.5827856,3.2227857,1.5327857,4.322786,4.1827855,2.7227857,2.9527857,3.2727857,3.1627855,2.5227857,1.4827857,-0.43721434,-1.6472144,-1.7672143,-2.0972145,-1.8972144,-0.5572144,0.98278564,1.3127856,0.58278567
5.3727856,2.8327856,3.4927857,-1.4772143,-6.6072145,-9.127214,-9.107214,-9.357214,-9.237214,-9.217215,-8.447214,-7.887214,-7.8972144,-7.617214,-7.5872145,-6.4872146,-5.617214,-3.9672143,-2.9672143,-1.9772143,-1.4072144,-0.8772144,-0.85721433,-0.5472143,-0.36721435,-1.3472143,-1.4672143,1.4127856,1.1627856,0.8127856,-0.30721435,0.8227856,2.4527857,1.0827856,4.0227857,3.0027857,0.13278565,0.61278564,3.5227857,1.8427856,1.8627857,4.4327855,2.9327857,3.2927856,3.5127857,3.4327857,2.4127855,2.1827857,0.52278566,0.112785645,-0.12721436,-0.75721437,-1.0072143,-0.44721437,0.24278565,0.35278565,-0.067214355
6.6427855,0.60278565,0.77278566,-6.447214,-7.7272143,-10.127214,-9.077214,-9.367214,-8.917214,-8.637215,-7.8072143,-7.5272145,-7.9972143,-7.9872146,-7.6072145,-6.887214,-6.0072145,-4.8072143,-3.8872144,-2.9272144,-2.9072144,-2.2172143,-1.7872144,-1.3572143,-1.8872143,-2.8872144,0.77278566,1.6327857,2.5127857,2.5627856,1.5827856,1.2627857,0.06278565,1.5327857,2.2227857,-0.14721435,-1.0072143,0.98278564,3.2927856,0.31278566,3.5427856,4.2227855,2.6527855,3.1127856,3.8927855,3.5827856,3.0027857,3.0527856,1.5127857,1.4427856,1.1727856,1.0727856,0.72278565,-0.40721434,-0.25721437,-1.3872143,-2.6972144
-4.677214,-5.8272142,-6.0772142,-5.5372143,-6.2072144,-7.6872144,-6.2472143,-7.6872144,-8.917214,-7.117214,-7.657214,-7.7772145,-8.247214,-7.9172144,-6.9672146,-6.347214,-5.617214,-4.8772144,-4.4672146,-4.0772142,-3.7372143,-1.8972144,-2.0472143,-1.3372144,-0.49721435,-1.8872143,-0.34721434,0.06278565,1.4227856,2.7427857,2.9827857,3.2627857,0.8127856,-0.8672144,-1.6172143,-3.0872145,-1.9872143,2.5127857,2.9827857,-1.2072144,3.4227858,2.5927856,1.9927857,2.4627857,4.3527856,4.362786,3.7727857,3.3027856,2.4927857,2.4927857,2.0727856,2.0927856,2.1127856,0.27278563,-1.5972143,-2.4372144,-1.9872143
-6.6472144,-8.2972145,-4.6072145,-4.0272145,-4.447214,-7.0172143,-6.0872145,-6.427214,-6.2072144,-5.677214,-7.347214,-7.6272144,-7.4872146,-7.197214,-7.0272145,-6.8772144,-5.947214,-5.8772144,-6.447214,-5.6072145,-3.3272142,-3.4472144,-2.8472145,-2.0572143,-0.48721436,-1.1372143,-0.7472144,-0.6872144,0.33278564,2.3127856,1.5927856,2.1327856,2.8227856,-0.037214354,-1.1372143,-0.9372144,-3.9172144,-0.9372144,1.6727856,2.4527857,-0.23721436,2.9227858,3.2427857,3.3027856,4.632786,5.2327857,5.092786,4.4127855,4.0027857,3.1627855,2.8927855,2.4627857,1.9327856,-1.1872144,-1.2672143,-1.2572143,-1.0972143
-3.3472145,-8.127214,-3.4372144,-4.4972143,-5.3772144,-5.427214,-4.7472143,-4.3172145,-6.0672145,-6.177214,-5.7272143,-8.647214,-8.457214,-7.9772143,-7.447214,-7.1472144,-7.2772145,-8.277214,-8.317214,-7.907214,-6.1472144,-4.0072145,-2.5472143,-3.7972143,-0.9872143,-0.49721435,1.3227856,0.6227856,0.16278565,1.1927856,0.22278565,1.3627857,0.9527857,-0.78721434,-2.2172143,-2.7972143,-2.9272144,0.28278565,-1.3572143,-3.2372143,-4.407214,-3.0872145,-0.94721437,1.8127856,4.902786,5.2527857,5.7127857,5.842786,5.7827854,4.632786,4.0427856,3.4527857,2.6427855,1.0427856,0.65278566,0.14278564,-1.3572143
-5.2572145,-1.0872144,-2.5272143,-4.2972145,-3.8572145,-4.0372143,-5.117214,-6.7072144,-6.3572145,-7.617214,-9.537214,-8.477215,-8.327214,-7.8272142,-7.9972143,-8.577214,-8.877214,-9.077214,-8.807215,-8.147214,-6.9772143,-5.637214,-4.2872143,-3.7072144,-2.3272142,-1.6472144,0.16278565,-0.14721435,-0.6172144,-1.3372144,-1.3972144,-1.2672143,-2.5272143,-7.0572143,-8.647214,-7.0172143,-1.8872143,-1.4072144,-2.8572145,-1.9872143,-0.70721436,0.52278566,1.5027857,2.2627857,2.9927857,4.132786,5.3527856,6.7927856,6.1927857,6.2227855,4.4527855,4.6627855,4.322786,2.5027857,2.4427857,2.7227857,2.7527857
