raw-data/2018091506.json
{"header": { "discipline":0, "disciplineName":"Meteorological products", "gribEdition":2, "gribLength":74015, "center":7, "centerName":"US National Weather Service - NCEP(WMC)", "subcenter":0, "refTime":"2018-09-15T06:00:00.000Z", "significanceOfRT":1, "significanceOfRTName":"Start of forecast", "productStatus":0, "productStatusName":"Operational products", "productType":1, "productTypeName":"Forecast products", "productDefinitionTemplate":0, "productDefinitionTemplateName":"Analysis/forecast at horizontal level/layer at a point in time", "parameterCategory":2, "parameterCategoryName":"Momentum", "parameterNumber":3, "parameterNumberName":"V-component_of_wind", "parameterUnit":"m.s-1", "genProcessType":2, "genProcessTypeName":"Forecast", "forecastTime":0, "surface1Type":103, "surface1TypeName":"Specified height level above ground", "surface1Value":10.0, "surface2Type":255, "surface2TypeName":"Missing", "surface2Value":0.0, "gridDefinitionTemplate":0, "gridDefinitionTemplateName":"Latitude_Longitude", "numberPoints":65160, "shape":6, "shapeName":"Earth spherical with radius of 6,371,229.0 m", "gridUnits":"degrees", "resolution":48, "winds":"true", "scanMode":0, "nx":360, "ny":181, "basicAngle":0, "lo1":0.0, "la1":90.0, "lo2":359.0, "la2":-90.0, "dx":1.0, "dy":1.0 }, "data":
[rows 78 to 103 of 181, columns 0 to 58 of 360]
2.6771557,1.9471557,1.8671558,2.3071558,1.5671557,-0.73284423,1.0071558,1.9371557,1.8171557,2.1671557,2.6971557,2.5171556,2.4271557,1.7771558,1.1671557,1.7971557,1.8971558,2.2871559,2.1671557,0.59715575,-0.10284424,-1.4228443,-1.3928442,-1.8128443,-2.2828443,0.06715576,1.8671558,2.7471557,3.5371559,4.5771556,4.2871556,3.3871558,7.4171557,8.307156,5.237156,3.5371559,1.3771558,2.2971559,-1.0128442,-0.22284424,-0.20284423,0.66715574,1.7171558,1.3971558,-0.89284426,-0.8628442,0.18715577,1.5171558,1.6471558,1.1771557,1.9771558,1.0371557,11.467155,10.257155,3.3971558,5.817156,6.3071556,5.7871556,5.357156
2.8171558,1.8871558,1.6971557,1.6571558,1.7971557,1.3271557,1.1371558,1.0971558,1.7871557,1.0071558,1.6671557,2.2071557,2.0571558,1.5371557,1.5071558,1.7671558,0.97715575,0.08715576,-1.3328443,-1.9328443,-0.8128442,-0.5628442,0.35715577,-0.06284424,0.27715576,1.3071557,2.4071558,2.2771559,4.007156,2.2971559,0.45715576,1.3571558,2.2171557,3.1771557,1.5371557,1.7171558,1.6571558,0.79715574,-0.36284423,-0.67284423,1.2271558,2.6771557,1.9171557,0.23715577,-2.3428442,-0.5628442,-0.54284424,1.7271558,1.7571558,4.1671557,3.6271558,7.2671556,10.667156,8.417156,6.697156,5.9571557,5.797156,5.467156,5.2271557
1.9371557,1.7071557,1.5271558,2.8271558,1.3971558,1.6571558,0.6271558,0.15715577,1.0171558,0.36715576,0.39715576,1.5371557,1.2671558,0.11715576,0.14715576,1.6071558,0.65715575,0.39715576,-1.4728442,-1.0028442,-0.112844236,0.17715576,0.17715576,0.14715576,0.34715575,0.70715576,1.0071558,-0.43284425,-1.3428442,-0.7428442,-0.8628442,0.027155763,-0.18284424,-0.0028442382,0.71715575,1.7771558,0.97715575,0.40715575,0.5571558,-1.1428442,0.52715576,2.8371558,1.7171558,3.4671557,5.9371557,6.377156,9.187156,6.777156,6.7471557,6.757156,5.5771556,7.487156,8.327156,6.5771556,5.897156,5.4571557,5.2871556,5.2271557,5.0971556
1.9171557,0.78715575,1.4371557,2.1171558,2.3571558,1.4871558,1.0371557,0.89715576,-0.67284423,-0.84284425,0.9471558,0.51715577,0.16715576,0.42715576,0.34715575,0.79715574,1.1071558,0.42715576,1.2271558,-0.09284424,0.04715576,-0.09284424,0.15715577,-0.082844235,0.77715576,0.98715574,-0.012844238,0.89715576,1.6671557,1.1371558,0.59715575,0.39715576,0.76715577,-0.35284424,0.0071557616,1.1071558,0.8771558,1.2571558,0.35715577,1.5271558,4.0971556,1.4771558,3.1071558,4.927156,6.1871557,6.3071556,6.9771557,6.407156,5.1871557,5.717156,5.717156,7.927156,6.7271557,6.357156,5.237156,5.7471557,5.0971556,4.877156,4.8671556
1.8671558,0.78715575,1.7171558,1.3071557,1.1271558,1.3371558,1.4071558,1.0571557,0.8171558,1.0671557,1.0071558,0.26715577,-0.54284424,0.35715577,0.76715577,0.66715574,0.7471558,0.65715575,0.59715575,0.32715577,-0.032844238,-0.36284423,-0.44284424,-0.28284425,0.45715576,0.97715575,1.1371558,1.4371557,2.1671557,2.1471558,1.2971557,-0.09284424,-0.6928442,0.13715576,0.85715574,-0.51284426,0.60715574,0.28715575,1.7471558,1.5771557,-0.14284424,1.4271557,5.1671557,5.2271557,5.8271556,5.007156,6.147156,5.9171557,7.0571556,7.507156,7.147156,6.5571556,6.047156,4.647156,4.4171557,4.0971556,4.6371555,4.607156,4.7071557
0.42715576,0.72715575,0.9471558,0.34715575,-0.35284424,-0.14284424,0.12715577,0.7571558,1.2271558,2.4171557,0.8871558,0.38715577,-0.8728442,0.14715576,-0.76284426,0.65715575,-0.06284424,0.19715576,0.037155762,-0.32284424,-0.8128442,-0.24284424,0.08715576,0.76715577,0.82715577,0.41715577,1.1071558,1.3471558,1.8971558,0.51715577,-0.23284423,0.53715575,0.08715576,0.38715577,-0.28284425,0.51715577,-0.012844238,0.13715576,2.9971557,2.1671557,0.35715577,5.6171556,5.657156,6.1371555,5.7671556,6.007156,6.2871556,5.607156,5.297156,5.237156,6.2271557,6.277156,5.6671557,4.9371557,4.257156,4.507156,4.627156,4.6171556,3.9171557
0.67715573,1.0571557,1.6471558,1.2771558,0.58715576,-0.35284424,-0.29284424,0.6271558,1.3171557,0.08715576,0.24715576,-0.34284425,-0.22284424,-0.45284423,-0.97284424,-1.0328442,-0.41284424,-0.18284424,-0.12284424,-0.64284426,-0.8728442,-0.60284424,-0.7528442,-0.53284425,-1.3628442,-0.43284425,-0.14284424,-0.37284425,-1.6028442,0.16715576,0.97715575,1.0671557,0.8671558,0.037155762,3.9271557,2.6771557,-1.4028442,1.4271557,2.3971558,0.83715576,2.0371559,3.6971557,6.897156,5.7871556,5.6871557,5.4171557,5.6171556,5.4971557,5.8471556,6.7671556,5.657156,6.6171556,6.5971556,5.447156,5.2271557,4.8671556,4.3071556,3.3871558,2.7571557
0.83715576,0.91715574,1.2271558,0.92715573,0.12715577,-0.8628442,0.0071557616,0.24715576,-0.27284423,-0.6328442,-0.30284423,-0.09284424,0.41715577,-0.15284424,-1.2128443,-0.95284426,-0.90284425,-1.0128442,-0.8628442,-0.22284424,-0.70284426,-1.3928442,-1.9128442,-0.9328442,-1.0628443,-0.90284425,-2.0028443,-0.6928442,0.7471558,1.0171558,1.3271557,1.0671557,0.46715575,0.42715576,3.8471558,2.6171558,3.7471557,1.1171558,1.4171557,1.9271557,3.4771557,6.297156,6.527156,6.237156,5.0171556,5.1671557,5.9971557,6.157156,6.4171557,5.427156,6.237156,6.7071557,6.4371557,5.397156,4.677156,4.237156,3.1671557,1.8471558,1.5271558
2.6071558,3.1071558,2.7171557,2.0271559,1.2771558,0.19715576,-1.1528442,-0.43284425,-1.0028442,-1.4728442,-0.082844235,0.23715577,-0.12284424,0.0071557616,-0.57284427,-0.31284425,-0.17284423,-0.40284425,-0.32284424,-1.0128442,-1.0328442,-1.1328442,-0.91284424,-0.96284425,-0.82284427,-0.37284425,0.46715575,-0.37284425,0.15715577,0.59715575,0.58715576,0.11715576,0.58715576,-0.51284426,-0.57284427,3.2871559,2.8471558,5.377156,6.7271557,6.777156,5.657156,5.5971556,5.897156,5.8071556,5.1171556,6.5571556,6.607156,6.837156,5.677156,5.5571556,6.377156,6.3671556,5.9771557,5.6671557,4.587156,2.7971559,2.7371557,2.5171556,1.3871558
5.7471557,5.5371556,5.8671556,5.8671556,6.067156,5.047156,3.1071558,2.7071557,2.4671557,0.83715576,0.17715576,-0.30284423,-0.37284425,-0.46284425,-0.42284423,-0.6128442,-0.77284425,-0.76284426,-1.0028442,-0.8828442,-0.95284426,-1.0528443,-0.78284425,-0.43284425,-0.8128442,-0.47284424,-0.14284424,0.24715576,-0.24284424,0.10715576,0.6871558,0.71715575,-0.34284425,0.11715576,0.59715575,0.23715577,2.3471558,6.467156,4.1871557,5.857156,5.7871556,5.9371557,6.9371557,5.797156,4.4571557,5.697156,5.5171556,4.3071556,4.8271556,5.8871555,6.0771556,5.907156,5.397156,5.237156,4.067156,2.4971557,1.3571558,1.8171557,1.6371558
6.9771557,6.8071556,6.7271557,7.2071557,7.0571556,7.717156,6.4571557,5.907156,5.697156,5.697156,0.5671558,-0.47284424,-0.6228442,-0.60284424,-0.71284425,-0.72284424,-1.1928443,-0.98284423,-1.0228442,-1.1528442,-1.4728442,-0.95284426,-0.70284426,-0.67284423,-0.6828442,-0.40284425,-0.022844238,0.54715574,-0.13284424,-0.112844236,0.12715577,0.96715575,0.21715575,0.35715577,1.3171557,0.25715578,3.5371559,1.1971557,4.087156,6.7671556,6.2871556,5.757156,5.967156,5.2271557,3.8871558,5.6671557,4.7871556,5.357156,5.907156,6.127156,5.547156,5.317156,5.2471557,4.9571557,5.027156,3.7671556,2.1571558,0.17715576,0.98715574
6.9371557,7.277156,7.217156,6.8671556,6.5371556,6.067156,6.907156,6.1671557,6.897156,5.857156,0.8671558,-0.33284423,-0.5028442,-0.25284424,-0.31284425,-0.54284424,-1.0028442,-1.0028442,-0.6828442,-1.0628443,-0.9428442,-1.0828443,-0.9328442,-0.22284424,-0.32284424,0.15715577,-0.17284423,0.44715577,0.40715575,0.6171558,-0.32284424,0.39715576,-0.31284425,0.34715575,1.5771557,0.67715573,2.4871557,1.4071558,6.547156,8.187156,7.197156,6.087156,5.7871556,3.3671558,5.8271556,5.8071556,5.5171556,6.3271556,5.987156,6.5771556,5.677156,5.357156,4.7871556,4.447156,4.567156,4.487156,3.6771557,0.82715577,-0.8828442
6.6171556,6.6371555,6.4571557,6.237156,5.9171557,5.677156,4.7671556,5.3871555,5.587156,5.947156,0.8171558,0.60715574,0.0071557616,-0.22284424,-0.28284425,-0.22284424,-0.42284423,-0.64284426,-0.71284425,-0.95284426,-0.77284425,0.17715576,0.39715576,0.53715575,0.82715577,-0.14284424,0.12715577,0.36715576,0.70715576,0.38715577,0.10715576,-0.23284423,-0.8128442,-0.112844236,0.23715577,-0.40284425,3.1071558,4.5571556,4.087156,7.7471557,7.507156,6.4371557,3.9671557,6.1371555,5.8271556,5.6371555,5.797156,5.967156,6.4371557,6.657156,6.427156,5.837156,5.5171556,5.277156,5.407156,5.7071557,4.1671557,3.1871557,0.8871558
6.2471557,6.377156,6.3271556,6.047156,5.907156,5.8471556,5.7071557,5.297156,4.797156,2.8571558,1.7871557,0.46715575,0.6271558,-0.49284422,-0.32284424,-0.19284424,-0.082844235,0.06715576,0.16715576,0.32715577,0.15715577,0.29715577,0.41715577,0.6171558,0.37715575,-0.10284424,0.59715575,0.13715576,0.6871558,0.12715577,0.26715577,0.12715577,-1.4428443,0.96715575,1.2371558,0.7571558,1.5971558,-0.5028442,3.5371559,6.3671556,6.987156,4.567156,5.527156,6.377156,5.8471556,6.027156,6.587156,6.6671557,6.397156,6.257156,6.627156,6.9971557,6.127156,6.147156,5.5371556,5.8471556,4.7071557,3.8171558,2.2771559
5.8871555,5.7471557,5.6671557,5.467156,5.1371555,4.757156,4.4371557,3.9771557,3.8071558,4.257156,0.92715573,0.6871558,-0.23284423,0.54715574,0.32715577,0.36715576,-0.12284424,-0.82284427,-0.18284424,-0.36284423,-0.53284425,-0.16284424,-0.052844238,0.07715576,0.19715576,0.7471558,-0.082844235,-0.12284424,0.65715575,2.0371559,0.38715577,1.1271558,-1.9128442,-0.29284424,0.30715576,0.57715577,-0.79284424,1.4171557,2.5871558,5.8271556,6.147156,4.3471556,6.4171557,6.2671556,6.0571556,5.857156,5.697156,6.007156,6.297156,6.407156,6.5571556,6.677156,6.717156,6.907156,6.257156,6.0371556,5.907156,3.7671556,3.8471558
5.947156,5.8071556,5.6371555,5.357156,4.9571557,4.657156,4.237156,3.7271557,3.2571557,2.7271557,2.9571557,0.14715576,0.96715575,0.83715576,0.7571558,1.2371558,0.0071557616,-0.45284423,-0.52284425,-0.37284425,-0.5628442,-0.96284425,-1.0028442,-1.0528443,-1.0028442,-0.84284425,-0.8028442,-0.34284425,0.26715577,-0.23284423,1.2771558,1.4671558,0.5071558,-0.10284424,-0.23284423,0.10715576,3.2771559,0.47715577,3.5171556,5.8871555,5.0171556,6.297156,6.3071556,6.1671557,6.3071556,6.3671556,6.4571557,6.4971557,6.4171557,6.777156,6.837156,6.7871556,6.467156,6.7071557,6.9771557,6.007156,5.737156,4.1871557,3.6071558
6.027156,5.7671556,5.397156,5.027156,4.6671557,4.237156,3.5871558,2.9171557,2.4971557,2.2171557,2.2671556,2.2071557,1.2371558,0.57715577,0.45715576,0.83715576,0.85715574,0.33715576,-0.052844238,-0.52284425,-1.0928442,-0.83284426,-1.2228442,-1.6228442,-1.6528442,-2.1228442,-1.3728442,-1.3728442,-0.77284425,-2.0628443,0.33715576,1.3371558,0.97715575,0.19715576,-0.31284425,-0.64284426,0.45715576,1.3971558,1.3771558,3.8271558,5.8071556,5.7271557,5.8671556,5.9971557,5.9771557,6.0771556,6.427156,6.737156,6.547156,6.2271557,6.007156,6.467156,6.5971556,6.587156,6.947156,6.5771556,6.2071557,5.567156,3.4671557
6.297156,6.157156,5.837156,5.4771557,5.0171556,4.407156,3.7371557,3.2071557,2.8971558,2.4471557,2.5371559,2.8371558,2.2571557,0.65715575,0.9971558,1.1671557,0.32715577,-0.0028442382,-0.32284424,-1.7128443,-1.4728442,-1.8428442,-1.3628442,-1.3828442,-1.8028443,-2.5828443,-1.7028443,-1.4528443,-1.0428443,-0.58284426,0.37715575,-0.22284424,0.44715577,0.26715577,1.0071558,0.06715576,-1.3328443,0.9371558,1.8571558,3.2671556,4.337156,4.8871555,5.257156,5.3671556,5.5771556,5.677156,5.9571557,6.487156,6.697156,6.2671556,5.8671556,6.1671557,6.5971556,6.4771557,6.427156,6.717156,6.427156,5.5971556,4.657156
6.217156,6.1671557,5.947156,5.587156,5.217156,4.757156,4.0771556,3.8171558,3.4771557,3.4071558,3.2171557,2.7171557,3.4171557,0.98715574,0.57715577,0.34715575,0.17715576,-0.72284424,-0.36284423,-0.54284424,-1.1428442,-1.5928442,-1.4928442,-1.2528442,-1.0928442,-1.9628443,-2.6228442,-2.4328442,-1.5928442,-0.14284424,0.11715576,-0.43284425,-0.022844238,-0.112844236,1.1671557,-0.64284426,0.14715576,0.73715574,0.72715575,2.3871558,3.1971557,3.9371557,4.6871557,4.9571557,5.0371556,5.3071556,5.4971557,5.8471556,6.237156,6.127156,5.797156,6.047156,6.217156,6.627156,6.7071557,6.467156,6.3471556,5.987156,5.3071556
6.237156,5.9771557,5.7071557,5.507156,5.507156,5.257156,4.987156,4.677156,4.1371555,3.7071557,3.7671556,3.4871557,3.0471559,1.4771558,1.1771557,0.8871558,0.12715577,-0.8028442,-1.6128442,-0.6328442,-0.60284424,-0.90284425,-1.0928442,-0.45284423,0.27715576,0.16715576,-0.20284423,-1.5128442,-1.0628443,-0.24284424,-0.28284425,0.30715576,0.31715575,0.6271558,0.21715575,-0.33284423,0.06715576,-0.8128442,-0.052844238,0.67715573,2.0571558,3.0571558,3.6771557,4.407156,4.6871557,5.127156,5.567156,5.647156,5.817156,5.8871555,5.677156,5.817156,6.3871555,6.5771556,6.647156,6.857156,6.817156,6.317156,6.2271557
6.127156,6.1871557,6.197156,6.0571556,5.947156,5.717156,5.3671556,5.3071556,4.697156,3.9571557,3.7371557,3.7371557,3.6771557,3.2271557,0.8071558,1.0271558,1.0571557,0.01715576,-0.51284426,-1.6428442,-1.0728443,-0.6128442,-0.082844235,0.08715576,0.20715576,0.027155763,0.28715575,0.44715577,0.47715577,-0.48284423,-0.54284424,-0.83284426,1.3671558,0.21715575,0.64715576,-0.112844236,1.0171558,-1.2728442,-1.1528442,-0.0028442382,0.92715573,1.9071558,2.7171557,3.5171556,3.9871557,4.297156,4.7471557,5.3671556,6.0571556,6.817156,5.907156,5.647156,6.1371555,6.697156,6.927156,6.877156,6.9771557,6.797156,6.397156
6.377156,6.4371557,6.297156,6.1671557,6.1671557,6.0971556,5.777156,5.5371556,4.8471556,4.127156,3.6571558,3.3971558,3.3571558,2.4471557,0.23715577,0.14715576,0.70715576,1.3771558,-0.52284425,-0.71284425,-0.70284426,-0.43284425,-1.0828443,-0.77284425,0.65715575,0.92715573,1.1071558,1.8571558,1.9971558,0.11715576,0.9371558,-0.45284423,-1.5228442,0.6971558,1.0971558,0.24715576,-1.9228443,-2.1328442,-0.9328442,-0.91284424,-0.60284424,0.60715574,1.3971558,2.4271557,3.1171558,3.6471558,4.1371555,5.107156,5.777156,6.107156,6.587156,6.197156,5.3671556,5.717156,6.237156,6.357156,6.2871556,6.317156,5.9971557
6.547156,6.607156,6.4971557,6.4171557,6.337156,6.4571557,6.427156,6.107156,5.547156,4.4971557,3.3671558,2.8271558,2.7271557,2.4271557,0.67715573,-0.20284423,-0.47284424,-0.10284424,0.52715576,0.60715574,0.46715575,-0.53284425,-0.10284424,0.70715576,1.1671557,1.2171558,1.0071558,1.7571558,1.8371558,0.71715575,0.11715576,-0.64284426,-1.2628442,-1.2228442,1.7871557,-2.8228443,-1.9728442,-2.1628442,-1.6128442,-1.3628442,-2.0728443,-0.98284423,-0.07284424,0.95715576,1.6871557,2.4571557,3.4071558,4.7671556,5.7071557,6.377156,6.2671556,6.5171556,6.0571556,5.547156,5.6171556,5.2871556,5.2671556,5.357156,5.2271557
6.677156,6.757156,6.8871555,6.8671556,6.837156,6.987156,6.9971557,6.737156,6.177156,5.257156,3.8571558,2.7471557,2.2871559,1.8471558,0.6171558,1.0871558,1.8071557,1.1471558,-0.29284424,0.33715576,0.24715576,0.64715576,1.0371557,0.78715575,0.40715575,0.5671558,0.6371558,1.6471558,1.0871558,0.42715576,0.47715577,-0.30284423,0.51715577,0.36715576,-2.0828443,-1.2228442,-2.9528441,-2.2328444,-2.0728443,-1.1528442,-1.4828442,-2.9128442,-1.7428442,-0.28284425,-0.54284424,0.95715576,2.2371557,3.4371557,5.7071557,6.9371557,7.447156,6.487156,6.427156,5.7471557,5.377156,4.697156,4.547156,4.5971556,4.357156
6.5571556,6.8871555,7.0571556,7.197156,7.397156,7.607156,7.567156,7.3471556,6.9171557,5.987156,4.407156,2.9871557,1.8971558,1.8471558,-0.032844238,0.57715577,-0.06284424,0.21715575,0.71715575,0.34715575,1.2971557,2.1871557,0.64715576,-0.12284424,0.037155762,-0.022844238,0.39715576,0.60715574,0.5671558,-0.21284424,0.0071557616,1.2271558,0.33715576,-0.26284423,-0.8828442,-1.7328442,-1.7028443,-1.9628443,-1.8328443,-0.21284424,-2.0828443,-3.8528442,-2.6128442,0.9971558,-0.012844238,-0.46284425,1.1271558,1.5671557,3.1471558,4.697156,8.387156,7.4171557,6.127156,5.2871556,5.0371556,3.9671557,3.3971558,3.8671558,3.5071557
6.4971557,6.717156,7.197156,7.297156,7.427156,7.9171557,8.067156,8.097156,7.697156,6.627156,5.197156,3.5371559,3.5571558,-0.052844238,0.12715577,-0.32284424,0.18715577,0.027155763,-0.17284423,0.44715577,0.78715575,1.6071558,1.6171558,-1.0928442,-0.52284425,-0.27284423,0.38715577,0.37715575,0.10715576,0.71715575,1.2371558,0.32715577,-0.30284423,-0.95284426,-1.2828442,-1.0228442,-1.2628442,-1.5428443,-1.5128442,-1.5328442,-1.8728442,-4.162844,-1.6728443,-1.3228443,0.15715577,1.2771558,0.57715577,-1.1128442,0.6971558,2.0871558,9.277156,7.657156,6.737156,6.5371556,5.9571557,3.3971558,3.2071557,3.0471559,2.8171558
