raw-data/2018091618.json
{"header": { "discipline":0, "disciplineName":"Meteorological products", "gribEdition":2, "gribLength":74191, "center":7, "centerName":"US National Weather Service - NCEP(WMC)", "subcenter":0, "refTime":"2018-09-16T18:00:00.000Z", "significanceOfRT":1, "significanceOfRTName":"Start of forecast", "productStatus":0, "productStatusName":"Operational products", "productType":1, "productTypeName":"Forecast products", "productDefinitionTemplate":0, "productDefinitionTemplateName":"Analysis/forecast at horizontal level/layer at a point in time", "parameterCategory":2, "parameterCategoryName":"Momentum", "parameterNumber":3, "parameterNumberName":"V-component_of_wind", "parameterUnit":"m.s-1", "genProcessType":2, "genProcessTypeName":"Forecast", "forecastTime":0, "surface1Type":103, "surface1TypeName":"Specified height level above ground", "surface1Value":10.0, "surface2Type":255, "surface2TypeName":"Missing", "surface2Value":0.0, "gridDefinitionTemplate":0, "gridDefinitionTemplateName":"Latitude_Longitude", "numberPoints":65160, "shape":6, "shapeName":"Earth spherical with radius of 6,371,229.0 m", "gridUnits":"degrees", "resolution":48, "winds":"true", "scanMode":0, "nx":360, "ny":181, "basicAngle":0, "lo1":0.0, "la1":90.0, "lo2":359.0, "la2":-90.0, "dx":1.0, "dy":1.0 }, "data":
[rows 52 to 77 of 181, columns 236 to 294 of 360]
-1.4836109,-1.2236109,1.1863892,-2.2436109,0.92638916,1.6563891,-1.3936108,2.4563892,6.3063893,8.436389,8.536389,6.926389,6.476389,9.33639,5.466389,1.0263891,0.17638916,-1.6736108,-0.24361084,-2.903611,-1.9536109,1.2063892,9.166389,7.506389,7.436389,5.726389,4.206389,3.2263892,2.2463892,1.3763891,-0.57361084,-0.98361087,-1.4736109,-0.48361084,-1.3036108,-1.4536109,-1.9136108,-1.8836108,-1.0536108,-1.8636109,-1.4336108,-1.6336108,-0.61361086,0.63638914,0.03638916,-0.9136108,-1.8736109,-0.27361083,1.9663892,-0.18361084,-1.4836109,-2.2436109,-1.7736108,-1.6536108,-1.2136109,-1.4236108,-2.1036108,-1.5436108,-2.3236108
-1.9436108,-3.2736108,-1.3836108,-1.1936108,-3.7936108,2.4463892,0.16638917,5.686389,7.5163894,5.066389,6.946389,1.2863891,1.3063892,0.80638915,2.1563892,0.62638915,0.68638915,-0.34361085,-0.58361083,-0.6536108,-0.26361084,6.976389,8.696389,7.256389,6.176389,4.416389,2.606389,2.566389,1.5563892,-0.8436108,-2.403611,-2.3136108,-0.52361083,-1.2036109,-1.9736109,-2.7436109,-2.7836108,-2.6236107,-2.3136108,-2.423611,-3.693611,-2.1136107,-1.0936109,0.45638916,0.28638917,0.43638915,0.69638914,1.2163892,2.4463892,1.8163892,2.1863892,1.9163891,1.8063892,0.79638916,-0.09361084,-0.20361084,-0.58361083,-1.8636109,-2.8036108
-3.3036108,-5.013611,-8.403611,-2.0436108,-3.173611,-1.3436109,4.906389,5.166389,5.416389,6.006389,5.656389,4.946389,3.566389,1.3363892,0.06638916,-1.3336109,-2.7736108,-0.5336108,-1.6236109,2.2363892,7.3463893,6.876389,6.5363894,6.206389,4.5163894,3.586389,2.086389,2.9463892,1.2863891,-1.9036108,-2.683611,-2.2436109,-1.6836108,-1.7936108,-3.1236107,-3.3436108,-2.453611,-2.643611,-3.7536108,-3.703611,-4.683611,-3.6036108,-1.4236108,-2.3036108,-0.7136108,-0.02361084,0.09638916,1.1263891,1.4663892,1.7163892,2.3963892,2.0063891,1.5363891,0.38638917,-0.74361086,-1.3836108,-1.7636108,-1.9836109,-3.2836108
-5.043611,-7.433611,-10.653611,-4.953611,-0.61361086,-4.013611,2.2263892,0.41638917,0.10638916,5.176389,5.526389,5.856389,2.9263892,-0.88361084,1.1763892,-2.3036108,-4.533611,0.60638916,0.8963892,5.106389,7.376389,6.1163893,4.8663893,4.4963894,2.8663893,1.9063891,2.1863892,2.546389,0.38638917,-1.2436109,-1.9636109,-1.9036108,-1.5936109,-2.6036108,-2.7636108,-2.453611,-2.143611,-3.943611,-3.5736108,-4.8836107,-1.9736109,-2.7736108,-2.2436109,1.0263891,1.6463891,3.3663893,2.7063892,1.9163891,3.2063892,4.236389,3.286389,2.076389,1.2363892,-0.03361084,-1.1236109,-1.8236108,-1.8536109,-2.433611,-4.5036106
-6.093611,-8.20361,-9.363611,-8.143611,-2.5936108,0.5263892,1.3863891,1.0863892,3.086389,0.94638914,2.9363892,3.336389,1.7763891,1.7763891,1.9963892,-2.6036108,-5.973611,2.076389,3.0163891,6.086389,5.896389,4.7863894,3.7463892,1.7263892,0.85638916,0.03638916,-0.07361084,1.1363891,0.74638915,-0.6036108,-1.5036108,-2.1336107,-2.3836107,-2.443611,-2.423611,-2.923611,-2.423611,-2.6236107,-3.963611,-3.663611,-1.8936108,-2.8436108,1.5163891,4.0963893,2.4563892,5.9963894,5.1163893,7.206389,5.756389,4.0763893,3.2363892,2.4063892,1.2463892,-0.40361083,-1.5136108,-2.0336108,-2.3236108,-3.183611,-3.2436109
-6.773611,-8.133611,-8.193611,-7.293611,-5.373611,-2.913611,-1.1036109,0.33638915,-0.68361086,1.7463892,3.4063892,2.5263891,-0.20361084,-0.22361083,1.5863892,2.2563891,-0.62361085,4.006389,1.0663892,4.3663893,4.966389,1.8663892,0.33638915,0.73638916,-0.70361084,-1.4536109,-2.203611,-0.6536108,1.1663891,-0.6536108,-1.7836108,-1.9036108,-1.7336109,-2.8136108,-2.453611,-2.5736108,-2.0836108,-1.5736108,-1.6036109,-2.3736107,-2.9836109,-1.2336109,3.1663892,2.8663893,5.5363894,9.166389,9.596389,8.146389,5.906389,4.436389,2.9663892,2.2763891,1.4563892,-0.75361085,-2.0536108,-1.3436109,-1.7236109,-2.4836109,-3.0236108
-6.9036107,-7.6536107,-7.843611,-7.2136106,-6.073611,-5.353611,-4.953611,-4.093611,0.40638915,0.8363892,6.006389,4.5563893,0.66638917,-2.5036108,-1.1736108,0.5363892,1.9263892,1.2263892,0.63638914,1.7563891,1.6463891,-0.7136108,-1.2336109,-0.70361084,0.11638916,0.05638916,-0.49361083,-0.05361084,1.7263892,0.55638915,-1.7736108,-2.0136108,-1.9036108,-1.6736108,-1.9436108,-2.0636108,-2.1136107,-1.3236108,-0.92361087,-0.5336108,-0.55361086,-0.20361084,1.8063892,3.9563892,8.866389,9.3763895,9.8763895,8.136389,6.106389,3.9963892,2.836389,1.6663891,0.6463892,-0.40361083,-1.6036109,-2.0836108,-2.0836108,-1.9236108,-2.0336108
-6.7136106,-7.4636106,-7.9636106,-7.7536106,-7.263611,-7.013611,-7.033611,-7.103611,-0.74361086,-1.2736108,5.526389,4.676389,1.4163891,-1.2936108,-0.30361083,-0.14361084,-1.2936108,-0.69361085,-1.4236108,-2.693611,-1.8336109,-1.3636109,-0.83361083,-0.62361085,1.6063892,1.6163892,0.34638917,-0.26361084,1.0063891,0.38638917,-1.2736108,-1.6936108,-1.4136108,-0.63361084,-1.7136109,-1.2436109,-0.9736108,0.63638914,1.0763892,1.4563892,1.4563892,1.5063891,1.7463892,5.546389,8.166389,9.576389,9.466389,7.896389,5.856389,3.3663893,2.1463892,0.7763892,-0.19361085,-0.67361087,-1.6536108,-2.413611,-2.7836108,-3.2936108,-3.163611
-6.803611,-7.663611,-8.263611,-8.273611,-7.9836106,-7.663611,-7.1936107,-6.2336106,-4.543611,1.5363891,1.0463891,6.2463894,3.3763893,-0.8436108,-0.63361084,-1.3336109,-2.9736109,-2.413611,-2.643611,-3.7636108,-3.5936108,-2.5736108,-3.0836108,0.25638917,1.0263891,0.39638916,0.57638913,-0.82361084,-0.20361084,0.69638914,-0.22361083,-0.46361083,-1.1936108,-1.4636109,-1.9836109,1.5063891,0.80638915,1.8963891,4.1363893,2.336389,3.786389,0.91638917,2.5263891,6.726389,8.996389,8.166389,7.716389,6.7863894,5.046389,2.846389,0.9563892,0.56638914,-0.99361086,-1.4836109,-1.9236108,-2.7636108,-2.433611,-2.3836107,-2.7636108
-7.163611,-7.803611,-8.283611,-8.313611,-7.993611,-7.563611,-7.073611,-6.4436107,-6.3836107,-0.56361085,3.1663892,2.806389,3.9063892,0.60638916,-1.2736108,-1.2536108,-3.423611,-3.713611,-3.943611,-4.203611,-4.913611,-6.1736107,-2.1336107,3.8663893,4.186389,4.196389,2.6963892,1.8263892,-0.35361084,1.5863892,-0.75361085,-1.4436108,-0.93361086,-0.39361084,0.45638916,-1.0536108,-1.5836109,-0.29361084,0.85638916,1.2363892,3.536389,4.476389,2.9963892,3.2763891,7.106389,7.4963894,6.486389,5.2863894,4.276389,2.2663891,0.63638914,0.23638916,-1.5036108,-2.453611,-2.9936109,-2.7436109,-2.3536108,-3.143611,-2.2236109
-7.313611,-7.643611,-7.9836106,-8.023611,-7.743611,-7.3836107,-6.9636106,-6.563611,-5.993611,-3.0436108,-1.9836109,0.54638916,2.9563892,2.4363892,-0.81361085,-0.11361084,-2.463611,-2.683611,-2.5736108,-4.933611,-5.083611,-4.623611,0.01638916,3.6863892,4.926389,4.526389,2.7463892,2.1863892,3.4563892,2.6363893,0.25638917,-1.1336108,-1.6736108,-1.7936108,-1.6136109,-2.3536108,-1.0336108,1.1363891,1.5763892,2.2363892,3.8963892,3.1563892,2.826389,2.846389,5.166389,6.3463893,5.156389,4.0563893,3.346389,1.9063891,0.05638916,-1.0236108,-1.6336108,-2.8536108,-3.2636108,-3.2636108,-2.653611,-2.1036108,-2.5036108
-7.2136106,-7.4236107,-7.583611,-7.643611,-7.493611,-7.203611,-6.873611,-6.6136107,-6.3836107,-4.853611,1.4463892,0.25638917,-2.643611,1.6363891,1.7963891,-1.2636108,0.94638914,-2.7536108,-2.9936109,-5.2336106,-3.6236107,-3.9936109,-0.20361084,1.2463892,5.296389,4.606389,3.596389,4.456389,4.626389,3.306389,0.9063892,-0.24361084,-0.81361085,-1.4736109,-2.213611,-1.4636109,-0.45361084,-0.17361084,1.6263891,2.566389,3.286389,3.3663893,3.356389,2.6263893,3.816389,3.2063892,3.0063891,3.1963892,2.326389,1.7263892,-0.11361084,-1.1036109,-2.0436108,-2.403611,-3.213611,-3.0536108,-2.9936109,-2.893611,-2.3036108
-7.023611,-7.1936107,-7.263611,-7.283611,-7.293611,-7.123611,-6.933611,-6.453611,-5.6536107,-3.3236108,-0.98361087,-0.74361086,-0.6036108,-0.99361086,-0.24361084,-1.7236109,-0.03361084,-1.0236108,-1.7436109,-4.523611,-4.7136106,-2.3136108,-0.38361084,-1.2036109,2.2363892,5.476389,5.106389,4.666389,3.1863892,1.8563892,0.5263892,-0.14361084,-0.67361087,-1.7736108,-2.423611,-2.3536108,-1.5736108,-0.61361086,0.31638917,1.0063891,2.356389,2.606389,4.126389,2.356389,3.2763891,3.9463892,3.2263892,2.4363892,1.5363891,0.73638916,-0.0036108398,-0.86361086,-1.7936108,-2.0836108,-2.5836108,-3.0236108,-3.2936108,-2.943611,-1.3836108
-6.913611,-7.013611,-7.083611,-7.1736107,-7.163611,-7.033611,-6.5036106,-5.663611,-4.303611,-2.653611,-1.1836108,-1.6336108,-1.3336109,-1.4536109,-1.5636108,-1.4336108,-1.8736109,0.72638917,-0.68361086,-3.0236108,-4.2336106,-4.8836107,-3.2336109,4.7863894,0.99638915,5.546389,6.336389,4.926389,3.796389,1.2463892,0.46638915,0.46638915,-0.20361084,-1.5936109,-2.893611,-2.0336108,-1.9036108,-1.9136108,0.076389164,1.4063891,1.3763891,1.9563892,1.7863891,2.1763892,1.4763892,0.88638914,0.8463892,1.2763891,1.4163891,0.63638914,0.08638916,-0.5936108,-1.2936108,-2.203611,-2.2436109,-2.2836108,-2.143611,-1.9136108,-1.7736108
-6.8836107,-6.913611,-7.033611,-7.043611,-6.9636106,-6.793611,-5.953611,-5.093611,-4.023611,-3.4736109,-2.2436109,-1.2136109,-1.8836108,0.45638916,-2.2836108,-1.0636108,-1.2436109,-1.4136108,1.5463891,-1.8536109,-2.4936109,-3.5536108,-3.943611,3.9963892,1.9863892,4.396389,4.466389,3.8663893,1.7763891,2.076389,1.3163892,0.79638916,0.31638917,-0.40361083,-0.9736108,-1.8336109,-1.7436109,-1.6336108,-0.94361085,-0.47361085,-0.38361084,0.76638913,1.9463892,1.1463891,0.79638916,0.09638916,1.9063891,0.50638914,-0.33361083,-0.25361085,0.18638916,0.56638914,0.076389164,-1.2636108,-1.6136109,-1.0736108,-1.1036109,-0.73361087,-1.3636109
-6.9436107,-6.9436107,-6.9636106,-6.8636107,-6.973611,-6.583611,-5.9236107,-5.123611,-4.703611,-2.3036108,-1.7836108,-1.4736109,-1.4836109,-1.4336108,2.4563892,1.9963892,0.26638916,-2.0336108,0.51638913,1.3363892,0.30638915,-1.5336108,0.5863892,0.97638917,2.296389,2.4563892,2.106389,2.046389,1.8863891,2.096389,1.8863891,2.296389,1.5763892,0.55638915,-0.10361084,-1.3136108,-2.3236108,-2.443611,-1.6936108,-0.32361084,-2.2336109,-1.2536108,-0.42361084,-1.4636109,-1.1636108,-0.46361083,-1.0136108,-0.44361085,-0.6536108,-0.5936108,-0.16361085,0.15638916,0.10638916,0.03638916,0.02638916,0.34638917,-0.0036108398,-0.55361086,-0.70361084
-7.0036106,-6.793611,-6.683611,-6.813611,-6.953611,-6.6536107,-6.0036106,-5.6136107,-3.5336108,-3.2536108,-2.683611,-1.0636108,-0.29361084,-0.34361085,-1.3836108,0.18638916,0.45638916,-1.8836108,-2.203611,0.45638916,0.8363892,1.5963892,-0.92361087,-1.3636109,-0.36361083,-0.69361085,-0.56361085,1.6163892,2.3763893,1.8963891,1.7463892,1.7563891,1.8863891,1.2063892,0.93638915,-0.40361083,-2.0336108,-0.68361086,-1.5336108,-1.2336109,1.7163892,-2.8236108,2.846389,2.606389,-1.1236109,-2.7536108,-2.5136108,-1.1936108,-0.82361084,-0.04361084,-0.31361085,0.06638916,0.32638916,0.7163892,0.92638916,-0.26361084,-0.56361085,-0.26361084,0.50638914
-7.2136106,-6.703611,-6.563611,-6.743611,-6.843611,-6.6736107,-6.803611,-5.023611,-3.963611,-3.0436108,-1.6936108,-0.9736108,-1.1836108,-1.1836108,0.79638916,2.4463892,3.096389,0.63638914,3.4863892,-0.35361084,1.2363892,1.1863892,2.556389,0.32638916,-1.1836108,-1.7336109,-0.51361084,-1.4136108,2.2063892,1.5863892,1.8063892,2.7163892,2.4163892,0.41638917,-1.6136109,-1.1536108,-1.8836108,-1.2036109,-3.5136108,-2.923611,-1.7136109,0.37638915,0.22638915,-1.2936108,-2.1236107,-1.9836109,-2.1236107,-2.6236107,-2.203611,-0.43361083,0.29638916,0.22638915,0.72638917,2.2163892,2.4663892,0.36638916,-0.03361084,2.6263893,3.536389
-7.083611,-6.703611,-6.9436107,-7.1536107,-7.013611,-7.663611,-7.513611,-4.323611,-3.3136108,-2.8336108,-2.3836107,-1.7336109,-1.5136108,-0.73361087,1.2463892,2.2563891,3.7263892,4.296389,2.7463892,1.1063892,2.7663891,2.6963892,-0.36361083,1.6663891,-1.3036108,-1.3636109,-1.6536108,-1.9036108,0.29638916,0.39638916,0.94638914,3.4063892,1.9363892,-0.52361083,-0.27361083,-0.12361084,-0.5436108,-1.3236108,-2.393611,-2.903611,-1.5036108,-2.0836108,-2.0336108,-2.7636108,-3.453611,-3.1136107,-3.8636107,1.3463892,1.8263892,2.5263891,-1.5736108,-4.4836106,-5.293611,-1.3936108,3.826389,1.9563892,1.3363892,2.4863892,1.4863892
-6.833611,-6.933611,-7.293611,-7.723611,-7.743611,-8.763611,-6.823611,-4.833611,-3.0936108,-2.2436109,-1.3736109,-1.9636109,-0.51361084,1.3263892,2.9363892,4.356389,5.586389,6.456389,6.546389,6.376389,2.606389,-0.28361085,1.2663891,1.9163891,1.9363892,2.9963892,2.9863892,0.12638916,-1.6036109,-0.0036108398,0.63638914,1.3063892,1.3363892,-0.73361087,-0.01361084,-0.10361084,-0.37361085,-1.7636108,-1.9336108,-2.5636108,-2.8536108,-2.423611,-3.9836109,-3.3736107,-4.493611,-1.4436108,-2.2536108,-2.2536108,0.73638916,-0.12361084,2.096389,0.72638917,2.296389,1.0963892,4.8663893,1.6263891,2.0263891,-2.1336107,3.5063891
-6.7136106,-7.1536107,-7.373611,-7.6536107,-7.573611,-8.70361,-5.9036107,-2.903611,-1.6336108,-1.1236109,-1.2336109,-0.5336108,1.7263892,3.6263893,2.8763893,3.4063892,5.436389,6.0163894,4.946389,6.2663894,6.3663893,2.596389,2.316389,-0.07361084,0.29638916,0.7163892,-0.50361085,-0.23361084,-2.0436108,-1.0636108,-1.8936108,0.68638915,0.94638914,1.0363891,0.55638915,-0.13361084,-0.9036108,-2.1036108,-3.5436108,-3.5236108,-2.683611,-2.453611,-3.403611,-4.033611,-3.0436108,-4.1136107,1.5163891,2.2063892,-2.5336108,1.5663892,2.9363892,2.566389,1.9863892,0.67638916,4.156389,4.646389,2.9863892,2.9763892,1.8063892
-6.643611,-7.0036106,-7.243611,-7.313611,-7.223611,-7.073611,-6.583611,-3.0936108,-0.86361086,1.1863892,2.786389,3.806389,2.796389,2.606389,3.546389,4.646389,5.716389,8.676389,6.336389,5.1363893,4.3663893,3.7663891,3.2663891,3.086389,2.306389,1.3263892,1.8263892,-0.01361084,-0.9636108,-3.433611,-1.5036108,-1.0336108,-0.7836108,0.68638915,0.30638915,-1.4836109,-2.163611,-1.9736109,-1.3236108,-1.0136108,-1.2536108,-2.3236108,-3.6336107,-3.0736108,-2.8836107,-2.923611,-1.0036108,-2.5536108,-2.923611,3.056389,6.5363894,4.426389,3.0263891,2.4363892,3.1363893,3.4263892,2.846389,2.566389,2.806389
-6.063611,-6.6136107,-6.683611,-6.7136106,-6.773611,-6.103611,-4.7536106,-3.203611,-1.1436108,1.2563891,2.6663892,3.9563892,4.906389,4.106389,3.7763891,4.106389,5.756389,6.2863894,6.006389,3.3863893,2.6263893,2.3863893,4.816389,3.1263893,1.2963891,-0.20361084,2.4463892,2.1863892,2.346389,-4.013611,3.286389,-0.5336108,-0.28361085,-0.44361085,-1.7036109,-0.14361084,-3.5136108,-3.3536108,-3.3736107,-3.3536108,-1.4536109,-2.5636108,-2.7936108,-3.1136107,-2.5736108,-1.9336108,-1.7036109,-2.673611,-1.0536108,1.2763891,4.3863893,4.276389,4.696389,4.196389,4.226389,4.566389,4.126389,3.556389,2.7463892
-5.163611,-5.623611,-5.9236107,-5.993611,-5.9836106,-5.3836107,-4.6936107,-3.3436108,-1.1336108,1.1863892,2.5263891,3.7263892,2.556389,2.6663892,3.8863893,5.276389,5.8463893,7.106389,6.836389,4.7863894,3.0263891,1.6963892,2.356389,1.8763891,2.1163893,1.3863891,0.42638916,-0.07361084,0.18638916,-4.373611,-0.49361083,-0.25361085,1.4563892,-1.7236109,-0.87361085,-2.5636108,-1.9636109,-1.1836108,-0.39361084,-0.25361085,-1.3736109,-2.213611,-2.5336108,-2.3836107,-2.1236107,-1.8636109,-1.4036108,-2.153611,-2.1036108,0.20638916,2.9563892,5.196389,4.706389,5.236389,4.686389,4.276389,3.9763892,3.306389,2.6663892
-3.3736107,-4.473611,-5.273611,-5.583611,-5.563611,-5.103611,-3.173611,-1.3236108,0.8963892,2.856389,3.7563891,2.786389,3.1863892,4.896389,5.3463893,5.026389,5.8263893,5.776389,4.606389,2.7063892,-0.49361083,0.5963892,2.1763892,1.3763891,1.3363892,0.34638917,0.36638916,-0.09361084,-0.93361086,-2.1036108,-1.7136109,-0.80361086,1.1963892,2.596389,1.3863891,0.43638915,1.3563892,-1.4936109,-1.0836109,-0.58361083,-0.7836108,-1.9136108,-1.6836108,-1.4436108,-1.5036108,-1.6036109,-1.5936109,-1.7036109,-2.0036108,0.17638916,3.056389,4.196389,2.5263891,3.6863892,3.7463892,3.9263892,3.8663893,3.816389,3.1163893
-0.30361083,-3.1036108,-4.993611,-4.783611,-4.1136107,-2.153611,-1.2636108,-0.22361083,2.4963892,4.2863894,4.906389,5.006389,5.2663894,5.656389,5.9963894,5.3463893,5.486389,5.946389,5.166389,3.2463892,1.8463892,2.1363893,2.2163892,1.1763892,0.92638916,-1.4136108,-1.0136108,-0.57361084,-0.82361084,-1.7736108,-1.1336108,-0.0036108398,0.44638917,0.72638917,1.6963892,2.7763891,3.2563891,1.0563892,-1.1036109,-1.7736108,-0.24361084,-1.4936109,-1.1536108,-1.2536108,-1.0936109,-1.2336109,-1.3136108,-1.0236108,-1.0736108,1.8963891,3.6163893,2.086389,-0.02361084,1.3763891,2.9063892,3.076389,3.346389,3.0163891,2.6763892
