raw-data/2018091600.json
{"header": { "discipline":0, "disciplineName":"Meteorological products", "gribEdition":2, "gribLength":74051, "center":7, "centerName":"US National Weather Service - NCEP(WMC)", "subcenter":0, "refTime":"2018-09-16T00:00:00.000Z", "significanceOfRT":1, "significanceOfRTName":"Start of forecast", "productStatus":0, "productStatusName":"Operational products", "productType":1, "productTypeName":"Forecast products", "productDefinitionTemplate":0, "productDefinitionTemplateName":"Analysis/forecast at horizontal level/layer at a point in time", "parameterCategory":2, "parameterCategoryName":"Momentum", "parameterNumber":2, "parameterNumberName":"U-component_of_wind", "parameterUnit":"m.s-1", "genProcessType":2, "genProcessTypeName":"Forecast", "forecastTime":0, "surface1Type":103, "surface1TypeName":"Specified height level above ground", "surface1Value":10.0, "surface2Type":255, "surface2TypeName":"Missing", "surface2Value":0.0, "gridDefinitionTemplate":0, "gridDefinitionTemplateName":"Latitude_Longitude", "numberPoints":65160, "shape":6, "shapeName":"Earth spherical with radius of 6,371,229.0 m", "gridUnits":"degrees", "resolution":48, "winds":"true", "scanMode":0, "nx":360, "ny":181, "basicAngle":0, "lo1":0.0, "la1":90.0, "lo2":359.0, "la2":-90.0, "dx":1.0, "dy":1.0 }, "data":
[rows 130 to 155 of 181, columns 290 to 347 of 360]
-0.21050781,-2.2505078,-2.650508,-4.9105077,-5.170508,-4.960508,-3.9505079,-2.5905077,-6.270508,-5.340508,-5.2405076,-4.860508,-3.6205077,-4.070508,-2.940508,-2.3105078,-2.0605078,-2.0905077,-1.6605078,-1.5505078,-1.4805079,-1.5105078,-1.2405078,-1.3205078,-1.5205078,-0.7705078,-0.09050781,0.019492187,0.35949218,1.1594921,1.8694922,2.579492,2.9094923,2.6794922,2.1894922,-0.2305078,-0.2305078,1.0694922,2.1694922,2.9794922,1.3094922,0.50949216,0.039492186,-1.6905078,-1.3805078,-0.93050784,-3.3105078,-3.6005077,-4.2405076,-6.440508,-6.050508,-4.980508,-5.400508,-5.8505077,-5.9305077,-5.8905077,-6.1205077,-5.320508
3.4194922,-0.6105078,-2.2705078,-3.8905077,-4.460508,-4.3505077,-5.2605076,-2.7005079,-2.160508,-4.020508,-3.180508,-2.8805077,-2.7405078,-1.9505078,-1.5505078,-1.0705078,-0.17050782,0.45949218,-0.5305078,0.049492188,0.17949219,0.3194922,0.8394922,0.7994922,0.48949218,0.8094922,1.2294922,1.1894922,0.6794922,1.0294921,1.5794922,2.1494923,2.6694922,2.3894923,1.7494922,1.0794922,0.4794922,-0.4305078,-0.13050781,2.6394923,2.2794921,1.0894922,0.6394922,-0.6705078,-0.7105078,-0.7005078,-3.8205078,-3.3005078,-4.400508,-5.780508,-4.8905077,-4.8305078,-5.150508,-5.1605077,-5.730508,-5.6405077,-6.560508,-5.000508
3.7694921,0.8894922,1.9494922,-5.710508,-4.730508,-3.920508,-6.090508,-5.960508,-3.4805079,-0.4905078,-1.7005078,-1.6305078,-0.68050784,-0.2705078,0.5394922,1.2094922,2.1794922,2.2194922,1.0794922,2.1394923,3.7594922,2.9194922,2.589492,2.3994923,2.309492,2.4094923,2.2194922,2.2794921,1.9994922,1.7494922,1.4894922,1.0094922,-0.9605078,-1.5105078,-1.4105078,-0.6905078,-0.20050782,0.29949218,0.9294922,1.3494922,3.1894922,2.069492,1.3694922,0.48949218,0.35949218,0.45949218,-2.2905078,-1.2305079,-2.8705077,-3.8305078,-4.290508,-4.780508,-4.230508,-4.190508,-4.8705077,-5.110508,-6.2605076,-5.070508
3.7694921,4.3394923,-4.250508,-8.500507,-6.840508,-4.530508,-6.820508,-8.0905075,-7.940508,-6.0805078,-1.8305078,-0.16050781,-0.030507812,0.39949217,2.1694922,3.7994921,4.199492,2.9594922,3.1994922,4.439492,5.2794924,3.8894923,3.7794921,3.4294922,3.3994923,3.6194923,3.6894922,3.4394922,3.2094922,2.8894923,2.7294922,2.0394921,0.6094922,0.7994922,1.1794922,1.8594922,1.9194922,2.309492,3.0294921,2.7094922,2.8994923,1.8394922,1.6594921,1.0994922,1.0494922,0.42949218,0.38949218,1.4794922,-0.19050781,-1.9405078,-2.2805078,-2.7405078,-3.8505077,-3.7505078,-3.8905077,-4.4505076,-4.810508,-4.650508
0.87949216,-8.110508,-6.090508,-8.110508,-6.900508,-4.270508,-6.840508,-8.050508,-8.8405075,-8.740508,-8.320508,-6.2005076,-2.0105078,0.9894922,1.8294922,2.7194922,2.9394922,2.6694922,3.309492,4.219492,4.789492,4.6294923,4.539492,4.429492,4.449492,4.939492,5.369492,5.329492,5.059492,4.829492,4.599492,4.3394923,3.849492,3.5194921,3.4894922,3.6194923,3.819492,3.5194921,4.179492,4.179492,2.0094922,2.6294923,1.6594921,1.5194921,1.7394922,2.569492,2.3594923,3.4894922,0.75949216,-1.1305078,-1.0305078,-0.8305078,-2.7305079,-3.0705078,-3.3605077,-3.5905077,-3.8805077,-4.110508
3.2994921,-2.3005078,-3.0605078,-3.9605079,-6.520508,-6.030508,-6.440508,-6.820508,-7.090508,-7.2205076,-7.090508,-6.4705076,-6.770508,-7.130508,-5.8705077,-2.6205077,0.7294922,3.099492,4.469492,4.459492,5.0094924,5.559492,5.6294923,5.929492,6.209492,6.459492,7.199492,7.729492,7.709492,7.499492,7.3394923,7.0894923,6.499492,5.9194922,5.8594923,5.619492,5.459492,4.999492,4.519492,4.429492,3.9194922,3.8594923,3.339492,1.2294922,1.2694921,2.5294921,1.5294921,3.6394923,2.2594922,-5.078125E-4,0.2794922,0.6094922,-5.078125E-4,-1.0405078,-1.4505078,-1.9505078,-2.6005077,-3.1405077
3.1694922,-2.5805078,-4.280508,-8.250507,-7.3505077,-6.150508,-5.6205077,-5.790508,-5.820508,-5.710508,-5.4705076,-5.270508,-5.1405077,-6.170508,-5.800508,-4.480508,-6.0805078,-5.7405076,-4.820508,-2.7505078,0.74949217,3.849492,4.979492,5.829492,6.389492,7.019492,7.999492,8.799492,9.359492,9.229492,9.179492,9.129492,9.049492,8.189492,7.939492,8.029492,7.579492,7.039492,6.1294923,5.6694922,5.179492,4.229492,4.749492,3.4594922,2.5394921,2.6594923,3.4994922,4.409492,2.9494922,0.07949219,1.2794921,1.8694922,1.9894922,1.5694922,1.2794921,0.8394922,-0.3005078,-1.1005079
3.1494923,-5.190508,-6.250508,-5.3705077,-6.020508,-5.1005077,-4.2205076,-3.8105078,-3.690508,-3.400508,-3.2505078,-3.0905077,-3.0005078,-3.2405078,-3.2405078,-3.5105078,-4.270508,-3.9905078,-3.3905077,-2.660508,-1.6705078,-0.6905078,0.5394922,2.4194922,4.329492,5.7394924,7.0894923,8.149492,9.569492,10.1594925,10.419492,10.459492,10.109492,10.019492,9.719492,9.379492,8.699492,8.329493,7.639492,6.579492,5.5894923,5.5494924,5.159492,4.7394924,4.269492,3.8694923,3.8894923,4.6094923,2.8694923,2.839492,4.459492,4.059492,3.9894922,4.059492,3.7194922,3.5294921,2.9394922,1.5594922
2.0394921,-1.7805078,-2.8105078,-4.020508,-4.290508,-3.9805079,-3.0705078,-2.2805078,-1.6305078,-1.0905079,-0.6305078,-0.36050782,-0.15050781,-0.020507812,0.06949219,-0.030507812,-0.06050781,0.029492188,0.2794922,0.8494922,1.6494921,2.349492,2.5494921,2.3594923,3.1794922,3.819492,3.559492,4.179492,6.2594924,8.639492,9.4094925,9.499493,9.959492,11.079493,11.009492,10.749493,10.249493,10.379492,8.359492,7.179492,6.4194922,5.979492,5.059492,5.1694922,5.219492,4.979492,4.2794924,3.8894923,3.7094922,3.0394921,5.2994924,7.409492,6.3994923,4.8394923,5.7594924,5.599492,4.999492,4.6094923
0.75949216,-1.7205079,-2.7405078,-7.7205076,-5.050508,-3.660508,-1.7705078,-0.45050782,0.4794922,1.1194922,1.5394921,1.8194922,2.0394921,2.2294922,2.5494921,3.0294921,3.4194922,3.7394922,4.3394923,4.409492,4.539492,4.789492,5.0094924,4.999492,5.699492,5.269492,5.369492,5.999492,6.4894924,6.959492,7.0294924,7.789492,8.499493,9.019492,10.089492,10.359492,9.179492,8.609492,9.179492,8.879492,8.229492,7.5694923,5.959492,5.389492,5.349492,5.1494923,4.519492,4.5294924,4.849492,3.9694922,4.6294923,5.9894924,5.979492,5.8594923,6.3594923,7.199492,7.0894923,6.939492
-1.9305078,-4.360508,-7.790508,-7.280508,-5.3905077,-2.680508,-0.10050781,1.4694922,2.2594922,2.829492,3.3794923,3.6594923,4.039492,4.409492,4.7394924,5.1694922,5.2594924,5.3794923,5.5294924,5.8794923,5.909492,5.949492,7.829492,7.709492,7.2594924,7.929492,7.909492,7.699492,7.599492,7.579492,7.539492,7.789492,7.7994924,8.589492,9.019492,9.559492,9.459492,9.379492,9.459492,8.739492,8.619493,8.789493,7.949492,6.5094924,5.8594923,6.1294923,5.579492,4.889492,4.8394923,4.9894924,5.579492,6.519492,6.249492,6.949492,6.709492,7.0494924,7.689492,7.2994924
-2.2305079,-5.5805078,-3.670508,-3.3405077,-1.7405078,0.20949219,2.6094923,3.829492,4.559492,5.059492,5.719492,6.539492,7.389492,7.829492,8.299492,7.679492,6.949492,6.959492,7.369492,7.7794924,8.199492,8.1594925,8.579493,9.729492,9.9094925,9.819492,9.969492,10.359492,10.109492,9.239492,8.859492,9.369493,9.859492,9.789493,9.979492,10.239492,10.309492,10.149492,10.199492,9.799492,10.059492,10.059492,9.049492,7.5494924,8.199492,6.909492,6.679492,6.429492,6.079492,5.949492,6.309492,7.119492,7.939492,8.529492,8.699492,8.879492,9.219492,9.279492
1.9494922,2.7894921,3.309492,2.559492,2.8894923,3.9294922,4.719492,5.059492,6.0694923,6.2394924,5.9194922,5.249492,8.849492,7.689492,7.269492,7.4894924,8.259492,9.149492,9.649492,9.639492,10.149492,10.599492,10.969492,11.599492,12.369493,13.039493,12.609492,11.999493,11.639492,11.769492,12.399492,12.489492,12.419492,11.689492,10.239492,11.149492,11.779492,11.939492,11.649492,11.599492,10.549492,9.609492,8.749493,8.239492,8.119493,8.129492,8.789493,8.289493,8.079493,8.129492,8.099492,8.559492,8.949492,9.1594925,9.469492,9.629492,9.839492,9.859492
3.6894922,4.579492,6.329492,7.159492,7.289492,7.979492,8.259492,8.719492,9.209492,9.499493,9.689492,10.809492,10.069492,9.699492,9.549492,9.509492,9.869493,10.6594925,11.099492,11.799492,12.499493,12.399492,12.309492,12.589492,13.199492,13.919492,14.839492,15.729492,16.309492,16.919493,17.169493,16.919493,16.159492,14.739492,13.109492,12.479492,14.009492,12.799492,12.169492,11.519492,11.599492,10.889492,10.259492,9.4094925,8.709492,8.649492,8.929492,9.4094925,9.699492,8.899492,8.6594925,9.259492,9.679492,10.239492,10.309492,10.429492,10.359492,10.619493
4.309492,1.8794922,3.4594922,7.1094923,9.949492,10.859492,11.079493,10.529492,10.379492,9.899492,9.949492,10.059492,9.999493,9.779492,9.629492,9.859492,10.829493,11.679492,11.789493,12.389492,12.489492,12.509492,13.389492,15.169492,17.079493,18.729492,20.629492,21.909492,22.359491,22.439491,22.009493,21.349493,17.979492,14.139492,15.199492,16.359491,13.939492,13.039493,12.349492,11.539493,11.039493,10.609492,10.179492,9.339492,8.219492,7.7394924,7.619492,7.579492,7.999492,8.689492,9.509492,10.229492,10.349492,10.329493,10.889492,11.479492,12.249493,12.679492
4.619492,1.0294921,1.1694922,4.229492,5.8594923,6.449492,7.119492,7.199492,7.3594923,7.499492,8.129492,9.019492,10.509492,10.9094925,11.099492,10.029492,9.169492,9.4094925,10.489492,12.579493,14.109492,14.809492,15.439492,17.079493,19.349493,21.899492,24.629492,26.209492,26.899492,26.959492,26.079493,24.169493,21.659492,18.429493,16.799492,9.279492,11.029492,13.529492,14.249493,12.089492,11.289493,10.609492,9.839492,9.119493,8.329493,8.119493,7.3594923,7.139492,7.1494923,7.639492,8.389492,9.439492,10.199492,11.149492,11.829493,11.789493,12.369493,12.849492
9.819492,10.339492,10.649492,11.1594925,11.109492,9.549492,9.169492,9.619493,9.709492,9.309492,8.789493,9.449492,10.739492,9.709492,7.1294923,6.409492,9.559492,11.479492,12.639492,13.609492,14.789493,15.989492,16.929493,18.619492,21.109491,23.619492,26.259493,28.269493,29.089493,28.659492,27.479492,25.809492,23.529491,20.819492,17.929493,18.589493,16.399492,12.819492,10.569492,11.779492,12.219492,11.169492,9.929492,8.729492,8.449492,8.349492,8.389492,8.169492,8.4094925,8.859492,9.579493,10.249493,10.799492,11.469492,11.919492,12.559492,13.099492,13.609492
9.759492,10.039493,10.469492,10.739492,10.989492,11.229492,11.389492,10.489492,8.919492,8.769492,9.459492,9.829493,9.109492,7.249492,5.709492,6.9894924,9.599492,11.569492,11.849492,13.509492,14.379492,15.579493,16.509493,17.379492,19.089493,20.619492,22.479492,23.389492,23.029491,22.559492,22.089493,21.769493,20.969492,19.339493,17.579493,17.669493,16.499493,14.329493,13.569492,11.329493,9.6594925,9.309492,8.769492,7.7594924,7.0294924,6.999492,8.469492,9.309492,9.169492,9.699492,9.989492,10.489492,11.039493,11.649492,11.969492,12.009492,11.879492,12.379492
10.779492,10.829493,9.699492,10.339492,11.079493,11.069492,10.089492,8.759492,7.4894924,7.1094923,7.229492,7.479492,7.199492,6.2994924,7.189492,9.199492,10.689492,11.689492,12.329493,12.939492,13.419492,13.439492,12.989492,14.009492,14.259492,13.919492,13.919492,14.739492,15.279492,15.599492,16.079493,15.969492,15.359492,14.219492,13.279492,13.269492,12.519492,11.849492,11.239492,10.539493,9.869493,8.599492,7.659492,7.1294923,6.3794923,6.039492,5.8994923,6.5894923,7.439492,7.999492,8.519492,8.819492,9.129492,9.879492,10.609492,10.419492,10.939492,11.089492
11.269492,11.459492,9.689492,8.449492,8.149492,7.909492,7.619492,7.6494923,7.8194923,7.999492,8.129492,8.049492,7.369492,7.059492,7.9894924,9.489492,10.269492,10.9094925,11.049492,11.389492,11.139492,10.429492,10.049492,9.349492,8.789493,7.6494923,5.479492,4.1494923,6.3594923,8.189492,7.659492,7.5894923,7.349492,7.729492,7.8394923,7.8594923,7.929492,7.939492,8.459492,8.779492,8.549492,8.079493,7.0294924,6.1694922,5.659492,5.199492,5.219492,5.599492,6.229492,7.079492,7.539492,8.069492,8.359492,8.789493,8.949492,9.389492,9.919492,10.439492
9.829493,9.239492,8.449492,8.539493,8.759492,8.839492,8.849492,9.009492,9.189492,9.339492,9.1594925,8.429492,7.469492,7.0294924,8.249493,9.299492,9.9094925,10.279492,10.449492,9.749493,9.079493,7.8594923,6.059492,5.619492,5.269492,3.809492,2.809492,0.5894922,-1.7905078,-1.7805078,4.829492,3.7294922,2.9394922,3.1394923,3.599492,3.9394922,4.999492,6.0494924,7.0694923,7.7594924,7.889492,7.729492,7.0694923,4.8994923,4.119492,4.459492,4.699492,4.869492,5.499492,6.1694922,6.519492,6.709492,6.849492,6.999492,7.289492,7.5894923,7.979492,8.479492
9.879492,9.359492,8.819492,7.9894924,7.539492,7.8594923,8.229492,8.699492,9.459492,9.9094925,9.189492,6.9194922,5.789492,6.389492,7.5094924,7.6694922,8.139492,8.259492,8.6594925,7.4894924,6.869492,5.0694923,5.269492,4.1294923,2.9794922,2.9294922,1.9894922,0.7294922,-1.1205078,-3.0105078,-5.020508,-7.8305078,-6.6605077,-1.1805078,3.6594923,6.139492,6.829492,6.949492,6.949492,6.1494923,4.4894924,3.579492,2.8794923,2.4694922,2.4394922,2.9294922,3.2994921,3.3694923,3.349492,3.5294921,3.8994923,4.179492,4.369492,4.7394924,5.269492,5.8194923,6.3794923,6.929492
8.509492,5.2594924,6.769492,6.369492,5.809492,5.499492,7.909492,6.869492,5.5294924,4.439492,2.829492,-0.4105078,1.4694922,4.999492,6.349492,7.389492,7.229492,7.959492,7.4194922,6.159492,5.249492,3.9894922,4.459492,3.7894921,3.4594922,2.839492,2.0294921,1.3194922,-0.06050781,-1.2105079,-3.3005078,-4.4305077,-5.480508,-6.960508,-8.690508,-10.180508,-11.330508,-11.0905075,-10.190508,-8.490508,-6.800508,-5.040508,-3.7805078,-3.0405078,-2.680508,-2.420508,-1.9605079,-1.4105078,-0.93050784,-0.32050782,0.32949218,1.0294921,1.9194922,3.0094922,3.8694923,4.6094923,5.469492,6.159492
6.3594923,6.2994924,5.979492,6.249492,4.1294923,3.8894923,2.589492,-1.8805078,-3.0705078,-1.2005078,1.3594922,2.7294922,4.059492,4.229492,4.749492,4.269492,4.909492,3.069492,2.7694921,2.7494922,2.6694922,3.7994921,3.9694922,4.3994923,3.5094922,2.9494922,2.6394923,2.2094922,1.4894922,0.4094922,-0.7305078,-1.9505078,-3.150508,-4.250508,-5.1605077,-5.6805077,-6.1005077,-6.560508,-7.050508,-7.3905077,-7.520508,-7.1805077,-6.320508,-5.1005077,-4.0105076,-3.1005077,-1.9705079,-1.0405078,-0.19050781,0.93949217,1.9294922,2.819492,3.589492,4.269492,4.8594923,5.5294924,6.0694923,6.5094924
4.889492,5.709492,6.269492,3.7394922,4.289492,3.3994923,0.4994922,0.26949218,-0.8905078,-3.0505078,1.4794922,3.7794921,-2.3805077,1.0494922,0.8594922,1.2394922,0.39949217,0.50949216,2.2094922,3.3694923,3.4694922,3.5294921,4.2994924,3.6894922,2.9794922,3.1894922,2.9194922,2.7594922,2.4794922,1.9394922,1.2294922,0.4494922,-0.39050782,-1.2905078,-1.9405078,-2.420508,-2.8505077,-3.170508,-3.160508,-3.0905077,-2.7605078,-2.3005078,-1.6605078,-0.8805078,-0.06050781,0.68949217,1.5494922,2.4294922,3.1494923,3.7794921,4.219492,4.639492,4.9194922,5.119492,5.559492,6.2794924,6.769492,7.0294924
5.209492,4.6694922,5.599492,4.939492,4.729492,3.079492,-3.4705079,-0.22050782,3.2694921,0.9494922,-2.150508,-1.6505078,-2.2605078,-1.3105078,0.2394922,0.7394922,1.2794921,1.7494922,2.2594922,2.6494923,3.0194921,3.6194923,3.9294922,3.8894923,4.079492,3.9494922,3.8594923,3.569492,3.319492,3.309492,3.1094923,2.7094922,2.2194922,1.8094922,1.5294921,1.3094922,1.0694922,0.9694922,0.9494922,1.1094922,1.3094922,1.5794922,1.9594922,2.3894923,2.7294922,3.099492,3.4794922,3.8894923,4.449492,4.9894924,5.4194922,5.689492,5.809492,5.929492,6.159492,6.3594923,6.469492,6.679492
