raw-data/2018091718.json
{"header": { "discipline":0, "disciplineName":"Meteorological products", "gribEdition":2, "gribLength":74821, "center":7, "centerName":"US National Weather Service - NCEP(WMC)", "subcenter":0, "refTime":"2018-09-17T18:00:00.000Z", "significanceOfRT":1, "significanceOfRTName":"Start of forecast", "productStatus":0, "productStatusName":"Operational products", "productType":1, "productTypeName":"Forecast products", "productDefinitionTemplate":0, "productDefinitionTemplateName":"Analysis/forecast at horizontal level/layer at a point in time", "parameterCategory":2, "parameterCategoryName":"Momentum", "parameterNumber":2, "parameterNumberName":"U-component_of_wind", "parameterUnit":"m.s-1", "genProcessType":2, "genProcessTypeName":"Forecast", "forecastTime":0, "surface1Type":103, "surface1TypeName":"Specified height level above ground", "surface1Value":10.0, "surface2Type":255, "surface2TypeName":"Missing", "surface2Value":0.0, "gridDefinitionTemplate":0, "gridDefinitionTemplateName":"Latitude_Longitude", "numberPoints":65160, "shape":6, "shapeName":"Earth spherical with radius of 6,371,229.0 m", "gridUnits":"degrees", "resolution":48, "winds":"true", "scanMode":0, "nx":360, "ny":181, "basicAngle":0, "lo1":0.0, "la1":90.0, "lo2":359.0, "la2":-90.0, "dx":1.0, "dy":1.0 }, "data":
[rows 52 to 77 of 181, columns 59 to 117 of 360]
0.35708985,-2.1129103,-1.4229102,-0.73291016,0.46708983,0.007089844,-0.82291013,-2.4229102,0.47708985,-1.1129102,-1.6429101,-2.0029101,1.5070899,1.3370899,1.1870898,-2.28291,-2.27291,-0.69291013,-0.5829102,-1.7329102,-1.8829101,-0.98291016,-1.8929101,-2.7629101,-1.9029101,-3.1829102,-1.8629102,-0.5829102,0.52708983,1.6070899,0.32708985,-0.7129102,-1.2629101,-1.4629102,0.46708983,0.21708985,-0.28291017,1.1170899,2.66709,0.37708986,0.33708984,0.9070898,-0.21291016,-0.27291015,-0.7629101,-0.67291015,-0.69291013,-0.18291016,-1.0529102,-1.5229101,-0.53291017,-0.62291014,-0.54291016,-1.0829102,-0.28291017,1.2070899,0.9770898,1.5470898,0.74708986
-0.29291016,2.1170897,-1.6229101,-1.8529102,-1.7129102,-0.31291017,-0.0029101563,1.8370899,2.4970899,1.9370898,-0.66291016,-0.80291015,-0.12291016,2.1370897,1.4570899,0.17708984,-1.4629102,0.48708984,0.27708983,-0.11291016,-1.0229101,-0.86291015,-2.10291,-2.27291,0.41708985,1.9170898,1.8570899,1.2870898,-0.5129101,1.2370899,-1.7829101,-0.43291014,-3.54291,-0.94291013,0.23708984,2.2470899,1.8670899,1.1570898,0.34708986,2.3270898,-0.36291015,0.06708984,-1.8329102,-0.28291017,0.9770898,-0.0029101563,-1.1529101,-0.32291016,-0.87291014,0.13708985,-0.49291015,-0.68291014,-1.1329101,-0.39291015,-1.0929102,0.96708983,0.55708987,0.76708984,-0.85291016
-5.02291,-0.97291017,0.8470898,-1.3329102,-2.85291,-2.4929101,-1.1929102,-0.5129101,-0.29291016,0.87708986,-1.3929101,-0.5829102,1.8270898,0.5470898,-0.042910155,-0.28291017,-2.04291,-1.9029101,-1.0129101,0.7370899,0.56708986,0.69708985,0.31708986,0.99708986,3.2670898,2.0970898,1.0670898,0.15708984,-0.40291014,-3.9329102,-2.35291,-2.6529102,-1.2529101,-1.0029101,-1.1329101,-0.7029102,-0.72291017,0.117089845,0.21708985,-0.66291016,-0.6429102,0.12708984,-1.0629102,-0.98291016,-1.0429101,-1.5629102,-0.54291016,-1.2129102,-0.14291015,-0.13291016,0.69708985,-0.5929102,-0.9629102,-1.3229102,-0.30291015,-0.63291013,0.40708983,-0.48291016,-1.0529102
-3.3929102,-2.9529102,-0.55291015,-0.78291017,1.6070899,0.87708986,0.18708985,-0.8329102,-0.9029102,0.28708985,2.0170898,-0.24291016,0.22708984,-0.78291017,-2.08291,-0.22291015,-1.0729102,0.17708984,-1.9329102,-1.2129102,0.25708985,1.9070898,0.27708983,-1.5529102,-1.3929101,-0.98291016,-0.022910155,-1.0629102,-3.9429102,-1.8229102,-0.7729102,-0.20291016,-0.8929102,-5.29291,-3.4729102,-1.4329102,-2.35291,-1.1129102,-2.1629102,-1.4729102,-1.3929101,-0.32291016,-0.49291015,-2.0029101,-2.1329103,-1.9529102,-0.88291013,-1.2829101,0.15708984,0.25708985,-1.2129102,-4.0329103,-1.9329102,-1.5829102,-2.58291,-2.4729102,-1.2529101,-1.5729102,-1.8629102
-3.1129103,-2.1729102,-3.59291,-0.022910155,-2.3829103,0.007089844,-0.032910157,1.0070899,0.74708986,-0.12291016,-1.8329102,0.06708984,0.06708984,-1.8929101,-3.6729102,-2.4729102,-1.0429101,-1.8029102,-1.1729102,1.3970898,-1.4129101,0.14708984,0.14708984,-2.09291,-3.7329102,-0.32291016,-0.39291015,-4.17291,-0.24291016,0.47708985,2.8470898,2.1370897,-0.29291016,-0.8929102,1.3770899,-1.5229101,-1.0629102,-1.5129101,-0.94291013,0.14708984,-1.6629101,-1.0329101,-0.7629101,-2.05291,-1.9229102,-1.1829102,-0.32291016,-0.28291017,-0.87291014,-0.13291016,0.83708984,-0.66291016,-0.7729102,-0.48291016,-0.37291014,-1.6929102,-1.5229101,-2.1129103,-2.4329102
-3.4829102,-0.86291015,2.9970899,1.6770898,0.45708984,0.46708983,1.1670898,-0.16291016,2.0170898,2.40709,-0.18291016,-0.26291016,0.34708986,-1.4229102,0.06708984,-0.60291016,-2.4129102,-1.0329101,-1.2229102,1.8170898,1.0170898,0.51708984,0.7370899,-0.24291016,-1.1029102,-0.21291016,1.0570898,2.5470898,0.56708986,0.48708984,0.46708983,-0.25291017,0.14708984,0.14708984,1.2770898,-0.87291014,-0.79291016,-0.74291015,-0.0129101565,0.33708984,-1.3329102,-0.8329102,-1.5529102,-0.9529102,-2.54291,1.3870898,-0.82291013,-0.86291015,-0.97291017,-0.75291014,-0.24291016,-0.66291016,0.52708983,-0.6429102,-1.1829102,-1.3429102,-2.2329102,-2.6629102,-2.30291
-6.8029103,-0.56291014,4.1170897,2.15709,1.8470899,1.3170898,-0.45291016,0.76708984,2.45709,4.1570897,-2.2229102,-0.43291014,-1.3629102,-0.052910157,-1.2929101,-0.55291015,-1.4829102,-2.2229102,-1.0229101,-0.87291014,2.0670898,2.2870898,-0.0129101565,1.4270898,1.5470898,2.3370898,2.5770898,3.97709,3.8670897,2.92709,1.4470898,2.0770898,-1.4429102,-0.062910154,-0.17291015,-2.1629102,-0.34291017,0.81708986,-1.8329102,-1.9229102,1.5270898,-0.74291015,-0.67291015,-1.1729102,-0.46291015,1.1170899,-0.7129102,-0.062910154,-1.4029101,-1.1829102,-1.5329101,0.26708984,-0.79291016,1.8670899,0.86708987,-1.3529102,-1.7529101,-2.8929102,-2.7129102
-3.06291,-6.25291,1.9570899,2.67709,0.20708984,0.33708984,0.55708987,-0.29291016,1.0270898,3.3670897,0.087089844,-0.56291014,-1.4729102,-2.3629103,-1.0829102,-1.0329101,-1.1229101,-0.63291013,-1.9829102,-1.2829101,-0.5129101,0.92708987,0.39708984,1.4770899,0.96708983,2.2370899,2.19709,2.92709,3.8370898,1.1270899,0.32708985,0.7970898,-1.4629102,-0.39291015,-1.2529101,0.32708985,0.6070898,0.29708984,1.0670898,-0.56291014,-1.1629101,-0.44291016,-1.4029101,-0.69291013,0.95708984,-1.9029101,-0.92291015,-0.97291017,-1.6629101,-3.57291,-2.53291,-2.4629102,-0.85291016,-0.22291015,-0.0129101565,-1.0329101,-0.6529102,-1.2329102,-0.022910155
2.17709,-3.7529101,2.17709,2.8170898,0.51708984,2.5370898,2.0170898,-0.54291016,-0.032910157,1.1970898,1.4270898,2.90709,1.6470898,1.5470898,1.6970898,-0.56291014,-1.2629101,0.19708985,2.17709,-0.8329102,-1.1129102,-0.68291014,-1.1829102,-1.5029101,1.8970898,0.80708987,1.4270898,0.83708984,1.5170898,-0.46291015,-0.62291014,-0.46291015,0.58708984,-2.53291,-1.1529101,-1.3029102,0.7270898,0.9770898,-0.26291016,0.87708986,0.24708985,-0.5129101,-0.72291017,-0.49291015,0.33708984,-1.3729101,-0.94291013,-0.24291016,-1.0429101,-1.6729102,-1.6429101,-2.0029101,-0.23291016,-0.0029101563,-0.78291017,-1.7529101,-1.5129101,-2.58291,-0.9629102
6.04709,-1.7229102,-0.6429102,1.6370898,-0.29291016,1.1670898,1.0670898,-0.80291015,-0.24291016,-0.24291016,0.32708985,2.18709,1.2970898,1.4470898,1.7370899,2.5870898,1.5670898,-1.1529101,0.86708987,2.19709,1.3570899,-0.34291017,0.5470898,-0.9029102,-0.28291017,0.63708985,0.5370898,2.2770898,1.2570899,1.0570898,-0.88291013,0.46708983,-0.56291014,-1.7229102,-1.5729102,0.30708984,-0.92291015,-2.0029101,1.5870899,0.80708987,0.39708984,-1.5729102,-0.40291014,0.45708984,-0.042910155,0.87708986,0.9170898,0.50708985,-1.0129101,-1.8129102,-2.29291,-2.33291,-1.5129101,0.7270898,0.29708984,-1.5129101,-0.72291017,0.37708986,0.87708986
2.19709,1.2170899,-1.4229102,-0.062910154,1.9470898,0.5370898,-0.43291014,-0.062910154,-1.3929101,-0.42291015,-0.44291016,0.71708983,1.1170899,1.3570899,1.9270898,2.4970899,2.7370899,2.2970898,2.3370898,-0.0029101563,1.3970898,1.3370899,1.8070898,-0.21291016,-0.5229102,1.1170899,-1.0429101,-1.0429101,1.0770898,1.3770899,0.57708985,-1.2129102,-0.34291017,0.7870898,1.5970899,0.8570898,0.38708985,-0.9629102,-1.5429101,-0.7129102,-0.41291016,-0.72291017,-0.74291015,0.5470898,-0.62291014,1.1070899,1.1270899,0.7370899,-2.07291,-2.1729102,-3.1729102,-1.5829102,-2.52291,-0.08291016,0.77708983,-2.6929102,-0.92291015,0.71708983,-0.37291014
2.18709,1.1470898,-1.2429101,1.0570898,4.1770897,4.4470897,3.45709,1.3470899,0.5470898,-1.5629102,1.6270899,1.6970898,2.3370898,1.1370898,0.58708984,2.41709,3.0770898,0.9770898,1.9470898,1.5770898,-0.53291017,0.22708984,0.82708985,1.6270899,2.70709,2.1270897,1.0670898,-0.44291016,-0.35291016,0.27708983,-0.73291016,0.37708986,0.077089846,0.027089844,-0.35291016,0.38708985,-0.85291016,0.51708984,-0.8929102,-1.6129102,-1.1129102,-0.48291016,-0.79291016,-0.9529102,-1.5429101,-0.44291016,0.36708984,0.82708985,-3.4329102,-3.8729103,-2.81291,-1.7829101,-2.08291,-0.79291016,-1.2929101,-1.8929101,-0.69291013,-0.53291017,-1.3429102
-1.0629102,-0.7629101,-0.81291014,1.8170898,2.65709,3.0270898,1.9170898,-0.73291016,1.9870899,2.90709,3.3370898,4.04709,3.9970899,2.64709,1.1570898,1.6270899,2.6270897,2.72709,0.50708985,2.8370898,2.65709,0.95708984,0.52708983,0.81708986,1.7070899,1.8570899,2.16709,2.3170898,2.22709,1.6770898,1.2070899,-0.022910155,0.47708985,0.027089844,-0.6429102,-0.99291015,-0.30291015,-0.72291017,-0.66291016,-1.2929101,-0.93291014,0.21708985,-1.3329102,-1.3129102,-0.32291016,0.117089845,-0.15291016,-3.6429102,-1.4629102,-2.1829102,-2.10291,-1.6729102,-1.2129102,-1.1229101,-0.6429102,-1.2829101,0.39708984,-0.73291016,-1.0329101
-5.56291,-3.77291,-1.1829102,1.1670898,3.70709,5.3870897,5.9870896,5.97709,3.6170897,6.04709,4.4870896,3.8770897,3.5870898,2.39709,-0.10291015,1.3570899,1.6070899,2.8370898,1.6970898,3.2870898,2.7870898,2.2570899,1.6470898,1.4770899,1.3370899,1.9670899,2.3670897,2.1270897,2.8770897,2.15709,1.2070899,0.33708984,0.41708985,-1.0529102,-0.49291015,-0.42291015,0.69708985,-0.052910157,0.30708984,-0.53291017,-0.6529102,-0.63291013,-0.85291016,-0.16291016,-0.19291015,0.037089843,-0.29291016,-0.63291013,-1.2329102,-3.7029102,-1.8129102,-1.4729102,-1.3929101,-1.2129102,-1.7629101,-1.5829102,-0.91291016,-0.97291017,-1.7029102
-2.27291,-2.78291,-0.35291016,1.0070899,2.5070899,3.95709,4.58709,4.33709,4.09709,4.9670897,5.7570896,5.49709,4.01709,2.1270897,0.16708985,0.81708986,0.99708986,1.5170898,1.4270898,2.0270898,2.17709,1.5070899,1.5470898,0.82708985,1.2870898,0.5970898,1.0370898,1.9370898,2.0070899,1.6970898,1.6270899,0.83708984,1.2670898,-0.18291016,-0.5129101,1.3370899,0.087089844,0.62708986,-0.54291016,-0.61291015,-0.42291015,-0.61291015,-0.92291015,-0.97291017,0.15708984,0.9870899,0.5470898,-0.82291013,-1.1729102,-2.02291,-2.31291,-2.6729102,-1.0529102,-0.99291015,-0.81291014,-1.1529101,-0.75291014,-1.4729102,-1.3229102
0.88708985,-0.78291017,1.2670898,1.5270898,2.39709,3.45709,3.7870898,3.5670898,3.7970898,4.1170897,3.9870899,5.2570896,3.3870897,0.61708987,1.3570899,2.22709,0.81708986,0.6670898,0.87708986,1.1170899,1.4270898,0.57708985,0.7870898,2.3470898,-0.07291016,0.27708983,0.50708985,1.0870899,0.75708985,1.2970898,1.6070899,1.5170898,1.3870898,-0.19291015,-0.54291016,1.3770899,0.5970898,-1.1229101,-0.43291014,-0.61291015,-0.81291014,0.50708985,-0.86291015,-0.88291013,-0.14291015,-0.54291016,-0.27291015,-1.5229101,-0.60291016,-4.6329103,-2.1129103,-2.6529102,-2.6229103,-1.7629101,-3.9429102,-3.05291,-0.75291014,-0.99291015,-3.58291
-0.72291017,2.9870899,1.7470899,1.5570898,2.4870899,3.2670898,3.46709,3.46709,3.5570898,3.42709,3.2770898,3.6170897,3.5770898,1.9770899,1.0270898,1.7570899,2.43709,1.7070899,0.16708985,1.2670898,0.69708985,0.69708985,1.5270898,1.1570898,0.93708986,-0.45291016,-0.53291017,0.40708983,1.9570899,2.21709,2.5170898,3.14709,4.20709,-0.50291014,-0.92291015,1.1770898,0.86708987,-1.2729101,0.6670898,0.8570898,-0.24291016,-0.39291015,0.007089844,-0.28291017,-0.98291016,-1.0029101,-0.48291016,-0.38291016,0.057089843,-1.9429102,-3.7429101,-4.04291,-2.6829102,-2.03291,-2.6729102,-3.7529101,-5.64291,-5.1129103,-6.2429104
1.0870899,1.1870898,1.0670898,1.1870898,1.7670898,2.8270898,3.3570898,3.64709,3.3770897,3.19709,2.71709,3.8170898,2.42709,3.7870898,0.86708987,1.4470898,3.3170898,2.21709,1.7470899,0.44708985,0.33708984,0.52708983,2.3070898,1.7470899,1.6170899,-0.5129101,0.24708985,0.50708985,1.4370898,2.7970898,3.3670897,3.39709,3.1370897,1.1470898,-0.42291015,1.4670899,0.31708986,-0.5129101,0.77708983,0.68708986,-0.56291014,0.49708983,0.64708984,-0.54291016,-0.8429102,-0.55291015,-0.53291017,-0.69291013,-1.1329101,-2.53291,-8.27291,-3.10291,-5.81291,-5.95291,-5.89291,-4.87291,-5.02291,-5.87291,-6.41291
1.0270898,0.9870899,1.3070898,1.3170898,1.5370898,2.0670898,2.66709,3.42709,3.47709,3.1170897,3.19709,3.2370899,3.92709,3.3170898,-1.3029102,3.15709,1.0670898,1.7170899,1.6770898,2.3370898,1.1670898,-0.18291016,0.41708985,1.5070899,0.9770898,-1.1029102,0.34708986,-0.07291016,-0.67291015,0.37708986,1.0770898,1.5470898,1.8270898,1.6170899,0.51708984,-0.27291015,-0.5229102,-1.1729102,1.4070898,-0.12291016,0.20708984,0.34708986,0.057089843,0.52708983,-0.5129101,-0.7729102,-0.57291013,-0.32291016,-1.8729101,-3.6929102,-6.22291,-5.4929104,-4.04291,-5.3429103,-6.47291,-5.0729103,-4.89291,-5.93291,-5.9929104
1.0870899,0.74708986,0.43708983,0.39708984,0.88708985,1.1470898,1.4970899,2.94709,3.17709,3.2570899,3.42709,3.15709,2.9970899,1.6970898,-0.48291016,2.2770898,0.82708985,0.87708986,1.8070898,2.2870898,1.6170899,0.27708983,-0.15291016,0.47708985,1.0670898,-0.12291016,-0.68291014,-1.8929101,-2.03291,-1.5429101,-0.60291016,-0.16291016,0.40708983,1.0370898,1.3270898,-1.3829101,-0.30291015,-0.46291015,0.88708985,-0.08291016,0.007089844,-0.032910157,-0.7029102,-0.7729102,-0.17291015,-0.25291017,0.17708984,-1.1029102,-3.9629102,-6.87291,-1.5429101,-0.26291016,-4.3229103,-4.65291,-5.5329103,-5.06291,-5.06291,-5.33291,-6.2629104
1.3070898,0.62708986,0.47708985,0.7270898,0.28708985,-0.44291016,-0.15291016,1.5570898,3.0270898,2.96709,2.5270898,3.18709,3.20709,2.5570898,-1.2729101,2.19709,2.67709,-0.8929102,0.31708986,1.8470899,3.14709,1.2770898,-0.0129101565,-0.11291016,0.55708987,3.8470898,0.44708985,-1.9429102,-2.3729103,-2.6729102,-1.6129102,-1.4129101,-1.0329101,-0.5229102,-0.56291014,-1.8929101,-0.062910154,-1.0429101,-1.2029102,0.20708984,0.28708985,-0.23291016,0.007089844,-0.5929102,-1.7929101,-1.8229102,-0.75291014,0.42708984,-3.35291,-4.92291,-4.6129103,-3.2229102,-3.6329103,-4.79291,-4.3629103,-4.60291,-4.9929104,-4.72291,-4.68291
1.5770898,1.5170898,0.82708985,0.9170898,0.57708985,1.0970899,-0.63291013,-0.66291016,2.39709,3.2770898,2.97709,3.2770898,2.0270898,3.2370899,0.9070898,2.0470898,5.3670897,0.7370899,-1.3729101,0.057089843,2.7970898,1.1770898,1.3470899,1.5170898,3.0670898,3.6170897,0.69708985,-1.9429102,-0.20291016,-1.3629102,-1.7129102,-2.3929102,-2.58291,-2.0129101,-0.74291015,-0.6529102,-1.7629101,-2.1329103,-3.56291,-0.69291013,2.0470898,-0.9529102,-0.80291015,1.2970898,0.087089844,0.18708985,-0.87291014,-0.54291016,1.4770899,-3.04291,-3.5029101,-2.6929102,-2.9629102,-3.7229102,-3.2629101,-3.31291,-4.27291,-4.19291,-3.56291
2.5370898,2.6270897,2.40709,1.6070899,0.68708986,0.21708985,0.56708986,1.0270898,2.46709,2.44709,2.90709,3.2570899,2.66709,2.7970898,3.5870898,0.057089843,4.9870896,3.95709,0.037089843,1.3770899,2.16709,1.0470898,1.6070899,6.28709,1.6970898,2.96709,3.2470899,2.42709,1.7170899,0.5370898,-0.18291016,0.80708987,1.6570898,1.3070898,0.6670898,1.0070899,0.51708984,3.7670898,1.6970898,-0.9029102,0.55708987,-0.36291015,-1.0429101,2.4970899,1.7670898,1.2770898,0.63708985,-0.15291016,0.39708984,1.1670898,-1.7029102,-1.6129102,-1.3929101,-2.28291,-2.30291,-1.9329102,-2.85291,-3.80291,-2.83291
2.93709,3.5070899,3.14709,2.2370899,1.8970898,1.2870898,0.34708986,0.24708985,1.5670898,2.68709,3.0070899,3.8270898,2.8470898,3.95709,3.69709,0.83708984,1.5670898,3.95709,3.0270898,2.3170898,2.90709,2.3070898,1.6270899,5.60709,6.30709,3.7370899,3.6270897,4.49709,4.89709,5.83709,6.37709,6.06709,6.20709,6.93709,7.6370897,8.32709,8.32709,8.05709,4.41709,-1.0929102,0.68708986,0.48708984,0.93708986,0.69708985,1.0770898,1.6170899,0.50708985,-1.2829101,0.18708985,1.0570898,0.9770898,-0.45291016,0.037089843,-1.2029102,-1.5129101,-1.1729102,-1.8229102,-2.7129102,-2.4029102
3.0370898,3.8370898,3.7970898,3.0370898,2.97709,1.9570899,1.8070898,0.80708987,1.5370898,2.67709,3.91709,3.96709,3.1270897,3.92709,3.45709,4.7170897,0.34708986,3.70709,6.1370897,4.24709,3.2470899,2.2670898,2.2870898,6.74709,8.1270895,5.9070897,3.94709,4.02709,5.05709,6.3670897,6.59709,8.957089,9.47709,9.69709,9.13709,9.84709,10.54709,9.32709,7.6170897,1.7070899,0.63708985,-0.032910157,-1.0429101,0.28708985,1.7270899,0.52708983,-0.19291015,-0.44291016,-0.12291016,1.3470899,1.6670898,0.32708985,1.5970899,-0.12291016,-0.85291016,-0.81291014,-0.9629102,-1.9329102,-2.04291
3.5670898,3.8070898,4.09709,3.69709,3.3470898,3.3070898,1.9070898,1.7270899,1.3670899,2.3270898,3.47709,3.66709,2.2870898,3.68709,3.0570898,3.5470898,-1.1529101,3.0370898,2.19709,3.95709,3.8170898,2.0770898,3.0670898,3.7570899,6.7570896,9.61709,8.417089,6.12709,6.05709,7.60709,8.85709,9.997089,10.44709,9.75709,7.58709,9.8770895,10.67709,11.06709,9.81709,6.2370896,-0.44291016,-0.67291015,2.97709,0.42708984,1.1570898,1.6570898,-0.6429102,-0.26291016,1.2470899,0.13708985,1.5570898,2.92709,3.39709,0.83708984,0.007089844,-0.33291015,-0.27291015,-1.4429102,-1.7529101
