raw-data/2018091506.json
{"header": { "discipline":0, "disciplineName":"Meteorological products", "gribEdition":2, "gribLength":74197, "center":7, "centerName":"US National Weather Service - NCEP(WMC)", "subcenter":0, "refTime":"2018-09-15T06:00:00.000Z", "significanceOfRT":1, "significanceOfRTName":"Start of forecast", "productStatus":0, "productStatusName":"Operational products", "productType":1, "productTypeName":"Forecast products", "productDefinitionTemplate":0, "productDefinitionTemplateName":"Analysis/forecast at horizontal level/layer at a point in time", "parameterCategory":2, "parameterCategoryName":"Momentum", "parameterNumber":2, "parameterNumberName":"U-component_of_wind", "parameterUnit":"m.s-1", "genProcessType":2, "genProcessTypeName":"Forecast", "forecastTime":0, "surface1Type":103, "surface1TypeName":"Specified height level above ground", "surface1Value":10.0, "surface2Type":255, "surface2TypeName":"Missing", "surface2Value":0.0, "gridDefinitionTemplate":0, "gridDefinitionTemplateName":"Latitude_Longitude", "numberPoints":65160, "shape":6, "shapeName":"Earth spherical with radius of 6,371,229.0 m", "gridUnits":"degrees", "resolution":48, "winds":"true", "scanMode":0, "nx":360, "ny":181, "basicAngle":0, "lo1":0.0, "la1":90.0, "lo2":359.0, "la2":-90.0, "dx":1.0, "dy":1.0 }, "data":
[rows 104 to 129 of 181, columns 57 to 113 of 360]
-6.2139797,-5.8939795,-5.5639796,-5.5739794,-5.8539796,-5.8539796,-5.3139796,-4.4039793,-3.6039796,-3.8439796,-4.8439794,-4.9339795,-6.0739794,-9.63398,-9.103979,-9.603979,-10.17398,-9.62398,-10.42398,-10.193979,-10.04398,-9.483979,-9.71398,-9.153979,-8.7039795,-8.283979,-7.9339795,-7.2639794,-7.1739793,-7.5739794,-8.393979,-7.9039793,-7.6939793,-7.6639795,-7.9739795,-7.5939794,-7.5039797,-7.9139795,-8.13398,-7.6439795,-7.5039797,-7.3739796,-7.3939795,-7.0039797,-6.9639797,-7.3539796,-7.4139795,-7.0639796,-6.8639793,-6.0639796,-5.7439795,-5.1539793,-4.5039797,-4.4239793,-4.3539796,-4.0739794,-3.8639796
-7.7039795,-6.9539795,-6.3139796,-6.8939795,-6.5139794,-6.2839794,-5.3939795,-4.4039793,-3.5839796,-4.1539793,-4.9339795,-5.0939794,-6.2239795,-8.183979,-9.853979,-9.47398,-9.66398,-9.443979,-10.683979,-10.12398,-9.983979,-9.863979,-9.42398,-9.09398,-8.613979,-8.523979,-7.8439794,-7.8139796,-7.8539796,-7.9339795,-8.67398,-8.403979,-7.9639797,-7.4039793,-7.9339795,-8.25398,-8.073979,-8.143979,-8.41398,-8.323979,-7.6739793,-7.3439794,-7.2839794,-7.3039794,-7.1039796,-7.2239795,-7.2739797,-7.5839796,-7.1439795,-6.3139796,-5.4639797,-4.8139796,-4.1739793,-4.1239796,-3.9839795,-3.5839796,-3.2539794
-7.1939793,-6.8639793,-6.7239795,-6.3339796,-6.8039794,-6.3939795,-5.3939795,-4.2939796,-4.3439794,-4.3039794,-4.7039795,-4.9539795,-6.6739793,-8.183979,-9.783979,-9.50398,-9.563979,-9.62398,-9.783979,-10.363979,-9.88398,-9.66398,-9.073979,-9.04398,-8.7039795,-8.353979,-8.073979,-7.9039793,-8.033979,-8.59398,-8.55398,-8.83398,-8.41398,-7.5539794,-7.8239794,-8.08398,-7.8239794,-7.7039795,-8.34398,-8.47398,-8.183979,-7.6539793,-7.1239796,-7.2039795,-7.4239793,-7.5039797,-6.6139793,-6.5639796,-6.9239793,-6.7039795,-5.4639797,-4.1039796,-3.5639794,-3.6539795,-3.6839795,-3.1939795,-2.7339795
-6.6739793,-6.6239796,-6.5039797,-6.3239794,-5.9639797,-5.6739793,-5.1639795,-5.3739796,-4.3939795,-4.1739793,-4.1839795,-5.1639795,-6.0139794,-8.773979,-9.72398,-9.283979,-9.63398,-9.743979,-9.7039795,-9.733979,-9.88398,-9.183979,-8.72398,-8.54398,-8.433979,-8.193979,-8.103979,-8.16398,-7.7739797,-8.22398,-8.483979,-8.773979,-8.573979,-8.283979,-8.063979,-7.5039797,-7.5739794,-7.6539793,-7.2339797,-7.7539797,-7.7539797,-7.0139794,-7.0939794,-7.1339793,-7.3039794,-7.8839793,-7.7239795,-6.4539795,-6.3739796,-5.5939794,-4.7939796,-3.5639794,-3.2239795,-3.1639795,-3.0239794,-2.6339796,-2.1639795
-6.2839794,-6.3539796,-6.0839796,-5.9639797,-5.7739797,-5.3539796,-5.9139795,-6.7239795,-4.5539794,-4.5839796,-5.3539796,-6.2439795,-6.8039794,-8.71398,-10.59398,-10.05398,-9.823979,-9.483979,-10.033979,-10.023979,-9.523979,-8.693979,-8.113979,-8.01398,-7.9439793,-7.8339796,-7.9039793,-7.9239793,-7.5939794,-7.8939795,-8.2039795,-8.313979,-7.9839797,-7.5439796,-7.4839797,-7.3039794,-7.3339796,-7.4339795,-7.2039795,-7.0639796,-6.9039793,-7.0139794,-6.9839797,-7.3839793,-7.1539793,-7.7039795,-7.6239796,-7.1139793,-6.3039794,-5.5839796,-4.5739794,-3.9039795,-3.6439795,-3.2439795,-2.5839796,-1.8839794,-1.1239794
-6.3839793,-6.1239796,-5.3839793,-5.3639793,-6.2739797,-6.2339797,-6.4139795,-6.1739793,-5.1639795,-5.3339796,-6.2439795,-7.0539794,-8.42398,-10.29398,-10.653979,-10.71398,-10.2039795,-9.943979,-10.13398,-9.67398,-9.073979,-8.50398,-7.7339797,-7.5539794,-7.7939796,-7.9339795,-7.7139797,-7.6139793,-7.4439793,-7.7239795,-7.9439793,-8.023979,-7.6739793,-7.1839795,-7.1839795,-6.2539797,-6.3739796,-6.8739796,-6.6639795,-6.8639793,-7.2239795,-7.2839794,-7.6339793,-7.3039794,-7.3939795,-7.6139793,-7.5539794,-7.2539797,-6.5539794,-6.1039796,-5.2139797,-4.4439793,-4.0139794,-3.4339795,-2.7939794,-2.1439795,-1.2939795
-5.1739793,-5.9039793,-5.8639793,-6.8139796,-6.9439793,-6.9239793,-6.3639793,-6.1239796,-5.3639793,-6.0839796,-6.6739793,-7.9539795,-8.693979,-10.33398,-10.87398,-10.7039795,-10.283979,-10.113979,-10.143979,-9.41398,-8.773979,-8.273979,-7.6639795,-7.1739793,-7.2139797,-7.8339796,-7.7339797,-7.9239793,-7.9839797,-8.00398,-7.8339796,-7.8239794,-7.1339793,-6.8239794,-6.4239793,-6.2239795,-6.5839796,-6.8039794,-7.1839795,-7.5439796,-7.5939794,-7.3439794,-7.8239794,-7.5739794,-7.6139793,-7.4839797,-7.6439795,-7.4139795,-6.6539793,-6.2339797,-5.5739794,-4.7939796,-4.3139796,-3.6339796,-3.1939795,-2.8139794,-2.0439794
-6.4039793,-6.4839797,-6.6139793,-7.7639794,-7.8139796,-7.0539794,-6.9739795,-6.2839794,-5.5439796,-8.403979,-7.6039796,-8.59398,-9.30398,-10.84398,-10.613979,-10.25398,-10.193979,-9.08398,-9.393979,-9.47398,-8.693979,-8.01398,-7.2239795,-6.8239794,-6.6739793,-7.3939795,-8.233979,-7.9839797,-8.22398,-8.2039795,-7.8739796,-7.3439794,-7.3739796,-7.1239796,-6.6139793,-6.5939794,-6.8239794,-6.8339796,-6.9439793,-7.3439794,-7.2439795,-7.2739797,-7.8839793,-7.8839793,-7.7239795,-7.8339796,-7.9139795,-7.4439793,-6.6539793,-6.4639797,-5.7739797,-5.4939795,-4.9339795,-4.1739793,-3.8339796,-3.5139794,-3.0739794
-6.1039796,-6.4439793,-6.7439795,-7.8939795,-7.9039793,-7.1139793,-7.1239796,-6.8839793,-6.3739796,-7.0339794,-9.603979,-8.42398,-10.01398,-11.353979,-10.4539795,-9.403979,-9.933979,-8.983979,-9.42398,-9.76398,-8.97398,-8.2039795,-7.5639796,-6.7239795,-6.2239795,-9.063979,-8.51398,-7.9939795,-8.193979,-7.9639797,-7.5739794,-7.4139795,-6.8739796,-6.8439794,-6.8039794,-6.7539797,-7.1839795,-7.5439796,-7.5839796,-7.6539793,-7.5639796,-7.3639793,-7.7539797,-8.033979,-8.243979,-8.023979,-8.153979,-7.2439795,-7.0539794,-7.0739794,-6.7339797,-6.1039796,-5.5339794,-4.7839794,-4.5339794,-3.6539795,-0.6339795
-5.5539794,-5.9739795,-6.7039795,-7.1039796,-7.6039796,-7.2639794,-7.2739797,-7.0239797,-7.3639793,-7.8939795,-9.21398,-11.433979,-11.233979,-11.08398,-10.33398,-8.773979,-9.2039795,-8.773979,-9.443979,-9.523979,-8.84398,-8.063979,-7.2239795,-7.1239796,-7.2439795,-8.783979,-8.403979,-7.8139796,-8.04398,-7.6839795,-7.2139797,-7.0339794,-6.6539793,-5.8639793,-6.5839796,-7.2439795,-7.2339797,-7.4639797,-7.6239796,-8.323979,-8.573979,-8.71398,-9.023979,-8.523979,-8.573979,-7.8739796,-8.063979,-7.3039794,-7.2539797,-7.5139794,-7.1939793,-6.5139794,-6.1539793,-5.7239795,-5.3139796,-3.8339796,0.5960205
-4.8339796,-4.9739795,-5.9339795,-6.6439795,-6.9239793,-6.8339796,-7.4839797,-7.4539795,-7.6639795,-7.6739793,-8.233979,-8.72398,-10.47398,-10.2039795,-9.733979,-8.903979,-8.26398,-8.25398,-9.023979,-8.79398,-8.41398,-7.8739796,-7.3139796,-7.2439795,-7.0039797,-8.023979,-7.7839794,-7.7639794,-7.4539795,-7.1739793,-6.5939794,-6.1139793,-6.1039796,-6.3039794,-6.5239797,-6.4739795,-6.6839795,-6.9339795,-6.9839797,-8.523979,-8.143979,-8.09398,-7.8539796,-7.7939796,-8.09398,-7.5539794,-7.7539797,-7.3139796,-7.2739797,-7.2639794,-7.3539796,-6.7739797,-6.5639796,-6.4539795,-6.1139793,-4.5539794,1.3960205
-3.9139795,-4.5939794,-5.2239795,-5.6139793,-6.3339796,-6.6539793,-6.9839797,-7.6639795,-8.29398,-7.8339796,-7.4639797,-6.9239793,-8.233979,-8.84398,-8.903979,-8.023979,-7.9739795,-8.09398,-8.41398,-8.433979,-8.103979,-7.7339797,-7.4139795,-7.3239794,-7.7839794,-8.13398,-7.7339797,-7.4539795,-6.8839793,-5.8739796,-5.9039793,-5.6939793,-5.6739793,-6.2339797,-5.9539795,-5.8739796,-6.1739793,-6.5839796,-7.0939794,-7.5539794,-7.5939794,-7.1839795,-7.1039796,-7.4739795,-7.0839796,-7.0939794,-7.3439794,-7.2239795,-7.1939793,-7.2739797,-7.1239796,-7.0439796,-6.8239794,-6.9139795,-6.5339794,-5.7039795,-2.4839795
-2.3639796,-2.9239795,-3.9439795,-4.4239793,-4.8439794,-5.9239793,-6.4239793,-7.1039796,-7.5139794,-8.243979,-7.4839797,-6.1639795,-7.1139793,-7.9339795,-7.9839797,-7.4639797,-7.6139793,-8.403979,-8.283979,-7.8939795,-7.8939795,-7.5639796,-7.3739796,-6.6839795,-6.8139796,-7.1339793,-6.9139795,-6.8139796,-5.8039794,-5.0839796,-5.4239793,-5.1939793,-5.3839793,-4.5839796,-4.7739797,-5.4639797,-6.1239796,-6.4639797,-6.4939795,-6.6839795,-6.7139797,-6.8239794,-6.7339797,-6.6139793,-6.4739795,-6.2339797,-6.7139797,-6.8439794,-6.8739796,-7.0939794,-7.0539794,-7.1139793,-6.7739797,-6.7639794,-6.5639796,-5.8939795,-3.7139795
-0.40397948,-1.3539795,-1.7539794,-2.7639794,-2.9539795,-3.7939794,-5.2439795,-6.1539793,-6.7439795,-7.2439795,-7.7939796,-7.2439795,-6.6739793,-7.3139796,-6.9739795,-7.0039797,-7.2439795,-7.2139797,-7.0439796,-7.0839796,-6.9839797,-6.8739796,-7.0339794,-6.1539793,-5.8639793,-5.9539795,-5.7239795,-5.4739795,-5.1739793,-4.8039794,-4.2139797,-4.7339797,-4.4139795,-4.2039795,-3.4839795,-4.3239794,-5.9239793,-5.9439793,-5.1139793,-5.1539793,-5.7439795,-5.2839794,-5.2839794,-5.4739795,-5.4539795,-5.5339794,-6.2639794,-6.2539797,-6.1739793,-6.7739797,-6.6639795,-6.8739796,-6.9439793,-6.7139797,-6.4439793,-5.6639795,-2.4739795
1.9160205,0.34602052,-0.7439795,-1.0339795,-1.4339795,-1.9539795,-3.4739795,-4.7139797,-5.5039797,-6.1239796,-6.7139797,-6.9639797,-7.2039795,-6.6039796,-5.7539797,-5.7339797,-5.5039797,-5.0839796,-5.1039796,-5.2539797,-5.2639794,-5.3639793,-5.2039795,-5.1839795,-4.6839795,-4.4939795,-4.6039796,-4.7139797,-3.8839796,-4.6639795,-4.1039796,-5.0739794,-4.0039797,-3.7939794,-3.4939795,-4.4139795,-5.4339795,-5.5639796,-4.5339794,-3.6639795,-4.6139793,-4.1139793,-4.5839796,-4.5239797,-4.3939795,-5.0339794,-6.1639795,-5.4639797,-5.8339796,-6.0739794,-6.2839794,-6.3439794,-6.5739794,-6.5739794,-6.5439796,-5.9839797,-4.0539794
1.6060205,1.2560205,0.3560205,0.05602051,-0.4539795,-0.4839795,-1.6839795,-3.0339794,-3.9939795,-4.6339793,-5.2539797,-5.5539794,-5.3739796,-5.1739793,-4.6239796,-3.7339795,-3.0739794,-2.3539796,-2.2639794,-2.4639795,-2.6039796,-3.0539794,-3.2639794,-3.3439796,-3.4339795,-3.1239796,-3.1839795,-3.4239795,-3.5539794,-2.8839796,-2.8439796,-2.4639795,-2.9939795,-2.4739795,-3.5839796,-3.9739795,-3.4839795,-4.3939795,-3.3439796,-1.2339795,-2.7639794,-3.6339796,-2.5239794,-3.2539794,-3.8339796,-5.1339793,-4.7639794,-4.5839796,-4.9739795,-5.5139794,-5.5439796,-5.6739793,-5.5839796,-6.1639795,-6.2939796,-6.1939793,-5.8239794
-0.3139795,0.4660205,0.8360205,0.89602053,-0.06397949,1.3560205,-0.2539795,-2.1439795,-2.8839796,-4.5439796,-4.4839797,-4.7739797,-4.5139794,-4.5439796,-4.3939795,-4.3039794,-3.3139794,-0.40397948,1.2860205,0.5960205,0.4460205,-0.09397949,-1.0039794,-1.3039795,-1.3239795,-1.5939795,-1.7239795,-1.1439795,-0.79397947,-0.60397947,-0.2939795,-0.2839795,0.08602051,1.6460205,0.51602054,-1.8339795,-2.1339796,-2.1739795,-1.1139795,-0.09397949,-0.123979494,-0.73397946,-1.1839795,-0.6439795,-2.3039794,-3.6339796,-2.3339796,-3.3139794,-4.3239794,-4.2739797,-4.4039793,-4.5739794,-4.9339795,-4.9239793,-5.6839795,-5.6239796,-5.5739794
0.40602052,0.2960205,-0.10397949,0.3260205,0.18602051,2.1360204,0.07602051,-3.3139794,-4.5739794,-3.7239795,-3.6339796,-4.8539796,-6.1639795,-6.3239794,-6.3739796,-5.4639797,-5.1039796,-4.0139794,-4.1539793,-2.1339796,2.1860206,1.7560205,1.8060205,1.5360205,1.1560205,0.89602053,1.0560205,0.6260205,1.0260205,1.3160205,1.9060205,2.8360205,3.1160204,3.1060205,3.7560205,1.4560205,1.5960205,-0.123979494,0.9460205,2.0260205,1.7460206,2.2160206,1.5560205,0.8560205,-0.2139795,-0.22397949,-0.5539795,-2.3939795,-2.4739795,-2.7639794,-2.4039795,-2.9339795,-3.7639794,-3.9739795,-4.3839793,-4.8639793,-5.0839796
1.2160205,0.3560205,0.76602054,-0.3539795,-2.3939795,-2.9039795,-3.9539795,-3.0839796,-2.6339796,-2.8539796,-3.7539794,-4.2339797,-5.2139797,-6.0539794,-6.3739796,-6.2339797,-6.5539794,-6.3439794,-6.7639794,-6.4939795,-6.8139796,-6.1939793,-4.1839795,0.2960205,2.4260206,1.6660205,1.4360205,1.8660206,2.4860206,3.1960206,3.6560204,4.1360207,4.7160206,4.2060204,4.1060205,4.6760206,3.9060204,4.6260204,3.7660205,2.5760205,3.4660206,3.8760204,4.1260204,1.3160205,1.7260205,1.8660206,0.40602052,-1.5139794,-0.4839795,-0.9639795,-0.07397949,-0.5939795,-1.9239795,-2.5739794,-2.9239795,-3.6839795,-3.8139794
1.4560205,0.9160205,-0.1539795,-1.7639794,-2.7639794,-2.4539795,-1.8839794,-1.9239795,-1.7939795,-2.2339795,-3.1939795,-4.1039796,-4.8139796,-4.9739795,-4.9739795,-5.0039797,-5.1739793,-5.6539793,-6.1139793,-6.1539793,-6.8039794,-6.9939795,-7.4539795,-7.3839793,-7.3539796,-6.9839797,-6.6839795,-5.1639795,-2.5439794,1.5360205,4.6660204,6.0260205,6.0060205,6.0360203,5.4060206,4.9160204,5.8760204,5.1060205,5.1460204,5.0860205,4.4960203,4.5060205,5.0060205,3.2060206,3.3260205,4.6160207,3.5460205,2.6260204,3.1660204,2.1860206,2.2660205,1.9060205,0.76602054,-0.4839795,-0.7639795,-1.7939795,-1.4539795
2.5460205,2.2160206,2.2460206,0.3060205,-0.9139795,-0.3039795,0.4860205,0.036020506,-0.3539795,-1.1539795,-2.0439794,-2.9739795,-2.9139795,-2.8139794,-2.9439795,-3.4639795,-4.1739793,-4.7739797,-5.3439794,-5.7239795,-5.9839797,-6.0139794,-5.7739797,-5.6839795,-5.7539797,-5.5739794,-5.5339794,-4.9739795,-4.3139796,-3.6939795,-3.0639794,-2.2939794,0.34602052,5.0160203,7.4960203,7.0060205,6.3060207,6.0360203,6.8160205,7.0060205,6.1560206,5.2460203,4.7860203,6.2060204,5.9660206,5.8360205,6.3460207,5.5660205,4.7860203,4.2360206,4.5060205,3.8560205,3.8660204,2.2160206,1.4360205,1.3360205,0.096020505
3.0260205,3.1860206,3.1160204,3.1360204,2.0960205,1.7760205,1.6360205,0.8560205,0.5360205,0.2060205,-0.3139795,-0.9939795,-1.3939795,-1.2039795,-1.4839795,-1.5639795,-2.3239794,-3.5139794,-4.2639794,-4.5639796,-4.6639795,-4.4139795,-4.3739796,-4.4539795,-4.7439795,-4.8439794,-4.6039796,-3.8839796,-2.9539795,-1.9839795,-1.1839795,-0.4739795,-0.053979494,-0.123979494,0.4460205,3.0660205,7.2160206,8.53602,8.11602,8.056021,7.4960203,6.7460203,6.6560206,6.0960207,7.0560207,7.7860203,7.7560205,7.2160206,6.4060206,6.0460205,5.9860206,6.0360203,5.2960205,5.6360207,4.5660205,3.7160206,4.0060205
4.0560207,3.8460205,3.8560205,3.8460205,3.6060205,2.9660206,2.2260206,1.6760205,1.8660206,0.9060205,0.31602052,0.06602051,0.07602051,0.22602051,0.3260205,-0.6839795,-1.2839795,-1.7239795,-2.3439796,-2.8839796,-3.0039794,-3.0539794,-3.0339794,-3.2139795,-3.3939795,-3.5739794,-2.8339796,-1.8639795,-1.2839795,-0.8339795,-0.5239795,0.016020508,0.64602053,1.2460206,2.0260205,2.2760205,3.0460205,4.2960205,7.3260207,9.556021,8.99602,8.58602,8.176021,7.7260203,7.5660205,8.266021,9.5460205,8.816021,7.5060205,7.6760206,7.7860203,7.9460206,7.4260206,7.1460204,7.3660207,6.7460203,6.2160206
5.6060205,5.2360206,5.0260205,5.1860204,4.3760204,3.9960206,3.3160205,2.8160205,2.8160205,1.9860206,0.95602053,1.0760205,1.2160205,1.4060205,1.1660205,0.6060205,-0.053979494,-0.2139795,-0.40397948,-0.6339795,-0.6639795,-0.40397948,-0.7139795,-1.0639795,-1.8639795,-1.2539794,-0.07397949,0.22602051,0.2060205,0.5960205,1.0460205,1.6760205,2.2760205,2.7860205,3.0160205,3.7360206,4.4560204,4.3060207,4.9460206,5.6260204,7.7260203,10.226021,9.83602,9.306021,8.98602,8.95602,9.006021,10.20602,9.516021,8.766021,9.45602,9.226021,9.36602,8.966021,8.7960205,8.896021,8.45602
6.9960203,6.2060204,7.3660207,6.0960207,5.1760206,4.6160207,4.1760206,3.5960205,3.3760204,3.0960205,1.6660205,2.3460205,2.5860205,2.8360205,2.6460204,2.3660204,1.6060205,1.2160205,1.2860205,1.7060205,1.6960205,1.5560205,1.0260205,0.8260205,1.4160205,2.1260204,2.0360205,2.2560205,2.6560204,2.7460206,2.9660206,3.3060205,3.7260206,4.1460204,4.5660205,5.2760205,5.6760206,5.5760207,5.8760204,6.1060205,6.5460205,7.3760204,8.66602,11.016021,11.006021,10.77602,11.106021,11.24602,10.11602,9.976021,9.606021,10.20602,10.016021,9.20602,9.15602,9.726021,9.57602
7.0060205,6.5760207,7.8960204,6.9060206,5.9260206,5.7160206,4.9160204,4.3460207,4.1560206,3.9060204,2.7560205,3.2760205,3.7860205,4.2360206,4.2060204,4.2660203,3.1060205,2.6860206,2.9760206,3.0460205,2.6960206,2.8660204,3.4760206,4.1960206,4.5760207,4.1460204,4.2360206,4.6860204,4.6360207,4.4660206,4.6660204,4.9960203,5.5660205,6.1360207,6.7160206,7.5060205,7.3060207,7.1860204,7.2060204,7.6460204,7.6260204,7.1660204,7.2360206,8.306021,10.466021,12.98602,13.27602,12.70602,11.70602,10.91602,11.016021,11.726021,12.016021,11.2960205,10.53602,10.226021,10.12602
