raw-data/2018091806.json
{"header": { "discipline":0, "disciplineName":"Meteorological products", "gribEdition":2, "gribLength":74732, "center":7, "centerName":"US National Weather Service - NCEP(WMC)", "subcenter":0, "refTime":"2018-09-18T06:00:00.000Z", "significanceOfRT":1, "significanceOfRTName":"Start of forecast", "productStatus":0, "productStatusName":"Operational products", "productType":1, "productTypeName":"Forecast products", "productDefinitionTemplate":0, "productDefinitionTemplateName":"Analysis/forecast at horizontal level/layer at a point in time", "parameterCategory":2, "parameterCategoryName":"Momentum", "parameterNumber":2, "parameterNumberName":"U-component_of_wind", "parameterUnit":"m.s-1", "genProcessType":2, "genProcessTypeName":"Forecast", "forecastTime":0, "surface1Type":103, "surface1TypeName":"Specified height level above ground", "surface1Value":10.0, "surface2Type":255, "surface2TypeName":"Missing", "surface2Value":0.0, "gridDefinitionTemplate":0, "gridDefinitionTemplateName":"Latitude_Longitude", "numberPoints":65160, "shape":6, "shapeName":"Earth spherical with radius of 6,371,229.0 m", "gridUnits":"degrees", "resolution":48, "winds":"true", "scanMode":0, "nx":360, "ny":181, "basicAngle":0, "lo1":0.0, "la1":90.0, "lo2":359.0, "la2":-90.0, "dx":1.0, "dy":1.0 }, "data":
[rows 75 to 99 of 181, columns 58 to 115 of 360]
3.523882,3.9438818,3.773882,4.313882,4.773882,1.8538818,2.003882,2.243882,0.78388184,0.73388183,1.2038819,1.8238819,2.3538818,3.2038817,3.3838818,3.273882,2.753882,2.9638817,4.3038816,5.213882,4.963882,4.943882,6.123882,6.2038817,7.333882,5.003882,5.4738817,0.6938818,-2.986118,-4.636118,-3.236118,-2.4261181,-1.9261181,-2.1061182,1.0538819,6.153882,7.543882,6.713882,5.7438817,4.383882,-0.36611816,0.8638818,4.623882,4.3438816,2.9638817,2.043882,1.4738818,0.84388185,0.5038818,-0.49611816,0.35388184,-5.956118,-1.8461182,-2.726118,-3.466118,-2.986118,-3.016118,-2.3461182
3.9638817,3.8838818,5.113882,4.733882,5.2238817,6.173882,3.9638817,3.533882,3.0638819,2.4738817,1.7838818,1.4238819,2.6938818,3.4538817,3.6138818,3.9238818,2.6838818,2.773882,5.2838817,5.133882,5.693882,6.2038817,4.643882,7.463882,8.523882,8.003881,7.5538816,6.393882,6.463882,3.1938818,1.9238819,6.153882,7.633882,8.263882,8.493882,8.283882,6.793882,5.2438817,5.293882,3.4538817,-0.076118164,2.2138817,2.2038817,1.4338819,2.4238818,3.5938818,1.2138819,-0.12611817,-1.0661181,-1.4661182,1.5838819,-0.70611817,0.8138818,-0.30611816,-1.5361181,-1.7761182,-1.5361181,-1.5961182
4.4538817,4.353882,5.2038817,6.023882,5.7238817,5.383882,4.713882,5.0938816,4.233882,3.043882,2.6738818,2.1938818,3.2038817,3.6938818,3.3338819,4.143882,2.9238818,2.4538817,3.8338819,3.6738818,4.673882,4.5538816,2.3138819,6.003882,7.2038817,8.953882,10.583881,12.363882,12.523882,13.763882,13.293881,10.413882,10.973882,10.323882,9.263882,6.2038817,6.463882,5.893882,4.923882,3.3738818,1.8438818,1.2538818,0.6738818,2.763882,1.8038819,3.4738817,1.6438818,-0.43611816,-0.54611814,0.24388184,1.4838818,1.3438818,0.15388183,2.8338819,0.79388183,-0.22611816,-0.46611816,-0.95611817
4.643882,4.2238817,4.393882,4.693882,4.7238817,3.8338819,3.763882,4.0538816,4.2438817,4.333882,3.263882,2.9038818,3.6538818,3.8738818,3.733882,4.0338817,3.1038818,2.1138818,2.4438818,4.463882,3.6838818,4.7238817,3.033882,5.733882,5.733882,8.203882,10.543881,12.053882,13.013882,13.373882,12.473882,11.253881,10.873882,10.093882,9.313882,7.083882,7.0138817,6.693882,5.7438817,4.5538816,3.513882,0.64388186,3.1938818,5.713882,7.4938817,1.6638818,0.47388184,4.5338817,1.0138818,0.31388184,1.6038818,-1.0861182,5.5138817,4.253882,2.1838818,0.8838818,-0.28611815,-0.60611814
3.8138819,3.5638819,3.273882,3.2138817,2.9538817,2.9638817,3.003882,3.1638818,2.9138818,2.8238819,2.3738818,2.543882,3.3238819,3.9138818,3.503882,3.523882,3.6438818,3.503882,2.4538817,3.773882,4.903882,4.3038816,3.1138818,6.483882,6.7438817,9.003881,10.9638815,10.983882,11.353882,11.423882,11.103882,10.623882,10.4638815,10.283882,9.743882,8.303882,8.373882,7.423882,6.8238816,6.333882,4.903882,1.7238818,7.0138817,7.4338818,7.643882,6.643882,2.023882,5.583882,5.413882,2.7138817,2.7038817,6.083882,5.7638817,4.273882,1.6438818,0.45388183,-0.85611814,-1.1561182
3.1138818,2.523882,2.2038817,2.1938818,2.053882,2.4038818,2.4538817,2.3538818,1.9938818,1.8638818,1.6738819,1.9538819,2.773882,3.493882,2.8338819,3.053882,3.3938818,3.743882,4.0138817,3.0638819,0.59388185,0.98388183,4.2238817,7.873882,9.843882,10.363882,10.613882,11.373882,10.933882,10.303882,10.343882,10.453882,10.533882,10.393882,10.383882,9.293881,8.353882,6.883882,6.403882,6.9538817,5.4538817,0.95388186,5.3238816,5.373882,5.753882,5.4538817,7.0938816,7.893882,4.793882,5.333882,4.543882,5.4538817,4.8438816,2.5638819,0.49388182,-0.90611815,-1.4761182,-1.8161181
2.023882,1.9438819,2.4038818,1.2138819,1.6638818,1.7038819,1.8838818,2.043882,1.7338818,1.2938819,1.3038819,1.5838819,2.3638818,3.293882,3.9438818,3.053882,3.543882,4.003882,3.7238817,3.1638818,5.943882,3.4138818,5.313882,6.0338817,7.463882,9.873882,7.923882,7.903882,9.893882,10.313882,9.853882,10.043881,10.243882,10.453882,9.803882,8.153882,7.713882,6.543882,7.0338817,7.143882,5.633882,2.4338818,0.6938818,4.1838818,4.7838817,6.873882,7.163882,4.273882,5.673882,5.2038817,5.0138817,4.4338818,3.1438818,0.9238818,-0.5561182,-2.246118,-2.2861183,-2.496118
1.8338819,2.053882,2.9438818,0.95388186,1.2938819,1.2038819,1.5038818,1.8338819,1.7738818,1.5238818,1.2838818,1.5338818,2.1438818,2.8538818,3.9138818,4.633882,5.8438816,5.613882,5.5138817,6.083882,10.063882,9.573882,8.043881,7.7438817,2.1038818,5.083882,8.563882,8.593882,8.983882,9.113882,8.743882,8.933882,9.223882,9.033882,8.253881,7.0938816,6.213882,5.023882,6.173882,6.253882,4.9738817,2.243882,3.4638817,2.0738819,2.3538818,5.943882,7.293882,5.273882,5.2838817,4.213882,4.2438817,3.8338819,2.263882,-0.29611817,-1.4661182,-2.5761182,-3.0361183,-3.1561182
2.0638819,2.483882,2.4138818,0.8738818,0.8138818,0.8838818,1.2638818,1.7038819,2.003882,2.053882,1.0838819,1.1838819,2.4638817,3.773882,4.813882,5.123882,5.773882,5.9538817,5.7238817,5.963882,7.523882,7.613882,3.5638819,3.6738818,1.3638818,8.503881,8.363882,8.193882,8.523882,8.433882,7.873882,7.8438816,7.603882,7.213882,5.963882,5.0138817,3.3438818,3.5738819,4.5538816,1.5638819,-0.8061182,-4.476118,1.1738819,-0.60611814,1.0338818,5.773882,6.153882,6.4538817,6.023882,4.503882,3.8838818,3.0838819,0.82388186,-1.1861181,-2.196118,-3.226118,-3.196118,-2.9361181
1.5438819,2.243882,1.9438819,0.97388184,0.38388184,0.57388186,1.0238818,1.2338818,1.9838818,2.8238819,3.273882,3.3538818,4.253882,4.8438816,5.2038817,5.153882,5.2838817,5.753882,5.9738817,6.213882,7.0938816,7.5138817,7.443882,8.033882,10.023882,9.313882,8.453882,8.193882,8.323882,7.8438816,6.9338818,6.353882,5.833882,5.0538816,3.733882,2.6238818,1.9138818,2.783882,-4.4461184,-4.376118,-1.2361182,-3.8461182,-1.4061182,1.3238819,-1.0061182,-1.2361182,4.233882,5.7838817,4.793882,4.3438816,3.6938818,1.5238818,-0.5761182,-1.7561182,-2.6261182,-3.216118,-3.1461182,-1.8361182
1.1438818,1.2438818,1.8238819,0.26388183,0.053881835,0.20388183,0.42388183,0.5538818,0.89388186,1.7938819,2.3638818,2.9638817,4.063882,4.873882,5.613882,5.063882,5.583882,6.773882,6.4938817,7.2038817,7.903882,8.563882,9.203882,9.333881,9.393882,9.103882,8.423882,8.303882,7.0338817,6.083882,5.673882,4.6838818,3.6238818,3.2138817,2.3838818,1.4838818,-0.37611815,-2.5961182,0.13388184,0.59388185,-3.466118,-1.1761181,-3.6861181,0.27388182,-1.3561182,-0.13611816,5.293882,3.9338818,3.6638818,3.513882,2.3938818,0.65388185,-1.5961182,-2.256118,-2.6361182,-3.0861182,-2.6361182,0.53388184
1.0138818,0.79388183,0.57388186,0.033881836,-0.09611817,0.013881836,0.17388183,0.40388185,0.9438818,1.5538819,2.5638819,3.493882,4.413882,4.853882,4.913882,5.603882,6.083882,6.373882,7.063882,6.7238817,7.503882,8.563882,8.523882,8.293881,8.013882,8.353882,5.793882,5.963882,5.143882,4.4538817,4.143882,2.9038818,2.1238818,1.3738818,1.1638818,1.1338818,-1.4961182,-4.056118,-1.3761182,0.19388184,-1.3361182,2.5738819,1.1338818,-0.24611816,0.33388183,-0.026118165,2.803882,2.793882,2.9738817,2.543882,0.26388183,0.5638818,-1.6561182,-2.696118,-2.9161181,-2.2961183,1.1438818,0.17388183
0.09388184,-0.08611816,-0.11611816,-0.49611816,-0.41611817,-0.35611817,0.103881836,0.71388185,1.2738818,1.7738818,2.8638818,2.8338819,3.553882,4.8038816,6.0538816,5.2038817,6.1838818,5.9538817,6.113882,6.373882,7.2438817,7.583882,7.923882,6.883882,6.2038817,4.293882,3.3538818,3.1738818,2.9038818,2.5838819,2.1038818,1.0038818,0.41388184,-0.35611817,0.12388184,0.15388183,-1.1361182,-2.5361183,-2.516118,-1.3361182,-0.036118165,-1.0561181,3.483882,2.3638818,0.29388183,0.71388185,1.6038818,2.4438818,2.3638818,1.2338818,0.6938818,-0.79611814,-1.6161182,-3.196118,-2.4361181,0.85388184,0.14388184,0.85388184
-1.4661182,-0.91611814,-1.1561182,-1.1061182,-0.58611816,-0.47611818,-0.38611817,0.49388182,1.5838819,1.1138818,1.8338819,3.3638818,2.2238817,3.773882,4.9938817,5.0538816,4.483882,5.563882,4.9538817,5.123882,5.643882,5.4938817,4.2638817,2.733882,2.1638818,1.3538818,0.79388183,0.25388184,0.54388183,0.40388185,-0.09611817,-0.71611816,-1.0961182,-0.92611814,-0.5061182,-0.6861182,-1.1461182,-1.7261182,-0.9361182,-1.8361182,0.82388186,1.1238818,-0.22611816,0.47388184,0.9438818,2.003882,-0.23611817,1.8438818,1.1738819,0.23388183,0.7438818,-2.2761183,-2.1361182,1.9238819,-0.056118164,-0.36611816,0.21388184,-0.35611817
-0.46611816,-1.3261181,-1.5961182,-2.0361183,-1.0661181,-0.53611815,-0.29611817,-1.1461182,-0.83611816,0.12388184,1.9338819,1.0138818,2.023882,3.1238818,2.4338818,2.3938818,3.1638818,2.8238819,1.8338819,1.7638818,1.9938818,1.3438818,-0.21611816,-0.34611815,-0.39611816,-0.9461182,-1.2261182,-1.2761182,-0.51611817,-1.0361181,-1.4361181,-1.8061181,-1.7161182,-1.3161181,-1.1761181,-1.1761181,-1.6961181,-1.2361182,-0.60611814,-0.9461182,0.13388184,-0.45611817,-0.29611817,0.29388183,1.6138818,-0.056118164,1.1738819,-0.39611816,0.60388184,0.053881835,-1.1661181,1.7538818,-1.4061182,-0.36611816,-1.0161182,0.25388184,0.28388184,-1.1361182
-2.266118,-1.7461182,-2.016118,-2.3161182,-1.1761181,-0.51611817,-1.6161182,-2.1861181,-1.4161181,-0.34611815,-0.15611817,-0.056118164,0.60388184,1.0638819,0.39388183,-0.21611816,-0.5661182,-1.4361181,-1.3861182,-1.4961182,-0.98611814,-1.1161182,-1.6661181,-1.9861182,-2.5661182,-2.976118,-2.9061182,-2.7761183,-2.216118,-2.0961182,-2.5861182,-2.496118,-2.6761181,-2.8661182,-2.3061182,-1.4461181,-3.216118,-2.256118,-2.226118,-2.3561182,1.8438818,3.2038817,2.0638819,-1.0861182,-0.32611817,-0.31611815,2.043882,-0.29611817,-0.31611815,-0.6961182,-3.246118,-0.5661182,-1.7861181,-1.1061182,-0.77611816,-0.32611817,-0.48611817,-0.5661182
-3.006118,-2.996118,-2.8561182,-2.3861182,-1.6561182,-1.9361181,-2.3061182,-2.3561182,-1.7361182,-1.9761182,-1.8861182,-1.1861181,-0.9961182,-0.84611815,-1.6461182,-1.6161182,-2.1461182,-2.226118,-2.4361181,-2.0761182,-1.8461182,-2.1061182,-2.766118,-3.5761182,-4.2761183,-4.7161183,-4.556118,-4.2761183,-4.0061183,-3.706118,-3.6261182,-3.4161181,-3.6561182,-4.726118,-3.726118,-2.486118,-3.246118,-3.0861182,-3.976118,-1.7361182,-1.7861181,-1.6061182,2.1238818,-1.5961182,-0.64611816,-0.73611814,-1.9861182,0.90388185,-2.5461183,-1.2461182,-4.7561183,-2.4161181,-1.3661182,-1.2361182,-0.9461182,-0.49611816,-1.1961181,-0.45611817
-3.6561182,-3.8761182,-3.5761182,-3.3561182,-2.8761182,-2.8461182,-3.0261183,-2.7861183,-2.956118,-2.996118,-2.5261183,-1.9661182,-2.0661182,-2.3761182,-2.0861182,-2.5461183,-2.6661181,-2.5561182,-1.8861182,-2.236118,-3.466118,-3.5561182,-3.9161181,-5.186118,-5.576118,-5.646118,-5.396118,-5.996118,-4.9661183,-4.2961183,-3.8661182,-4.076118,-5.4061184,-6.1761184,-5.4261184,-4.096118,-3.4261181,-4.366118,-3.2861183,-4.786118,-5.126118,-4.2961183,-3.5361183,1.9538819,-1.7661182,-0.91611814,-0.8261182,-2.4161181,-2.2961183,-0.9961182,-5.456118,-5.7361183,-0.7461182,-1.2061181,-2.206118,-0.23611817,-1.3361182,-0.13611816
-2.766118,-3.8761182,-3.996118,-4.096118,-3.516118,-3.196118,-3.4161181,-3.5661182,-3.756118,-3.446118,-3.3761182,-3.3261182,-2.8661182,-2.9261181,-2.8761182,-1.8761182,-3.1661181,-2.3761182,-1.2361182,-2.6261182,-3.476118,-5.2961183,-6.056118,-6.376118,-6.386118,-5.996118,-7.106118,-6.686118,-6.146118,-6.5661182,-6.166118,-6.976118,-6.746118,-6.636118,-6.086118,-5.836118,-4.726118,-4.2961183,-4.616118,-5.586118,-6.856118,-6.326118,-5.856118,-5.976118,0.71388185,-1.4961182,-1.9761182,-1.7661182,-3.006118,-3.6161182,-2.1761181,-5.266118,-5.0261183,-2.0461183,-1.6261182,-1.8061181,-1.6361182,-1.4761182
-3.206118,-3.256118,-3.966118,-4.286118,-3.9361181,-3.6061182,-3.496118,-4.146118,-4.786118,-4.516118,-4.186118,-3.756118,-3.8761182,-3.996118,-3.726118,-3.8561182,-3.716118,-3.0661182,-2.5461183,-4.086118,-6.476118,-6.3161182,-7.2161183,-7.036118,-7.016118,-7.516118,-7.746118,-7.3161182,-7.356118,-7.456118,-7.666118,-7.726118,-7.5061183,-6.866118,-6.606118,-6.356118,-6.056118,-5.7761183,-5.856118,-6.586118,-7.096118,-7.2761183,-7.2561183,-7.356118,-6.5461183,-0.29611817,-2.3161182,-4.2961183,-4.876118,-6.536118,-5.976118,-4.706118,-5.0061183,-5.7161183,-6.136118,-6.706118,-5.416118,-3.8161182
-3.2961183,-3.466118,-3.7961183,-4.016118,-4.1561184,-4.336118,-3.976118,-4.476118,-5.646118,-5.226118,-4.9261184,-4.556118,-4.646118,-4.596118,-4.286118,-4.4061184,-4.106118,-4.146118,-4.876118,-6.4461184,-7.586118,-7.5261183,-7.386118,-7.6561184,-8.016118,-8.096118,-8.186118,-8.086118,-8.086118,-8.366118,-8.256118,-8.046118,-8.226118,-7.4661183,-7.1561184,-7.146118,-7.056118,-7.0261183,-6.726118,-7.396118,-7.846118,-7.996118,-7.896118,-8.016118,-6.8161182,-7.396118,-0.24611816,-4.076118,-5.3161182,-5.4061184,-3.8761182,-4.056118,-5.086118,-6.166118,-6.456118,-6.956118,-6.396118,-6.4461184
-3.496118,-3.7861183,-3.5961182,-3.486118,-4.516118,-4.746118,-4.786118,-5.726118,-5.666118,-5.536118,-5.086118,-5.226118,-5.186118,-5.2761183,-4.7361183,-4.9061184,-4.876118,-5.936118,-6.0661182,-6.536118,-7.5661182,-7.666118,-7.346118,-7.386118,-8.446118,-8.866118,-8.726118,-8.776118,-8.7861185,-8.836118,-8.816118,-8.306118,-8.506118,-8.226118,-7.836118,-7.726118,-7.9461184,-7.866118,-7.7761183,-8.086118,-8.356118,-8.486118,-8.416119,-8.416119,-7.616118,-7.4661183,-6.686118,-3.956118,1.2138819,-1.2061181,-6.5661182,-2.5561182,-3.6761181,-5.5461183,-6.346118,-6.9261184,-6.806118,-6.746118
-3.5561182,-3.8861182,-3.736118,-3.5761182,-4.6761184,-5.4461184,-5.376118,-5.9261184,-5.7961183,-5.7161183,-5.5661182,-5.606118,-5.596118,-5.6561184,-5.4261184,-5.9661183,-6.6561184,-7.206118,-6.836118,-7.616118,-7.786118,-7.536118,-7.116118,-7.706118,-8.646118,-9.0361185,-9.346118,-9.316118,-9.146118,-8.826118,-8.616118,-9.356118,-8.956119,-8.766118,-8.296118,-8.626118,-8.836118,-8.736118,-8.716118,-8.796118,-8.846118,-8.926118,-8.626118,-8.486118,-8.306118,-7.7161183,-7.4461184,-6.9861183,-4.956118,-0.016118163,-2.016118,0.49388182,-0.8761182,-3.726118,-4.106118,-3.8561182,-4.7561183,-4.7361183
-3.1661181,-3.8161182,-4.2161183,-4.2561183,-5.346118,-5.7361183,-6.0461183,-6.436118,-6.106118,-5.9461184,-5.726118,-5.706118,-5.666118,-5.9861183,-6.206118,-7.226118,-8.696118,-8.406118,-8.226118,-8.686118,-9.006118,-8.236118,-7.976118,-8.246119,-8.946118,-9.0361185,-9.346118,-9.596118,-9.246119,-9.086118,-9.186118,-9.546118,-9.446118,-9.316118,-8.796118,-9.106118,-9.276118,-9.266118,-9.126118,-9.216118,-9.346118,-9.326118,-8.726118,-8.756118,-8.336118,-7.516118,-7.4261184,-7.336118,-6.9661183,-6.4261184,-4.806118,-3.0561182,-2.216118,-0.98611814,-0.47611818,-1.1061182,-0.49611816,-2.1261182
-3.4361181,-4.396118,-5.136118,-5.106118,-5.666118,-6.416118,-7.346118,-6.576118,-6.186118,-5.846118,-5.786118,-6.0261183,-6.4461184,-6.4261184,-6.386118,-7.746118,-8.656118,-8.716118,-9.136118,-9.646118,-9.696118,-9.206119,-8.366118,-8.826118,-8.326118,-8.226118,-9.266118,-9.646118,-10.006118,-9.636118,-10.256118,-9.886118,-9.756118,-9.456119,-9.556118,-9.696118,-9.376118,-9.276118,-9.5361185,-9.586118,-9.996119,-9.666119,-9.206119,-8.726118,-8.296118,-7.6561184,-7.4461184,-7.086118,-6.606118,-6.106118,-5.146118,-4.096118,-3.6561182,-3.3861182,-2.8261182,-2.6561182,-2.6561182,-2.446118
