raw-data/2018091718.json
{"header": { "discipline":0, "disciplineName":"Meteorological products", "gribEdition":2, "gribLength":74832, "center":7, "centerName":"US National Weather Service - NCEP(WMC)", "subcenter":0, "refTime":"2018-09-17T18:00:00.000Z", "significanceOfRT":1, "significanceOfRTName":"Start of forecast", "productStatus":0, "productStatusName":"Operational products", "productType":1, "productTypeName":"Forecast products", "productDefinitionTemplate":0, "productDefinitionTemplateName":"Analysis/forecast at horizontal level/layer at a point in time", "parameterCategory":2, "parameterCategoryName":"Momentum", "parameterNumber":3, "parameterNumberName":"V-component_of_wind", "parameterUnit":"m.s-1", "genProcessType":2, "genProcessTypeName":"Forecast", "forecastTime":0, "surface1Type":103, "surface1TypeName":"Specified height level above ground", "surface1Value":10.0, "surface2Type":255, "surface2TypeName":"Missing", "surface2Value":0.0, "gridDefinitionTemplate":0, "gridDefinitionTemplateName":"Latitude_Longitude", "numberPoints":65160, "shape":6, "shapeName":"Earth spherical with radius of 6,371,229.0 m", "gridUnits":"degrees", "resolution":48, "winds":"true", "scanMode":0, "nx":360, "ny":181, "basicAngle":0, "lo1":0.0, "la1":90.0, "lo2":359.0, "la2":-90.0, "dx":1.0, "dy":1.0 }, "data":
[rows 78 to 103 of 181, columns 236 to 294 of 360]
-0.3452527,-0.48525268,-0.29525268,0.9647473,3.1547472,3.7247474,6.704747,7.994747,8.844748,9.484747,9.604748,8.694747,7.8647475,7.0847473,6.2547474,5.224747,4.184747,3.2047472,1.4247473,-0.9052527,-2.6852527,-2.5052526,-0.9752527,-1.0052527,-0.5252527,-0.6152527,-1.0052527,-2.1252527,-2.2952528,-2.1652527,-1.7452527,-1.6052527,-0.6552527,0.44474733,0.36474732,1.6847473,0.9847473,0.9247473,0.09474731,-1.7052526,-0.7252527,-2.8452528,-1.4152527,-1.9352527,-2.4052527,-1.4252527,-0.7352527,-1.2352527,-2.6152527,-3.2452526,-3.0752528,-5.6852527,1.6647474,-2.7452526,0.75474733,2.2147474,2.1247473,0.9647473,0.4747473
1.5847473,2.3147473,1.9147474,2.9247472,4.0647473,5.664747,7.0947475,8.314747,9.124747,10.014748,9.1347475,7.914747,6.8547473,5.7947474,5.554747,5.204747,4.8147473,3.6347473,1.8247473,-0.7852527,-2.3252528,-3.6452527,-1.2652527,-0.5152527,-0.48525268,-0.7752527,-1.4752526,-1.3452526,-1.3152527,-0.9052527,-1.8452526,-1.2252526,-0.23525268,0.044747315,-0.2752527,-0.6452527,-0.13525268,-0.8352527,-2.8252528,-1.3352526,-0.30525267,0.0047473144,-0.6752527,-2.6752527,-3.3252528,-2.7552526,-1.7652527,-1.4552526,-3.8552527,-5.425253,-0.5252527,-1.5852526,-0.2752527,-5.025253,-0.29525268,-0.7652527,-0.5752527,-1.4452527,-0.14525269
3.8947473,3.5747473,4.0947475,5.514747,5.8647475,6.6247473,7.8747473,9.774747,9.824747,9.124747,7.784747,7.1247473,6.724747,5.434747,4.9647474,4.8647475,4.1947474,3.3147473,2.3647473,1.5847473,-0.8652527,-3.8052528,-2.7752526,-1.3052527,-0.5752527,-0.10525268,-0.4052527,-1.0652527,-0.4652527,-0.4752527,-0.38525268,0.8947473,1.0847473,1.0047473,0.8347473,-0.025252685,-1.2152526,-1.5852526,-1.0752527,2.5447474,-1.3652527,-1.8752527,0.8247473,-0.69525266,-2.7552526,-1.6152527,-0.7352527,-1.4752526,-3.4052527,-0.3152527,1.0847473,0.55474734,0.6147473,2.6647472,2.2547474,3.7947474,1.1847473,0.7147473,-1.2952527
6.5447474,5.7547474,6.2147474,6.9847474,7.994747,8.874747,9.174747,9.314747,8.934748,7.744747,6.8647475,5.8547473,5.324747,5.4047475,5.2747474,4.764747,4.4647474,3.8247473,3.0047474,1.9647473,0.4347473,-0.8052527,-2.3452528,-2.0152526,-1.4252527,-0.39525267,-0.3752527,-1.0552527,-1.0552527,0.2747473,0.39474732,2.3347473,3.0547473,2.9247472,2.0847473,2.5447474,0.7647473,-0.8652527,-0.7152527,0.99474734,2.0047474,0.9747473,-3.0752528,-2.6352527,-1.5852526,1.8247473,-0.7152527,-0.94525266,-1.9652526,-1.7352527,-0.7752527,-1.0152527,-1.4152527,1.2947474,1.1047473,-0.2752527,-0.87525266,-1.1252527,-0.5552527
7.3347473,7.5047474,7.6347475,7.5447474,7.684747,8.124747,8.304748,8.424747,8.144748,7.534747,6.5847473,6.204747,5.824747,5.6447473,5.0847473,4.8647475,4.934747,4.204747,2.8747473,1.4947473,0.5147473,-0.26525268,-0.39525267,0.12474731,-0.17525269,0.09474731,0.2547473,0.024747314,0.22474732,0.6947473,1.8947473,3.1247473,3.8347473,4.304747,4.3947473,3.7147474,2.3247473,2.1047473,1.5947473,1.3447473,1.2547473,1.5447474,4.1547475,1.2947474,0.034747314,0.6447473,-0.68525267,-2.0852528,-1.0952526,-1.4952527,0.09474731,-1.2352527,1.5647473,0.24474731,-3.5152526,-1.7652527,-1.3852527,-1.0352527,-2.2552526
7.304747,7.0847473,6.8447475,6.5847473,6.6347475,7.1547475,7.784747,7.8347473,7.4247475,7.0447474,6.664747,6.784747,6.1347475,5.3547473,4.744747,4.6547475,4.7147474,3.8947473,2.7147474,1.2647473,-0.22525269,0.8847473,2.0647473,2.6547472,2.8147473,1.8547473,1.0847473,0.42474732,2.0147474,2.8347473,2.6847472,3.6447473,4.8747473,6.164747,6.724747,7.0447474,6.4247475,5.724747,5.3447475,4.324747,3.1047473,1.4747473,1.8347473,1.6347473,0.5347473,0.3047473,1.1547474,-0.8952527,-1.4052527,-0.75525266,-0.68525267,-0.7952527,-0.5352527,-1.6452527,-4.5752525,-4.275253,-4.1352525,-2.5852528,-1.2152526
6.4447474,6.2947474,6.1747475,5.9847474,6.324747,6.8547473,6.5047474,6.1947474,5.514747,5.4047475,6.1447473,5.9647474,5.6247473,5.264747,4.9847474,5.204747,5.2147474,4.534747,3.6847472,4.074747,5.164747,6.1347475,5.804747,5.7947474,5.8647475,6.0447474,5.2747474,4.3947473,3.4347472,3.3847473,4.4847474,5.6047473,6.434747,7.7347474,8.004747,8.194747,8.144748,7.6547475,6.784747,5.8847475,5.224747,4.534747,2.4847474,1.9247473,0.7347473,-1.0652527,-2.3152528,-0.6352527,0.114747316,0.5847473,-1.7752527,0.18474731,-1.1352527,-3.4452527,-3.3752527,-4.4752526,-4.815253,-0.75525266,-1.0152527
5.934747,5.574747,5.3647475,5.224747,5.6447473,5.7547474,5.554747,4.804747,4.784747,5.1447473,5.7147474,5.0647473,4.8647475,4.224747,4.5947475,5.2947474,5.7147474,5.804747,6.6147475,7.1347475,7.824747,7.664747,7.284747,6.514747,7.0447474,7.664747,7.8847475,7.8747473,7.744747,7.914747,7.6947474,6.9047475,7.9447474,8.214747,8.284747,8.324747,8.414747,8.304748,8.034747,7.2747474,6.474747,5.9247475,4.8747473,2.9847474,0.38474733,-1.3552527,-2.4652526,-0.11525269,0.5247473,1.0447474,0.8347473,1.5247474,-1.5652527,-3.1652527,-4.675253,-4.4352527,-2.6452527,0.62474734,0.5947473
5.2947474,4.744747,4.914747,4.8347473,5.014747,5.0247474,4.914747,4.704747,4.744747,4.9647474,4.9047475,4.684747,4.1147475,4.244747,4.6547475,5.5247474,6.2947474,6.5047474,6.934747,7.724747,7.9247475,7.8347473,8.594748,8.834747,8.794747,9.024747,9.044747,9.244747,9.724748,9.074747,8.204747,7.954747,8.024747,7.9847474,8.204747,8.604748,8.764748,8.684748,8.414747,8.024747,7.9447474,7.304747,6.0247474,4.1747475,1.5747473,-1.2052526,-2.4552526,0.4347473,-0.8552527,1.3047473,1.1947473,-0.19525269,-2.0752528,-2.3452528,-1.0852526,-1.9452527,0.35474733,1.5547473,1.7047473
4.6347475,4.494747,4.8347473,4.744747,4.6247473,4.8947473,4.9647474,4.7147474,4.5847473,3.9547472,3.7647474,3.3447473,2.9747474,3.7347474,4.204747,5.034747,6.1747475,7.224747,7.824747,7.7747474,7.704747,7.8147473,8.154747,8.624747,8.894748,8.544747,8.564747,8.954747,8.794747,9.064747,8.814747,8.1347475,7.5947475,7.6547475,8.964747,8.944747,9.1347475,8.494747,8.754747,8.374747,8.414747,7.4647474,6.3847475,5.324747,3.9847474,2.3347473,-1.0252527,-0.9252527,1.5247474,1.4047474,-0.32525268,-1.8852527,-2.1052527,-1.1752527,-1.3352526,-0.2752527,-0.4052527,0.93474734,1.3947473
4.4247475,4.3747473,4.3747473,4.0647473,4.5447474,4.8147473,4.744747,4.5247474,4.2547474,4.0247474,3.4747474,2.9347472,2.6847472,2.9547472,3.4647474,4.4047475,5.0047474,5.7747474,6.684747,6.8947473,7.1047473,7.3147473,7.3447475,7.5847473,7.554747,7.9847474,8.344748,7.9647474,8.274747,8.284747,8.364747,7.664747,6.3447475,7.764747,7.6047473,7.7347474,7.8847475,8.054748,8.044747,8.224748,8.004747,7.9847474,6.784747,5.6447473,4.914747,4.0847473,-0.38525268,-0.8852527,1.3847473,0.39474732,0.06474731,-0.8352527,-0.35525268,-1.1752527,-0.29525268,0.9747473,0.7747473,1.1147473,-0.07525268
4.4447474,3.9947474,3.8447473,3.9147472,3.7847474,4.164747,4.4247475,4.2747474,3.9347472,3.9147472,4.2547474,3.5147474,3.0447474,2.9847474,3.8947473,3.7547474,4.474747,4.3747473,4.6547475,5.5947475,6.5847473,7.4047475,8.084747,7.7147474,7.9447474,8.304748,9.094748,9.414747,8.534747,8.204747,8.034747,8.504747,4.204747,6.1447473,6.8347473,7.0447474,7.0647473,7.664747,7.5647473,6.994747,7.0847473,6.784747,6.6047473,6.0247474,5.244747,-1.2852527,-1.0652527,1.8847473,-0.07525268,-0.7952527,0.50474733,-1.0852526,-0.14525269,-0.4752527,-1.2752527,-1.2652527,-0.025252685,-0.025252685,-0.025252685
3.1447473,3.4147472,3.4247472,3.2247474,2.8247473,3.0747473,3.7947474,3.7547474,3.6647472,3.0047474,3.0047474,2.9047472,2.4747474,3.1347473,3.4847474,4.0047474,4.1947474,4.1547475,3.7847474,3.5747473,4.0847473,4.9247475,5.8747473,6.6247473,6.934747,7.0247474,6.5247474,6.1447473,6.704747,6.5247474,6.1447473,5.8447475,8.184748,4.8947473,6.6147475,7.2747474,6.8547473,6.454747,6.5647473,6.434747,6.204747,5.4647474,4.954747,4.454747,-0.08525269,0.39474732,1.1247473,-0.11525269,-1.0152527,0.21474731,-0.13525268,0.21474731,0.12474731,-0.4652527,-0.045252685,-0.69525266,-1.0552527,0.22474732,1.0547473
2.8147473,3.0647473,3.0947473,2.8347473,2.6547472,2.4947474,2.7447474,3.0047474,3.0847473,2.7347474,2.2547474,2.2547474,2.7247474,2.2347474,3.2447474,3.7747474,3.7747474,3.7347474,3.6047473,2.9447472,3.3147473,4.0847473,4.4247475,4.664747,5.0847473,5.514747,5.8847475,6.1247473,5.744747,5.574747,5.414747,6.074747,6.3947473,4.994747,6.324747,6.434747,6.494747,6.534747,6.974747,6.8547473,7.034747,7.0047474,6.3547473,5.554747,-1.2052526,-0.24525268,0.56474733,-0.33525267,-1.4652526,-1.5452527,-0.4452527,-0.5252527,-0.22525269,0.2747473,-0.065252684,-0.75525266,-0.9752527,-1.1252527,-1.7752527
2.6947472,2.8847473,3.0247474,2.8847473,2.9447472,2.9547472,2.4847474,2.6747472,2.5347474,2.5047474,2.1947472,1.9247473,2.1547472,2.8447473,2.9247472,2.8247473,2.9547472,3.1947472,3.2447474,3.2147474,3.6147473,3.7447474,3.8447473,4.434747,5.1447473,5.414747,5.5847473,6.0847473,6.074747,5.5947475,5.164747,5.914747,6.6247473,6.4647474,6.5647473,6.6547475,6.824747,6.764747,7.164747,7.3947473,7.3547473,6.9847474,6.6447473,3.4347472,-0.4452527,0.114747316,0.10474732,-0.33525267,-1.5752527,-0.4952527,-0.6052527,-0.4952527,-0.015252685,-0.30525267,0.21474731,-0.6152527,-0.7852527,-0.29525268,0.18474731
2.2947474,2.7647474,3.2447474,2.7947474,2.4547472,2.3647473,2.3447473,2.2347474,2.0347474,2.1747472,2.3347473,2.3947473,2.3147473,2.3247473,2.3147473,2.9047472,2.3447473,2.9247472,2.9847474,3.1647472,3.7447474,4.1247473,4.5247474,4.724747,5.2347474,5.5647473,5.9647474,6.1947474,6.514747,6.4647474,6.3147473,6.1447473,6.1447473,6.4047475,7.1547475,7.1547475,7.034747,7.0047474,7.1747475,7.434747,7.3947473,7.5447474,7.8847475,3.7647474,-2.1252527,0.80474734,0.07474732,-1.2852527,-0.9752527,-1.1152527,-0.6652527,-0.5952527,-0.8052527,-0.095252685,0.12474731,0.3347473,0.084747314,-0.4952527,-0.3752527
1.6847473,1.6547474,1.8747473,2.2547474,2.2147474,1.8447473,1.7847474,1.8447473,1.6047473,1.5847473,1.8147473,1.9947473,1.5247474,1.2047473,1.0947473,1.6847473,1.9347473,2.1547472,2.7747474,2.8947473,3.4547472,3.7747474,4.1347475,4.4847474,4.6447473,5.2147474,5.6147475,6.284747,6.724747,6.804747,6.8647475,7.0647473,6.8947473,6.514747,7.204747,7.3947473,7.3147473,7.224747,6.914747,7.1747475,6.9047475,7.6747475,9.004747,2.8947473,-0.6352527,-0.8352527,-0.2852527,-0.7952527,-1.3352526,-0.5952527,-1.0252527,-0.7252527,-0.7152527,0.5347473,0.6447473,-0.14525269,-0.14525269,-0.6152527,-0.2752527
2.0347474,2.0147474,1.4347473,1.1647474,1.0947473,1.3847473,1.2247473,1.2147473,1.1147473,0.80474734,1.2547473,1.5347474,1.7547473,1.0747473,0.9447473,1.3747473,1.8147473,2.1147473,2.2747474,2.4947474,3.0947473,3.7747474,4.3547473,4.054747,4.244747,4.8747473,5.4447474,5.5047474,6.4247475,6.9647474,7.034747,6.934747,6.934747,6.9647474,7.1547475,7.5247474,7.514747,7.264747,7.5247474,7.4047475,6.8947473,7.1147475,7.4447474,6.8747473,2.2447474,-1.3852527,-0.62525266,-1.5252527,-2.1252527,-1.2252526,-0.87525266,-1.0152527,-0.5252527,-0.3752527,0.18474731,0.09474731,-0.38525268,-0.38525268,-0.42525268
2.1047473,1.5347474,1.0947473,0.8847473,0.3347473,0.24474731,0.5847473,0.6447473,0.6147473,0.5847473,0.4647473,0.6447473,1.0947473,1.4247473,1.4047474,1.2047473,1.3947473,1.9847473,2.5547473,2.1847472,2.6747472,2.9747474,3.3447473,4.1147475,4.6547475,5.1247473,5.494747,5.4447474,5.6747475,6.3447475,6.8747473,7.034747,6.954747,6.664747,6.824747,7.1447473,7.1947474,7.304747,7.3647475,7.4847474,7.3947473,7.7547474,7.6147475,8.614747,6.034747,-2.4452527,-1.7052526,-1.5652527,-2.2152526,-1.6852527,-1.7152526,-1.3352526,-1.4652526,-1.0452527,-0.48525268,0.3747473,0.5747473,-0.3452527,0.39474732
2.0947473,1.5547473,1.4247473,1.5847473,1.1847473,0.8947473,0.9447473,0.5747473,0.5147473,-0.035252687,-0.5552527,-0.5152527,0.06474731,0.6547473,0.9447473,1.2447473,1.5047473,1.5647473,1.8647473,2.4747474,2.6747472,2.7747474,2.9847474,3.4047472,4.054747,4.7947474,5.2547474,5.3347473,5.034747,5.6747475,6.164747,6.764747,6.9247475,6.764747,6.3347473,6.5247474,6.8347473,7.0247474,7.164747,7.3547473,7.6747475,7.8347473,7.9047475,7.454747,8.364747,0.21474731,-3.0552528,0.06474731,-1.5552527,-2.0052526,-1.9852527,-1.8252527,-1.9352527,-1.6452527,-1.5152527,-1.6652527,0.2547473,0.054747313,-0.4652527
0.9547473,0.8847473,1.3647473,1.6447473,1.4847473,1.2947474,1.2047473,1.4447473,1.1547474,0.4647473,0.3047473,0.0047473144,-0.29525268,-0.035252687,0.16474731,0.93474734,1.1747473,1.2347473,1.6947473,2.0447474,2.1847472,2.2447474,2.3347473,2.9747474,3.3247473,3.7747474,4.494747,4.9847474,4.8647475,4.9847474,5.454747,6.014747,6.1047473,6.1047473,6.304747,6.4047475,6.5947475,7.0047474,7.2747474,7.454747,7.4647474,7.6947474,7.744747,7.574747,6.554747,4.074747,-3.5752528,-1.7352527,-2.1452527,-1.7952527,-2.0352526,-2.2152526,-1.8352526,-1.4452527,-2.0852528,-1.2452527,-1.6252527,-0.19525269,-0.9252527
1.0347474,0.93474734,1.1147473,1.6247473,1.5147473,1.3547473,0.7347473,0.1547473,0.4347473,0.7147473,0.5947473,0.6147473,0.74474734,0.50474733,0.22474732,0.23474732,0.6647473,0.7147473,0.8947473,1.1047473,1.3447473,1.5747473,1.6747473,2.1047473,2.3047473,2.5547473,3.1447473,3.7847474,4.3347473,4.3347473,4.704747,5.1047473,5.6247473,5.824747,5.8847475,6.034747,6.054747,6.4247475,6.8947473,7.244747,7.3747473,7.5947475,7.6947474,8.014748,8.024747,8.934748,0.50474733,-2.4252527,-1.6952527,-1.6452527,-1.5952526,-1.3452526,-1.8052527,-1.9052527,-1.3752527,-1.8552527,-1.6152527,-1.4352527,-1.4052527
1.0547473,1.2647473,1.1847473,0.9047473,0.3447473,0.09474731,-0.12525268,-0.16525269,-0.055252686,-0.33525267,-0.4952527,0.2547473,1.0647473,1.4347473,1.2847474,1.0247474,0.7747473,0.6647473,0.6147473,0.93474734,1.0647473,1.2647473,1.4347473,1.3747473,1.7747474,2.0747473,2.3347473,2.9747474,3.3547473,3.6347473,3.8447473,4.3147473,4.6247473,4.9647474,5.1747475,5.6047473,5.8747473,5.974747,6.1547475,6.6347475,6.9447474,7.4247475,7.804747,7.8347473,8.034747,8.224748,3.9247472,-3.6652527,-3.7752526,-2.0952528,-2.3152528,-1.8652527,-2.2652526,-2.2352526,-2.0252526,-1.8652527,-2.5552528,-2.1252527,-1.7452527
0.14474732,0.80474734,0.6947473,0.7147473,0.8247473,0.41474733,0.4347473,0.9847473,1.1447473,0.7647473,0.7147473,0.9047473,1.9547473,1.5247474,1.1047473,0.81474733,0.9847473,1.1647474,0.7147473,0.87474734,1.1247473,1.3947473,1.5447474,1.6947473,1.8347473,2.0647473,2.3247473,2.4747474,2.9247472,3.1847472,3.1347473,3.2947474,3.8147473,4.1247473,4.6147475,4.8447475,5.1447473,5.6747475,6.0847473,6.3547473,6.6047473,6.7547474,7.054747,7.414747,7.6447473,7.974747,9.404747,4.6147475,-1.4352527,-2.5052526,-1.9852527,-2.0552528,-1.9352527,-2.5552528,-2.3552527,-1.9752526,-2.5352526,-2.1652527,-2.4552526
0.6647473,-0.50525266,-0.6452527,0.48474732,1.0547473,0.0047473144,-0.18525268,0.24474731,1.2047473,1.3347473,1.1247473,0.4947473,0.3447473,0.9047473,1.3347473,1.1747473,0.74474734,0.6547473,1.1847473,1.2947474,1.0547473,1.4147474,1.6547474,1.8447473,2.0247474,2.0747473,2.1947472,2.4047472,2.3647473,2.2847474,2.6747472,2.8547473,3.1047473,3.5447474,4.0947475,4.3647475,4.724747,5.2547474,5.764747,6.074747,6.284747,6.3447475,6.3447475,6.6047473,6.954747,7.204747,7.534747,4.954747,-0.5952527,1.4247473,-2.5452528,-2.4752526,-2.1552527,-2.6452527,-2.3052528,-1.7552527,-1.9752526,-2.6152527,-3.0052526
-0.81525266,-0.48525268,-0.3752527,-0.3152527,0.4747473,0.9247473,0.6047473,0.6547473,0.9847473,0.56474733,0.44474733,0.48474732,0.32474732,0.014747314,0.35474733,0.6947473,0.62474734,0.80474734,0.7247473,0.4947473,0.2847473,0.2547473,0.38474733,0.7147473,0.9747473,1.1347473,1.4947473,1.5047473,1.5847473,1.9547473,2.1447473,2.3947473,2.8647473,3.1047473,3.4647474,4.0047474,4.4647474,4.824747,5.1447473,5.744747,6.0447474,6.1747475,6.184747,6.2947474,6.474747,7.0947475,7.5647473,8.854748,2.1347473,-2.3652527,-3.2052526,-2.5852528,-5.005253,-1.6752527,-2.1152527,-2.4552526,-3.3852527,-2.9752526,-3.3452528
