raw-data/2018091700.json
{"header": { "discipline":0, "disciplineName":"Meteorological products", "gribEdition":2, "gribLength":74438, "center":7, "centerName":"US National Weather Service - NCEP(WMC)", "subcenter":0, "refTime":"2018-09-17T00:00:00.000Z", "significanceOfRT":1, "significanceOfRTName":"Start of forecast", "productStatus":0, "productStatusName":"Operational products", "productType":1, "productTypeName":"Forecast products", "productDefinitionTemplate":0, "productDefinitionTemplateName":"Analysis/forecast at horizontal level/layer at a point in time", "parameterCategory":2, "parameterCategoryName":"Momentum", "parameterNumber":2, "parameterNumberName":"U-component_of_wind", "parameterUnit":"m.s-1", "genProcessType":2, "genProcessTypeName":"Forecast", "forecastTime":0, "surface1Type":103, "surface1TypeName":"Specified height level above ground", "surface1Value":10.0, "surface2Type":255, "surface2TypeName":"Missing", "surface2Value":0.0, "gridDefinitionTemplate":0, "gridDefinitionTemplateName":"Latitude_Longitude", "numberPoints":65160, "shape":6, "shapeName":"Earth spherical with radius of 6,371,229.0 m", "gridUnits":"degrees", "resolution":48, "winds":"true", "scanMode":0, "nx":360, "ny":181, "basicAngle":0, "lo1":0.0, "la1":90.0, "lo2":359.0, "la2":-90.0, "dx":1.0, "dy":1.0 }, "data":
[rows 26 to 51 of 181, columns 118 to 176 of 360]
0.108811036,-0.32118896,-0.18118897,0.44881102,1.458811,1.128811,1.588811,2.198811,2.888811,1.728811,-0.11118896,-0.98118895,-1.611189,-2.161189,-2.281189,-3.271189,-1.731189,-1.001189,-0.29118896,-1.551189,-2.271189,-2.211189,-1.781189,-1.391189,-0.91118896,-0.68118894,-1.731189,-0.91118896,0.15881103,-0.38118896,-0.35118896,-0.521189,-0.051188964,-0.891189,-2.181189,-1.3311889,-1.171189,-0.961189,-0.15118897,0.51881105,1.4288111,0.40881103,0.25881103,-0.031188965,-0.45118895,0.31881103,0.77881104,1.5388111,2.528811,2.548811,2.278811,3.198811,4.598811,5.538811,4.518811,4.028811,3.268811,1.9288111,2.5988111
0.14881104,0.56881106,0.77881104,1.0388111,2.778811,2.638811,2.918811,4.518811,2.928811,2.468811,1.888811,1.5588111,1.248811,0.798811,0.83881104,0.50881106,0.26881105,-2.1311889,-2.611189,-1.751189,-1.4611889,-1.4611889,-1.611189,-1.8111889,-1.351189,-1.621189,-1.891189,-1.8211889,-1.241189,-0.771189,-0.81118894,-1.0811889,-0.881189,-0.881189,-1.0611889,-1.871189,-1.751189,-1.6911889,-1.131189,-0.40118897,0.028811036,0.39881104,0.038811035,0.12881103,0.69881105,1.0488111,1.588811,2.178811,3.268811,3.558811,3.8588111,5.338811,6.598811,6.938811,6.7488112,5.488811,4.898811,4.058811,2.668811
0.868811,1.268811,1.628811,1.858811,1.948811,2.298811,2.778811,2.948811,2.948811,2.568811,2.5988111,2.148811,1.618811,1.2888111,0.83881104,0.21881104,0.18881103,0.36881104,0.62881106,0.49881104,-0.631189,-0.78118896,-0.42118895,-1.121189,-0.79118896,-1.421189,-1.541189,-2.221189,-1.4411889,-1.111189,-0.85118896,-0.951189,-1.021189,-0.951189,-0.93118894,-0.92118895,-1.3211889,-2.281189,-1.601189,-0.98118895,-0.73118895,-1.3311889,-0.021188965,1.508811,0.24881104,-1.481189,0.90881103,1.7888111,3.038811,3.888811,4.058811,2.388811,2.788811,2.668811,1.2888111,2.248811,1.9388111,2.288811,4.618811
0.29881105,0.978811,1.868811,1.828811,2.3788111,2.728811,2.978811,2.778811,2.658811,3.1288111,3.268811,3.078811,2.658811,2.188811,1.4288111,1.338811,0.89881104,0.94881105,0.35881102,-0.66118896,-0.33118898,-0.85118896,-1.031189,-0.09118897,-0.65118897,0.19881104,-1.151189,-1.5811889,-1.641189,-2.701189,-1.501189,-1.3411889,-1.4511889,-1.131189,-1.3211889,-1.1911889,-1.3311889,-1.421189,-2.301189,-3.721189,-1.0811889,0.71881104,1.398811,1.1888111,1.2888111,0.83881104,2.3488111,2.248811,0.88881105,2.998811,3.3488111,2.728811,3.888811,4.798811,2.958811,6.408811,7.818811,9.398811,9.878811
0.06881104,0.27881104,0.75881106,1.0488111,2.318811,2.168811,1.998811,2.488811,2.698811,2.798811,2.818811,2.828811,2.768811,2.318811,2.068811,1.388811,0.68881106,0.808811,0.35881102,-2.3811889,-0.91118896,-0.33118898,-3.611189,-3.8911889,-0.891189,2.038811,-0.29118896,0.13881104,-2.221189,-2.221189,-1.851189,-0.84118897,-1.3211889,-2.081189,-3.521189,-2.531189,-1.981189,-3.001189,-0.47118896,0.45881104,0.11881103,0.57881105,0.88881105,1.3088111,0.40881103,-0.53118896,-0.74118894,2.208811,2.988811,4.458811,6.598811,5.398811,4.848811,7.428811,10.308811,11.538811,11.938811,11.418811,9.758811
0.76881105,0.47881103,0.24881104,0.89881104,0.88881105,2.1188111,2.528811,1.9088111,2.668811,3.018811,2.728811,2.8788111,3.138811,3.438811,3.288811,2.3688111,0.89881104,0.028811036,0.23881103,-0.92118895,-0.38118896,-0.62118894,1.2988111,1.898811,-0.0011889648,-1.021189,-3.111189,-6.241189,-6.481189,-10.271189,-11.931189,-11.721189,-9.361189,-6.161189,-3.241189,-5.611189,-6.401189,-6.551189,-4.381189,-3.171189,-2.6211889,-2.041189,-1.0611889,-1.361189,-0.98118895,-0.61118895,0.17881103,-1.491189,-0.041188966,1.238811,2.988811,4.178811,4.738811,5.348811,6.4788113,6.688811,6.708811,7.318811,7.418811
1.758811,2.068811,1.708811,2.978811,1.508811,3.1188111,1.618811,2.318811,3.008811,0.998811,2.498811,2.3488111,1.8088111,1.958811,2.548811,2.058811,1.5388111,0.47881103,-0.501189,-0.691189,-2.761189,-3.681189,-1.721189,-1.251189,-2.081189,-0.97118896,0.59881103,0.868811,0.44881102,1.208811,2.148811,2.278811,3.898811,3.728811,3.158811,2.838811,1.858811,-1.931189,-3.071189,-2.9011889,-2.671189,-1.051189,-1.901189,-0.701189,-0.33118898,-0.24118896,0.548811,0.36881104,0.62881106,1.4088111,2.3688111,3.548811,4.558811,5.268811,5.888811,6.298811,6.558811,6.858811,6.908811
1.708811,1.2988111,2.8488111,0.75881106,1.278811,2.6288111,2.8488111,3.298811,1.7988111,1.8088111,1.778811,3.068811,3.808811,2.508811,1.508811,2.438811,1.1588111,0.808811,0.41881102,-0.92118895,-2.491189,-4.141189,-3.291189,-3.091189,-3.591189,-4.741189,-4.081189,-6.341189,-6.651189,-4.241189,-1.8411889,-0.011188965,2.218811,4.108811,4.488811,4.438811,4.048811,4.138811,2.048811,-1.661189,-1.2011889,0.058811035,-1.911189,2.058811,-0.13118896,-0.80118895,0.018811036,-0.11118896,0.25881103,0.788811,1.5588111,2.658811,3.528811,4.048811,4.368811,4.638811,4.628811,4.718811,4.738811
1.218811,1.9388111,1.4088111,1.1588111,1.4088111,1.488811,1.848811,1.888811,3.048811,1.5588111,0.51881105,1.6588111,1.088811,4.168811,3.448811,2.228811,1.7888111,0.868811,1.318811,0.21881104,-3.1511889,-0.631189,1.518811,0.93881106,0.59881103,-2.101189,-0.32118896,2.698811,1.9088111,-2.361189,-2.3711889,-1.991189,-0.881189,0.96881104,1.828811,2.748811,3.948811,3.308811,2.218811,1.858811,0.748811,-1.631189,1.358811,-1.551189,-1.151189,-0.061188966,0.868811,0.918811,1.128811,0.93881106,1.6688111,2.318811,2.8488111,2.788811,2.578811,2.538811,2.418811,2.478811,2.928811
2.208811,2.038811,1.528811,1.4388111,1.728811,2.938811,5.008811,3.918811,3.788811,2.408811,1.608811,2.058811,0.548811,1.068811,2.088811,1.488811,0.49881104,2.498811,5.658811,5.538811,3.908811,4.178811,5.238811,4.148811,0.83881104,2.388811,2.8488111,2.818811,3.488811,1.748811,-0.941189,-1.521189,-1.351189,-0.36118898,0.25881103,1.4288111,2.308811,1.498811,1.318811,0.918811,-1.7111889,0.49881104,-0.951189,1.078811,-0.15118897,1.528811,1.978811,2.298811,2.038811,2.418811,2.5988111,2.988811,3.058811,3.458811,4.208811,4.468811,5.2288113,5.658811,5.838811
2.238811,1.8088111,1.2888111,1.5588111,2.1288111,2.888811,2.548811,3.238811,1.738811,1.028811,3.218811,4.858811,2.078811,3.648811,3.838811,2.898811,1.598811,2.938811,1.118811,0.33881104,0.68881106,1.718811,1.278811,4.738811,5.058811,3.3588111,4.548811,4.198811,3.678811,2.6088111,1.338811,-0.12118897,-1.511189,-0.98118895,-0.641189,-0.061188966,0.39881104,0.37881103,-0.511189,-0.08118896,0.81881106,-0.86118895,-2.471189,1.648811,3.948811,4.608811,4.958811,3.8788111,3.638811,3.768811,3.488811,3.148811,2.778811,2.448811,2.1188111,2.8488111,3.338811,3.6188111,4.078811
1.528811,1.488811,1.478811,1.598811,2.158811,3.6088111,4.268811,4.638811,4.038811,4.038811,3.798811,2.808811,4.098811,1.698811,1.958811,2.798811,2.678811,9.608811,1.0588111,2.6188111,2.788811,2.708811,1.458811,4.808811,5.468811,3.8788111,5.518811,5.2488112,3.518811,3.228811,1.898811,1.4388111,-0.061188966,-0.25118896,0.018811036,-0.43118897,0.31881103,0.70881104,0.12881103,0.09881104,1.0588111,-1.181189,3.1288111,3.658811,3.818811,4.038811,4.088811,4.328811,4.618811,4.568811,4.798811,4.668811,4.208811,4.038811,3.958811,2.6188111,2.588811,3.688811,3.708811
1.638811,2.148811,1.708811,1.2988111,1.528811,3.048811,3.388811,4.448811,4.188811,4.398811,4.668811,4.528811,4.118811,3.498811,2.838811,1.988811,2.438811,5.168811,3.3588111,2.988811,3.0988111,2.738811,3.658811,4.368811,3.458811,4.378811,4.298811,2.8488111,3.3488111,2.688811,1.628811,1.108811,0.25881103,0.32881105,0.28881103,0.15881103,0.63881105,0.048811033,-0.44118896,1.1688111,0.40881103,4.658811,4.868811,4.508811,4.418811,4.408811,4.508811,4.568811,4.848811,5.018811,5.088811,4.918811,4.548811,4.2288113,4.858811,3.658811,3.468811,3.188811,3.198811
2.078811,2.188811,1.6588111,2.018811,2.798811,3.008811,3.578811,4.798811,4.858811,4.148811,5.078811,5.818811,3.8788111,2.8688111,4.448811,2.838811,2.998811,5.398811,4.858811,0.52881104,0.538811,2.6188111,3.8788111,5.548811,5.058811,3.788811,-1.431189,1.6788111,2.748811,1.358811,0.75881106,0.40881103,0.83881104,0.12881103,0.06881104,-0.521189,-0.701189,-0.61118895,-3.061189,0.37881103,2.5988111,2.168811,2.8788111,3.8588111,4.128811,4.118811,4.118811,4.338811,4.7488112,4.988811,4.968811,4.838811,4.768811,4.808811,4.958811,4.588811,4.068811,3.478811,2.8588111
3.8788111,3.908811,2.398811,2.498811,2.8488111,3.048811,3.8588111,4.238811,4.768811,5.468811,5.4988112,5.828811,4.848811,4.458811,4.558811,4.418811,4.108811,2.398811,2.058811,2.548811,3.088811,4.438811,4.828811,7.338811,6.038811,4.058811,1.6788111,2.048811,1.6588111,1.1588111,0.868811,0.868811,0.88881105,0.538811,0.38881102,-0.571189,-0.47118896,-1.8111889,1.008811,0.558811,0.558811,1.2988111,2.408811,2.968811,3.028811,2.938811,3.308811,3.6088111,3.948811,4.138811,4.138811,4.058811,4.408811,3.988811,4.188811,4.2288113,3.3488111,3.018811,3.038811
1.848811,4.628811,4.698811,5.828811,4.378811,2.808811,4.218811,4.488811,4.108811,5.928811,5.358811,5.358811,5.738811,4.808811,5.108811,3.948811,3.698811,3.838811,4.638811,4.118811,3.568811,2.958811,5.968811,6.548811,5.018811,3.548811,4.428811,2.818811,2.138811,1.888811,0.95881104,0.81881106,0.40881103,0.038811035,-0.32118896,0.078811035,0.078811035,0.69881105,0.678811,0.788811,0.678811,0.84881103,1.1588111,1.2988111,1.398811,1.828811,2.138811,2.388811,2.918811,3.078811,2.928811,3.028811,3.148811,3.008811,3.588811,3.898811,3.5988111,3.198811,2.908811
1.498811,3.058811,3.508811,5.368811,3.688811,5.218811,4.898811,4.4788113,4.558811,4.218811,4.128811,4.578811,5.708811,4.658811,4.628811,3.3788111,4.148811,4.048811,2.708811,4.818811,4.648811,4.878811,4.348811,8.958811,6.398811,5.768811,4.408811,3.758811,3.3488111,2.418811,0.59881103,0.858811,0.06881104,-0.97118896,-0.891189,-1.0611889,-1.2111889,-1.001189,-0.67118895,-0.56118894,-0.711189,-0.30118898,-0.511189,-0.17118897,0.30881104,0.93881106,1.018811,1.398811,1.868811,2.268811,2.178811,1.518811,2.268811,2.678811,2.798811,3.398811,3.158811,2.928811,2.548811
0.988811,1.898811,3.538811,2.798811,4.118811,5.198811,4.918811,4.448811,4.838811,4.298811,2.708811,3.038811,5.168811,6.458811,6.178811,5.388811,3.898811,2.658811,3.768811,5.608811,5.168811,4.418811,8.408811,6.958811,5.328811,3.648811,4.668811,3.548811,3.698811,2.928811,1.1688111,-0.37118897,-1.041189,-0.81118894,-1.301189,-1.4511889,-1.8411889,-1.851189,-2.191189,-2.041189,-1.911189,-2.511189,-1.8411889,-1.671189,-0.751189,-0.13118896,0.11881103,-0.20118897,0.27881104,1.698811,2.198811,1.6588111,1.388811,1.728811,2.178811,2.418811,2.638811,2.478811,2.138811
0.71881104,1.748811,3.208811,2.658811,3.498811,4.098811,3.698811,4.088811,4.168811,4.638811,4.548811,4.838811,7.798811,6.308811,6.068811,5.838811,3.678811,3.648811,5.878811,5.968811,1.968811,5.968811,6.638811,6.178811,4.038811,4.818811,4.318811,4.258811,3.6088111,2.3788111,2.528811,0.008811035,-0.16118896,-0.39118898,-1.3411889,-1.621189,-1.801189,-2.6411889,-2.671189,-2.711189,-2.471189,-2.581189,-2.611189,-2.3711889,-2.091189,-1.531189,-0.61118895,-0.29118896,0.31881103,0.88881105,1.238811,1.5388111,1.718811,1.888811,2.148811,2.1188111,2.428811,1.878811,1.4388111
2.448811,1.9088111,1.9388111,2.328811,3.3488111,2.838811,2.6188111,3.048811,3.5988111,3.048811,3.8588111,3.928811,4.648811,5.738811,5.568811,5.368811,2.638811,6.008811,4.778811,2.688811,5.128811,4.598811,4.968811,4.848811,3.538811,3.3588111,3.148811,3.488811,2.948811,2.158811,2.278811,2.158811,3.078811,-0.48118895,-2.161189,-2.841189,-3.201189,-3.551189,-3.821189,-3.6511889,-3.211189,-2.841189,-2.511189,-2.1411889,-1.9511889,-2.181189,-1.5911889,-0.93118894,-0.25118896,0.108811036,1.278811,2.138811,2.738811,2.3688111,2.308811,1.9288111,1.9088111,1.008811,0.51881105
1.498811,1.828811,1.4188111,1.528811,1.6888111,2.478811,1.968811,2.548811,2.838811,1.968811,2.5988111,3.278811,4.438811,3.1288111,3.6188111,2.778811,4.008811,4.208811,5.9788113,7.518811,6.848811,5.078811,5.408811,5.328811,2.328811,3.3688111,-1.0911889,0.808811,0.76881105,3.518811,1.598811,2.518811,1.648811,-0.47118896,-3.3911889,-3.541189,-4.701189,-5.511189,-5.991189,-5.881189,-5.221189,-4.451189,-3.921189,-3.541189,-2.911189,-2.191189,-1.421189,-0.85118896,0.15881103,0.83881104,1.0388111,1.328811,1.578811,1.328811,1.1788111,0.798811,0.28881103,-0.14118896,-0.31118897
3.078811,3.278811,2.188811,1.768811,1.318811,0.71881104,1.128811,2.568811,1.528811,1.458811,2.418811,3.978811,2.748811,2.158811,-0.24118896,1.388811,1.998811,4.688811,4.788811,4.868811,5.988811,5.538811,4.218811,2.338811,0.88881105,2.568811,1.698811,2.558811,3.3488111,2.1188111,0.15881103,0.69881105,0.89881104,-2.751189,-3.731189,-5.061189,-6.801189,-7.7511888,-8.241189,-9.061189,-7.721189,-6.5011888,-5.581189,-5.411189,-5.091189,-4.291189,-3.351189,-2.861189,-2.6211889,-2.561189,-1.781189,-1.101189,-0.831189,-0.571189,-0.831189,-1.271189,-1.3211889,-1.3411889,-1.171189
1.068811,2.048811,1.618811,0.82881105,0.23881103,-0.79118896,0.21881104,0.88881105,0.618811,0.668811,4.428811,2.788811,2.658811,5.348811,8.808811,6.318811,6.598811,8.018811,7.678811,5.758811,5.818811,5.428811,3.958811,3.668811,6.628811,5.918811,6.508811,4.208811,2.198811,0.028811036,1.488811,0.738811,-2.291189,-4.541189,-6.0211887,-8.341189,-10.401189,-10.411189,-13.191189,-11.961189,-10.451189,-8.341189,-7.371189,-7.301189,-6.991189,-6.361189,-5.321189,-4.381189,-3.461189,-3.761189,-3.541189,-3.461189,-3.521189,-2.931189,-2.681189,-2.671189,-2.561189,-2.271189,-1.891189
0.68881106,0.95881104,1.4288111,0.59881103,-0.28118896,1.258811,1.0588111,0.09881104,-0.031188965,0.93881106,1.5588111,2.3588111,3.748811,2.218811,2.318811,4.058811,5.2488112,5.138811,5.768811,5.178811,5.7488112,6.018811,5.808811,5.398811,5.2288113,6.618811,6.238811,4.578811,2.6188111,2.3688111,2.978811,0.34881103,-2.271189,-4.511189,-8.271189,-11.361189,-15.171189,-14.141189,-10.5111885,-12.031189,-13.831189,-12.391189,-9.361189,-8.451189,-8.211189,-7.851189,-7.131189,-6.111189,-5.761189,-5.861189,-5.721189,-5.301189,-5.171189,-4.361189,-3.8811889,-3.6511889,-3.451189,-3.051189,-2.581189
-1.171189,-0.21118897,-0.55118895,1.758811,1.0588111,0.93881106,0.40881103,0.24881104,-0.25118896,1.718811,1.348811,-1.031189,-1.541189,-3.311189,-1.481189,0.41881102,1.138811,0.978811,1.358811,2.518811,3.518811,4.418811,3.548811,2.418811,0.978811,3.208811,4.508811,3.688811,2.908811,4.458811,4.668811,2.588811,-1.051189,-4.051189,-6.261189,-7.951189,-7.311189,-7.361189,-7.031189,-8.371189,-10.891189,-11.911189,-10.661189,-10.521189,-9.611189,-9.551189,-8.911189,-8.101189,-7.531189,-6.741189,-6.451189,-5.961189,-5.681189,-5.481189,-5.121189,-4.701189,-4.191189,-4.191189,-4.311189
0.788811,2.158811,2.5988111,1.338811,0.12881103,0.83881104,-0.511189,-0.59118897,0.37881103,1.108811,3.448811,4.118811,1.218811,0.608811,0.008811035,1.148811,2.398811,4.008811,4.108811,4.798811,6.138811,5.798811,2.458811,1.698811,0.538811,0.34881103,2.438811,3.668811,4.528811,4.538811,6.288811,3.688811,2.218811,1.1588111,0.35881102,-1.161189,-4.511189,-4.611189,-7.0211887,-8.281189,-8.911189,-10.381189,-11.771189,-12.491189,-11.411189,-11.021189,-10.271189,-9.551189,-9.031189,-7.961189,-7.2711887,-6.511189,-6.161189,-6.0211887,-5.551189,-5.2511888,-4.911189,-4.541189,-4.691189
