raw-data/2018091518.json
{"header": { "discipline":0, "disciplineName":"Meteorological products", "gribEdition":2, "gribLength":74300, "center":7, "centerName":"US National Weather Service - NCEP(WMC)", "subcenter":0, "refTime":"2018-09-15T18:00:00.000Z", "significanceOfRT":1, "significanceOfRTName":"Start of forecast", "productStatus":0, "productStatusName":"Operational products", "productType":1, "productTypeName":"Forecast products", "productDefinitionTemplate":0, "productDefinitionTemplateName":"Analysis/forecast at horizontal level/layer at a point in time", "parameterCategory":2, "parameterCategoryName":"Momentum", "parameterNumber":2, "parameterNumberName":"U-component_of_wind", "parameterUnit":"m.s-1", "genProcessType":2, "genProcessTypeName":"Forecast", "forecastTime":0, "surface1Type":103, "surface1TypeName":"Specified height level above ground", "surface1Value":10.0, "surface2Type":255, "surface2TypeName":"Missing", "surface2Value":0.0, "gridDefinitionTemplate":0, "gridDefinitionTemplateName":"Latitude_Longitude", "numberPoints":65160, "shape":6, "shapeName":"Earth spherical with radius of 6,371,229.0 m", "gridUnits":"degrees", "resolution":48, "winds":"true", "scanMode":0, "nx":360, "ny":181, "basicAngle":0, "lo1":0.0, "la1":90.0, "lo2":359.0, "la2":-90.0, "dx":1.0, "dy":1.0 }, "data":
[rows 78 to 103 of 181, columns 232 to 289 of 360]
0.92508787,-2.2549121,-3.4249122,-4.5449123,-3.084912,-2.154912,-0.17491211,0.6050879,-1.464912,-1.5649121,1.3350879,4.065088,5.325088,5.695088,4.765088,5.345088,5.545088,6.175088,6.865088,6.735088,5.175088,5.225088,4.6650877,4.485088,3.665088,3.8250878,2.7950878,2.975088,2.465088,1.405088,1.405088,0.41508788,1.7050879,-0.2449121,-3.084912,-4.194912,-4.5449123,-5.264912,-5.154912,-4.184912,-3.9749122,0.5450879,-3.4949121,-2.574912,-1.7649121,-0.50491214,-1.1349121,-0.7249121,-1.0049121,-3.5049121,-3.064912,-3.544912,-3.4749122,-2.844912,-0.33491212,1.7050879,4.485088,-1.5749121
1.9650879,-0.4549121,-1.7549121,-2.2449121,-3.604912,-2.594912,-0.6049121,1.8250879,2.945088,2.705088,2.415088,3.615088,4.755088,5.495088,5.4550877,5.8950877,6.245088,6.565088,6.535088,6.285088,6.305088,6.345088,6.745088,6.765088,6.835088,5.995088,3.665088,1.9650879,3.0750878,3.155088,3.105088,2.345088,2.8350878,3.0150878,0.07508789,-4.454912,-5.514912,-5.954912,-4.664912,-3.074912,-2.9749122,-3.0049121,0.35508788,-0.03491211,-1.8649122,1.4750879,1.3650879,0.7350879,0.25508788,-2.064912,-2.584912,-2.7549121,-2.5149121,0.55508786,1.3950878,0.05508789,-0.6849121,3.185088
4.7050877,2.4950879,-1.8549122,-2.844912,-4.424912,-3.6649122,-1.7949121,0.47508788,2.2350879,3.0350878,3.135088,3.595088,4.475088,5.1850877,5.815088,6.445088,7.255088,6.675088,7.3550878,7.295088,7.335088,6.565088,7.045088,7.1050878,6.635088,5.4150877,3.3250878,4.4150877,3.185088,3.9950879,4.055088,3.425088,3.345088,4.195088,3.345088,1.2250879,-3.774912,-1.5349121,0.17508788,0.99508786,-0.6849121,0.5850879,2.5150878,1.7950879,0.10508789,-1.1749121,2.715088,3.355088,1.8150879,2.845088,2.875088,3.5150878,4.975088,3.5850878,1.6950879,0.7750879,-2.354912,2.205088
6.3550878,5.365088,4.035088,1.9850879,-1.344912,-1.3749121,0.15508789,1.3150879,2.135088,2.685088,4.1450877,5.365088,5.1050878,5.715088,6.545088,6.925088,6.465088,6.545088,6.2050877,6.4150877,7.015088,6.9150877,6.2050877,5.6250877,4.795088,4.495088,4.155088,4.595088,4.215088,3.895088,3.8150878,4.245088,4.275088,4.315088,5.015088,6.3750877,5.575088,5.775088,4.745088,2.175088,2.705088,0.06508789,3.955088,3.615088,1.7550879,1.0650879,-1.4549121,4.385088,2.2650878,1.8550879,0.4250879,3.125088,4.405088,4.4150877,1.655088,-1.344912,0.7150879,0.99508786
5.965088,5.805088,5.245088,5.505088,5.4150877,5.085088,4.8950877,5.505088,5.735088,4.755088,4.385088,4.055088,3.925088,4.785088,5.495088,5.405088,5.255088,5.265088,5.055088,4.835088,4.575088,4.585088,4.425088,3.9850879,3.875088,4.275088,4.515088,4.095088,3.7850878,3.425088,4.1850877,4.095088,4.2050877,4.345088,4.4350877,5.715088,6.025088,5.715088,3.425088,2.0850878,3.625088,4.1450877,3.5750878,5.345088,4.1050878,4.4550877,5.015088,2.705088,1.2350879,2.225088,1.7450879,1.0750879,0.31508788,0.4650879,-0.6749121,-1.2849121,-0.5149121,-2.814912
4.745088,4.3550878,3.175088,2.7550879,2.935088,3.5650878,4.475088,3.455088,2.925088,3.095088,3.4950879,3.3350878,2.365088,2.5150878,3.195088,3.355088,3.2750878,3.175088,3.145088,3.0650878,3.355088,3.5650878,3.605088,3.365088,3.385088,3.605088,3.7950878,4.005088,3.725088,3.5850878,3.365088,3.5850878,3.675088,3.5450878,3.5550878,4.4350877,4.1050878,3.8250878,3.385088,2.965088,3.2450879,2.8150878,4.265088,3.3150878,4.365088,4.295088,4.695088,5.265088,6.285088,5.3750877,2.385088,2.125088,0.9650879,-1.1449121,-0.3149121,2.0150878,-1.8549122,-1.8749121
2.965088,2.0650878,1.7050879,2.0250878,1.5450879,2.0350878,2.465088,2.0550878,1.7250879,1.6150879,1.6750879,1.3250879,1.0250878,1.2950879,1.7650878,1.4150879,1.6750879,2.0050879,1.8750879,2.0550878,2.425088,2.705088,2.595088,2.725088,2.675088,3.0750878,3.2950878,3.2750878,2.695088,2.855088,2.665088,2.5450878,2.8250878,3.4950879,2.945088,3.0150878,3.135088,2.715088,2.845088,1.8950878,1.8850878,2.155088,3.5050879,2.7750878,3.2750878,3.2350879,3.885088,4.785088,5.8750877,6.035088,3.7650878,1.9150879,-0.8449121,-0.6649121,0.92508787,0.3250879,-3.294912,-0.33491212
0.8250879,0.25508788,0.2650879,0.61508787,0.01508789,0.7550879,0.6450879,0.38508788,0.47508788,0.3950879,0.1450879,0.25508788,0.01508789,0.5650879,0.2250879,0.35508788,0.23508789,0.1950879,0.55508786,0.7950879,1.405088,1.6450878,1.6250879,1.9450879,2.385088,2.135088,2.975088,2.145088,1.3850878,1.7050879,1.1850879,1.6850879,2.345088,2.4950879,1.3850878,1.9250879,2.605088,3.0350878,0.92508787,0.5350879,1.0050879,1.6650879,2.2450879,2.405088,2.5250878,2.7650878,3.2350879,3.935088,5.535088,4.6050878,4.945088,1.8750879,0.05508789,-2.124912,1.0050879,-1.1249121,-2.4249122,-2.0049121
-0.9049121,-1.1549121,-0.3749121,-1.2749121,-1.2449121,-1.4049121,-1.0549121,-0.8549121,-0.5549121,-0.5149121,-1.2349122,-1.2849121,-0.8449121,-0.8449121,-1.1049122,-0.8349121,-1.1649121,-0.63491213,-0.8349121,-0.18491212,0.13508789,0.10508789,0.3750879,0.5150879,1.8750879,1.7650878,1.4850879,1.2550879,0.44508788,0.01508789,-0.01491211,0.99508786,1.0150878,0.5350879,1.0250878,1.4250879,2.595088,-0.12491211,-0.36491212,-0.23491211,0.4950879,1.4350879,1.2150879,1.4450879,1.9450879,2.855088,3.2550879,3.905088,4.115088,4.445088,5.755088,2.715088,1.8850878,-2.2549121,-2.824912,-1.4349121,-2.544912,-3.1949122
-2.114912,-1.6849121,-2.134912,-2.314912,-2.554912,-2.4149122,-2.364912,-2.354912,-2.094912,-2.054912,-2.5149121,-2.4449122,-2.274912,-2.144912,-2.1849122,-2.124912,-2.154912,-2.0149121,-1.9149121,-1.0849121,-1.1549121,-1.2849121,-1.4349121,-1.3049121,-0.03491211,0.7850879,-0.02491211,0.08508789,-0.4249121,-1.3249121,-1.5849121,-0.7149121,0.05508789,-0.5249121,0.2250879,0.8850879,1.0650879,-1.3749121,-0.7949121,-1.214912,0.2250879,0.99508786,0.6450879,0.6050879,1.2950879,2.875088,3.7650878,3.935088,4.6050878,4.885088,7.585088,1.535088,-0.3849121,0.7650879,-0.9649121,-1.1149122,-1.1649121,-0.6749121
-3.1849122,-3.1749122,-3.314912,-3.524912,-3.304912,-3.4749122,-3.814912,-3.794912,-3.4149122,-3.304912,-3.2049122,-3.4449122,-3.524912,-3.354912,-3.274912,-3.354912,-3.374912,-3.2249122,-2.7349122,-2.334912,-2.5149121,-2.894912,-3.044912,-2.844912,-2.2449121,-1.4049121,-1.1849121,-1.1949121,-1.1649121,-2.284912,-2.2449121,-2.2049122,-2.1749122,-1.5149121,-0.9649121,-0.2449121,-1.1649121,-2.394912,-1.9149121,-0.8749121,-0.21491212,0.09508789,-0.3249121,-0.01491211,1.3050879,2.395088,3.095088,3.875088,5.385088,6.175088,1.8450879,1.285088,-0.6749121,-0.6049121,-0.69491214,0.4350879,-1.0049121,0.2750879
-4.254912,-4.0649123,-3.9949121,-4.184912,-4.3549123,-4.614912,-4.8349123,-4.924912,-4.514912,-4.424912,-4.054912,-4.414912,-4.454912,-4.3149123,-4.384912,-4.434912,-4.474912,-4.244912,-3.9749122,-3.4149122,-3.584912,-3.784912,-4.074912,-4.174912,-3.824912,-3.2649121,-3.2149122,-2.4749122,-2.054912,-2.554912,-2.6849122,-3.364912,-3.5049121,-3.2549121,-2.634912,-1.8849121,-1.344912,-3.304912,-1.8549122,-1.2249122,-0.7949121,-0.8649121,-1.1049122,-0.8149121,0.55508786,1.5550879,3.0250878,4.1250877,6.805088,2.3150878,0.3950879,-1.3049121,-0.8949121,-0.11491211,0.25508788,-0.4749121,-0.5449121,-0.33491212
-4.754912,-4.454912,-4.434912,-4.2949123,-4.764912,-5.364912,-5.254912,-5.234912,-5.264912,-5.094912,-4.784912,-4.8749123,-4.884912,-4.694912,-4.754912,-4.844912,-4.864912,-4.384912,-4.184912,-4.434912,-4.494912,-4.6449122,-4.654912,-4.904912,-4.204912,-4.154912,-3.544912,-3.024912,-2.614912,-2.364912,-3.2149122,-3.9349122,-3.884912,-3.4749122,-2.9349122,-2.7449121,-0.5349121,-2.854912,-2.624912,-2.394912,-1.7549121,-1.6049122,-1.5849121,-1.1449121,-0.2549121,1.4450879,3.2850878,4.055088,2.915088,2.195088,-2.1649122,-1.8149121,-1.0149121,-0.8649121,-0.7949121,-0.46491212,-0.7749121,0.2650879
-4.7949123,-4.464912,-4.924912,-4.954912,-5.3749123,-5.7949123,-6.024912,-5.8549123,-5.694912,-5.444912,-5.414912,-5.734912,-5.6049123,-5.3149123,-5.0849123,-4.8749123,-4.6249123,-4.164912,-4.1049123,-4.484912,-4.944912,-5.1049123,-5.324912,-5.004912,-4.914912,-4.0649123,-3.9449122,-3.614912,-3.2149122,-2.7649121,-3.4149122,-3.6949122,-3.834912,-3.804912,-3.4249122,-3.7149122,-4.054912,-3.4849122,-3.2049122,-2.574912,-2.9149122,-2.844912,-2.034912,-1.5649121,-0.4849121,1.2050879,3.0750878,4.095088,1.2450879,2.0350878,-1.9849122,-0.8649121,-1.0749121,-1.0149121,-1.1149122,-0.4849121,0.09508789,-0.03491211
-5.784912,-5.154912,-5.444912,-5.694912,-6.174912,-6.454912,-6.684912,-6.754912,-6.454912,-6.664912,-6.674912,-6.574912,-6.454912,-5.934912,-6.0849123,-5.244912,-4.964912,-4.8149123,-3.9549122,-5.114912,-5.1249123,-5.3149123,-5.8349123,-5.464912,-4.974912,-4.664912,-4.474912,-4.534912,-4.204912,-3.9749122,-3.9649122,-3.634912,-3.7449121,-4.1449122,-4.424912,-4.264912,-4.674912,-4.274912,-3.7049122,-3.544912,-3.524912,-3.344912,-2.9749122,-2.1749122,-1.4049121,0.4250879,2.645088,4.3550878,2.7750878,2.595088,-1.8849121,-1.5549121,-0.75491214,-0.7749121,-1.6749121,-1.3949121,0.8350879,0.6550879
-6.3549123,-6.444912,-6.194912,-6.034912,-6.444912,-7.074912,-7.3549123,-7.3949122,-7.284912,-7.5649123,-7.634912,-7.434912,-7.254912,-6.764912,-6.3549123,-6.094912,-5.994912,-5.184912,-4.5649123,-5.3549123,-5.3149123,-5.514912,-6.214912,-5.724912,-5.534912,-5.414912,-5.324912,-5.134912,-5.214912,-5.094912,-4.654912,-4.184912,-3.894912,-3.9849122,-4.614912,-4.684912,-4.6249123,-4.244912,-4.0649123,-3.834912,-4.234912,-3.804912,-3.4349122,-3.2249122,-2.5149121,-1.0449121,1.3850878,4.255088,3.605088,-7.034912,-1.8049121,-0.82491213,-0.57491213,-1.2849121,-1.2049121,-1.2349122,0.3350879,0.9050879
-6.704912,-6.8549123,-6.5649123,-7.014912,-6.964912,-7.284912,-7.574912,-7.674912,-7.6049123,-7.594912,-7.994912,-7.574912,-7.484912,-7.164912,-6.864912,-6.204912,-6.344912,-5.3349123,-4.784912,-5.554912,-5.764912,-5.774912,-6.5649123,-6.714912,-6.684912,-6.534912,-6.694912,-6.3349123,-6.234912,-5.774912,-5.6049123,-5.514912,-4.3949122,-4.384912,-4.384912,-4.774912,-4.7949123,-4.444912,-4.3549123,-4.414912,-4.454912,-4.164912,-3.604912,-3.634912,-3.2549121,-2.6849122,-1.1749121,3.875088,3.365088,-2.824912,-1.6249121,-0.4549121,-0.8549121,-0.5549121,-0.6549121,0.25508788,1.1350878,0.31508788
-7.674912,-7.464912,-7.074912,-6.554912,-6.974912,-7.1249123,-7.494912,-7.664912,-7.684912,-7.504912,-7.534912,-7.5849123,-7.554912,-7.404912,-7.114912,-6.634912,-6.164912,-6.094912,-5.244912,-5.684912,-6.404912,-6.8149123,-7.0649123,-7.8349123,-7.904912,-7.434912,-7.664912,-7.424912,-7.464912,-7.404912,-6.6449122,-6.434912,-5.764912,-4.704912,-4.704912,-5.004912,-5.0649123,-4.734912,-4.614912,-4.524912,-4.244912,-4.254912,-4.364912,-3.844912,-3.7649121,-3.104912,-2.374912,0.31508788,2.095088,-1.8949121,-0.9549121,-1.3849121,-1.0649121,0.5750879,0.5150879,0.28508788,-0.0049121096,0.17508788
-8.194912,-7.864912,-7.274912,-6.484912,-7.1449122,-7.204912,-7.154912,-6.954912,-7.3149123,-7.494912,-7.404912,-7.5449123,-7.534912,-7.3549123,-7.214912,-7.164912,-6.924912,-6.3549123,-5.8949122,-6.164912,-6.694912,-7.174912,-7.524912,-8.1349125,-8.504912,-8.534912,-8.444912,-8.154912,-8.204912,-8.394912,-7.824912,-7.264912,-6.744912,-5.944912,-5.114912,-5.154912,-4.8549123,-5.174912,-4.804912,-4.6449122,-4.614912,-4.5449123,-4.404912,-4.554912,-3.7049122,-3.2649121,-2.144912,-1.8049121,1.0050879,-5.1049123,-1.5449121,-1.1449121,0.7950879,0.04508789,1.3350879,0.31508788,-1.4749122,0.25508788
-8.934912,-8.214912,-7.574912,-7.054912,-6.6449122,-7.504912,-7.164912,-6.684912,-6.164912,-6.864912,-7.0449123,-7.324912,-7.484912,-7.034912,-7.024912,-7.114912,-6.974912,-6.254912,-6.174912,-6.6449122,-7.154912,-7.424912,-7.804912,-8.124912,-8.434912,-8.664912,-8.684912,-8.534912,-8.324912,-8.594913,-8.274912,-8.024912,-7.434912,-6.844912,-6.364912,-5.524912,-5.214912,-5.384912,-5.214912,-5.184912,-4.764912,-4.754912,-4.744912,-4.744912,-3.834912,-3.1849122,-2.1649122,-1.3249121,-1.6249121,2.925088,-3.594912,-0.8949121,1.0950879,-0.4549121,0.12508789,0.41508788,-0.20491211,0.31508788
-8.654912,-8.344913,-7.594912,-6.614912,-6.594912,-6.404912,-6.344912,-6.754912,-6.654912,-6.3949122,-6.574912,-6.8949122,-6.884912,-6.784912,-6.904912,-7.1449122,-7.014912,-6.574912,-6.804912,-6.8349123,-7.204912,-7.844912,-7.594912,-8.1349125,-8.354912,-8.594913,-8.604912,-8.454912,-8.284912,-8.194912,-8.264912,-8.044912,-7.6249123,-7.264912,-6.8349123,-6.674912,-6.284912,-5.7949123,-5.514912,-5.554912,-5.114912,-4.964912,-4.8949122,-4.484912,-3.9749122,-3.124912,-2.604912,-1.8049121,-1.9149121,0.9550879,-3.324912,-2.134912,-0.7149121,0.2650879,-0.3249121,0.4050879,0.6450879,0.2750879
-8.444912,-8.164912,-7.554912,-6.974912,-6.904912,-6.004912,-6.1049123,-6.5449123,-6.554912,-6.0449123,-6.454912,-6.974912,-6.594912,-6.244912,-6.634912,-6.984912,-7.3349123,-6.984912,-6.774912,-7.184912,-7.074912,-7.514912,-8.164912,-7.934912,-8.004912,-8.394912,-8.444912,-8.094913,-8.114912,-8.174912,-8.054913,-7.8149123,-7.5849123,-7.444912,-7.3949122,-7.094912,-6.954912,-6.6249123,-6.2949123,-6.184912,-5.5449123,-5.274912,-5.004912,-4.574912,-4.024912,-3.644912,-2.7149122,-2.0149121,-1.6249121,-2.344912,3.2550879,-1.9749122,-0.04491211,-0.10491211,0.09508789,-0.5849121,-0.27491212,0.6550879
-8.124912,-7.884912,-7.214912,-6.804912,-7.3349123,-7.154912,-6.424912,-6.174912,-6.534912,-6.684912,-6.8949122,-6.784912,-6.0449123,-6.634912,-7.024912,-7.054912,-7.184912,-7.384912,-7.224912,-7.254912,-7.464912,-7.464912,-7.984912,-8.484912,-7.904912,-7.914912,-8.094913,-8.124912,-7.8149123,-7.8349123,-8.024912,-7.964912,-7.714912,-7.714912,-7.704912,-7.504912,-7.444912,-7.224912,-6.904912,-6.414912,-6.164912,-5.994912,-5.804912,-5.274912,-4.754912,-4.364912,-3.314912,-1.8149121,-1.8849121,-2.7249122,2.605088,-2.9949121,-1.6649121,-0.8649121,-0.4149121,0.86508787,-0.43491212,-0.2649121
-7.514912,-7.384912,-7.3349123,-8.164912,-8.814912,-8.6349125,-7.904912,-7.6049123,-7.404912,-7.434912,-6.984912,-6.344912,-6.8749123,-7.444912,-7.1449122,-7.214912,-7.094912,-7.6449122,-7.654912,-7.864912,-7.784912,-7.944912,-8.154912,-8.684912,-8.004912,-7.884912,-7.914912,-8.064912,-8.114912,-7.724912,-8.044912,-8.014912,-8.084912,-8.144912,-7.994912,-7.954912,-7.754912,-7.594912,-7.244912,-6.864912,-6.704912,-6.5649123,-6.384912,-6.234912,-5.7949123,-4.954912,-4.034912,-2.9449122,-2.7049122,-2.864912,-2.1949122,3.5350878,-5.054912,-0.8349121,0.17508788,1.0250878,0.5950879,-0.05491211
-7.524912,-7.424912,-7.934912,-9.124912,-9.144912,-8.994912,-8.574912,-8.194912,-7.694912,-7.634912,-7.574912,-7.034912,-7.824912,-7.804912,-7.6049123,-7.534912,-7.804912,-7.844912,-7.754912,-7.954912,-8.244912,-8.544912,-8.714912,-8.704912,-8.834912,-8.424912,-8.334912,-8.334912,-8.354912,-8.214912,-8.214912,-8.274912,-8.354912,-8.394912,-8.064912,-7.8949122,-7.714912,-7.594912,-7.384912,-7.114912,-7.024912,-6.944912,-6.844912,-6.494912,-6.404912,-5.864912,-4.8349123,-3.9549122,-3.5049121,-3.4349122,-1.9149121,0.74508786,2.115088,-5.0449123,-0.5849121,0.35508788,0.3650879,0.2950879
-7.024912,-8.444912,-8.924912,-9.3849125,-9.1349125,-8.6349125,-8.1349125,-8.294912,-8.194912,-8.184912,-7.864912,-7.714912,-8.044912,-8.054913,-7.824912,-7.934912,-7.234912,-7.384912,-7.744912,-8.204912,-8.704912,-8.964912,-9.064912,-8.984912,-9.084912,-9.004912,-9.044912,-8.894912,-8.814912,-8.824912,-8.824912,-8.704912,-8.694912,-8.624912,-8.204912,-8.074912,-7.864912,-7.504912,-7.274912,-7.174912,-7.1249123,-6.924912,-6.634912,-6.474912,-6.3149123,-6.164912,-5.524912,-4.704912,-3.824912,-3.554912,-3.334912,-1.4149121,3.415088,-1.8649122,-2.2149122,-0.7149121,0.67508787,0.1450879
