raw-data/2018091918.json
{"header": { "discipline":0, "disciplineName":"Meteorological products", "gribEdition":2, "gribLength":74627, "center":7, "centerName":"US National Weather Service - NCEP(WMC)", "subcenter":0, "refTime":"2018-09-19T18:00:00.000Z", "significanceOfRT":1, "significanceOfRTName":"Start of forecast", "productStatus":0, "productStatusName":"Operational products", "productType":1, "productTypeName":"Forecast products", "productDefinitionTemplate":0, "productDefinitionTemplateName":"Analysis/forecast at horizontal level/layer at a point in time", "parameterCategory":2, "parameterCategoryName":"Momentum", "parameterNumber":2, "parameterNumberName":"U-component_of_wind", "parameterUnit":"m.s-1", "genProcessType":2, "genProcessTypeName":"Forecast", "forecastTime":0, "surface1Type":103, "surface1TypeName":"Specified height level above ground", "surface1Value":10.0, "surface2Type":255, "surface2TypeName":"Missing", "surface2Value":0.0, "gridDefinitionTemplate":0, "gridDefinitionTemplateName":"Latitude_Longitude", "numberPoints":65160, "shape":6, "shapeName":"Earth spherical with radius of 6,371,229.0 m", "gridUnits":"degrees", "resolution":48, "winds":"true", "scanMode":0, "nx":360, "ny":181, "basicAngle":0, "lo1":0.0, "la1":90.0, "lo2":359.0, "la2":-90.0, "dx":1.0, "dy":1.0 }, "data":
[rows 130 to 155 of 181, columns 290 to 347 of 360]
11.1567745,12.1567745,11.936775,10.086775,9.006775,9.336775,8.526775,8.306775,6.526775,5.4167747,7.346775,8.756775,9.536775,9.436775,9.476775,10.036775,11.976775,13.376775,13.276775,11.6567745,13.616775,-1.0232251,-2.073225,-3.563225,-5.7932253,-7.5032253,-5.8332253,-6.193225,-6.373225,-6.483225,-7.2532253,-7.903225,-8.373225,-7.8332253,-8.753225,-9.3032255,-9.073225,-9.363225,-9.503225,-8.713225,-7.453225,-5.943225,-4.5232253,-2.823225,-1.043225,1.0367749,1.5467749,2.5867748,2.896775,3.8267748,5.126775,5.906775,5.9767747,6.326775,7.576775,8.416775,8.536775,8.9067745
12.746775,11.846775,11.066775,9.516775,4.716775,0.33677492,5.316775,7.636775,8.016775,10.076775,9.756775,9.726775,10.266775,10.376775,10.006775,12.386775,14.016775,13.606775,11.886775,11.566775,14.266775,-5.7532253,-5.323225,-5.763225,-7.193225,-9.033225,-10.583225,-9.673225,-9.153225,-9.753225,-10.833225,-11.753225,-12.073225,-12.193225,-11.813225,-11.703225,-10.563225,-10.023225,-9.333225,-8.363225,-7.5232253,-6.463225,-4.683225,-2.4532251,-0.2232251,1.456775,2.186775,3.176775,4.366775,5.266775,6.006775,6.616775,7.266775,7.556775,8.276775,9.426775,9.876775,10.336775
9.066775,9.796775,9.106775,5.646775,5.986775,6.296775,4.696775,6.216775,10.396775,12.136775,11.896775,11.976775,11.6567745,11.396775,11.546775,14.1567745,14.9067745,13.356775,11.676775,12.346775,13.566775,-5.173225,-5.513225,-6.783225,-7.573225,-8.223225,-9.733225,-11.533225,-11.723225,-13.153225,-13.483225,-14.833225,-13.773225,-13.033225,-12.503225,-12.113225,-10.633225,-9.3432255,-8.123225,-6.7732253,-5.203225,-3.6432252,-1.9832251,-0.5432251,0.8967749,2.506775,4.146775,5.156775,5.7067747,6.146775,6.556775,7.046775,8.126775,9.436775,10.736774,11.206775,11.676775,11.866775
7.906775,7.7067747,8.1567745,7.536775,6.116775,5.296775,7.026775,10.206775,11.186775,12.4467745,13.806775,13.896775,14.166775,15.826775,15.136775,14.456775,13.9067745,11.9067745,10.516775,11.756775,9.636775,-4.213225,-5.053225,-6.513225,-7.2532253,-7.5632253,-8.863225,-10.443225,-11.223225,-11.613225,-12.073225,-12.433225,-11.523225,-11.083225,-10.723225,-9.963225,-8.5532255,-7.2932253,-6.453225,-5.203225,-3.6832252,-2.053225,-0.23322509,1.4167749,2.8367748,4.016775,5.116775,6.266775,6.7067747,7.086775,7.946775,8.686775,9.576775,10.366775,11.426775,12.596775,14.206775,14.736774
7.076775,8.096775,8.186775,3.5567749,5.276775,5.036775,8.336775,10.056775,11.636775,13.486774,15.466775,16.426775,19.336775,19.786776,17.776775,14.606775,12.736774,9.756775,8.766775,9.276775,4.126775,-4.763225,-4.913225,-6.323225,-6.8332253,-7.193225,-7.763225,-9.073225,-9.373225,-8.963225,-9.393225,-9.193225,-8.333225,-7.783225,-7.153225,-6.303225,-5.603225,-4.673225,-3.973225,-3.083225,-1.8332251,-0.2832251,1.3167748,2.676775,3.716775,4.526775,5.316775,6.586775,7.576775,7.536775,8.576775,9.776775,10.716775,11.536775,11.936775,12.576775,14.306775,15.886775
7.136775,6.1667747,3.8267748,1.6267749,4.9767747,6.576775,7.9967747,9.246775,10.966775,13.536775,15.766775,18.236774,22.326775,22.166775,18.826775,13.596775,11.236774,8.1967745,8.556775,7.7467747,-0.6132251,-5.363225,-5.153225,-5.8132253,-6.323225,-6.2932253,-6.413225,-6.693225,-6.683225,-6.183225,-6.123225,-5.663225,-5.0632253,-4.633225,-4.323225,-3.7132251,-3.103225,-2.1732252,-0.9832251,0.2067749,1.446775,2.6067748,3.446775,4.076775,4.596775,4.966775,5.356775,6.256775,7.906775,7.536775,7.636775,8.586775,9.346775,10.226775,10.186775,10.736774,11.786775,13.306775
5.1867747,5.136775,1.1867748,-0.4332251,4.096775,5.086775,6.176775,7.4567747,9.586775,11.556775,14.586775,16.586775,15.466775,15.086775,10.376775,6.196775,7.7467747,6.646775,5.556775,5.136775,-3.583225,-4.863225,-5.113225,-5.893225,-5.673225,-4.933225,-5.393225,-5.353225,-5.373225,-5.053225,-4.5232253,-3.823225,-3.1732252,-2.553225,-1.7732251,-0.9932251,-0.113225095,0.5567749,1.0967749,1.5267749,1.5067749,1.086775,0.7767749,0.9967749,1.466775,2.246775,3.3067749,3.936775,3.8567748,4.486775,5.196775,5.9367747,6.626775,7.376775,8.356775,8.876775,9.896775,10.676775
2.386775,-0.5132251,0.9367749,1.4867749,1.8867749,3.146775,3.946775,5.086775,6.586775,7.9367747,8.326775,8.826775,7.096775,4.9567747,-2.1232252,-0.4932251,2.726775,4.046775,2.5367749,1.4067749,-4.7532253,-4.593225,-4.983225,-5.0632253,-5.123225,-4.5032253,-4.693225,-4.7932253,-4.553225,-3.813225,-3.023225,-2.353225,-1.8332251,-1.1832252,-0.5632251,-0.053225096,0.4267749,0.3967749,-0.2732251,-0.6732251,0.5467749,1.196775,0.6367749,-1.0832251,0.016774902,1.696775,1.4367748,1.8567749,2.3267748,1.6167749,3.0367749,5.106775,5.4367747,5.486775,5.986775,7.336775,8.826775,8.016775
4.9567747,-1.163225,-0.6932251,0.1367749,1.5467749,1.7867749,2.0467749,2.3067749,2.8167748,2.496775,1.206775,3.5667748,-4.433225,-7.613225,-6.853225,-4.193225,-0.8832251,0.4267749,-0.2432251,-1.4432251,-4.8132253,-4.603225,-3.793225,-4.453225,-4.2532253,-3.8732252,-3.823225,-3.6732252,-3.013225,-2.4232252,-2.483225,-2.743225,-2.593225,-2.4332252,-2.4232252,-1.9532251,-1.913225,-1.7032251,-1.6232251,-2.773225,-2.3832252,-2.063225,-2.1332252,-1.0232251,0.6067749,0.4367749,-2.473225,-1.793225,-0.4832251,0.6167749,2.0367749,3.5467749,4.4767747,5.536775,6.9167747,8.106775,8.866775,9.776775
-1.2032251,-2.503225,-2.3832252,-0.7832251,0.096774906,0.36677492,-0.1232251,-0.4032251,-0.3932251,-1.3832251,-3.6332252,-3.4232252,-9.533225,-6.123225,-5.203225,-3.9632251,-1.3732251,-0.2232251,-1.2732251,-2.503225,-4.423225,-4.283225,-4.783225,-3.9232252,-3.613225,-3.7032251,-3.6832252,-3.3932252,-3.4032252,-4.173225,-4.993225,-5.093225,-5.113225,-5.593225,-5.0432253,-4.363225,-3.9232252,-3.003225,-0.8632251,-0.9632251,-2.753225,-2.7132251,-1.6532251,-3.293225,-3.043225,-0.5732251,0.8067749,1.5467749,2.476775,3.5767748,4.816775,6.1867747,7.4167747,8.386775,9.616775,10.586775,11.426775,12.086775
-2.3932252,-2.763225,-2.1432252,-1.3132252,-1.3832251,-1.3732251,-1.6332251,-2.323225,-2.853225,-3.753225,-5.073225,-7.153225,-10.713225,-13.973225,-13.8032255,-9.223225,-2.863225,0.0467749,-2.1832252,-3.093225,-5.383225,-5.403225,-5.603225,-4.373225,-5.303225,-5.153225,-5.133225,-4.713225,-6.373225,-8.163225,-8.063225,-7.533225,-7.183225,-6.173225,-4.933225,-3.763225,-3.343225,-1.9732251,-1.4332252,-1.3432251,-1.283225,-0.5332251,-0.3532251,-0.23322509,1.3867749,2.8767748,3.996775,4.9367747,5.9767747,7.076775,8.376775,9.686775,10.136775,11.796775,12.556775,13.286775,14.096775,13.646775
-0.5532251,-1.5132251,0.2167749,0.2867749,-0.113225095,-1.043225,-1.923225,-3.243225,-4.443225,-5.203225,-6.2532253,-7.643225,-10.0932255,-14.213225,-17.193226,-17.663225,-17.483225,-17.123224,-12.913225,-6.203225,-8.673225,-11.103225,-11.103225,-11.0532255,-11.773225,-11.693225,-11.873225,-12.603225,-12.363225,-10.663225,-9.133225,-8.103225,-7.233225,-6.233225,-5.263225,-3.553225,-1.283225,-0.033225097,-0.7132251,-0.3132251,1.0267749,2.186775,3.1167748,4.026775,4.896775,5.896775,6.886775,7.896775,9.026775,10.086775,11.176775,12.206775,13.226775,14.176775,15.086775,15.756775,16.426775,17.076775
1.9867749,1.7967749,1.836775,3.3167748,3.506775,2.206775,-0.3032251,-2.493225,-4.453225,-5.0832253,-6.263225,-6.463225,-10.043225,-13.273225,-15.883225,-17.333225,-17.893225,-18.603226,-19.423225,-19.263226,-17.713224,-16.613226,-16.653225,-17.123224,-16.543224,-16.183226,-15.483225,-14.353225,-12.763226,-10.563225,-8.5932255,-6.733225,-5.2532253,-3.853225,-2.363225,-0.8532251,0.5267749,1.6667749,2.156775,2.976775,3.896775,4.696775,5.6867747,7.036775,7.966775,8.816775,9.746775,10.726775,11.716775,12.636775,13.4467745,14.226775,14.966775,15.876775,16.486774,17.256775,18.026775,18.416775
2.2967749,2.3767748,-0.1532251,2.456775,3.656775,3.956775,2.246775,0.066774905,-2.063225,-4.323225,-6.3132253,-7.913225,-9.543225,-11.203225,-12.833225,-14.143225,-15.133225,-15.963225,-16.503225,-16.813225,-17.043224,-16.433226,-15.783225,-15.113225,-14.363225,-13.243225,-11.903225,-10.3032255,-8.443225,-6.623225,-4.783225,-3.1932251,-1.4932251,0.6267749,2.6267748,4.2467747,5.2267747,5.806775,6.446775,7.196775,7.9167747,8.316775,9.166775,9.9467745,10.686775,11.596775,12.676775,13.546775,14.226775,14.926775,15.366775,15.746775,16.326775,16.796776,17.576775,18.296776,18.996775,19.676775
2.656775,1.966775,0.8267749,0.4067749,0.4467749,0.2967749,1.836775,1.8567749,0.9867749,-0.7632251,-2.9532251,-5.343225,-6.853225,-8.083225,-9.483225,-10.3432255,-11.003225,-11.5932255,-12.0532255,-12.373225,-12.363225,-11.923225,-11.293225,-10.523225,-9.443225,-8.083225,-6.613225,-4.963225,-3.1332252,-1.2632251,0.5167749,2.0967748,2.436775,4.296775,6.6867747,9.466775,8.676775,8.426775,9.036775,9.746775,10.016775,10.556775,11.346775,11.846775,12.516775,13.726775,14.736774,15.266775,15.676775,16.066774,16.366776,16.886774,17.316774,18.086775,18.866776,19.676775,20.406775,21.096775
2.646775,3.206775,3.0567749,1.2867749,0.8167749,0.056774903,-0.6332251,-1.6132251,-0.6932251,1.5467749,0.5567749,-1.5832251,-3.023225,-4.723225,-5.863225,-6.263225,-6.613225,-6.973225,-7.373225,-7.5432253,-7.233225,-6.573225,-5.7932253,-4.783225,-3.4332252,-2.1632252,-0.8432251,0.5367749,1.8667749,3.0567749,3.986775,4.6867747,5.376775,6.4967747,8.506775,6.766775,6.7067747,7.546775,8.176775,9.036775,10.226775,11.716775,13.166775,14.426775,15.006775,15.216775,15.316775,15.466775,16.036776,16.366776,16.926775,17.756775,18.506775,19.236774,20.026775,20.746775,21.416775,21.996775
2.8367748,4.4367747,4.626775,4.196775,6.036775,5.446775,3.936775,2.256775,0.2167749,-1.6132251,-1.7532251,-0.5132251,-0.1632251,-0.0432251,0.2867749,-0.4532251,-1.8332251,-2.823225,-2.6732252,-2.063225,-1.3132252,-0.3732251,0.6967749,1.6767749,2.5967748,3.516775,4.426775,5.276775,6.176775,7.216775,8.236774,9.186775,9.986774,10.826775,11.646775,12.186775,12.556775,12.726775,12.9067745,13.136775,13.496775,14.076775,13.9067745,14.136775,14.416775,14.756775,14.9467745,15.096775,15.856775,16.846775,17.526775,17.946775,18.766775,19.786776,20.646774,21.336775,21.756775,22.156775
-3.863225,-3.353225,-2.9232252,-1.8832251,-0.9432251,0.5167749,4.346775,4.856775,3.2867749,3.006775,2.5867748,1.9867749,1.5167749,1.1367749,0.9867749,1.6067749,2.476775,2.966775,3.026775,3.166775,3.496775,3.936775,4.486775,5.056775,5.7267747,6.346775,7.216775,8.166775,9.126775,10.066775,10.996775,11.826775,12.566775,13.186775,13.806775,14.186775,14.4467745,14.646775,14.866775,13.346775,12.466775,12.206775,12.166775,12.076775,12.076775,11.816775,13.236774,15.9067745,16.106775,15.386775,14.846775,16.206776,17.826775,19.266775,17.976774,18.596775,18.796776,19.796776
-7.823225,-7.473225,-7.153225,-6.863225,-6.8332253,-6.183225,-4.803225,-1.9032251,0.5767749,0.8967749,1.0467749,1.456775,1.9167749,2.276775,2.636775,2.906775,2.646775,1.8667749,0.9567749,-0.1532251,-1.3232251,-1.9832251,-2.023225,-1.4032251,-0.1432251,1.5167749,3.506775,5.576775,7.4967747,9.106775,10.456775,11.466775,11.9467745,11.616775,11.976775,12.166775,12.306775,12.586775,13.036775,12.986774,12.706775,12.326775,12.176775,12.466775,13.716775,13.296775,12.1967745,11.326775,12.936775,14.586775,15.596775,16.346775,16.526775,17.436775,18.386774,18.456776,19.896774,20.196775
-8.0932255,-8.453225,-8.433225,-8.853225,-9.513226,-9.703225,-10.383225,-10.733225,-10.793225,-10.313225,-9.893225,-9.863225,-10.003225,-9.863225,-9.583225,-9.153225,-8.333225,-7.513225,-6.473225,-5.5632253,-4.603225,-3.6332252,-2.803225,-1.803225,-0.4832251,0.8467749,1.8567749,3.2967749,4.826775,6.036775,6.776775,7.2267747,7.516775,8.036775,8.636775,9.386775,9.916775,10.506775,10.976775,11.4467745,10.636775,10.536775,10.166775,8.566775,6.806775,8.176775,10.416775,11.466775,12.056775,12.6967745,13.586775,14.206775,14.766775,15.866775,17.096775,17.946775,19.416775,19.276775
-5.883225,-6.383225,-7.153225,-7.7932253,-8.133225,-8.533225,-8.943225,-9.293225,-9.673225,-9.993225,-9.953225,-9.723225,-9.323225,-8.913225,-8.323225,-7.673225,-6.843225,-6.0832253,-5.3332253,-4.693225,-4.073225,-3.493225,-2.6832252,-2.1532252,-1.7432251,-1.7432251,-1.173225,-1.533225,-1.6132251,-1.8532251,-2.2032251,-2.753225,-3.233225,-3.8932252,-3.323225,-2.823225,-2.8932252,-2.983225,-2.6632252,-1.163225,1.1867748,3.726775,5.4967747,6.336775,6.356775,7.606775,9.286775,10.216775,10.586775,11.916775,11.9067745,12.826775,13.456775,13.766775,14.966775,13.076775,11.466775,12.176775
-1.9432251,-2.493225,-2.733225,-2.8832252,-3.6932251,-4.613225,-5.0632253,-5.433225,-5.863225,-6.443225,-6.593225,-6.353225,-5.703225,-4.7932253,-3.983225,-3.7032251,-3.783225,-3.823225,-3.263225,-2.783225,-2.6932251,-2.1432252,-1.9532251,-1.2432251,-0.9432251,0.2067749,0.33677492,0.4867749,0.8167749,0.97677493,1.4367748,1.8967749,1.9167749,1.7467749,2.1267748,3.016775,3.486775,3.5967748,4.076775,4.886775,4.986775,5.856775,6.636775,7.266775,7.676775,8.166775,8.736774,9.536775,10.206775,10.826775,11.366775,11.836775,12.036775,13.106775,9.436775,9.246775,8.546775,7.106775
0.0867749,0.036774904,0.1967749,0.3867749,0.6467749,0.9667749,0.6167749,0.2267749,0.4767749,0.9667749,1.2667749,0.9867749,-0.0932251,-0.8532251,-1.2732251,-1.4332252,-1.2132251,-1.2632251,-1.423225,-1.3932251,-1.6232251,-0.52322507,0.2867749,1.0467749,1.3967749,2.0567749,2.736775,3.2867749,3.676775,4.056775,4.4767747,4.866775,4.986775,4.966775,5.236775,5.516775,5.986775,5.7067747,5.966775,6.396775,6.656775,6.906775,7.006775,7.106775,7.1867747,7.406775,7.9367747,8.526775,8.856775,9.216775,9.886775,10.356775,10.926775,7.6667747,7.396775,6.676775,5.826775,4.626775
1.3567749,1.326775,1.4767749,1.826775,2.2967749,2.8767748,3.8467748,3.736775,3.506775,4.626775,5.716775,5.1667747,5.7467747,5.596775,4.366775,3.456775,1.9967749,0.97677493,0.096774906,-0.1632251,0.9867749,1.7467749,2.276775,2.7967749,3.6067748,4.2267747,4.876775,5.446775,6.016775,6.546775,6.766775,7.236775,7.376775,7.816775,7.6667747,7.446775,6.846775,6.086775,5.9367747,6.056775,5.9967747,6.196775,6.296775,6.486775,6.576775,6.926775,7.156775,7.286775,7.4967747,7.9967747,7.716775,8.576775,5.646775,5.066775,5.016775,4.336775,3.6067748,2.886775
0.066774905,0.5167749,1.3667749,1.946775,2.666775,3.006775,5.146775,5.016775,3.776775,2.0867748,1.466775,3.746775,-0.2232251,1.6767749,1.4367748,0.2067749,0.6267749,0.066774905,0.6267749,1.4967749,2.216775,2.756775,3.3467748,4.026775,4.516775,5.466775,6.286775,7.1667747,7.7267747,8.186775,8.626775,8.686775,9.126775,8.846775,8.6567745,7.636775,6.9967747,6.9367747,6.106775,5.6667747,5.926775,5.986775,5.9567747,6.016775,6.346775,6.606775,6.526775,6.6867747,6.9567747,6.786775,6.676775,4.2467747,2.5467749,3.3667748,2.8667748,2.436775,2.0667748,1.6067749
0.2067749,0.5367749,1.076775,1.3567749,1.4367748,1.5567749,2.206775,0.8467749,4.116775,1.5567749,-2.003225,-0.8932251,-1.283225,-1.8432251,-0.5632251,0.2567749,0.6367749,0.8667749,1.5367749,2.3267748,2.966775,3.696775,4.4567747,5.006775,5.716775,6.4767747,7.256775,7.526775,7.866775,8.146775,8.4467745,8.476775,8.256775,7.756775,6.836775,6.2067747,5.626775,5.136775,5.036775,5.4167747,5.636775,5.646775,5.856775,6.156775,6.286775,6.156775,6.366775,6.536775,6.126775,5.836775,2.676775,0.8567749,1.9967749,1.7867749,1.6267749,1.4167749,1.3567749,0.8467749
