raw-data/2018091818.json
{"header": { "discipline":0, "disciplineName":"Meteorological products", "gribEdition":2, "gribLength":75236, "center":7, "centerName":"US National Weather Service - NCEP(WMC)", "subcenter":0, "refTime":"2018-09-18T18:00:00.000Z", "significanceOfRT":1, "significanceOfRTName":"Start of forecast", "productStatus":0, "productStatusName":"Operational products", "productType":1, "productTypeName":"Forecast products", "productDefinitionTemplate":0, "productDefinitionTemplateName":"Analysis/forecast at horizontal level/layer at a point in time", "parameterCategory":2, "parameterCategoryName":"Momentum", "parameterNumber":3, "parameterNumberName":"V-component_of_wind", "parameterUnit":"m.s-1", "genProcessType":2, "genProcessTypeName":"Forecast", "forecastTime":0, "surface1Type":103, "surface1TypeName":"Specified height level above ground", "surface1Value":10.0, "surface2Type":255, "surface2TypeName":"Missing", "surface2Value":0.0, "gridDefinitionTemplate":0, "gridDefinitionTemplateName":"Latitude_Longitude", "numberPoints":65160, "shape":6, "shapeName":"Earth spherical with radius of 6,371,229.0 m", "gridUnits":"degrees", "resolution":48, "winds":"true", "scanMode":0, "nx":360, "ny":181, "basicAngle":0, "lo1":0.0, "la1":90.0, "lo2":359.0, "la2":-90.0, "dx":1.0, "dy":1.0 }, "data":
[rows 78 to 103 of 181, columns 174 to 231 of 360]
-1.5462414,-1.5162414,-2.5762415,-3.3162415,-3.0962415,-2.6462414,-2.7462416,-2.8062415,-2.1762414,-2.4762414,-1.8262415,-0.69624144,0.9737585,2.3637586,1.9737586,0.80375856,1.0937586,0.88375854,0.67375857,0.61375856,-0.026241455,-1.0162414,-2.4262414,-3.0562415,-2.9962416,-3.2362413,-3.5762415,-2.3662415,-2.3262415,-2.7162414,-3.0662415,-2.7262414,-2.6262414,-1.6362414,-0.85624146,-0.33624145,-1.9262414,-3.5562415,-4.5762415,-4.3862414,-3.5462415,-0.48624146,3.0237586,4.4937587,3.1237586,1.2037586,0.36375853,0.14375855,0.103758544,-0.036241457,-0.40624145,-0.34624144,-0.28624144,-1.0462414,-1.0462414,-0.88624144,-1.0262414,0.24375854
-2.3962414,-2.6562414,-2.9162414,-3.1362414,-3.3462415,-3.8062415,-3.6762414,-2.3562415,-2.4362414,-1.2362415,-1.5962415,-0.93624145,1.4237585,1.7437586,1.7237586,-0.06624146,0.103758544,0.7937586,0.52375853,0.003758545,-0.20624146,-0.6462414,-0.9562414,-1.6862415,-1.9862415,-1.3762414,-1.2862414,0.75375855,-0.026241455,-1.6862415,-1.9662415,-3.4162414,-3.4362414,-0.6562415,0.75375855,0.43375856,-0.9662415,-3.0462415,-4.4262414,-4.6162415,-3.0662415,2.6537585,6.2437587,5.8637586,4.4237585,2.1237586,1.1637585,0.19375855,-0.076241456,-0.19624145,0.32375854,0.24375854,0.61375856,0.89375854,0.36375853,2.1837585,2.7837586,2.7837586
-2.3362415,-2.6662414,-3.3062415,-4.0662413,-2.8562415,-2.8162415,-2.5962415,-1.8162415,-1.0362414,-1.1062415,-0.50624144,1.1837585,1.8637586,1.4337585,1.4837586,1.1937585,1.5737586,1.1037586,0.27375853,-0.12624146,-0.46624145,-0.25624144,-0.17624146,0.26375854,0.92375857,0.17375855,-0.93624145,0.033758543,1.2037586,-0.35624146,-2.2962415,-2.8862414,-1.5062414,2.0937586,2.3637586,1.1337585,-0.86624146,-1.0762415,-3.5962415,-3.1462414,1.1437585,7.0137587,7.0937586,5.3537583,3.9637585,2.6237586,2.4137585,2.1737585,1.2437586,1.4837586,1.4137585,1.7337586,2.4637585,2.4537585,3.2737586,3.5937586,4.0837584,4.3637586
-3.0062416,-3.7462416,-3.7762415,-3.0162416,-2.3962414,-2.2562416,-1.2762414,-0.86624146,0.31375855,1.5237585,2.2037585,2.3237586,2.0637586,2.5037584,1.7137586,1.2037586,1.4437585,1.0937586,0.16375855,-0.42624146,-0.6462414,-0.47624147,0.053758547,0.41375855,0.51375854,0.08375855,-0.88624144,-0.55624145,-0.79624146,-1.0162414,-1.5962415,-1.2262415,1.8437586,3.6437585,2.7337584,1.1137586,0.49375856,-0.49624145,-1.8662415,0.08375855,4.4337587,6.8137584,7.7437587,7.6237583,6.0337586,5.2837586,4.4737587,4.2237587,3.9337585,2.9437585,2.9737585,4.1737585,4.5137587,4.9237585,5.8137584,6.0037584,6.4937587,6.5637584
-4.2162414,-4.5262413,-3.8962414,-2.6162415,-1.5962415,-1.1462414,-0.88624144,0.76375854,2.0437586,2.4337585,2.9337585,2.6737585,1.9737586,1.9637586,1.9437585,1.2537585,1.8637586,2.2537584,1.7137586,1.3237586,0.48375854,0.88375854,1.5537585,1.5337585,0.69375855,0.39375854,0.48375854,-0.076241456,-1.6362414,-1.8062415,-0.43624145,1.6737585,2.5837586,3.0237586,2.9837584,2.4037585,2.0337586,1.5837586,2.9037585,4.0237584,6.2037587,8.213758,8.323758,7.6537585,6.8537583,5.4137588,5.1237583,5.2337584,4.7437587,4.8237586,4.3237586,4.5437584,5.2037587,5.7337584,6.0237584,6.4137588,6.4237585,6.6737585
-3.5362415,-4.3662415,-2.9062414,-1.5662415,-0.006241455,0.36375853,1.5137585,2.5337586,2.7137585,2.7537584,3.0337586,3.4337585,3.6437585,3.6137586,3.0537586,3.0437586,2.8937585,2.5637586,3.0437586,2.4937584,1.9637586,2.4237585,2.3837585,2.1137586,2.2637587,2.8737586,2.4937584,1.5737586,0.52375853,-0.34624144,0.093758546,1.1037586,2.4337585,3.5837586,3.4437585,4.2737584,4.4137588,3.6337585,4.9337587,7.1037583,7.9637585,7.9437585,7.8237586,7.2037587,6.2437587,6.2637587,5.893759,5.4437585,4.9237585,4.7737584,4.9437585,4.893759,4.8737583,5.2737584,5.2337584,5.8637586,5.7537584,5.9237585
-1.7462415,-0.91624147,-0.16624145,1.7337586,1.7937585,2.7737586,3.3937585,3.6637585,3.7837586,3.7437584,4.0237584,4.4837584,4.3537583,4.1837587,4.3337584,4.8737583,4.8037586,4.4637585,4.2937584,5.0837584,5.0737586,4.8037586,5.0037584,5.6837587,6.1837587,5.7837586,4.5537586,3.1737585,2.8837585,2.7437584,2.1737585,1.6337585,1.4937586,1.5737586,3.7437584,4.9937587,5.3537583,5.5337586,6.4537587,7.3737583,7.7137585,7.5837584,7.3837585,6.9237585,6.3537583,5.9637585,5.2837586,4.4737587,4.4037585,4.643759,4.7437587,4.5837584,4.4637585,4.5837584,4.8737583,4.8137584,5.143759,5.5137587
-1.0562415,-0.57624143,0.8437585,2.8137586,2.6737585,3.0237586,3.6537585,3.8137586,3.9237585,4.3537583,5.2637587,5.2737584,5.0837584,4.6737585,4.1637588,3.9337585,4.6737585,5.6637588,5.5837584,5.1337585,4.7837586,4.8737583,4.9937587,5.2337584,5.2437587,5.2437587,5.4537587,5.9537587,4.8637586,3.4137585,3.6137586,4.3237586,5.0137587,6.3337584,7.3637586,7.4137588,7.7937584,7.5237584,7.2537584,7.143759,7.0637584,6.6737585,6.3837585,6.5337586,6.393759,5.4537587,5.0437584,4.3637586,4.2937584,4.4037585,4.4637585,4.4437585,4.1637588,4.0237584,4.4337587,4.7637587,4.9437585,4.8537583
-1.1062415,0.17375855,1.7437586,2.5737586,3.7337584,3.6537585,3.6437585,4.0137587,4.3437586,4.6637588,4.5537586,4.2437587,4.3637586,4.7837586,4.9137588,4.8737583,4.7137585,4.4637585,4.5037584,4.1537585,4.1337585,4.1837587,4.2237587,4.5237584,4.7337584,5.1037583,5.4737587,5.9337587,6.2937584,6.4637585,6.9037585,7.2537584,7.6237583,7.6737585,7.9037585,7.7337584,7.3737583,7.1837587,6.9437585,6.7637587,5.9937587,5.5037584,5.5637584,5.5837584,5.3537583,4.9337587,4.6037583,4.3637586,4.2637587,4.2137585,4.3537583,4.0237584,3.6637585,3.4437585,3.4937584,3.6937585,3.9937584,3.9937584
0.08375855,0.6637585,2.4137585,2.8437586,3.2837586,3.8237586,3.6137586,3.6837585,3.7637587,3.6637585,3.7937586,3.9437585,4.143759,4.393759,4.393759,4.143759,3.9237585,3.8837585,3.6937585,3.4737585,3.1837585,3.1837585,3.5437586,3.8537586,4.5337586,5.1237583,5.4037585,5.6637588,6.1937585,6.5237584,6.5637584,6.5537586,6.4937587,6.7837586,7.2137585,7.4137588,7.0637584,6.7737584,6.2937584,5.9437585,5.5437584,4.8537583,5.2237587,5.3037586,5.4537587,4.8037586,4.3237586,4.2737584,4.2337584,4.2737584,3.9037585,3.5537586,3.2237585,2.9537585,2.9237585,3.1137586,3.4937584,3.6237586
2.7837586,3.4937584,3.9437585,3.8237586,3.6037586,3.0137587,3.0237586,2.8437586,3.0337586,2.8637586,2.5337586,2.4337585,2.5437586,2.6237586,2.7837586,2.8837585,2.8037586,2.6437585,2.4337585,2.1337585,2.3937585,2.5937586,2.9437585,3.3637586,3.6337585,3.8837585,4.4037585,4.9537587,5.0537586,5.0437584,5.1837587,5.3837585,5.4937587,5.8637586,6.3837585,6.8837585,6.9237585,6.143759,5.4837584,4.3237586,4.3637586,4.3137584,4.7737584,4.7537584,4.2537584,3.9437585,3.7037585,3.5637586,3.5337586,3.5037584,3.0937586,2.9537585,2.8237586,2.6137586,2.4637585,2.8037586,2.9737585,3.0737586
1.9137585,1.7937585,2.1037586,2.1537585,1.9437585,1.9137585,1.8537586,2.0537586,2.1037586,2.0637586,1.8337586,1.7237586,1.6137586,1.6337585,1.8737586,1.8837585,1.7837585,1.6237586,1.4137585,1.3537586,1.5137585,1.8237586,2.1737585,2.3737586,2.6637585,2.9037585,3.3037586,3.5137587,3.5837586,3.8437586,4.0837584,4.3437586,4.8137584,4.8237586,5.0837584,5.9337587,6.4437585,5.8237586,5.2737584,3.8337586,4.4537587,4.1737585,3.7137585,4.0137587,4.1737585,3.5237586,3.1937585,2.7437584,2.6137586,2.6937585,2.5637586,2.2937586,2.0937586,1.8437586,1.8937585,2.2837586,2.5237586,2.5037584
0.43375856,0.70375854,0.74375856,0.87375855,0.9637585,1.6237586,1.3537586,1.4537586,1.7137586,1.5637585,1.3437586,1.1837585,1.1437585,1.0237585,0.49375856,0.32375854,0.70375854,0.9737585,1.0837586,1.2137586,1.1237586,1.1237586,1.2237586,1.5837586,1.9737586,2.1537585,2.2237585,2.4037585,2.5137587,2.7937586,2.9237585,3.1237586,3.7737586,4.1337585,4.3537583,4.4837584,5.5237584,6.6937585,6.3337584,4.9137588,3.8437586,4.0037584,3.1537585,3.3637586,3.2737586,3.0437586,2.9037585,2.9137585,2.3337586,2.1137586,1.7437586,1.4637586,1.3637586,1.5537585,1.4837586,1.3937585,1.9837586,2.0437586
-0.55624145,-0.56624144,-0.24624145,-0.086241454,0.99375856,0.7837585,0.64375854,0.47375855,0.17375855,0.45375854,0.61375856,0.58375853,0.61375856,0.41375855,0.24375854,-0.35624146,0.093758546,0.33375853,0.63375854,0.81375855,0.82375854,0.9037585,1.0037585,1.1837585,1.4937586,1.6937585,1.5237585,1.4537586,1.4337585,1.5737586,1.7737585,2.0337586,2.5337586,3.0137587,3.4637585,3.5837586,3.8537586,4.8537583,5.8237586,5.7137585,4.3737583,4.1037583,2.9637585,2.7237585,2.5737586,2.6937585,2.6737585,2.7437584,2.9037585,1.8337586,1.0837586,-0.026241455,-0.41624147,0.5937585,0.8537586,0.75375855,0.56375855,0.5937585
-0.68624145,-0.12624146,-0.23624146,0.94375855,0.70375854,0.26375854,0.21375854,0.11375854,0.013758545,0.063758545,-0.06624146,-0.19624145,-0.076241456,0.12375855,0.58375853,0.5437586,0.30375853,0.33375853,0.19375855,0.18375854,0.38375854,0.48375854,0.57375854,0.6637585,0.69375855,0.86375856,0.9737585,1.0837586,0.6637585,0.63375854,1.1237586,1.5137585,1.7437586,2.0037584,2.3337586,2.7837586,3.0237586,3.3137586,4.5237584,5.8037586,5.5537586,4.6637588,4.2937584,2.0437586,2.3737586,1.6537585,2.0837586,2.1537585,2.2437584,2.4537585,2.4437585,1.9837586,1.3737586,0.6637585,1.1437585,1.5237585,0.94375855,0.11375854
-0.086241454,-0.7162415,0.74375856,0.6037586,-0.12624146,-0.5362415,-0.73624146,-0.85624146,-0.69624144,-0.7062414,-0.6462414,-0.5962415,-0.48624146,-0.33624145,0.28375855,0.35375854,-0.27624145,-0.66624147,-0.7062414,-0.7162415,-0.6462414,-0.54624146,-0.5262415,-0.61624146,-0.63624144,-0.31624144,0.33375853,0.56375855,1.2637585,1.2537585,1.1837585,1.1437585,1.4237585,1.5137585,1.6137586,1.8737586,2.1637585,2.5937586,3.0837586,4.2837586,5.2237587,4.7237587,4.9537587,3.9837584,1.3337586,2.1437585,1.4537586,2.0437586,2.5237586,2.3737586,2.1537585,2.5237586,3.0937586,2.6137586,1.5437585,0.7837585,1.0337585,0.73375857
-0.46624145,0.38375854,-0.18624145,-0.54624146,-0.91624147,-1.1162415,-1.4062414,-1.3662415,-1.3862414,-1.4062414,-1.6262414,-1.5562415,-1.4062414,-1.3262415,-0.87624145,-1.3462415,-1.6462414,-1.6062415,-1.5562415,-1.4762415,-1.7462415,-1.8462415,-2.1262414,-2.3862414,-2.5062416,-2.0862415,-1.1062415,-0.13624145,0.103758544,0.48375854,0.7237585,0.93375856,1.3137585,1.4337585,1.4637586,1.3737586,1.5437585,1.7937585,2.2137585,3.0037584,3.4637585,3.5737586,3.4837584,3.9437585,2.2637587,0.68375856,1.8837585,2.4037585,2.3837585,2.2937586,1.9337585,1.8537586,1.9737586,1.7437586,1.5037585,1.1437585,0.34375855,0.46375856
-1.2662414,-1.0062414,-1.2862414,-1.7862414,-1.7062415,-1.9962415,-1.6462414,-1.4262414,-1.3362415,-1.6162415,-1.9962415,-2.1762414,-2.3362415,-2.5062416,-2.6962414,-2.8062415,-2.7962415,-2.7362413,-2.6362414,-2.4862413,-2.5362415,-3.0162416,-3.4062414,-3.7762415,-3.9662414,-3.1762414,-2.2162414,-1.0462414,-0.21624145,0.053758547,0.51375854,1.5637585,1.6437585,1.2737585,1.3037585,1.6737585,1.9437585,1.6637585,1.4137585,1.6637585,2.2237585,2.3437586,2.0937586,3.1037586,3.4637585,1.5237585,0.5937585,1.3237586,1.4437585,1.2637585,1.3537586,1.3137585,1.1337585,1.9137585,2.0437586,1.8937585,1.4837586,0.7837585
-1.2462415,-0.8962414,-1.0062414,-1.4862415,-1.3462415,-1.7262415,-1.6962415,-1.9462415,-2.5862415,-2.3462415,-2.4362414,-2.7362413,-3.1462414,-3.4362414,-3.6162415,-3.7362413,-3.7162414,-3.6762414,-3.6362414,-3.4962416,-3.6662414,-3.8362415,-4.3362412,-4.7362413,-3.8262415,-3.1762414,-2.8862414,-1.5562415,-0.75624144,0.19375855,0.44375855,0.43375856,1.2137586,1.6637585,1.9137585,1.7637585,2.1237586,2.1137586,1.5937586,1.0837586,1.1437585,1.2437586,1.3837585,1.6837585,2.5737586,2.6337585,1.9437585,0.31375855,0.5937585,0.37375855,0.70375854,1.1537585,1.3237586,1.0437585,1.0637585,1.1037586,1.5337585,1.3537586
-1.8162415,-1.1562414,-0.5962415,0.033758543,-0.7762415,-1.8662415,-0.69624144,0.07375854,-1.2862414,-1.7462415,-2.9262414,-3.1562414,-3.6862414,-4.0462413,-4.4362416,-4.7462416,-4.1362414,-4.2462416,-4.5762415,-4.6362414,-4.3362412,-4.1362414,-3.6462414,-2.8262415,-2.3962414,-1.9862415,-1.1762414,-2.1262414,-1.9762415,-1.8062415,-0.80624145,0.42375854,1.3537586,2.0237586,2.2337584,1.9837586,1.2137586,1.4337585,1.2837585,0.9637585,0.82375854,0.94375855,1.1337585,1.2037586,1.6337585,2.3137586,2.5337586,1.8437586,0.75375855,1.1837585,1.7637585,2.3437586,1.6437585,1.3937585,1.5437585,1.3037585,1.1137586,1.2937585
-3.0862415,-2.8362415,-2.5662415,-2.1062415,-1.5762415,0.25375855,0.57375854,0.23375854,-0.34624144,-1.5562415,-2.2562416,-2.5962415,-3.3962414,-4.4462414,-3.2162414,-1.4462415,-1.8962414,-2.3462415,-2.7062414,-2.7862415,-2.9162414,-2.3362415,-1.4962415,-0.21624145,-0.49624145,-1.4362415,-1.4262414,-1.4962415,-1.4262414,-1.8462415,-1.6262414,-0.56624144,0.40375856,1.5337585,2.3137586,2.5937586,2.1837585,1.3037585,0.52375853,0.49375856,0.56375855,0.83375853,0.94375855,1.5037585,1.8737586,2.1437585,2.6637585,3.5437586,3.1137586,2.8437586,2.7237585,2.4937584,1.7737585,1.8637586,1.9837586,2.0837586,1.5937586,1.5437585
-3.2562416,-2.9862413,-2.3462415,-1.8962414,-0.97624147,-0.18624145,0.17375855,0.17375855,0.15375854,-0.22624145,-1.0562415,-1.7162415,-1.0262414,0.98375857,1.7637585,0.38375854,0.43375856,0.28375855,-0.26624146,-0.97624147,-0.74624145,-0.72624147,0.21375854,0.40375856,-0.19624145,-0.38624147,-1.6362414,-1.9562415,-2.5462415,-1.8962414,-1.8062415,-1.4462415,-0.5262415,0.31375855,0.82375854,1.3537586,1.3437586,0.93375856,0.56375855,-0.12624146,0.46375856,0.70375854,0.92375857,1.2837585,1.4637586,1.9937586,2.3037586,2.9137585,3.1937585,2.8137586,2.6237586,3.1537585,3.0437586,2.0337586,2.1637585,2.4237585,2.1937585,1.7737585
-2.5062416,-2.2062414,-1.5862415,-1.1562414,-0.7762415,0.34375855,0.52375853,0.64375854,0.56375855,0.37375855,-0.10624146,-0.39624146,0.39375854,1.1637585,1.2737585,1.4137585,1.2737585,1.3837585,0.7837585,0.11375854,0.023758546,0.11375854,0.15375854,0.08375855,-0.16624145,0.52375853,0.57375854,-0.51624143,-1.1262414,-1.2362415,-0.31624144,0.16375855,-0.13624145,-0.45624146,-0.51624143,-0.38624147,-0.10624146,0.28375855,0.07375854,-0.22624145,-0.086241454,0.32375854,0.093758546,0.15375854,0.12375855,0.37375855,1.0537585,2.0637586,2.6737585,2.7837586,2.6237586,2.8837585,3.3237586,2.8637586,1.9937586,1.4937586,1.6837585,1.8137585
-1.3962414,-0.88624144,-0.50624144,-0.10624146,0.62375855,1.0837586,0.7937586,1.3137585,1.5837586,1.4137585,0.76375854,-0.27624145,0.003758545,0.63375854,0.81375855,0.94375855,1.2937585,1.0637585,0.92375857,1.0437585,1.0637585,0.28375855,0.70375854,0.99375856,0.74375856,0.55375856,0.43375856,0.45375854,0.42375854,0.48375854,0.18375854,-0.31624144,-0.80624145,-1.2862414,-1.6362414,-1.4662415,-1.1262414,0.31375855,1.2137586,0.89375854,0.57375854,0.013758545,-0.116241455,0.34375855,1.0037585,-0.046241455,-0.25624144,0.21375854,0.7837585,0.92375857,0.81375855,0.6037586,0.56375855,0.80375856,0.6537585,0.37375855,0.27375853,0.20375854
0.07375854,0.39375854,0.30375853,0.56375855,1.3337586,1.8437586,2.5837586,2.3637586,2.1137586,1.5937586,0.75375855,0.23375854,0.20375854,0.5437586,0.51375854,0.98375857,0.83375853,1.1837585,1.8937585,2.0737586,2.2237585,1.9137585,1.6137586,1.5337585,1.3537586,1.0837586,1.0237585,0.92375857,0.55375856,-0.47624147,-0.82624143,-0.76624143,-0.66624147,-0.87624145,-1.1862415,-1.8662415,-2.3862414,-1.4762415,0.023758546,0.25375855,-0.31624144,-0.6562415,-1.3562415,-1.2562414,-0.7162415,-0.26624146,-0.33624145,-0.68624145,-0.9062415,-1.3462415,-1.5962415,-0.61624146,0.80375856,0.28375855,-0.22624145,0.20375854,0.5437586,0.34375855
1.9637586,1.6437585,1.1237586,1.6937585,2.2337584,2.1537585,1.7037586,2.2637587,1.8837585,1.2537585,0.7237585,0.42375854,0.12375855,0.16375855,0.63375854,0.23375854,0.42375854,0.94375855,1.3337586,1.6437585,1.9537586,1.8137585,1.6737585,1.6037586,1.4737586,1.4337585,1.3237586,0.063758545,0.31375855,0.63375854,-0.12624146,-0.85624146,-1.1862415,-1.1662414,-1.6362414,-2.3362415,-2.6662414,-2.2562416,-1.5662415,-1.0262414,-1.2162415,-1.3262415,-0.91624147,-0.75624144,-1.1662414,-1.3262415,-1.0062414,-0.67624146,-0.14624146,0.023758546,-1.3862414,-0.45624146,-0.12624146,0.043758545,-0.16624145,-0.076241456,-0.47624147,-1.0862415
