raw-data/2018091418.json
{"header": { "discipline":0, "disciplineName":"Meteorological products", "gribEdition":2, "gribLength":48614, "center":7, "centerName":"US National Weather Service - NCEP(WMC)", "subcenter":0, "refTime":"2018-09-14T18:00:00.000Z", "significanceOfRT":1, "significanceOfRTName":"Start of forecast", "productStatus":0, "productStatusName":"Operational products", "productType":1, "productTypeName":"Forecast products", "productDefinitionTemplate":0, "productDefinitionTemplateName":"Analysis/forecast at horizontal level/layer at a point in time", "parameterCategory":2, "parameterCategoryName":"Momentum", "parameterNumber":3, "parameterNumberName":"V-component_of_wind", "parameterUnit":"m.s-1", "genProcessType":2, "genProcessTypeName":"Forecast", "forecastTime":0, "surface1Type":103, "surface1TypeName":"Specified height level above ground", "surface1Value":10.0, "surface2Type":255, "surface2TypeName":"Missing", "surface2Value":0.0, "gridDefinitionTemplate":0, "gridDefinitionTemplateName":"Latitude_Longitude", "numberPoints":65160, "shape":6, "shapeName":"Earth spherical with radius of 6,371,229.0 m", "gridUnits":"degrees", "resolution":48, "winds":"true", "scanMode":0, "nx":360, "ny":181, "basicAngle":0, "lo1":0.0, "la1":90.0, "lo2":359.0, "la2":-90.0, "dx":1.0, "dy":1.0 }, "data":
[rows 52 to 77 of 181, columns 118 to 176 of 360]
1.4957917,1.9957917,1.0957916,1.7957916,0.89579165,-0.40420836,-0.90420836,-0.5042084,-1.6042084,-1.3042084,-0.60420835,2.9957917,0.09579162,-1.7042084,-4.2042084,-7.5042086,-4.8042083,-2.4042084,-1.5042083,-1.0042083,-0.8042084,1.3957916,0.4957916,1.2957916,3.3957915,2.1957917,2.0957916,1.0957916,1.6957916,3.5957916,5.6957917,6.7957916,6.2957916,5.6957917,6.1957917,5.8957915,5.4957914,4.9957914,4.1957917,3.2957916,2.2957916,1.4957917,0.6957916,0.19579163,-0.40420836,-0.90420836,-1.7042084,-2.3042083,-2.3042083,-2.6042085,-2.9042084,-3.1042085,-3.3042083,-3.6042085,-3.9042084,-3.8042083,-3.3042083,-2.3042083,-1.8042084
-0.20420837,1.6957916,0.09579162,-0.7042084,-1.7042084,-1.4042084,0.09579162,0.39579162,1.0957916,-0.004208374,-0.20420837,-1.7042084,-7.6042085,-8.704208,-1.9042084,1.3957916,2.6957917,2.1957917,0.6957916,-1.5042083,1.9957917,1.7957916,1.0957916,1.4957917,3.0957916,2.6957917,2.1957917,2.0957916,2.4957917,3.2957916,5.1957917,5.595792,5.595792,4.9957914,5.2957916,4.7957916,4.3957915,4.2957916,3.5957916,2.8957915,2.1957917,1.6957916,1.2957916,0.59579164,-0.30420837,-1.1042084,-1.9042084,-2.3042083,-2.7042084,-4.1042085,-3.6042085,-3.1042085,-2.8042083,-3.1042085,-3.1042085,-2.9042084,-2.5042083,-2.8042083,-3.1042085
-0.5042084,-0.8042084,-1.5042083,-2.2042084,-3.0042083,-1.9042084,-2.9042084,-1.5042083,1.6957916,-1.1042084,-1.0042083,-1.6042084,-7.2042084,-0.30420837,2.1957917,2.4957917,1.7957916,4.1957917,1.8957916,0.7957916,0.29579163,0.29579163,0.4957916,0.4957916,1.4957917,1.6957916,2.0957916,2.5957916,3.7957916,4.7957916,6.1957917,5.3957915,5.4957914,5.3957915,5.3957915,4.7957916,3.9957917,3.0957916,2.6957917,2.1957917,1.8957916,1.5957916,0.9957916,0.29579163,-0.30420837,-1.0042083,-1.5042083,-2.1042085,-2.3042083,-1.5042083,-0.60420835,-2.0042083,-3.0042083,-3.4042084,-3.5042083,-3.5042083,-3.7042084,-4.2042084,-3.8042083
-2.0042083,-2.3042083,0.59579164,-1.7042084,-2.7042084,-2.4042084,-3.2042084,-1.4042084,0.29579163,0.09579162,-1.7042084,-3.5042083,-5.0042086,4.095792,3.2957916,2.3957915,0.59579164,1.4957917,0.39579162,-1.4042084,-1.5042083,-2.3042083,-4.3042083,-3.8042083,-0.5042084,0.89579165,2.7957916,3.4957917,3.2957916,3.7957916,4.6957917,5.2957916,5.3957915,5.1957917,5.1957917,4.1957917,3.1957917,2.5957916,1.9957917,1.6957916,1.1957916,0.6957916,0.4957916,0.19579163,-0.30420837,-1.0042083,-1.3042084,-1.4042084,-1.2042084,-1.3042084,-2.0042083,-2.5042083,-2.7042084,-3.4042084,-3.9042084,-4.0042086,-3.1042085,-3.3042083,-4.5042086
-2.0042083,-0.8042084,-0.004208374,-0.20420837,-2.0042083,-2.2042084,-3.5042083,-3.0042083,-1.7042084,-0.90420836,4.3957915,0.4957916,6.4957914,1.1957916,1.3957916,0.6957916,1.9957917,5.4957914,-0.60420835,-2.4042084,-1.8042084,-2.8042083,1.8957916,3.0957916,4.4957914,4.6957917,3.3957915,3.2957916,2.9957917,4.2957916,4.7957916,4.8957915,5.6957917,6.095792,4.7957916,3.9957917,3.3957915,2.1957917,1.5957916,0.4957916,0.09579162,-0.004208374,-0.60420835,-1.0042083,-1.1042084,-1.2042084,-1.1042084,-1.3042084,-1.7042084,-2.3042083,-2.8042083,-3.2042084,-3.7042084,-4.6042085,-4.904208,-5.0042086,-4.8042083,-5.7042084,-5.8042083
-1.4042084,0.6957916,0.9957916,1.8957916,-0.30420837,-1.9042084,-3.2042084,-3.6042085,0.7957916,3.8957915,4.095792,5.7957916,2.2957916,1.0957916,3.2957916,-0.30420837,1.4957917,0.39579162,-2.8042083,3.9957917,3.3957915,3.3957915,3.3957915,2.8957915,2.5957916,4.8957915,5.3957915,4.2957916,4.095792,2.9957917,2.4957917,3.4957917,4.095792,4.4957914,3.9957917,2.9957917,2.4957917,1.9957917,0.9957916,-0.10420837,-0.8042084,-1.3042084,-1.9042084,-1.9042084,-2.2042084,-2.2042084,-2.1042085,-2.6042085,-2.9042084,-3.1042085,-2.9042084,-4.0042086,-5.2042084,-5.6042085,-4.7042084,-4.5042086,-5.7042084,-6.8042083,-4.8042083
-1.9042084,-0.30420837,0.7957916,0.9957916,0.7957916,-0.8042084,-1.7042084,-0.20420837,1.6957916,3.0957916,4.7957916,4.6957917,4.595792,-0.30420837,3.2957916,3.1957917,2.4957917,1.7957916,2.4957917,3.2957916,3.1957917,3.0957916,2.6957917,2.2957916,1.6957916,2.4957917,3.4957917,3.7957916,3.7957916,4.3957915,3.5957916,3.9957917,4.3957915,4.2957916,3.6957917,2.7957916,1.4957917,0.7957916,0.09579162,-0.60420835,-0.8042084,-1.6042084,-2.3042083,-2.5042083,-2.4042084,-2.6042085,-2.7042084,-2.8042083,-3.0042083,-3.9042084,-4.7042084,-5.7042084,-6.404208,-5.1042085,-3.7042084,-3.3042083,-2.9042084,-0.40420836,-0.30420837
-1.0042083,-0.20420837,1.3957916,0.9957916,1.7957916,0.09579162,-0.20420837,-0.004208374,1.1957916,2.2957916,2.2957916,4.1957917,3.7957916,2.6957917,3.2957916,2.9957917,2.3957915,2.2957916,2.3957915,3.8957915,3.8957915,3.5957916,3.2957916,2.3957915,1.5957916,1.1957916,3.3957915,1.1957916,2.4957917,2.9957917,3.8957915,4.2957916,3.7957916,3.4957917,2.7957916,1.8957916,1.1957916,-0.40420836,-1.6042084,-1.4042084,-2.0042083,-2.4042084,-2.5042083,-2.6042085,-2.6042085,-2.6042085,-2.8042083,-3.0042083,-3.6042085,-3.8042083,-4.404208,-4.0042086,-1.7042084,-0.30420837,0.59579164,-0.10420837,-0.40420836,-0.5042084,-0.90420836
-1.1042084,-0.5042084,-1.0042083,0.89579165,0.89579165,-0.20420837,-0.40420836,-0.5042084,0.4957916,0.39579162,0.89579165,3.3957915,4.095792,3.3957915,3.2957916,3.2957916,3.3957915,3.6957917,4.1957917,4.1957917,2.9957917,3.1957917,2.2957916,2.4957917,1.5957916,2.1957917,2.9957917,0.9957916,-0.5042084,1.2957916,3.1957917,3.0957916,3.6957917,2.6957917,2.2957916,1.1957916,-0.30420837,-1.0042083,-0.7042084,-1.1042084,-2.0042083,-2.6042085,-3.1042085,-2.3042083,-0.30420837,0.29579163,-0.10420837,-0.5042084,-1.1042084,-0.90420836,-0.5042084,-1.2042084,-0.90420836,-0.20420837,0.09579162,0.09579162,-0.40420836,-0.8042084,-1.1042084
-0.7042084,-1.3042084,-0.004208374,-0.10420837,-1.6042084,-1.1042084,-0.8042084,0.09579162,0.29579163,2.2957916,4.1957917,3.7957916,3.5957916,2.5957916,2.6957917,2.8957915,3.7957916,4.1957917,4.2957916,3.9957917,4.1957917,3.7957916,2.0957916,3.3957915,1.9957917,1.8957916,1.7957916,1.3957916,0.39579162,-0.7042084,3.2957916,2.1957917,1.1957916,3.1957917,0.4957916,0.4957916,-0.30420837,-1.1042084,-1.3042084,-1.2042084,-1.7042084,-2.0042083,-0.60420835,1.8957916,2.5957916,2.0957916,1.3957916,1.1957916,0.59579164,-0.60420835,-1.7042084,-0.40420836,-0.30420837,-1.0042083,-0.10420837,-0.60420835,-0.90420836,-1.4042084,-1.3042084
-0.10420837,-1.0042083,-0.004208374,-3.5042083,-2.5042083,-1.2042084,-0.60420835,0.7957916,2.2957916,3.8957915,3.1957917,2.1957917,1.7957916,1.6957916,2.4957917,3.0957916,3.6957917,3.3957915,2.7957916,2.2957916,2.0957916,2.1957917,2.2957916,1.7957916,0.6957916,-0.10420837,0.7957916,1.0957916,1.0957916,1.2957916,1.9957917,0.6957916,-0.40420836,-0.30420837,2.8957915,2.5957916,1.3957916,0.7957916,0.19579163,-0.30420837,-1.0042083,1.0957916,2.7957916,2.1957917,1.7957916,0.7957916,1.8957916,0.29579163,-0.40420836,-2.1042085,-0.90420836,-0.8042084,-0.5042084,0.59579164,-0.40420836,0.59579164,0.7957916,0.39579162,0.29579163
-0.90420836,-0.30420837,-1.4042084,-4.3042083,-2.8042083,-1.2042084,0.39579162,1.5957916,2.1957917,2.3957915,1.9957917,1.8957916,1.6957916,2.2957916,2.3957915,2.5957916,2.7957916,2.6957917,2.4957917,2.7957916,3.1957917,3.3957915,1.5957916,1.3957916,1.0957916,1.2957916,1.6957916,1.7957916,1.7957916,0.59579164,0.59579164,0.89579165,0.19579163,0.4957916,1.2957916,1.2957916,0.7957916,-0.004208374,0.29579163,1.2957916,0.19579163,1.7957916,1.0957916,0.89579165,0.6957916,-0.004208374,0.29579163,-0.7042084,-0.8042084,-1.8042084,-0.40420836,-0.60420835,-0.004208374,-0.40420836,-0.60420835,1.0957916,1.3957916,1.5957916,0.39579162
-0.8042084,-1.5042083,-8.604208,-4.8042083,-2.7042084,-1.3042084,-0.30420837,0.6957916,1.1957916,1.2957916,1.4957917,2.2957916,2.4957917,2.8957915,3.2957916,3.1957917,2.6957917,2.4957917,2.4957917,2.4957917,2.9957917,3.1957917,3.3957915,1.0957916,0.19579163,0.59579164,0.7957916,1.5957916,0.89579165,-0.004208374,-0.20420837,-0.7042084,-0.20420837,0.19579163,0.09579162,-0.40420836,0.19579163,0.4957916,0.4957916,-0.10420837,0.39579162,-0.30420837,-0.40420836,0.09579162,-0.40420836,0.59579164,-0.10420837,-0.5042084,-2.0042083,-0.90420836,0.19579163,-0.8042084,-1.0042083,-0.90420836,0.9957916,1.9957917,1.9957917,1.0957916,1.4957917
-3.0042083,-11.204208,-12.904208,-6.1042085,0.59579164,-0.90420836,0.09579162,0.19579163,1.7957916,2.8957915,3.1957917,3.6957917,4.1957917,4.2957916,4.095792,3.4957917,2.8957915,2.3957915,2.3957915,2.2957916,1.8957916,1.8957916,1.7957916,0.7957916,-0.004208374,-0.004208374,0.4957916,0.29579163,-0.40420836,-0.90420836,-1.3042084,-2.2042084,-1.4042084,-0.004208374,-0.004208374,-0.10420837,-0.20420837,-0.7042084,-0.8042084,-0.90420836,-1.6042084,-1.3042084,-0.90420836,-1.3042084,-1.3042084,0.6957916,-0.10420837,-1.5042083,-2.3042083,-1.9042084,-0.30420837,-0.40420836,-0.7042084,0.19579163,0.89579165,1.1957916,1.4957917,0.09579162,-0.10420837
-11.604208,-15.304209,-11.104208,-0.004208374,-6.5042086,-3.3042083,-1.4042084,0.89579165,2.1957917,3.2957916,3.7957916,4.095792,4.2957916,4.2957916,4.1957917,3.9957917,3.5957916,3.0957916,2.5957916,2.1957917,1.2957916,0.29579163,1.1957916,1.1957916,0.6957916,0.4957916,0.29579163,-0.10420837,-1.0042083,-1.5042083,-1.6042084,-0.40420836,-0.40420836,-0.90420836,-2.1042085,-2.2042084,-1.8042084,-1.8042084,-2.1042085,-2.1042085,-2.1042085,-0.20420837,-0.20420837,0.09579162,0.39579162,-0.20420837,-1.6042084,-2.4042084,-2.9042084,-1.2042084,-0.004208374,-0.10420837,-0.004208374,-0.30420837,0.7957916,0.6957916,-0.60420835,-0.30420837,0.09579162
-13.004209,-11.804209,-3.7042084,-2.3042083,-9.904208,-5.6042085,-2.4042084,0.19579163,1.8957916,2.9957917,3.8957915,4.3957915,4.8957915,4.7957916,4.3957915,3.9957917,4.1957917,3.6957917,2.8957915,2.0957916,1.4957917,0.89579165,0.59579164,0.4957916,-0.004208374,-0.004208374,-0.004208374,-0.8042084,-1.3042084,-1.0042083,-0.40420836,-1.6042084,-2.2042084,-2.9042084,-3.1042085,-2.7042084,-1.3042084,-2.0042083,-2.7042084,-2.7042084,-2.1042085,-2.0042083,-2.4042084,-2.3042083,-2.1042085,-1.6042084,-1.7042084,-2.6042085,-1.7042084,0.09579162,0.39579162,-0.10420837,-0.004208374,0.09579162,0.09579162,-1.4042084,-0.90420836,-0.8042084,0.29579163
-12.504209,-10.904208,-6.2042084,-18.90421,-11.504209,-7.5042086,-3.7042084,-0.004208374,2.8957915,4.4957914,5.595792,5.4957914,5.095792,4.7957916,4.7957916,4.595792,4.2957916,4.3957915,3.2957916,1.6957916,0.59579164,0.29579163,0.19579163,-0.60420835,-1.0042083,-1.0042083,-1.4042084,-1.8042084,-2.3042083,-2.1042085,-2.4042084,-2.9042084,-2.9042084,-3.0042083,-2.6042085,-2.7042084,-2.7042084,-2.3042083,-1.4042084,-1.4042084,-1.2042084,-0.60420835,-0.10420837,-0.30420837,-0.60420835,-1.4042084,-1.6042084,-1.7042084,-1.6042084,-0.10420837,0.09579162,-0.5042084,-1.3042084,-1.1042084,-1.8042084,-0.60420835,-0.60420835,-0.004208374,-0.40420836
-12.604208,-11.504209,-19.104208,-17.104208,-12.304209,-6.904208,-0.8042084,3.8957915,6.7957916,7.6957917,7.7957916,6.7957916,6.9957914,5.6957917,4.8957915,4.1957917,3.7957916,3.7957916,3.4957917,1.3957916,-0.60420835,-1.3042084,-1.4042084,-1.5042083,-1.8042084,-2.3042083,-2.1042085,-2.2042084,-2.3042083,-3.1042085,-3.7042084,-2.8042083,-3.2042084,-2.6042085,-2.9042084,-2.0042083,-0.10420837,-0.60420835,-0.8042084,-0.60420835,-1.1042084,-0.8042084,-0.004208374,-0.40420836,-0.5042084,-1.0042083,-1.3042084,-1.2042084,-0.90420836,-0.90420836,-1.2042084,-1.9042084,-1.4042084,-2.0042083,-1.2042084,-1.1042084,-0.60420835,-0.40420836,-1.0042083
-12.004209,-18.204208,-21.104208,-20.90421,-13.304209,-3.5042083,5.1957917,10.095792,11.095792,12.195791,10.495791,9.295792,7.8957915,7.095792,6.3957915,4.6957917,4.095792,3.5957916,3.1957917,1.9957917,-0.90420836,-1.8042084,-1.8042084,-1.7042084,-2.1042085,-3.1042085,-3.0042083,-2.4042084,-2.8042083,-3.0042083,-3.4042084,-3.4042084,-2.1042085,-1.0042083,-1.0042083,-0.60420835,-0.60420835,-1.1042084,-0.30420837,-0.5042084,-0.30420837,-0.20420837,-0.10420837,-0.40420836,-1.0042083,-1.2042084,-1.5042083,-2.0042083,-1.8042084,-2.2042084,-2.5042083,-2.1042085,-2.5042083,-1.4042084,-1.8042084,-1.4042084,-0.90420836,-1.1042084,-1.5042083
-15.004209,-20.90421,-24.90421,-27.204208,-25.90421,5.9957914,16.59579,16.895792,16.395792,15.595792,12.495791,10.695791,9.795792,8.695791,6.8957915,6.4957914,5.8957915,4.7957916,3.9957917,2.7957916,0.39579162,-1.9042084,-2.6042085,-2.6042085,-3.3042083,-3.5042083,-3.1042085,-3.9042084,-3.4042084,-3.3042083,-2.1042085,-1.9042084,-1.9042084,-1.8042084,-1.0042083,-0.90420836,-1.8042084,-0.8042084,-0.5042084,0.09579162,0.4957916,0.19579163,-0.10420837,-0.5042084,-1.1042084,-1.5042083,-2.1042085,-2.2042084,-2.5042083,-2.7042084,-2.8042083,-3.3042083,-2.6042085,-1.6042084,-1.0042083,-0.40420836,-1.0042083,-1.2042084,-1.5042083
-17.804209,-21.804209,-26.104208,-11.504209,-14.004209,43.695793,30.695791,23.195791,19.09579,16.59579,13.895792,11.995791,10.595792,9.595792,8.495791,7.1957917,5.2957916,4.9957914,4.095792,1.8957916,1.0957916,-1.3042084,-2.1042085,-2.5042083,-2.8042083,-3.1042085,-3.2042084,-2.5042083,-2.7042084,-3.0042083,-2.1042085,-2.1042085,-2.1042085,-2.1042085,-2.2042084,-2.4042084,-2.3042083,-1.4042084,-1.0042083,-0.5042084,-0.7042084,-0.8042084,-0.20420837,-0.004208374,-0.40420836,-1.9042084,-2.9042084,-3.1042085,-3.3042083,-3.4042084,-3.2042084,-4.2042084,-2.6042085,-1.6042084,-0.90420836,-0.7042084,-0.7042084,-1.6042084,-2.5042083
-16.40421,-20.40421,-21.104208,-1.2042084,14.095792,31.59579,27.295792,22.195791,19.895792,16.795792,13.995791,12.395792,11.895792,10.595792,9.295792,7.1957917,5.595792,3.6957917,2.2957916,0.7957916,-0.004208374,1.2957916,1.3957916,1.3957916,-2.9042084,-3.0042083,-3.3042083,-2.4042084,-2.4042084,-2.5042083,-2.6042085,-2.4042084,-1.6042084,-2.8042083,-3.1042085,-3.7042084,-2.9042084,-1.6042084,-0.60420835,-0.004208374,-0.004208374,-0.7042084,-0.5042084,-0.8042084,-1.3042084,-2.2042084,-3.2042084,-3.7042084,-4.0042086,-4.3042083,-4.2042084,-4.6042085,-3.3042083,-1.4042084,-0.8042084,-0.90420836,-1.6042084,-1.4042084,-2.0042083
-13.304209,-17.304209,-11.604208,1.6957916,13.795792,18.995792,20.795792,20.59579,17.995792,16.795792,13.795792,12.295792,11.495791,10.695791,9.495791,8.095792,5.595792,3.1957917,1.2957916,0.29579163,-0.40420836,-0.10420837,1.1957916,-2.0042083,-4.0042086,-5.0042086,-4.404208,-4.2042084,-2.3042083,-2.6042085,-3.1042085,-3.5042083,-3.0042083,-3.5042083,-4.6042085,-3.3042083,-2.2042084,-0.30420837,1.1957916,1.1957916,0.4957916,-0.10420837,-0.30420837,-0.60420835,-2.5042083,-3.4042084,-3.6042085,-4.1042085,-4.404208,-4.2042084,-4.904208,-4.7042084,-3.8042083,-1.6042084,-1.0042083,-1.2042084,-1.3042084,-1.1042084,-1.1042084
-7.8042083,-7.7042084,-2.0042083,3.7957916,8.595792,15.695791,17.995792,18.195791,16.395792,15.295792,13.395792,11.995791,11.395792,10.495791,9.895792,7.9957914,5.9957914,3.3957915,0.39579162,-0.7042084,-1.3042084,0.7957916,2.1957917,-1.7042084,-5.1042085,-6.404208,-5.6042085,-4.6042085,-3.7042084,-3.5042083,-3.8042083,-3.6042085,-3.9042084,-4.1042085,-4.7042084,-2.6042085,-1.2042084,1.1957916,2.2957916,1.6957916,0.6957916,0.19579163,-0.5042084,-1.4042084,-2.2042084,-2.0042083,-3.3042083,-4.5042086,-4.904208,-4.8042083,-5.1042085,-4.8042083,-3.7042084,-2.2042084,-1.2042084,-0.30420837,-0.30420837,-1.0042083,-1.6042084
-0.90420836,-1.1042084,0.19579163,2.4957917,8.195791,6.4957914,13.395792,16.09579,14.595792,14.595792,12.795792,12.195791,11.395792,10.395792,9.495791,8.195791,6.1957917,3.7957916,1.2957916,-1.0042083,-1.1042084,-0.90420836,-1.2042084,-3.7042084,-6.0042086,-7.7042084,-5.3042083,-5.1042085,-4.6042085,-4.404208,-4.3042083,-3.2042084,-4.0042086,-4.2042084,-3.0042083,-1.6042084,0.29579163,1.9957917,3.2957916,0.9957916,0.7957916,0.4957916,-1.2042084,-1.6042084,-2.0042083,-2.8042083,-3.3042083,-4.1042085,-4.5042086,-5.1042085,-5.3042083,-5.3042083,-3.7042084,-1.9042084,-0.8042084,-0.30420837,-0.60420835,-0.90420836,-1.3042084
0.59579164,2.0957916,4.3957915,2.0957916,11.895792,13.495791,7.3957915,13.995791,13.395792,13.595792,11.695791,12.195791,11.795792,10.795792,9.295792,7.6957917,6.1957917,4.1957917,2.0957916,-0.004208374,-1.1042084,-3.0042083,-4.404208,-4.904208,-6.6042085,-7.0042086,-6.404208,-5.3042083,-4.2042084,-3.7042084,-3.2042084,-3.7042084,-3.6042085,-4.1042085,-2.4042084,-0.8042084,0.6957916,2.5957916,2.1957917,1.8957916,0.39579162,0.09579162,-0.30420837,-1.5042083,-2.8042083,-3.2042084,-3.5042083,-4.6042085,-4.904208,-5.404208,-4.904208,-4.2042084,-3.2042084,-2.5042083,-1.7042084,-0.20420837,0.19579163,-0.7042084,-0.90420836
