raw-data/2018091900.json
{"header": { "discipline":0, "disciplineName":"Meteorological products", "gribEdition":2, "gribLength":74691, "center":7, "centerName":"US National Weather Service - NCEP(WMC)", "subcenter":0, "refTime":"2018-09-19T00:00:00.000Z", "significanceOfRT":1, "significanceOfRTName":"Start of forecast", "productStatus":0, "productStatusName":"Operational products", "productType":1, "productTypeName":"Forecast products", "productDefinitionTemplate":0, "productDefinitionTemplateName":"Analysis/forecast at horizontal level/layer at a point in time", "parameterCategory":2, "parameterCategoryName":"Momentum", "parameterNumber":3, "parameterNumberName":"V-component_of_wind", "parameterUnit":"m.s-1", "genProcessType":2, "genProcessTypeName":"Forecast", "forecastTime":0, "surface1Type":103, "surface1TypeName":"Specified height level above ground", "surface1Value":10.0, "surface2Type":255, "surface2TypeName":"Missing", "surface2Value":0.0, "gridDefinitionTemplate":0, "gridDefinitionTemplateName":"Latitude_Longitude", "numberPoints":65160, "shape":6, "shapeName":"Earth spherical with radius of 6,371,229.0 m", "gridUnits":"degrees", "resolution":48, "winds":"true", "scanMode":0, "nx":360, "ny":181, "basicAngle":0, "lo1":0.0, "la1":90.0, "lo2":359.0, "la2":-90.0, "dx":1.0, "dy":1.0 }, "data":
[rows 130 to 155 of 181, columns 58 to 115 of 360]
-9.553958,-7.6639576,-6.2439575,-4.9639573,-3.3539574,-1.2439575,0.83604246,2.7660425,4.5060425,6.1160426,7.8760424,10.016043,11.156042,11.656042,11.356043,11.0060425,10.606043,10.096043,10.106043,9.606043,8.2560425,6.5360427,5.0160427,3.3560424,3.3560424,5.9660425,9.546042,6.9860425,0.10604248,-2.4039576,-2.6239576,-0.97395754,-0.3839575,-2.5439575,-5.6839576,-9.423958,-14.083958,-15.353957,-15.473957,-15.233957,-14.953958,-13.943957,-12.953958,-11.713958,-10.443957,-8.913958,-7.0239577,-6.0539575,-5.1639576,-4.4339576,-3.7339575,-3.1739576,-2.1239576,-0.91395754,-0.2539575,0.18604249,0.42604247,0.8060425
-9.093958,-7.6239576,-6.3439574,-4.7139573,-1.8739575,-0.3439575,1.7560425,3.5960424,4.4860425,6.5060425,8.906042,10.166042,11.026043,10.916042,10.626042,10.306043,10.336042,10.936043,10.646043,9.166042,7.9560423,6.9260426,5.3560424,4.2760425,4.3060427,6.8060427,13.446042,8.2160425,-3.1439576,-2.1639576,1.8960425,4.4860425,6.8760424,6.2360425,2.6860425,-6.6039577,-12.223957,-14.703958,-14.073957,-14.163958,-13.633958,-13.733957,-13.663958,-13.083958,-11.703958,-10.013958,-8.5339575,-7.5439577,-6.6039577,-5.8339577,-5.1139574,-4.3939576,-3.8539574,-3.1339576,-1.8539575,-0.9439575,-0.5639575,-0.3439575
-8.663958,-7.5639577,-6.1539574,-3.9539576,-1.7939575,1.4560425,1.0560424,3.2360425,5.6860423,7.2660427,8.656042,10.156042,10.596043,10.246042,9.946042,10.396043,10.9660425,10.916042,10.366042,9.426043,8.596043,7.3460426,6.1460423,5.8160424,5.5160427,5.3760424,9.076042,9.0060425,3.6460426,4.1560426,5.1160426,5.6360426,6.2660427,7.4960423,6.6260424,4.2960424,3.6160424,-3.2339575,-11.643957,-13.513958,-12.683957,-11.563957,-11.293958,-11.813957,-11.353957,-10.603957,-9.813957,-8.913958,-8.163958,-7.4739575,-6.4839573,-5.3739576,-4.0039577,-3.8039575,-3.1339576,-2.2639575,-1.8939575,-1.7739575
-8.503958,-7.4939575,-5.7839575,-3.2239575,0.26604247,-0.66395754,1.5560424,4.2660427,5.3360424,7.2760425,9.116042,10.146043,10.106043,9.456042,9.436043,9.846043,10.986042,11.566043,10.926043,10.576042,9.796042,7.4260426,6.5460424,7.5960426,8.196042,6.6460423,4.5660424,6.4760423,7.1660423,2.9960425,2.5360425,4.2260423,5.0560427,5.8560424,6.2860427,6.8560424,5.5960426,3.4260426,1.8560425,0.6360425,-0.0039575193,-0.9239575,-5.2339573,-8.903957,-8.7839575,-8.513958,-8.513958,-8.503958,-8.043958,-7.3639574,-6.4239573,-5.7439575,-5.3739576,-5.0039577,-4.5439577,-3.8239574,-3.0439575,-2.6039574
-7.5139575,-7.2039576,-5.0539575,-1.6939576,-2.4239576,-1.1839576,1.6060425,3.5960424,5.3860426,7.3660426,9.326042,10.166042,9.186043,7.8760424,8.106043,9.086042,10.356043,11.476043,11.816043,11.916042,10.106043,7.9160423,7.9660425,8.4660425,9.486042,8.926043,6.5160427,3.9160426,3.3160424,3.9460425,3.6960425,1.8760425,3.2860425,4.6160426,4.8960423,4.2060423,4.2160425,4.7960424,4.7060423,3.8760424,2.6160424,1.2760425,0.02604248,0.84604245,3.1360426,2.9860425,-0.09395752,-2.9539576,-4.4339576,-4.7439575,-5.6039577,-5.9339576,-5.2939577,-4.4839573,-4.3439574,-4.1239576,-3.4739575,-2.7939575
-6.5639577,-4.9439573,-4.0839577,-2.7139575,-2.7239575,-2.2939575,0.34604248,2.4060426,4.8360424,7.0060425,9.246042,10.286042,9.426043,7.2060423,7.9360423,8.846043,10.086042,11.236042,11.556043,11.616042,11.626042,10.016043,8.236042,8.056043,8.066043,8.446042,9.2160425,7.4460425,1.3160424,1.8060424,2.6360426,2.9460425,3.3160424,3.9660425,4.4760423,3.8560424,1.8760425,1.7960424,3.4560425,3.7060425,3.0260425,2.4560425,1.8860425,1.4960425,1.0860425,0.7460425,0.8060425,1.5660424,2.9660425,4.2960424,3.9860425,1.1760424,-1.6939576,-2.7939575,-3.2839575,-4.0939574,-4.0039577,-3.4639575
-7.4139576,-5.6939573,-4.1839576,-5.6039577,-4.1539574,-3.2539575,-1.4839575,1.5260425,3.8760424,5.8560424,7.6160426,8.316043,8.666042,7.7860427,8.156042,8.856043,10.156042,11.196042,11.456042,11.336042,11.356043,11.156042,9.916042,8.636043,8.2560425,8.316043,8.5060425,7.5660424,8.586042,5.7760425,2.5760424,3.9760425,4.2960424,4.0060425,3.7160425,3.2660425,2.1060424,0.96604246,1.5360425,1.7060425,1.9760425,2.1160424,1.5260425,1.2060425,1.0760425,1.1460425,1.5360425,1.6960425,1.9060425,2.1160424,2.2560425,2.5960424,3.5260425,4.1460423,2.5960424,-0.65395755,-2.5839574,-3.1439576
-6.3739576,-4.9639573,-5.8039575,-6.1139574,-5.7039576,-4.4239573,-2.4939575,0.16604248,3.1860425,4.7560425,6.0360427,7.1560426,7.0060425,7.2560425,7.7260423,8.736042,9.676043,10.496042,10.726043,10.726043,10.5060425,10.306043,9.816043,9.416042,8.706042,8.486042,7.9260426,7.8060427,7.2260423,5.6360426,4.8960423,3.7560425,2.9860425,2.5660424,2.2660425,1.8260425,0.9260425,-0.33395752,-1.3039575,-0.9439575,0.45604247,1.0460424,1.1160425,0.5760425,-0.03395752,1.5260425,1.7560425,1.7460425,1.9560425,2.3760424,2.9560425,3.6860425,4.1860423,4.2860427,4.4060426,4.7760425,4.2960424,1.3960425
-5.8939576,-5.9839573,-7.0339575,-7.3539577,-6.2739577,-4.6739573,-2.3639574,-0.12395752,2.1260424,4.2260423,5.0860424,5.4460425,4.8860426,6.7960424,7.0860424,7.9160423,8.616042,9.626042,10.036042,10.166042,10.116042,10.286042,10.076042,9.496042,8.586042,8.076042,7.8760424,7.6860423,7.4260426,6.7860427,5.7760425,4.8860426,3.7260425,2.4060426,1.4460425,0.8060425,0.3060425,-0.84395754,-2.3539574,-3.0339575,-3.1639576,-2.8539574,-1.6139575,-0.7739575,-0.3139575,0.3360425,0.5060425,0.84604245,1.7560425,2.3160424,2.8360424,3.3960426,3.5660424,3.6460426,3.8760424,3.8560424,3.3260424,2.7360425
-4.3939576,-6.3839574,-5.1939573,-7.2539577,-6.1139574,-4.5639577,-2.4139576,-0.10395752,1.7760425,3.2860425,2.7060425,4.6860423,2.1760426,4.8160424,5.8860426,7.3160424,7.7360425,8.486042,8.806043,8.826042,9.296042,9.436043,9.586042,9.586042,9.166042,8.2560425,7.3960423,6.7260423,6.2160425,5.5260425,5.3660426,5.0360427,3.5160425,2.7060425,2.1960425,1.6660424,0.8260425,-0.4139575,-2.3239574,-4.2239575,-4.9639573,-4.1339574,-2.2639575,-1.1039575,-0.84395754,0.22604248,1.0160425,1.2560425,2.1960425,2.6560426,3.0460424,3.1160424,3.0660424,3.2860425,3.7360425,3.7460425,3.4160426,3.0160425
-5.7339573,-8.373958,-7.8839574,-6.1439576,-5.9339576,-4.0439577,-2.2139575,-0.71395755,1.3260425,3.0760424,3.7560425,2.8360424,3.6360426,5.8060427,6.1560426,6.5260425,7.1360426,7.5360427,7.5360427,7.7960424,8.2160425,8.686043,9.076042,9.076042,8.826042,8.546042,7.8560424,7.2560425,6.9860425,6.3560424,5.9360423,5.3860426,4.7860427,3.7360425,2.0460424,0.64604247,0.03604248,-0.30395752,-1.3239576,-2.9039576,-4.0439577,-4.0039577,-3.2139575,-2.4339576,-2.0939574,-0.36395752,1.1560425,1.9660425,2.2260425,2.4960425,2.8060424,2.8960426,3.0960424,3.2660425,3.1260424,2.8460424,2.5960424,1.9160424
-5.4039574,-7.3639574,-7.5339575,-6.9339576,-5.8539577,-3.4639575,-2.0439575,-0.35395753,1.1160425,2.6660426,4.0560427,4.1260424,4.4860425,5.4460425,6.3660426,7.0060425,7.2060423,7.0760427,7.1260424,6.8460426,7.3760424,7.8060427,8.396043,8.476043,8.326042,8.166042,7.6760426,7.1860423,6.3760424,5.6860423,5.3460426,4.9860425,4.2660427,3.4060426,2.3860426,0.71604246,-0.91395754,-1.6439575,-2.1539576,-2.1539576,-2.1039574,-1.9739575,-1.5639576,-1.3039575,-0.79395753,0.32604247,1.3960425,1.6760424,1.8560425,2.8460424,3.3560424,3.1760426,2.9460425,3.2760425,3.0760424,2.4260426,1.4660425,0.3360425
-4.8339577,-4.7939577,-5.8239574,-5.9739575,-4.4039574,-2.6439576,-1.6139575,-0.6239575,0.58604246,2.4960425,3.8660424,4.2660427,4.9260426,5.7660427,6.4560423,6.9360423,7.4460425,7.6960425,7.3560424,6.9560423,6.9060426,6.5860424,7.2260423,7.8360424,7.8960423,7.5060425,7.3060427,6.6860423,6.2260423,5.8960423,5.4860425,5.0860424,4.0960426,4.1560426,3.4060426,2.0960424,-0.19395752,-2.2639575,-3.3939576,-3.7239575,-3.0639575,-2.1539576,-1.5239575,-0.91395754,-0.07395752,1.1060425,2.0060425,2.1360426,2.2160425,2.8560424,3.8160424,4.1460423,3.8960426,3.3960426,2.9760425,2.2460425,0.90604246,-1.2339575
-4.9639573,-4.3139577,-4.6239576,-5.2339573,-4.8839574,-3.4539576,-2.0939574,-1.0439575,0.31604248,1.5560424,3.0660424,3.5560424,4.3060427,5.2960424,6.1360426,6.9160423,6.2360425,7.2360425,7.2560425,7.0260425,7.3360424,6.0260425,7.3860426,7.5960426,7.6760426,7.6860423,7.3360424,6.6660423,6.1560426,5.5760427,5.3060427,4.3860426,4.3660426,3.6760426,3.0660424,2.3160424,0.9160425,-0.49395752,-1.7639575,-2.5739574,-2.7839575,-2.3239574,-1.6039575,-0.97395754,0.14604248,1.6660424,2.7060425,3.2060425,3.5160425,5.0660424,5.1460423,5.8060427,5.9660425,5.9960423,4.9660425,2.9960425,0.16604248,-2.8639574
-5.0939574,-4.7539577,-4.6939573,-5.0139575,-5.1639576,-4.1939573,-2.6039574,-1.5739576,-0.7339575,0.4360425,1.4560425,2.9460425,4.1160426,5.0960426,5.8860426,6.4260426,6.5560427,7.1360426,7.5860424,7.5760427,7.5060425,7.4860425,7.6360426,7.8560424,8.066043,7.8860426,7.1460423,6.5360427,5.9760423,5.1760426,4.2660427,3.3160424,2.4260426,2.0660424,1.2060425,0.5060425,-0.05395752,-0.6239575,-1.4039575,-1.9939575,-2.1639576,-1.6439575,-0.9239575,-0.3739575,0.17604248,0.8560425,2.3760424,3.2960424,5.4860425,6.6960425,7.7860427,8.516043,9.336042,10.446042,10.906042,8.136043,2.0260425,-4.7439575
-4.9039574,-4.4939575,-4.0339575,-3.6739576,-3.3939576,-3.1039574,-2.3139575,-1.3939575,-0.17395753,0.7360425,1.5760425,2.6360426,3.8660424,4.8860426,5.6160426,6.2760425,6.8060427,7.0660424,7.3360424,7.5560427,7.7660427,8.226043,8.536042,8.596043,8.476043,8.186043,7.9960423,7.4260426,6.6460423,5.8360424,4.5560427,4.0360427,2.9760425,1.6060425,0.8560425,0.15604249,-0.3739575,-0.9239575,-1.2839575,-1.6539575,-1.8239576,-1.4539576,-0.5839575,0.19604248,0.7660425,0.9460425,0.34604248,2.9860425,5.2860427,7.3260427,9.106043,10.576042,11.9660425,13.576042,15.616042,16.216042,5.8960423,-0.2839575
-3.6439576,-3.2839575,-2.7539575,-2.1839576,-1.9839575,-1.8839575,-1.6739575,-1.1739575,-0.29395753,0.8060425,1.9960425,3.1460426,3.9860425,4.9660425,5.9160423,6.5560427,6.9260426,7.1160426,7.4660425,8.296042,8.7160425,8.826042,8.916042,9.106043,9.166042,9.096043,8.906042,8.546042,8.066043,6.9660425,6.3060427,5.2760425,3.7060425,2.6360426,1.6460425,0.3760425,-0.42395753,-0.97395754,-1.3239576,-1.4939575,-1.7339575,-1.8239576,-0.9539575,0.19604248,1.3860425,0.24604248,0.32604247,2.2760425,4.4860425,7.1660423,9.416042,11.476043,13.426043,14.676043,16.136042,19.776043,15.556043,-0.6739575
-2.4439576,-1.9939575,-1.4539576,-1.2139575,-0.9239575,-0.85395753,-0.8839575,-0.79395753,-0.7339575,0.02604248,1.5660424,2.6060424,3.5560424,4.6960425,5.5360427,6.1960425,6.8160424,7.5860424,8.416042,8.376042,8.576042,9.296042,9.346043,9.336042,9.136043,8.946042,8.946042,7.9960423,7.4760423,6.6160426,5.6960425,4.4360423,3.6960425,2.7460425,0.9360425,0.28604248,-0.5239575,-1.2339575,-1.9139575,-2.4839575,-2.6639576,-2.1339576,-1.3839575,0.32604247,1.2360425,-1.2439575,-0.13395752,1.5360425,4.1960425,7.1560426,9.906042,12.7560425,14.136043,14.336042,14.876042,15.246042,19.286043,14.926043
-2.6039574,-1.9639575,-1.4339576,-1.0139575,0.096042484,0.26604247,0.096042484,-0.013957519,-0.49395752,-1.1539575,-0.9239575,0.13604248,1.5760425,3.1060424,4.6160426,5.7360425,6.4160423,6.4460425,5.7660427,4.9760423,4.8260427,6.4160423,6.6460423,6.3160424,6.0660424,6.5360427,6.4360423,6.2060423,5.7660427,5.4160423,4.7160425,3.2460425,1.8060424,1.1460425,0.18604249,-0.9839575,-1.1039575,-0.90395755,-1.2939575,-2.4939575,-3.1839576,-2.7439575,-1.1339575,0.7360425,-0.6439575,-2.1139574,-0.6839575,1.1560425,3.8860426,7.4860425,11.0060425,13.936043,14.026043,13.896043,13.376042,11.346043,10.876042,12.386043
-2.1639576,-1.7539575,-1.1039575,-0.14395753,0.16604248,0.19604248,0.18604249,0.15604249,-0.10395752,-0.5139575,-1.5539575,-2.2739575,-0.5739575,0.7260425,1.2960424,1.8560425,2.6760426,2.3160424,2.6860425,3.2360425,3.7560425,4.6160426,5.3760424,6.4960423,5.6360426,5.0660424,5.6260424,4.5560427,3.6560426,3.0660424,2.7360425,2.4360425,1.9160424,0.9260425,-0.023957519,-1.2539575,-2.3739576,-2.3539574,-1.9439576,-2.8239574,-3.4839575,-2.4239576,-1.0639576,0.17604248,-3.5539575,-2.7239575,-0.85395753,1.6760424,5.2960424,8.726043,12.196042,13.436043,13.996042,14.186043,13.906042,10.2560425,4.5460424,4.7760425
-2.1639576,-1.5839576,-0.9539575,-0.7039575,-0.6239575,-0.22395752,0.14604248,0.08604248,-0.33395752,-1.0439575,-0.6239575,-0.54395753,-0.26395753,-0.06395752,0.6660425,1.3160424,1.6260425,2.2860425,2.8260424,3.6060424,4.4160423,5.1360426,6.1160426,6.1860423,6.1760426,7.9260426,8.566043,8.456042,6.5860424,2.1960425,-0.60395753,-0.04395752,0.19604248,-0.20395751,-1.2539575,-1.6739575,-1.1439575,-0.8139575,-1.6439575,-1.9539576,-1.9339576,-1.6239575,-0.48395753,-2.0339575,-5.2339573,-2.4339576,0.19604248,4.1560426,7.0160427,8.956042,10.886043,12.526043,12.996042,13.386043,13.646043,12.886043,11.686043,6.6060424
-1.6739575,-1.1639575,-0.5039575,-0.13395752,-0.05395752,0.5560425,0.9160425,0.78604245,-0.26395753,-1.0739576,-1.1939576,-0.7639575,-0.2839575,0.05604248,0.3760425,0.8160425,1.6960425,2.4760425,4.4060426,4.8460426,4.9660425,5.6760426,6.5960426,7.7760425,7.5660424,9.156042,8.416042,8.276043,6.0160427,3.4460425,3.2560425,3.5560424,2.3160424,1.8160424,-0.22395752,-2.7439575,-1.8339576,-0.22395752,-0.17395753,0.01604248,0.04604248,-1.0139575,-1.7139575,-5.7039576,-4.7639575,-1.3139576,1.4760425,3.6960425,5.6160426,6.5260425,7.9760423,9.116042,9.806043,10.186043,10.606043,11.2160425,10.056043,9.336042
-1.0939575,-0.4139575,0.38604248,1.5760425,2.4760425,2.3660424,1.6960425,0.58604246,-0.42395753,-0.7439575,-0.5739575,-0.27395752,0.19604248,0.5160425,0.8160425,1.3760425,2.3660424,3.0060425,4.4660425,5.2060423,5.5160427,5.9060426,6.9060426,6.1260424,6.6260424,7.5460424,7.1460423,5.7460423,5.2460423,4.4660425,3.6660426,3.1660426,2.9960425,2.3460424,2.5960424,0.34604248,-1.5639576,-1.6139575,-0.07395752,0.32604247,0.7360425,-0.0039575193,-7.1039577,-5.2239575,-2.3239574,-0.13395752,1.8560425,3.7660425,5.1560426,5.7360425,6.4460425,7.2360425,7.7660427,8.376042,8.896043,8.726043,8.706042,8.636043
-0.013957519,0.4360425,0.96604246,1.3860425,1.5660424,1.3160424,0.6860425,0.17604248,0.15604249,0.31604248,0.5560425,0.8060425,1.1360425,1.6160425,2.0660424,2.3360424,2.7560425,3.2260425,4.1460423,4.8060427,5.6160426,5.9460425,5.1260424,3.8160424,4.6760426,4.4760423,4.4860425,4.2160425,4.1160426,3.7360425,3.4760425,3.5560424,3.3060424,2.6360426,1.9260424,0.18604249,-1.3339576,-1.0839576,0.20604248,2.2960424,1.8860425,-2.2639575,-1.0639576,0.01604248,0.7960425,1.9160424,3.1460426,3.9360425,4.5460424,4.8660426,5.3160424,5.6460423,6.0460424,6.7060423,7.2860427,7.5960426,7.9060426,7.7660427
0.78604245,0.9960425,1.0760425,0.96604246,0.6760425,0.5060425,0.5060425,0.38604248,0.29604247,0.52604246,1.1860424,2.1160424,2.6760426,2.5660424,2.5360425,2.8360424,3.2760425,4.2960424,4.4060426,5.1260424,5.3760424,5.2060423,4.1960425,3.2360425,3.2060425,3.7360425,4.4860425,4.0960426,4.3160424,4.2560425,3.7860425,3.4160426,3.6660426,3.8060424,3.1260424,2.4460425,1.6660424,0.8060425,0.71604246,0.78604245,0.6660425,0.39604247,0.11604248,0.4360425,1.3860425,2.5660424,3.4060426,4.0360427,4.0860424,4.2560425,4.6060424,4.8260427,5.0860424,5.7160425,6.4060426,6.9260426,7.2760425,7.1560426
2.1060424,1.6960425,1.1360425,0.71604246,0.41604248,0.04604248,-0.45395753,-0.6739575,-0.2539575,1.1760424,2.5860424,3.0760424,3.1160424,3.4760425,3.9460425,4.0460424,3.9860425,4.9960423,4.6160426,4.1360426,4.3460426,4.8460426,5.1060424,4.6760426,4.3360424,4.3960423,4.5760427,4.2660427,3.6860425,3.4060426,3.2560425,2.7060425,2.5460424,3.0060425,2.8660424,1.8760425,0.8860425,0.2760425,0.01604248,-0.10395752,-0.4439575,-0.7739575,-0.78395754,0.5560425,1.8760425,2.7660425,3.2360425,3.6260424,3.9960425,3.9960425,3.2560425,2.4260426,2.6360426,3.6160424,4.8760424,6.0360427,6.7260423,6.2660427
