raw-data/2018100818.json
{"header": { "discipline":0, "disciplineName":"Meteorological products", "gribEdition":2, "gribLength":74942, "center":7, "centerName":"US National Weather Service - NCEP(WMC)", "subcenter":0, "refTime":"2018-10-08T18:00:00.000Z", "significanceOfRT":1, "significanceOfRTName":"Start of forecast", "productStatus":0, "productStatusName":"Operational products", "productType":1, "productTypeName":"Forecast products", "productDefinitionTemplate":0, "productDefinitionTemplateName":"Analysis/forecast at horizontal level/layer at a point in time", "parameterCategory":2, "parameterCategoryName":"Momentum", "parameterNumber":2, "parameterNumberName":"U-component_of_wind", "parameterUnit":"m.s-1", "genProcessType":2, "genProcessTypeName":"Forecast", "forecastTime":0, "surface1Type":103, "surface1TypeName":"Specified height level above ground", "surface1Value":10.0, "surface2Type":255, "surface2TypeName":"Missing", "surface2Value":0.0, "gridDefinitionTemplate":0, "gridDefinitionTemplateName":"Latitude_Longitude", "numberPoints":65160, "shape":6, "shapeName":"Earth spherical with radius of 6,371,229.0 m", "gridUnits":"degrees", "resolution":48, "winds":"true", "scanMode":0, "nx":360, "ny":181, "basicAngle":0, "lo1":0.0, "la1":90.0, "lo2":359.0, "la2":-90.0, "dx":1.0, "dy":1.0 }, "data":
[rows 150 to 174 of 181, columns 114 to 170 of 360]
6.6511207,4.3411207,2.6611207,2.0211205,1.8411206,1.9111207,2.5411205,4.1911206,5.221121,6.1611204,7.2011204,8.061121,8.82112,9.221121,8.5811205,8.95112,10.3311205,10.851121,10.891121,11.03112,11.501121,12.131121,12.86112,13.421121,14.051121,14.44112,14.181121,13.851121,12.761121,11.431121,9.641121,8.511121,6.5811205,4.8611207,3.5411205,2.9411206,3.2111206,3.8311205,4.471121,5.0811205,5.9611206,6.6311207,6.6711206,6.221121,5.8511205,7.2011204,8.95112,10.511121,11.65112,12.061121,11.5811205,10.78112,10.41112,10.681121,11.41112,12.181121,13.231121
1.5411206,0.4411206,0.1711206,-0.4488794,-0.6188794,0.061120607,0.9411206,1.9011207,1.9211206,2.2911205,3.3711207,3.1911206,5.5211205,7.5011206,8.431121,8.99112,9.28112,9.601121,9.771121,10.291121,10.811121,11.421121,11.721121,12.171121,12.681121,13.141121,13.211121,12.94112,12.351121,11.61112,10.351121,8.891121,7.4611206,6.2311206,5.9511204,5.9811206,6.1411204,4.6611204,3.4811206,1.1711206,-0.26887938,0.6011206,3.1411207,6.0511208,8.16112,8.961121,8.99112,8.74112,8.82112,9.15112,9.521121,9.631121,9.561121,9.631121,9.961121,10.74112,9.03112
-3.4288795,-3.8288794,-3.3288794,-2.5888793,-1.9088794,-1.2888794,-1.1288794,-0.9688794,0.1511206,0.9011206,0.9511206,1.4511206,2.5711205,3.3311205,5.9411206,6.741121,8.57112,9.16112,9.271121,9.461121,9.8311205,8.601121,8.94112,9.001121,9.311121,9.271121,9.001121,9.141121,8.341121,7.4511204,5.6011205,5.7311206,4.9511204,4.4511204,5.0011206,4.9811206,5.2511206,2.9311206,1.1211206,1.0611206,2.1211207,2.9511206,4.3211207,4.8711205,4.7011204,4.3211207,5.1711206,5.8311205,6.011121,6.0011206,6.1411204,6.8711205,7.8511205,7.6211205,6.8811207,4.2511206,3.8811207
-7.488879,-6.8788795,-6.0588794,-5.2888794,-4.2088795,-2.7188795,-1.5488794,-0.5588794,0.3611206,1.1811206,2.3611207,3.3411207,3.5511205,4.031121,4.9311204,6.0211205,6.6511207,7.761121,7.9611206,8.811121,9.24112,8.381121,7.6911206,7.281121,8.001121,7.6411204,8.681121,8.021121,7.0411205,7.3011208,7.1411204,6.9311204,6.741121,7.031121,6.5411205,5.2111206,0.4711206,-0.19887939,0.6411206,1.9511206,3.3011205,3.3811207,3.6711206,4.0411205,4.4511204,4.6311207,4.9311204,4.721121,4.6411204,4.5611205,5.1011205,5.1811204,5.8011208,6.3211207,2.6911206,-0.56887937,-2.0988793
-10.038879,-8.478879,-6.968879,-5.5888796,-4.3588796,-3.2088795,-1.9688793,-0.62887937,0.5611206,1.4311206,2.1911206,3.1411207,4.011121,4.6611204,5.3011208,6.0411205,7.1211205,7.9811206,8.681121,8.931121,8.481121,7.6211205,6.8511205,6.261121,6.0211205,5.781121,5.6511207,6.0011206,6.721121,7.2911205,6.721121,4.4311204,1.2211206,-0.7088794,-0.7088794,0.1211206,0.8111206,1.7911206,2.7211206,3.3411207,3.7911205,4.1411204,4.3311205,4.4211206,4.4111204,4.3411207,4.221121,4.1111207,4.1111207,4.2111206,4.3511205,4.9311204,5.3311205,1.2811207,-1.9988794,-2.5188794,-2.9488795
-8.698879,-7.2688794,-5.7688794,-4.4788795,-3.3388793,-2.2488794,-1.0988793,0.031120606,0.9811206,1.7911206,2.6511207,3.5511205,4.5611205,5.4511204,6.221121,7.3211207,8.341121,9.12112,8.971121,8.521121,7.6711206,6.9811206,6.6911206,6.2011204,5.6711206,5.0811205,4.721121,4.281121,3.4111207,2.3811207,1.6011206,1.5011206,1.8811206,2.3011205,2.8111205,3.3311205,3.6911206,3.9511206,4.2511206,4.5511208,4.7711205,4.6811204,4.511121,4.3511205,4.261121,4.1311207,3.9911206,3.9111207,3.9111207,3.8811207,4.1111207,4.2011204,0.7011206,-1.0688794,-1.2188793,-1.6588794,-1.8288794
-5.218879,-4.9788795,-3.6188793,-2.4988794,-1.7888794,-1.1888794,-0.5188794,0.2711206,0.3611206,-0.5288794,0.14112061,1.2711205,-0.028879395,2.1711206,5.6411204,6.8711205,6.1111207,4.6911206,3.6811206,0.5711206,3.0611205,2.9911206,2.1311207,3.0311205,2.8911207,3.0311205,2.9111207,3.1111207,2.7811205,1.9911206,1.2911206,2.1611207,3.1711206,3.6111207,4.0511208,4.741121,5.241121,5.4511204,5.5611205,5.6011205,5.4011207,4.971121,4.3811207,3.9911206,3.7411206,3.5311205,3.3311205,3.2511206,3.2011206,3.1411207,3.3811207,2.4911206,0.5511206,0.14112061,-0.0988794,-0.13887939,-0.2188794
-0.3188794,-0.3388794,-4.7888794,-6.4188795,-5.5888796,-5.5488796,-6.028879,-4.9988794,-4.1988792,-2.4988794,-4.6088796,-6.7888794,-0.7388794,0.3111206,-5.5788794,-4.778879,-7.6288795,-5.3488793,-4.8888793,-0.8488794,-2.9288795,-3.9288795,-1.9088794,-2.0688794,-1.3088794,-0.6688794,0.5811206,0.021120606,2.0911207,-0.1788794,3.6411207,3.9911206,3.7711205,4.2711205,5.3611207,5.4211206,4.6011205,4.3011208,4.8911204,5.3111205,4.8611207,4.1011205,3.3911207,2.8811207,2.5911207,2.4511206,2.4311206,2.4411206,2.5911207,2.7411206,2.7011206,2.2511206,1.5411206,1.2011206,1.1611207,1.3211206,1.5111206
-6.7888794,-6.9788795,-7.1788793,-6.6288795,-6.8788795,-7.3588796,-7.9288793,-8.63888,-7.8788795,-7.5988793,-6.9088793,-5.4488792,-5.008879,-5.508879,-6.988879,-7.2288795,-7.3388796,-6.5688796,-7.5488796,-6.2888794,-4.7888794,-3.2288795,-2.0388794,-1.2388794,0.22112061,2.0811205,3.3811207,4.3411207,3.8911207,5.3511205,-0.1288794,-3.8588793,4.971121,7.281121,3.3111205,0.9911206,1.8911206,2.3611207,2.2511206,0.5811206,-0.6588794,0.011120605,0.16112061,-0.058879394,0.5211206,1.3711206,1.7711205,1.8011206,1.8111206,1.9211206,1.9611206,1.9011207,1.9911206,2.0111206,1.9511206,2.1011207,2.5811205
-6.3588796,-7.008879,-7.0488796,-7.5588794,-7.8488793,-8.228879,-8.278879,-8.67888,-8.55888,-8.498879,-8.00888,-7.0788794,-5.7988796,-5.6488795,-5.1688795,-5.5488796,-5.8788795,-6.2988796,-7.4088793,-5.0588794,-4.8788795,-0.5188794,1.0811206,1.4111207,1.4911206,1.8711206,2.1211207,2.5911207,3.3911207,3.6511207,2.5411205,2.7811205,2.6111207,-0.4388794,-2.1788795,-1.9088794,0.7711206,0.5211206,-3.0588794,-3.8488793,-3.7688794,-1.7888794,-1.0588794,1.5011206,2.9311206,3.9311206,3.7311206,3.5911207,3.1211207,2.6511207,2.2511206,2.0711205,1.9811206,1.9211206,2.0711205,2.4511206,2.9911206
-6.508879,-7.218879,-7.5788794,-7.6988792,-7.8288794,-7.9788795,-8.078879,-8.17888,-7.8088794,-7.5888796,-7.4188795,-6.5488796,-5.8788795,-4.8088794,-3.7688794,-3.6688795,-4.0888796,-4.1888795,-3.2988794,-3.4888794,-1.1488794,0.5411206,0.1711206,-0.068879396,-0.16887939,1.2411206,2.7911205,3.9311206,4.8911204,4.3211207,3.2611206,1.9411206,0.5011206,-1.0588794,-1.1888794,-1.1988794,-2.6288793,-3.3288794,-3.0188794,-4.6688795,-5.8988795,-4.988879,-3.9888794,-2.3788793,-3.0288794,1.3911206,2.9211206,1.0811206,1.4211206,1.5111206,1.9011207,2.6111207,2.6111207,2.7511206,3.0111206,3.6211207,4.2311206
-6.8288794,-7.028879,-7.218879,-7.1888795,-6.9088793,-6.9088793,-6.9388795,-6.7988796,-6.6488795,-6.4488792,-6.3188796,-5.968879,-5.3788795,-4.5888796,-3.5688794,-2.9288795,-2.6588793,-2.5188794,-1.7788794,-0.8488794,0.4011206,0.3411206,-0.2388794,0.3911206,1.4711206,2.3111205,3.4611206,3.7411206,3.7511206,2.8111205,1.8611206,-0.038879395,-1.4688793,-1.6988794,-1.7088794,-2.2888794,-3.1288793,-3.4988794,-3.8988793,-4.0988793,-3.9488795,-4.0888796,-4.278879,-4.2488794,-3.5288794,-0.9988794,1.5611206,3.3611207,-2.6288793,-0.1888794,0.1311206,-4.9788795,-0.7188794,1.3811206,2.3911207,2.2511206,3.3411207
-6.218879,-5.6988792,-5.7988796,-5.9488792,-5.9588795,-5.9088793,-5.9588795,-6.0988793,-5.9788795,-5.968879,-5.9388795,-5.5388794,-4.7688794,-3.6888795,-2.9388795,-2.7388794,-2.1088793,-1.2588794,-0.4188794,0.9411206,1.2611206,1.4411206,2.0911207,2.2111206,2.2211206,2.1211207,0.9411206,0.2311206,0.19112061,-0.028879395,-0.5588794,-0.9988794,-1.2088794,-1.5188794,-1.7188793,-1.7988794,-1.8488793,-2.1288793,-2.7488794,-3.0688794,-3.0488794,-3.2988794,-3.6088793,-3.4688795,-2.5188794,-0.2788794,1.3311206,2.0611205,2.5211205,-1.8188794,-2.2388794,-1.7988794,-1.6488794,0.5311206,-0.48887938,0.9011206,2.7811205
-5.4588795,-5.5388794,-5.4388795,-5.3288794,-5.3988795,-5.4088793,-5.258879,-5.1888795,-5.028879,-4.8588796,-4.4988794,-3.8988793,-3.2288795,-2.5088794,-2.2088795,-1.5888793,-0.22887939,0.6911206,1.3711206,1.5911206,2.1411207,2.0211205,1.5611206,1.5211205,1.0411206,0.1811206,-0.3888794,-0.3488794,-0.5788794,-0.8888794,-0.9988794,-0.9788794,-0.8388794,-0.6688794,-0.56887937,-0.7488794,-1.1488794,-1.6788794,-1.8388793,-1.5788794,-1.1388794,-0.6088794,-0.2088794,0.5411206,1.4111207,1.9111207,2.5511205,3.6711206,2.3111205,-0.9888794,-1.8688794,-1.3988794,1.3811206,0.041120604,1.1711206,4.8311205,5.261121
-4.6188793,-4.6188793,-4.5388794,-4.5688796,-4.528879,-4.2488794,-4.028879,-3.9388795,-3.7188795,-3.3488793,-2.7388794,-2.0788794,-1.1788794,-0.4188794,0.0811206,0.9411206,1.3011206,1.4811206,1.9711206,1.9711206,2.6411207,3.2211206,2.6611207,2.1511207,1.6911206,1.5711206,1.5411206,1.1311206,0.7511206,0.5811206,0.5611206,0.5111206,0.5111206,0.62112063,0.8111206,0.9711206,1.1711206,1.4311206,1.8011206,2.3111205,2.8011205,3.5411205,4.1811204,4.741121,6.0811205,7.3111205,6.6711206,2.6511207,0.3511206,2.8211205,3.2811205,2.7011206,3.6411207,6.3311205,6.3611207,3.1611207,2.0311205
-3.3088794,-3.4288795,-3.3288794,-3.1888795,-3.1088793,-2.9888794,-2.7988794,-2.5388794,-2.1188793,-1.4588794,-0.5588794,0.3411206,1.1211206,1.7711205,2.3911207,2.8911207,3.1211207,3.3211205,3.3811207,3.2511206,3.3811207,3.7311206,4.1811204,4.1411204,3.3911207,3.0011206,3.0811205,3.0911207,3.1011207,3.0111206,2.5611205,2.3111205,2.2311206,2.0811205,2.1111207,2.3611207,2.8411207,3.2411206,3.3611207,3.5111206,3.6111207,3.6111207,4.1211205,4.9411206,5.511121,5.9211206,6.4111204,5.4111204,4.3011208,4.991121,6.3911204,6.6711206,4.5411205,-0.42887938,-4.4288793,-3.1488793,-0.07887939
-1.4488794,-1.2688794,-1.0588794,-0.7488794,-0.42887938,0.0011206055,0.5511206,1.0611206,1.5911206,2.1711206,2.6411207,3.0211205,3.5611205,4.1111207,4.5911207,4.8411207,4.761121,4.781121,4.9111204,4.8011208,4.6211205,4.5511208,4.8111205,4.9211206,4.8111205,4.8011208,4.6311207,4.3411207,4.1811204,3.9011207,3.5011206,3.2211206,3.1011207,3.0711205,3.0511205,2.9811206,2.9611206,2.9411206,2.8711207,2.6511207,2.3411207,2.4211206,1.8511206,0.3411206,1.3511206,3.5211205,3.0911207,2.2311206,1.6011206,1.1011206,1.0111206,1.7011206,1.5511206,1.5011206,0.9911206,-2.7888794,-5.2688794
0.9011206,1.2411206,1.6111206,1.9911206,2.3311205,2.6711206,3.0311205,3.2511206,3.4211206,3.6811206,4.031121,4.4311204,4.8911204,5.4411206,5.741121,5.7111206,5.741121,5.7711205,5.8411207,5.8411207,5.7511206,5.7111206,5.781121,5.7511206,5.5911207,5.5211205,5.5211205,5.4111204,5.261121,5.0211205,4.6311207,4.3511205,4.2011204,4.031121,3.9211206,3.9311206,3.8711207,3.6811206,3.6311207,3.7811205,3.7411206,3.3911207,3.3911207,3.2811205,1.6011206,0.1711206,1.4711206,3.1911206,3.6611207,1.3511206,-2.9088793,-4.528879,-2.4688795,-0.9688794,-1.4588794,-1.4788795,0.021120606
1.9911206,2.2511206,2.5011206,2.7811205,3.0211205,3.2511206,3.5111206,3.6911206,3.8711207,4.1411204,4.4011207,4.7011204,5.1111207,5.5811205,5.8411207,5.9411206,6.0211205,6.0911207,6.1011205,6.0511208,5.8911204,5.7111206,5.6511207,5.6711206,5.6811204,5.7011204,5.7011204,5.5511208,5.4311204,5.4511204,5.3611207,5.2311206,5.2011204,5.1511207,5.0411205,5.0611205,5.1311207,5.1211205,5.221121,5.471121,5.6711206,5.721121,4.991121,3.3711207,2.6911206,2.7611206,3.0111206,3.3411207,4.471121,7.8211207,6.5511208,1.2811207,-1.9188794,-0.4688794,2.9311206,4.7511206,4.5211205
2.1011207,2.3511207,2.5511205,2.7511206,2.9911206,3.2211206,3.4411206,3.6811206,3.9011207,4.0711207,4.261121,4.531121,4.8411207,5.2111206,5.491121,5.6311207,5.6811204,5.741121,5.6811204,5.511121,5.3711205,5.3711205,5.3611207,5.3811207,5.4511204,5.5511208,5.6011205,5.5711207,5.5911207,5.741121,5.9311204,6.1211205,6.281121,6.4511204,6.6011205,6.6511207,6.761121,7.0511208,7.2511206,7.1211205,7.2511206,7.5911207,6.011121,5.1711206,4.4311204,3.9111207,3.8511207,5.3511205,6.7511206,9.001121,10.03112,10.37112,9.66112,8.091121,6.5011206,5.5811205,5.1611204
2.5411205,2.7811205,2.9411206,3.0911207,3.1911206,3.2911205,3.4411206,3.5911207,3.6211207,3.6111207,3.6711206,3.8111205,3.9911206,4.241121,4.6611204,4.9111204,4.9011207,4.9111204,5.0911207,5.3011208,5.261121,5.1411204,5.1811204,5.2911205,5.3811207,5.3611207,5.3811207,5.471121,5.7111206,6.0811205,6.3411207,6.511121,7.0511208,8.07112,9.061121,9.12112,8.57112,8.751121,9.36112,8.3311205,5.6711206,3.9811206,4.3711205,4.8611207,4.8311205,5.8611207,9.551121,10.481121,9.801121,8.751121,7.6611204,6.5211205,5.3811207,4.531121,4.011121,3.5811205,2.9911206
3.1211207,3.3611207,3.6511207,3.9411206,4.1711206,4.3211207,4.4211206,4.4511204,4.4511204,4.3811207,4.241121,4.1411204,4.241121,4.6411204,5.2011204,5.7011204,5.9811206,6.1211205,6.1611204,6.1211205,5.9511204,5.741121,5.5011206,5.241121,5.0611205,5.011121,5.0511208,5.0511208,5.0411205,5.1811204,5.4411206,5.6911206,5.8811207,6.1111207,6.3911204,6.531121,6.3611207,5.8911204,4.9311204,3.1711206,1.0111206,-1.1088794,-2.3688793,-1.0588794,2.3311205,4.4511204,4.8411207,4.1211205,3.8411207,4.4511204,5.031121,4.8511205,3.9711206,2.8011205,1.7411206,0.8511206,0.1711206
3.3411207,3.6011207,3.9111207,4.2011204,4.4111204,4.5411205,4.5911207,4.5711207,4.5511208,4.531121,4.4611206,4.2911205,4.0511208,3.7811205,3.4911206,3.2311206,3.0711205,3.0511205,3.1511207,3.2811205,3.4011207,3.5411205,3.6811206,3.7411206,3.6311207,3.2511206,2.7711205,2.3511207,2.0411205,1.7611206,1.4611206,1.1911206,1.0311207,1.0211205,1.0011206,0.8111206,0.3611206,-0.3488794,-0.9388794,-0.9288794,-0.0988794,1.0811206,2.0211205,2.4411206,2.5911207,2.6611207,3.4111207,3.5811205,4.3211207,3.9911206,4.6311207,4.8411207,4.8011208,4.9611206,4.9211206,4.471121,3.5911207
4.3211207,3.8511207,3.3711207,2.9611206,2.6811206,2.5011206,2.4111207,2.3911207,2.4011207,2.4511206,2.5211205,2.5811205,2.6311207,2.7011206,2.7811205,2.8911207,2.9811206,2.9711206,2.8211205,2.5711205,2.3411207,2.1811206,2.1011207,2.0911207,2.1111207,2.1511207,2.2011206,2.2311206,2.2211206,2.1411207,2.0111206,1.8011206,1.4811206,1.1011206,0.7811206,0.6911206,0.9611206,1.6211206,2.4011207,3.0611205,3.5611205,4.0511208,4.5411205,4.0011206,2.2511206,-0.4988794,-2.2088795,-2.3988793,-1.3588794,-1.0388794,-1.6388794,-1.9288794,-0.7288794,1.3311206,2.9311206,2.7911205,1.6411206
3.9111207,3.9011207,3.9011207,3.9211206,3.9511206,4.0011206,4.0411205,4.031121,3.9811206,3.8811207,3.7711205,3.6411207,3.4811206,3.2811205,3.0611205,2.8211205,2.6211207,2.4911206,2.4111207,2.3711207,2.3211205,2.2211206,2.0511205,1.8211206,1.5511206,1.3011206,1.1111206,1.0111206,0.9611206,0.93112063,0.8811206,0.8211206,0.7411206,0.6711206,0.62112063,0.5811206,0.5611206,0.5311206,0.48112062,0.3311206,-0.008879394,-0.6388794,-1.4888794,-2.2088795,-2.2988794,-1.2988794,0.7711206,3.1111207,4.5411205,3.9011207,1.6711206,-1.0488794,-2.4088793,-1.5488794,1.0311207,3.1211207,3.8311205
