raw-data/2018091700.json
{"header": { "discipline":0, "disciplineName":"Meteorological products", "gribEdition":2, "gribLength":74438, "center":7, "centerName":"US National Weather Service - NCEP(WMC)", "subcenter":0, "refTime":"2018-09-17T00:00:00.000Z", "significanceOfRT":1, "significanceOfRTName":"Start of forecast", "productStatus":0, "productStatusName":"Operational products", "productType":1, "productTypeName":"Forecast products", "productDefinitionTemplate":0, "productDefinitionTemplateName":"Analysis/forecast at horizontal level/layer at a point in time", "parameterCategory":2, "parameterCategoryName":"Momentum", "parameterNumber":2, "parameterNumberName":"U-component_of_wind", "parameterUnit":"m.s-1", "genProcessType":2, "genProcessTypeName":"Forecast", "forecastTime":0, "surface1Type":103, "surface1TypeName":"Specified height level above ground", "surface1Value":10.0, "surface2Type":255, "surface2TypeName":"Missing", "surface2Value":0.0, "gridDefinitionTemplate":0, "gridDefinitionTemplateName":"Latitude_Longitude", "numberPoints":65160, "shape":6, "shapeName":"Earth spherical with radius of 6,371,229.0 m", "gridUnits":"degrees", "resolution":48, "winds":"true", "scanMode":0, "nx":360, "ny":181, "basicAngle":0, "lo1":0.0, "la1":90.0, "lo2":359.0, "la2":-90.0, "dx":1.0, "dy":1.0 }, "data":
[rows 104 to 129 of 181, columns 59 to 117 of 360]
-2.681189,-8.121189,-7.931189,-8.001189,-9.271189,-12.461189,-12.971189,-9.931189,-9.131189,-8.521189,-8.001189,-7.5011888,-6.441189,-5.981189,-6.291189,-8.071189,-8.7611885,-9.221189,-9.621189,-9.901189,-9.171189,-8.861189,-8.7611885,-8.921189,-9.321189,-9.781189,-9.621189,-9.341189,-9.331189,-9.781189,-9.861189,-9.631189,-9.311189,-9.591189,-9.541189,-9.831189,-9.711189,-8.891189,-8.361189,-7.991189,-8.081189,-8.211189,-8.101189,-7.811189,-7.181189,-6.901189,-6.121189,-5.731189,-5.321189,-4.881189,-4.5211887,-4.111189,-3.6211889,-3.231189,-3.311189,-3.541189,-3.601189,-3.661189,-3.531189
-4.671189,-8.941189,-8.631189,-8.571189,-10.091189,-10.501189,-10.201189,-9.531189,-9.071189,-8.021189,-7.851189,-7.361189,-6.461189,-6.041189,-6.881189,-8.681189,-8.971189,-9.311189,-9.531189,-8.971189,-8.491189,-8.7611885,-8.611189,-9.731189,-10.271189,-10.121189,-9.441189,-9.401189,-9.411189,-9.601189,-9.931189,-9.821189,-9.431189,-9.321189,-9.171189,-9.601189,-9.721189,-10.101189,-8.991189,-8.631189,-8.061189,-8.601189,-8.061189,-7.921189,-7.171189,-6.691189,-6.151189,-5.841189,-5.5211887,-5.131189,-4.821189,-4.561189,-4.221189,-3.791189,-3.361189,-3.281189,-3.291189,-3.1211889,-2.921189
-5.281189,-8.181189,-8.451189,-8.571189,-9.2611885,-9.451189,-9.321189,-8.581189,-8.081189,-8.041189,-8.061189,-7.301189,-6.661189,-6.511189,-8.221189,-8.861189,-9.071189,-8.941189,-8.851189,-8.521189,-8.791189,-8.451189,-8.621189,-9.401189,-10.0111885,-9.611189,-8.601189,-8.911189,-9.951189,-10.731189,-10.721189,-9.921189,-9.301189,-9.121189,-9.381189,-9.161189,-8.881189,-9.411189,-8.671189,-8.831189,-8.441189,-8.501189,-8.681189,-7.601189,-7.341189,-6.981189,-6.361189,-5.891189,-5.631189,-5.331189,-5.0211887,-4.811189,-4.5211887,-4.011189,-3.521189,-2.841189,-2.741189,-2.411189,-1.871189
-4.781189,-7.321189,-7.661189,-8.091189,-8.151189,-8.411189,-8.331189,-7.761189,-7.581189,-7.931189,-7.971189,-7.461189,-7.291189,-7.701189,-8.911189,-9.021189,-9.121189,-8.931189,-8.791189,-8.821189,-8.941189,-8.641189,-9.041189,-9.321189,-9.401189,-8.951189,-10.201189,-11.201189,-11.601189,-11.631189,-11.121189,-10.0111885,-9.621189,-9.081189,-8.721189,-8.621189,-8.601189,-8.421189,-9.001189,-8.701189,-8.161189,-8.161189,-8.061189,-7.421189,-7.351189,-7.171189,-6.601189,-6.091189,-5.661189,-5.2711887,-4.951189,-4.7711887,-4.511189,-3.941189,-3.1311889,-2.541189,-2.011189,-1.871189,-2.061189
-4.931189,-4.811189,-6.681189,-7.121189,-7.151189,-7.611189,-7.731189,-7.541189,-7.101189,-7.441189,-7.7511888,-7.631189,-8.161189,-8.711189,-9.151189,-9.051189,-8.901189,-8.901189,-8.871189,-9.241189,-9.401189,-9.201189,-8.831189,-8.981189,-10.101189,-10.501189,-10.861189,-11.111189,-11.131189,-10.681189,-10.091189,-9.271189,-9.741189,-9.471189,-9.151189,-9.181189,-9.411189,-9.271189,-9.151189,-9.051189,-8.281189,-7.991189,-7.341189,-7.421189,-7.2711887,-7.101189,-6.831189,-6.221189,-5.741189,-5.181189,-4.891189,-4.481189,-4.0211887,-3.571189,-2.861189,-2.071189,-1.161189,-0.32118896,-0.581189
-4.361189,-4.431189,-5.7511888,-5.731189,-6.5011888,-7.381189,-7.091189,-6.841189,-6.5011888,-6.891189,-7.631189,-8.151189,-8.841189,-8.641189,-8.171189,-8.0111885,-8.171189,-8.611189,-8.601189,-9.081189,-9.121189,-9.341189,-9.801189,-10.651189,-10.691189,-10.831189,-11.091189,-11.041189,-10.771189,-10.291189,-9.701189,-9.361189,-9.991189,-9.991189,-9.441189,-9.081189,-9.2611885,-9.351189,-9.171189,-8.721189,-7.921189,-7.301189,-7.0211887,-6.741189,-6.931189,-6.661189,-6.571189,-6.2511888,-5.681189,-5.311189,-4.931189,-4.421189,-3.841189,-3.091189,-2.301189,-1.291189,-0.37118897,0.62881106,1.518811
-3.821189,-3.911189,-3.6511889,-4.491189,-5.231189,-6.441189,-6.711189,-6.301189,-5.781189,-6.311189,-7.351189,-7.801189,-8.141189,-7.881189,-7.801189,-7.681189,-8.711189,-8.631189,-9.711189,-10.411189,-10.221189,-10.911189,-11.081189,-10.941189,-11.001189,-10.971189,-10.671189,-10.621189,-10.471189,-10.181189,-10.091189,-9.991189,-10.031189,-9.931189,-9.991189,-9.841189,-9.701189,-9.521189,-9.691189,-9.171189,-8.821189,-8.301189,-7.781189,-7.471189,-7.201189,-6.681189,-6.2711887,-5.911189,-5.551189,-5.261189,-4.981189,-4.541189,-3.951189,-3.091189,-2.041189,-0.73118895,0.49881104,2.068811,2.728811
-3.231189,-2.981189,-2.471189,-2.841189,-4.151189,-5.431189,-5.221189,-5.461189,-5.371189,-5.801189,-6.851189,-7.591189,-7.631189,-7.311189,-7.361189,-7.811189,-8.041189,-8.851189,-9.7611885,-9.971189,-10.461189,-10.931189,-11.271189,-11.321189,-11.311189,-10.951189,-10.581189,-10.2611885,-10.171189,-10.281189,-10.291189,-10.471189,-10.491189,-10.471189,-10.241189,-10.021189,-9.891189,-9.811189,-9.651189,-9.621189,-9.441189,-9.081189,-8.671189,-8.301189,-7.951189,-7.571189,-7.141189,-6.681189,-5.851189,-5.411189,-5.0211887,-4.631189,-3.821189,-3.1411889,-2.361189,-0.72118896,1.0588111,1.758811,1.388811
-1.351189,-2.041189,-0.881189,0.11881103,-2.491189,-3.431189,-4.211189,-4.221189,-4.871189,-5.411189,-6.011189,-6.871189,-6.881189,-6.5211887,-7.071189,-7.921189,-8.221189,-8.791189,-9.691189,-9.901189,-10.571189,-11.051189,-11.141189,-11.101189,-10.881189,-10.401189,-10.321189,-10.461189,-10.2611885,-10.061189,-10.041189,-10.471189,-10.5111885,-10.671189,-10.651189,-10.491189,-10.331189,-10.351189,-10.291189,-10.071189,-9.881189,-9.721189,-9.441189,-9.181189,-8.661189,-8.131189,-7.691189,-7.2511888,-6.301189,-5.881189,-5.151189,-4.651189,-3.771189,-3.001189,-2.601189,-0.97118896,0.47881103,-0.26118895,0.048811033
0.108811036,-0.071188964,-0.011188965,1.138811,0.798811,-1.4511889,-2.241189,-3.411189,-3.931189,-4.091189,-5.201189,-6.061189,-5.971189,-5.841189,-6.451189,-7.581189,-8.091189,-8.201189,-8.321189,-9.321189,-9.951189,-10.391189,-10.471189,-10.441189,-10.101189,-9.941189,-10.231189,-10.441189,-10.471189,-10.501189,-10.311189,-9.981189,-10.161189,-10.371189,-10.571189,-10.771189,-10.791189,-10.771189,-10.631189,-10.441189,-10.2611885,-10.061189,-9.861189,-9.501189,-9.031189,-8.481189,-7.911189,-7.601189,-7.091189,-6.461189,-5.7711887,-5.081189,-4.0211887,-3.291189,-3.551189,-0.93118894,-0.68118894,-0.0011889648,1.098811
1.958811,1.758811,1.988811,2.548811,3.578811,0.678811,-0.28118896,-1.791189,-2.571189,-1.9411889,-4.481189,-5.101189,-4.871189,-5.371189,-5.701189,-6.621189,-7.311189,-7.781189,-8.211189,-8.521189,-9.141189,-9.571189,-9.991189,-10.161189,-10.151189,-9.881189,-10.221189,-10.351189,-10.2611885,-10.371189,-10.431189,-10.561189,-10.361189,-10.2611885,-10.411189,-10.591189,-10.841189,-11.021189,-10.931189,-10.671189,-10.361189,-10.031189,-9.771189,-9.491189,-9.021189,-8.531189,-7.871189,-7.571189,-7.421189,-7.0011888,-6.491189,-6.191189,-5.531189,-5.061189,-5.161189,-2.071189,-1.021189,0.22881104,-0.26118895
3.178811,3.248811,3.228811,3.328811,3.3688111,5.018811,1.4088111,0.26881105,-0.72118896,-1.921189,-3.201189,-4.111189,-4.141189,-5.071189,-5.511189,-6.2511888,-6.871189,-7.661189,-7.7511888,-8.401189,-8.871189,-9.351189,-9.621189,-9.921189,-10.051189,-9.951189,-9.711189,-9.651189,-9.901189,-10.091189,-10.151189,-10.311189,-10.331189,-10.321189,-10.2611885,-10.371189,-10.561189,-10.481189,-10.401189,-10.101189,-9.871189,-9.741189,-9.371189,-8.991189,-8.571189,-8.101189,-7.621189,-7.061189,-6.911189,-6.711189,-6.291189,-6.221189,-5.7511888,-5.591189,-6.591189,-3.801189,-2.211189,-2.241189,-2.191189
4.278811,4.138811,4.428811,4.378811,3.998811,5.098811,4.428811,1.2888111,-0.43118897,-0.42118895,-2.071189,-3.201189,-3.451189,-4.471189,-4.971189,-5.741189,-6.331189,-6.831189,-7.541189,-8.0111885,-8.401189,-8.581189,-8.701189,-9.031189,-9.381189,-9.611189,-9.7611885,-9.821189,-9.821189,-9.741189,-9.801189,-9.731189,-9.721189,-9.841189,-9.821189,-10.041189,-10.0111885,-9.901189,-9.841189,-9.691189,-9.531189,-9.251189,-8.981189,-8.531189,-8.061189,-7.641189,-7.211189,-6.891189,-6.571189,-6.311189,-5.981189,-5.801189,-5.351189,-4.871189,-6.541189,-5.601189,-4.491189,-3.721189,-2.831189
5.528811,5.208811,5.148811,5.278811,4.828811,5.108811,5.638811,1.868811,0.48881105,-0.14118896,-0.97118896,-2.221189,-3.051189,-3.511189,-3.921189,-4.731189,-5.451189,-6.111189,-6.891189,-7.431189,-7.991189,-8.031189,-8.111189,-8.391189,-8.561189,-8.621189,-8.801189,-9.081189,-9.461189,-9.441189,-9.471189,-8.941189,-9.021189,-9.741189,-10.201189,-10.071189,-9.701189,-9.471189,-9.421189,-9.391189,-9.391189,-9.131189,-8.721189,-8.311189,-8.031189,-7.541189,-7.161189,-6.901189,-6.631189,-6.291189,-5.941189,-5.371189,-5.141189,-4.701189,-4.491189,-5.011189,-4.341189,-3.8911889,-4.101189
7.438811,5.818811,6.078811,6.198811,5.718811,5.128811,6.138811,2.448811,0.76881105,0.43881103,0.06881104,-1.021189,-2.241189,-2.831189,-3.001189,-3.851189,-4.5211887,-5.691189,-6.221189,-6.891189,-6.961189,-7.621189,-7.661189,-7.451189,-7.331189,-7.801189,-8.481189,-8.581189,-8.661189,-8.691189,-8.651189,-8.141189,-9.151189,-9.7611885,-9.731189,-9.501189,-9.421189,-9.181189,-9.251189,-9.201189,-8.931189,-8.491189,-8.021189,-7.681189,-7.371189,-6.991189,-6.551189,-6.2711887,-6.141189,-5.901189,-5.641189,-5.421189,-5.0211887,-4.421189,-4.041189,-5.411189,-4.051189,-3.571189,-3.991189
6.678811,7.828811,6.628811,7.218811,6.648811,6.068811,6.118811,4.158811,1.5488111,0.868811,0.728811,-0.12118897,-1.8311889,-2.571189,-2.801189,-3.411189,-3.841189,-4.871189,-5.091189,-5.211189,-5.741189,-6.441189,-6.351189,-6.171189,-6.341189,-7.591189,-8.121189,-8.831189,-8.381189,-7.811189,-7.941189,-8.721189,-9.041189,-8.501189,-8.681189,-8.811189,-8.601189,-8.471189,-8.491189,-8.371189,-8.121189,-7.621189,-7.011189,-6.601189,-6.311189,-5.911189,-5.431189,-5.071189,-5.0211887,-4.841189,-4.5011888,-4.311189,-4.171189,-4.051189,-3.771189,-3.081189,-3.791189,-3.481189,-2.6511889
6.788811,7.578811,8.418811,7.4788113,7.398811,6.648811,5.848811,6.168811,2.238811,2.338811,0.21881104,-0.16118896,-1.4611889,-2.021189,-2.091189,-2.481189,-2.8711889,-4.351189,-4.131189,-3.831189,-4.571189,-5.381189,-5.811189,-5.291189,-5.171189,-7.211189,-7.671189,-7.221189,-6.721189,-6.491189,-6.581189,-6.741189,-7.451189,-7.491189,-7.681189,-7.721189,-7.611189,-7.561189,-7.5211887,-7.281189,-7.051189,-6.561189,-5.911189,-5.471189,-4.951189,-4.5211887,-4.061189,-3.691189,-3.251189,-2.991189,-2.741189,-2.551189,-2.571189,-2.611189,-2.691189,-2.181189,-3.911189,-2.961189,-1.891189
7.138811,7.708811,7.518811,8.678811,7.838811,6.488811,6.4788113,6.898811,6.288811,1.0488111,0.47881103,-0.501189,-1.031189,-1.421189,-1.031189,-2.1411889,-2.661189,-3.931189,-3.091189,-3.671189,-4.141189,-4.641189,-4.201189,-3.1311889,-6.101189,-6.351189,-5.981189,-5.641189,-4.551189,-4.761189,-4.971189,-5.5011888,-5.911189,-6.161189,-6.401189,-6.641189,-6.721189,-6.571189,-6.361189,-6.151189,-5.821189,-5.221189,-4.561189,-3.991189,-3.341189,-2.931189,-2.551189,-2.191189,-1.401189,-1.0611889,-0.87118894,-0.61118895,-0.29118896,-0.35118896,-0.581189,-0.521189,-1.861189,-1.5911889,-0.19118896
7.678811,8.198811,7.368811,7.518811,8.628811,7.328811,6.078811,5.898811,4.778811,1.4188111,-0.62118894,-0.68118894,0.11881103,-0.21118897,-0.87118894,-1.8311889,-2.111189,-2.291189,-2.281189,-2.941189,-2.841189,-2.751189,-2.831189,-3.801189,-4.7711887,-4.401189,-3.791189,-3.321189,-3.291189,-3.611189,-3.761189,-4.181189,-4.381189,-4.601189,-4.941189,-5.401189,-5.651189,-5.621189,-5.131189,-4.701189,-4.291189,-3.331189,-2.811189,-2.181189,-1.531189,-1.161189,-1.021189,-0.571189,0.28881103,0.84881103,0.93881106,1.278811,1.7888111,2.058811,2.078811,2.238811,2.538811,-0.13118896,1.4288111
7.988811,8.778811,7.968811,7.888811,8.538811,9.038811,6.538811,5.4988112,3.998811,2.748811,0.34881103,0.81881106,1.1688111,0.46881104,0.26881105,-0.67118895,-0.78118896,-0.55118895,-0.72118896,-1.0611889,-1.011189,-0.99118894,-0.961189,-1.1911889,-2.491189,-2.701189,-2.541189,-2.301189,-2.101189,-2.191189,-2.271189,-2.551189,-2.681189,-2.971189,-3.491189,-3.791189,-4.011189,-4.041189,-3.661189,-2.821189,-2.421189,-1.381189,-0.98118895,-0.33118898,0.33881104,0.22881104,0.47881103,0.93881106,1.5388111,2.208811,2.338811,2.8588111,3.188811,3.588811,3.8588111,4.388811,4.758811,1.5388111,2.968811
8.688811,9.208811,8.868811,8.958811,9.358811,8.978811,8.838811,6.218811,4.238811,3.248811,1.478811,1.9188111,1.618811,0.998811,0.64881104,-0.041188966,0.18881103,0.23881103,0.51881105,0.45881104,0.40881103,0.62881106,1.318811,1.3088111,0.798811,-0.67118895,-1.231189,-1.231189,-0.53118896,-0.19118896,-0.53118896,-0.59118897,-0.85118896,-1.291189,-1.651189,-1.791189,-1.9611889,-2.071189,-1.241189,-0.72118896,-0.011188965,0.70881104,1.0588111,1.6588111,1.998811,1.828811,2.088811,2.488811,3.058811,3.338811,3.718811,4.328811,4.678811,5.018811,5.468811,5.7488112,4.348811,1.448811,4.048811
9.958811,9.858811,10.038811,9.518811,9.418811,9.258811,9.158811,8.808811,4.578811,4.698811,2.228811,2.198811,2.448811,2.498811,1.738811,1.0388111,1.198811,1.3088111,1.9388111,2.208811,2.208811,2.708811,3.538811,3.998811,3.008811,1.208811,0.47881103,0.08881103,0.18881103,1.508811,1.568811,1.478811,1.0588111,0.978811,0.68881106,0.57881105,0.858811,1.318811,1.4188111,2.188811,2.508811,3.038811,3.238811,3.558811,3.488811,3.498811,3.558811,3.938811,4.198811,4.438811,4.958811,5.698811,6.168811,6.458811,7.078811,7.188811,7.438811,7.608811,4.538811
10.118811,9.928811,10.008811,10.258811,10.038811,10.218811,10.188811,10.018811,7.048811,5.648811,4.838811,3.718811,3.518811,3.888811,3.298811,2.6288111,2.548811,3.158811,3.718811,4.028811,4.138811,4.518811,5.338811,5.7488112,4.338811,3.188811,1.948811,1.218811,1.508811,3.8788111,4.168811,3.6288111,3.658811,3.388811,3.498811,3.638811,3.8588111,4.118811,4.568811,4.518811,5.018811,4.858811,5.188811,5.2488112,5.258811,5.2488112,5.058811,5.138811,5.448811,5.878811,6.318811,6.878811,7.428811,7.7488112,8.448811,8.468811,9.288811,9.648811,9.668811
8.148811,9.188811,9.558811,10.038811,11.078811,11.468811,11.648811,10.968811,10.228811,6.908811,5.818811,5.418811,4.508811,4.418811,4.018811,3.898811,4.118811,4.418811,4.7488112,5.058811,5.508811,5.7488112,6.838811,6.698811,4.7288113,3.488811,3.308811,2.708811,2.398811,5.528811,6.198811,5.838811,5.648811,5.888811,5.818811,5.908811,6.048811,6.358811,6.368811,6.568811,6.568811,6.718811,6.838811,6.598811,6.818811,6.648811,6.4988112,6.338811,6.818811,6.988811,7.278811,7.608811,7.798811,8.628811,9.258811,9.638811,9.898811,10.278811,10.388811
7.418811,9.098811,10.648811,10.848811,11.458811,12.948811,13.168811,12.118811,10.878811,9.708811,6.768811,6.358811,5.928811,5.788811,5.358811,5.148811,5.138811,5.348811,5.578811,5.908811,6.258811,6.848811,7.2288113,6.348811,4.138811,3.568811,4.418811,3.898811,3.718811,5.768811,7.568811,7.428811,7.438811,7.758811,7.848811,7.778811,7.788811,7.858811,7.878811,8.018811,7.9788113,8.228811,8.158811,7.898811,7.918811,7.798811,7.238811,6.7488112,7.458811,7.7488112,7.908811,8.098811,8.338811,9.298811,9.408811,9.938811,10.138811,10.638811,11.328811
6.438811,6.858811,7.548811,7.928811,9.358811,14.068811,15.528811,13.598811,11.728811,9.508811,8.278811,6.958811,7.058811,6.898811,6.808811,6.558811,6.318811,6.378811,6.548811,6.668811,6.918811,7.168811,6.948811,6.028811,4.778811,4.578811,4.928811,5.088811,5.078811,6.628811,8.228811,8.568811,8.558811,8.948811,9.118811,9.118811,9.158811,9.158811,9.218811,8.918811,9.048811,9.148811,9.138811,8.938811,8.928811,8.868811,8.358811,7.888811,7.948811,8.518811,8.678811,9.048811,9.268811,9.418811,10.038811,10.418811,10.388811,10.948811,12.228811
