raw-data/2018091718.json
{"header": { "discipline":0, "disciplineName":"Meteorological products", "gribEdition":2, "gribLength":74832, "center":7, "centerName":"US National Weather Service - NCEP(WMC)", "subcenter":0, "refTime":"2018-09-17T18:00:00.000Z", "significanceOfRT":1, "significanceOfRTName":"Start of forecast", "productStatus":0, "productStatusName":"Operational products", "productType":1, "productTypeName":"Forecast products", "productDefinitionTemplate":0, "productDefinitionTemplateName":"Analysis/forecast at horizontal level/layer at a point in time", "parameterCategory":2, "parameterCategoryName":"Momentum", "parameterNumber":3, "parameterNumberName":"V-component_of_wind", "parameterUnit":"m.s-1", "genProcessType":2, "genProcessTypeName":"Forecast", "forecastTime":0, "surface1Type":103, "surface1TypeName":"Specified height level above ground", "surface1Value":10.0, "surface2Type":255, "surface2TypeName":"Missing", "surface2Value":0.0, "gridDefinitionTemplate":0, "gridDefinitionTemplateName":"Latitude_Longitude", "numberPoints":65160, "shape":6, "shapeName":"Earth spherical with radius of 6,371,229.0 m", "gridUnits":"degrees", "resolution":48, "winds":"true", "scanMode":0, "nx":360, "ny":181, "basicAngle":0, "lo1":0.0, "la1":90.0, "lo2":359.0, "la2":-90.0, "dx":1.0, "dy":1.0 }, "data":
[rows 26 to 51 of 181, columns 0 to 58 of 360]
7.204747,7.2547474,7.2347474,7.3647475,7.3347473,7.324747,6.8147473,5.744747,5.1347475,4.994747,4.494747,1.9847473,2.3447473,1.4447473,0.5347473,0.80474734,0.62474734,0.5147473,0.17474732,-0.015252685,0.10474732,-0.7052527,-2.6552527,-2.3152528,-0.50525266,-0.4452527,0.24474731,0.7747473,0.44474733,0.5947473,0.9647473,1.4247473,1.7147473,1.8647473,1.9747473,2.1947472,2.4147472,4.204747,2.6947472,2.1347473,2.1847472,2.0547473,2.1847472,2.1547472,1.9747473,2.0147474,1.8347473,1.3747473,1.2047473,1.1547474,0.80474734,0.5147473,0.35474733,0.114747316,-0.4052527,-1.3252527,1.8547473,5.8747473,5.414747
6.9047475,7.0647473,7.3647475,7.6547475,7.8547473,7.4047475,8.044747,6.204747,1.3647473,-0.045252685,-0.38525268,1.1447473,3.4847474,2.0847473,1.1247473,1.3447473,1.1947473,1.3247473,1.0047473,-1.0152527,-3.4852526,-3.2852526,0.044747315,0.024747314,-1.1452527,-0.7752527,-1.7252526,-1.8352526,-3.0152526,-1.0852526,0.024747314,0.4347473,0.81474733,1.7947474,2.4947474,2.3947473,2.2647474,2.4447472,2.6347473,2.3747473,2.2247474,2.1347473,2.1747472,1.9947473,2.0747473,1.9447473,1.6847473,1.5747473,1.4447473,1.0647473,0.7847473,0.5347473,0.2847473,-0.3752527,-0.5252527,-0.8952527,1.6247473,4.994747,6.0247474
7.5947475,7.914747,8.064747,8.534747,9.074747,9.1347475,2.0847473,3.7347474,2.6847472,2.7847474,4.664747,3.2147474,5.0447474,2.2047472,1.0547473,2.1047473,1.7347473,1.0647473,1.1747473,-0.7152527,-3.3052528,-5.6352525,-1.0852526,-1.8952527,-2.1652527,-2.1152527,-2.4152527,-2.2552526,-1.8552527,-1.2552527,1.1747473,1.8747473,2.2847474,4.7547474,3.2447474,9.614747,4.3847475,2.5847473,2.5847473,2.4847474,2.3847473,2.2747474,1.9847473,2.4047472,2.2047472,1.9247473,1.5947473,1.5647473,1.2847474,1.2247473,0.9247473,0.2847473,0.12474731,-0.6352527,-0.87525266,-0.4452527,0.9447473,5.0447474,6.6147475
6.5647473,6.6247473,7.454747,8.644748,8.894748,8.374747,3.3347473,3.6447473,2.3047473,2.3247473,1.9547473,2.4047472,1.7147473,1.4647473,1.2547473,1.2947474,1.6547474,1.8247473,0.55474734,-2.3352528,-3.7652526,-4.2052526,-0.9752527,-1.1852527,-1.2152526,-0.9752527,-0.87525266,-0.24525268,0.17474732,0.7047473,2.1147473,2.0347474,3.0747473,5.704747,5.4847474,4.3547473,7.434747,3.1747472,2.8547473,2.5347474,2.3947473,2.4147472,2.3247473,2.2147474,1.9847473,1.8647473,1.5347474,1.6047473,1.3747473,1.1047473,0.8647473,0.32474732,-0.24525268,-0.9152527,-0.8252527,-1.0652527,1.8047473,5.414747,5.494747
10.404747,10.184748,9.664747,9.264748,9.014748,9.024747,3.2647474,3.9447472,4.7147474,1.6347473,2.2647474,2.6747472,1.9047474,1.6147473,1.4547473,0.9647473,0.8947473,0.8247473,0.6747473,-1.6352527,-2.7852526,-1.9652526,-3.1352527,-2.5952528,-2.2052526,-3.4252527,-3.4852526,-3.1852527,-2.3852527,-0.5952527,1.8547473,2.4647474,3.8747473,4.7147474,5.1047473,5.434747,4.9647474,4.3447475,3.6547472,2.6347473,2.5547473,2.3547473,2.1447473,2.0547473,2.0147474,1.7947474,1.6647474,1.4447473,1.1747473,0.9247473,0.41474733,-0.23525268,-0.8552527,-0.8052527,-1.3952527,-0.69525266,2.7947474,4.7947474,4.4447474
8.784747,8.944747,8.704747,8.594748,8.554748,9.414747,2.6547472,3.2647474,3.1947472,2.8847473,5.474747,5.284747,1.6547474,3.0247474,2.4047472,1.3147473,1.0547473,0.7247473,0.3747473,-1.1152527,-3.7952528,-4.7052526,-4.9152527,-2.8452528,0.12474731,1.0247474,1.1147473,1.2547473,1.0947473,1.3047473,1.4347473,2.6047473,3.6047473,3.8147473,4.4647474,4.6447473,4.244747,3.5347474,4.6547475,2.2047472,2.7447474,2.1947472,2.0347474,1.7047473,1.6547474,1.2447473,0.8447473,0.50474733,0.16474731,-0.20525269,-0.81525266,-0.74525267,-0.75525266,-1.7952527,-1.8652527,0.29474732,3.1747472,3.4347472,2.5347474
10.394748,9.644748,9.154747,8.674747,8.174747,7.3847475,6.554747,3.3247473,3.5347474,4.9447474,4.414747,4.2147474,1.7447473,1.6447473,1.3447473,0.9747473,0.56474733,-0.4952527,-2.5652528,-1.6852527,-2.6952527,-3.4852526,-1.6752527,-0.5252527,-0.0052526854,0.6747473,0.9447473,1.1447473,0.29474732,0.8447473,1.9547473,3.2047472,3.2847474,3.5647473,3.5047474,3.5447474,3.2347474,3.8447473,2.9047472,2.4147472,2.0147474,1.8847473,1.3547473,0.9547473,0.9247473,0.4347473,-0.10525268,-0.6052527,-0.7252527,-0.87525266,-1.7652527,-2.2252526,-2.9352527,-2.5152526,-0.7852527,2.2047472,2.8647473,2.4847474,2.0147474
9.084747,8.674747,8.504747,8.184748,7.8747473,7.3747473,6.784747,6.4047475,6.0947475,3.4747474,2.1647472,5.3447475,4.034747,0.81474733,0.8447473,0.7647473,0.75474733,0.9747473,-0.29525268,0.13474731,-1.7052526,-1.1152527,0.6947473,0.7147473,0.44474733,0.6147473,0.41474733,0.8947473,1.8647473,2.7847474,2.7547474,2.9747474,3.1347473,2.8647473,2.7847474,2.8947473,2.4347472,2.2347474,2.7247474,1.8847473,1.7447473,1.1747473,0.75474733,0.13474731,-0.2852527,-0.7952527,-1.0952526,-1.2252526,-1.3352526,-2.2652526,-2.3452528,-2.2452526,-3.2752526,-0.9752527,2.6947472,3.9247472,2.4347472,1.6047473,0.6947473
8.784747,8.934748,8.804748,9.034747,9.464747,9.1347475,8.624747,7.8547473,6.1247473,2.9647474,2.9647474,4.8347473,3.6747472,1.6447473,1.0047473,2.0147474,2.5247474,2.6547472,1.7347473,1.2847474,0.41474733,0.24474731,1.3947473,1.5047473,1.4147474,1.6447473,1.4647473,1.5347474,1.9947473,2.2547474,2.4147472,2.4547472,2.5047474,2.6347473,2.5647473,2.2347474,2.2347474,1.8047473,1.1747473,0.8447473,0.6147473,0.4747473,-0.5952527,-0.93525267,-1.6952527,-2.2252526,-1.5652527,-2.1352527,-2.8652527,-3.7852526,-4.4352527,-4.9152527,-0.93525267,0.7647473,0.26474732,-1.1452527,-1.8252527,-0.99525267,1.7447473
8.824747,8.684748,9.054748,9.624747,9.614747,8.814747,7.8147473,6.434747,4.744747,2.1647472,1.7347473,1.7347473,1.9947473,2.7847474,2.1347473,1.4547473,1.7647473,1.8147473,2.0847473,0.7847473,0.17474732,0.8447473,0.3147473,0.5147473,1.1247473,1.9747473,1.8047473,2.9947474,2.9447472,3.2947474,2.7247474,2.7247474,2.1647472,2.0347474,1.6247473,1.2947474,1.2347473,1.0847473,0.8247473,0.084747314,-0.3452527,-0.87525266,-1.6952527,-2.1052527,-2.4852526,-3.1152527,-2.8052528,-3.9252527,-5.965253,-6.5952525,-4.4152527,-2.1752527,-2.3652527,-2.9252527,0.8547473,0.62474734,-0.8452527,-0.20525269,2.4847474
5.1347475,7.454747,10.504747,9.934748,8.914747,7.5047474,4.6347475,1.4547473,0.4747473,0.44474733,-0.13525268,0.6647473,1.3447473,0.8647473,-0.15525268,-0.4152527,0.5447473,0.39474732,-0.0052526854,1.1747473,1.6847473,2.4247472,2.2147474,1.6947473,1.8747473,2.8747473,2.7347474,3.0947473,2.5147474,1.9247473,2.2547474,2.0047474,1.9347473,1.6347473,1.0947473,0.6447473,0.38474733,0.12474731,-0.45525268,-1.2852527,-2.1552527,-2.0952528,-2.7352526,-3.1252527,-4.0752525,-5.045253,-4.4552526,-6.275253,-6.0152526,-4.465253,-4.1152525,-5.5552526,-2.1152527,2.5047474,0.35474733,-1.6652527,-1.8352526,1.0947473,0.50474733
4.3747473,6.494747,9.494747,7.764747,6.704747,3.3847473,1.9247473,2.0047474,1.2547473,1.0247474,1.1747473,0.06474731,-0.39525267,0.07474732,0.62474734,1.4247473,1.0847473,1.7647473,1.9147474,2.2147474,2.7547474,2.2947474,1.9347473,2.6447473,2.6947472,2.7147474,2.2647474,2.1047473,1.3847473,1.5147473,2.0647473,1.6247473,1.8047473,1.1847473,0.5247473,0.014747314,-0.69525266,-0.75525266,-1.9352527,-2.3552527,-2.5052526,-4.0952525,-3.9952526,-5.2452526,-6.815253,-6.7252526,-7.295253,-5.1552525,-5.5352526,-6.195253,-7.1252527,-0.13525268,0.99474734,0.2747473,-1.7552527,-1.5152527,1.1347473,0.50474733,2.2847474
3.5047474,3.9847474,5.3747473,5.8647475,3.9047472,1.8047473,1.4747473,0.6047473,-0.3452527,0.2847473,1.3847473,0.7047473,0.50474733,0.8547473,1.3447473,1.4047474,1.9847473,2.5947473,1.9047474,1.6347473,1.7247473,2.0247474,1.8447473,1.3947473,1.1147473,1.9447473,1.6347473,1.2447473,1.3647473,1.3947473,1.2447473,0.99474734,0.6147473,0.20474732,-0.4952527,-1.0752527,-1.4552526,-1.5652527,-2.2152526,-2.9452527,-4.215253,-5.3452525,-5.775253,-6.235253,-8.375253,-8.915253,-6.9152527,-5.045253,-6.1852527,-3.2052526,2.0747473,2.8147473,3.3847473,0.9147473,0.6547473,1.9247473,1.6847473,1.2447473,3.0147474
0.9747473,2.8247473,2.7247474,1.9047474,1.6747473,1.2947474,1.3947473,0.9147473,0.7647473,1.0047473,0.4047473,-0.12525268,0.5947473,1.3147473,2.2547474,2.0747473,2.2547474,0.7947473,0.084747314,0.6447473,0.44474733,1.1247473,1.6647474,1.5347474,2.0747473,1.9747473,1.3747473,1.2847474,1.9547473,1.9347473,1.2847474,0.5247473,0.55474734,-0.9752527,-1.5652527,-1.4552526,-2.0052526,-2.4052527,-2.7452526,-3.3552527,-4.6052527,-5.7052526,-6.4152527,-8.025252,-9.735252,-9.925253,-7.0152526,-2.9252527,3.7847474,2.7647474,1.5747473,1.3347473,3.1347473,4.304747,3.1247473,2.6647472,3.5747473,4.534747,4.6947474
4.5247474,3.4047472,1.5147473,2.0147474,2.4047472,1.5347474,1.0247474,0.6047473,0.9847473,-0.065252684,-0.0052526854,-0.5752527,0.2847473,1.1947473,1.4747473,0.6547473,2.2447474,1.1247473,2.4447472,1.9447473,1.4147474,2.5347474,2.0747473,1.4147474,2.5547473,1.7047473,1.7847474,2.1547472,1.7347473,0.5247473,-0.045252685,0.5447473,0.45474732,-0.6452527,-1.2652527,-1.7752527,-2.7452526,-2.8652527,-2.9552526,-3.9452527,-4.6852527,-5.4352527,-6.675253,-10.085253,-11.625253,-8.745253,-0.065252684,4.054747,2.7947474,2.3047473,1.5847473,1.5047473,0.75474733,3.6547472,3.7047472,3.7247474,2.7847474,5.6747475,5.4847474
1.8247473,2.1347473,0.6747473,1.3447473,1.6047473,0.99474734,1.6747473,0.7947473,-0.0052526854,-0.7352527,0.23474732,0.6747473,1.3047473,-0.22525269,0.8547473,2.2547474,1.3847473,1.0447474,0.6147473,0.7147473,0.19474731,1.4447473,0.80474734,0.7047473,2.3247473,1.8147473,1.5547473,0.9447473,-0.69525266,-0.50525266,-0.14525269,-0.87525266,-1.0452527,-1.7252526,-1.9452527,-2.5152526,-2.9652526,-2.9452527,-3.2252526,-4.465253,-5.235253,-4.065253,-8.055253,-10.485252,-10.475253,-7.1052527,2.7447474,4.2947474,3.2347474,1.9547473,1.3147473,1.5347474,-0.10525268,1.0047473,3.5147474,3.3747473,3.1347473,3.9547472,3.3847473
1.9247473,1.8247473,0.80474734,2.5247474,0.9247473,2.0947473,0.5847473,0.4747473,0.5847473,0.81474733,0.29474732,0.2747473,0.4747473,0.2847473,1.2747474,1.2547473,2.0847473,2.3947473,2.7347474,0.62474734,0.87474734,1.1647474,1.4447473,-0.9052527,-0.39525267,0.9547473,1.8847473,1.5147473,0.80474734,1.0147473,-0.19525269,-1.7152526,-1.7252526,-2.2652526,-2.9252527,-3.4052527,-3.2552526,-3.3152528,-5.0952525,-3.8552527,-4.6352525,-2.7652526,-8.085253,-7.445253,-6.8052526,-3.4152527,1.7247473,3.6147473,2.4847474,1.0747473,0.35474733,-0.025252685,-2.4552526,2.0947473,2.0247474,2.5747473,3.1247473,3.0847473,2.6847472
1.3947473,2.1347473,1.1747473,0.10474732,-0.5152527,0.7847473,0.2747473,1.4647473,1.2047473,1.9447473,0.18474731,2.2747474,2.3647473,2.7547474,1.1347473,0.3447473,1.0147473,2.6147473,2.0747473,1.9147474,0.8547473,-0.7952527,-0.6052527,1.3447473,-1.0352527,-0.4752527,0.9147473,1.0547473,0.114747316,0.35474733,-0.9552527,-2.0052526,-1.5352527,-2.4452527,-3.1552527,-3.2152526,-3.5252526,-3.5452528,-4.7852526,-4.4952526,-3.1052527,-2.6152527,-3.8852527,-5.465253,-5.695253,-3.9252527,-1.2752527,0.3147473,0.3047473,-1.1652527,-1.9452527,-2.4052527,-0.0052526854,1.1647474,0.6947473,0.23474732,2.9547472,3.0747473,2.7947474
2.2847474,1.3947473,1.2147473,0.3147473,0.48474732,3.2747474,0.8947473,0.9547473,1.7747474,-0.19525269,0.23474732,1.2047473,0.014747314,-0.0052526854,0.084747314,0.8447473,0.56474733,1.5247474,1.3147473,0.99474734,0.38474733,0.74474734,0.9547473,-0.6152527,0.8947473,-0.045252685,0.55474734,1.6847473,0.13474731,0.8547473,2.6947472,0.9747473,-3.9452527,-3.3652527,-2.8252528,-5.315253,-6.3452525,-6.4952526,-4.2052526,-1.3052527,-1.1952527,-1.3852527,-1.6252527,-2.7552526,-3.2152526,-2.4852526,-3.6852527,-3.1152527,-2.5052526,-3.2052526,-1.1752527,-0.20525269,0.9447473,0.3047473,-1.7152526,-1.0352527,1.0347474,3.7247474,2.9747474
1.4347473,1.6047473,1.0847473,1.8547473,2.4147472,3.3747473,1.0547473,1.0447474,-0.19525269,0.68474734,-0.15525268,-0.18525268,1.9847473,0.7347473,-0.18525268,-0.56525266,0.8247473,0.7747473,1.1347473,1.1547474,0.3047473,1.3247473,0.5247473,-0.6652527,-1.1652527,-0.5552527,-1.2352527,-0.7852527,1.4947473,2.3047473,-1.0452527,-3.7052526,-4.2452526,-4.6252527,-0.7252527,-2.0052526,-3.8152528,-5.275253,-0.6652527,-1.6652527,-1.2752527,-1.3852527,-2.3652527,-2.8252528,-2.9652526,-2.4852526,-3.4352527,-4.0752525,-4.8752527,-1.3852527,-0.5752527,-1.1452527,-1.6852527,-3.4452527,-2.7952528,-2.3152528,3.2447474,4.4447474,3.2047472
0.9547473,3.4447472,1.7547473,1.7547473,2.2547474,2.8547473,2.5047474,0.7947473,0.13474731,0.3447473,-1.6452527,0.41474733,0.8847473,1.7647473,0.4947473,-2.0152526,-0.2752527,0.014747314,-0.50525266,-0.2852527,0.35474733,0.2547473,-0.4152527,-1.6052527,-2.0952528,-1.7952527,-1.3252527,2.2347474,2.4547472,-0.015252685,-2.9452527,-4.735253,-5.6552525,-7.1452527,1.3547473,-6.8952527,-7.7852526,-8.295253,-7.835253,-7.3552527,-0.2852527,-1.3352526,-1.5452527,-3.1252527,-1.8452526,-0.87525266,-1.0052527,1.2247473,1.5947473,-3.3552527,-5.235253,-4.7052526,-5.2052526,-6.4752526,-6.5952525,-3.1452527,2.7047472,1.5247474,0.9147473
1.3447473,1.0247474,0.5847473,1.5547473,2.8047473,3.9347472,1.4547473,0.39474732,-0.19525269,0.1547473,1.8047473,0.74474734,0.6747473,0.4647473,1.5047473,-0.99525267,-1.2552527,-1.5052527,-1.1952527,-0.87525266,0.5347473,-0.8552527,0.07474732,-0.5252527,1.4047474,1.7947474,1.8047473,1.1147473,-0.5952527,-2.2652526,-4.065253,-5.5152526,-6.025253,-3.0852528,-2.2152526,-4.715253,-6.675253,-8.175253,-8.535253,-8.055253,-2.5752528,-1.2452527,-0.025252685,-0.14525269,-1.0652527,0.16474731,1.9747473,-0.2852527,-3.9152527,-5.505253,-6.5152526,-7.175253,-7.8752527,-8.225253,-6.4152527,0.4347473,1.4447473,1.5447474,-0.5752527
4.1047473,1.2347473,1.5747473,2.1947472,1.8547473,1.2947474,0.62474734,0.084747314,-1.7352527,-0.75525266,3.2147474,2.8247473,0.75474733,-0.24525268,0.3347473,-0.5252527,0.6447473,-1.2752527,-1.8652527,-4.2252526,-0.9052527,0.93474734,-0.87525266,0.7647473,0.8247473,1.5147473,0.42474732,-1.4352527,-2.3452528,-4.4352527,-4.8052526,-5.985253,-5.6052527,-0.75525266,-0.7052527,-1.4952527,-5.1552525,-6.755253,-6.445253,-6.065253,-3.6052527,1.9247473,2.1147473,-0.5552527,-0.6452527,-0.9852527,-1.2952527,1.1247473,1.0847473,-3.8152528,-6.8452525,-9.525252,-10.935253,-9.605252,-3.6052527,3.7047472,2.1147473,1.3947473,1.2447473
5.2547474,0.3147473,-0.6452527,0.6147473,0.1547473,-0.7152527,-0.5752527,1.7647473,-0.9752527,-1.6452527,5.1747475,2.6747472,0.6047473,-0.50525266,-0.5352527,-0.20525269,-0.32525268,0.22474732,-2.0052526,-4.965253,-0.6052527,0.99474734,0.5447473,1.5347474,0.0047473144,-0.6052527,-1.8452526,-2.8352528,-5.315253,-3.3352528,-1.8152527,-1.7252526,-0.32525268,-1.7152526,-2.5252526,-2.5752528,-2.7652526,-2.1052527,0.6347473,3.0047474,2.5947473,0.084747314,-1.8552527,-2.7352526,-1.5152527,1.1247473,-0.12525268,0.12474731,-0.7152527,-1.8852527,-8.515253,-9.815252,-10.475253,-6.9952526,-1.1952527,0.42474732,2.1247473,1.6247473,0.6147473
-0.32525268,0.44474733,-1.6852527,-0.8352527,0.3047473,1.0947473,1.8047473,4.454747,0.9647473,0.3147473,6.7347474,4.054747,0.93474734,-1.0552527,-2.3552527,-2.3852527,0.45474732,2.0347474,-1.0452527,-4.2852526,-1.6452527,0.9047473,1.7247473,1.8347473,-1.7652527,-2.6952527,-5.0952525,-3.0052526,-4.3052526,-1.8052527,-2.2352526,-2.7952528,-5.195253,-3.1952527,-2.3652527,-4.715253,-2.3252528,-3.8452528,-3.7752526,-2.2652526,-2.4352527,-2.3752527,-3.3652527,-3.7152526,-2.3952527,-2.5152526,0.054747313,3.3047473,7.9647474,-3.3152528,-11.605252,-10.585253,-9.295253,-6.3052526,-1.6952527,-2.7952528,-0.8952527,1.1447473,0.5847473
-0.18525268,0.16474731,0.3447473,0.9047473,0.56474733,1.2547473,1.8047473,3.1647472,4.744747,0.50474733,2.2447474,2.6847472,1.5547473,-0.38525268,-2.1052527,-2.0652528,-2.2152526,1.3247473,-2.1752527,-1.9652526,-3.1852527,-0.19525269,0.3147473,-0.7252527,-5.7452526,-9.485252,-6.6552525,-6.2852526,-6.4552526,-4.335253,-4.6852527,-4.8252525,-3.6252527,-4.8552527,-4.485253,-6.425253,-4.1852527,-5.085253,-3.9852526,-3.5252526,-3.3352528,-2.9252527,-1.8752527,-1.4752526,-1.6152527,-1.6452527,-0.4652527,-1.3052527,0.7947473,0.4747473,-4.9952526,-6.9152527,-6.8252525,-5.8452525,-1.8052527,1.4447473,1.3647473,-0.3152527,1.2847474
