raw-data/2018091618.json
{"header": { "discipline":0, "disciplineName":"Meteorological products", "gribEdition":2, "gribLength":74191, "center":7, "centerName":"US National Weather Service - NCEP(WMC)", "subcenter":0, "refTime":"2018-09-16T18:00:00.000Z", "significanceOfRT":1, "significanceOfRTName":"Start of forecast", "productStatus":0, "productStatusName":"Operational products", "productType":1, "productTypeName":"Forecast products", "productDefinitionTemplate":0, "productDefinitionTemplateName":"Analysis/forecast at horizontal level/layer at a point in time", "parameterCategory":2, "parameterCategoryName":"Momentum", "parameterNumber":3, "parameterNumberName":"V-component_of_wind", "parameterUnit":"m.s-1", "genProcessType":2, "genProcessTypeName":"Forecast", "forecastTime":0, "surface1Type":103, "surface1TypeName":"Specified height level above ground", "surface1Value":10.0, "surface2Type":255, "surface2TypeName":"Missing", "surface2Value":0.0, "gridDefinitionTemplate":0, "gridDefinitionTemplateName":"Latitude_Longitude", "numberPoints":65160, "shape":6, "shapeName":"Earth spherical with radius of 6,371,229.0 m", "gridUnits":"degrees", "resolution":48, "winds":"true", "scanMode":0, "nx":360, "ny":181, "basicAngle":0, "lo1":0.0, "la1":90.0, "lo2":359.0, "la2":-90.0, "dx":1.0, "dy":1.0 }, "data":
[rows 78 to 103 of 181, columns 177 to 235 of 360]
-0.20361084,-0.02361084,0.42638916,1.1963892,1.7163892,1.1563891,-0.19361085,0.20638916,0.47638917,-0.58361083,-1.3636109,-1.7936108,-2.0436108,-1.6536108,-0.98361087,-1.0036108,-1.6036109,-1.0036108,-0.63361084,-0.22361083,0.13638917,-0.09361084,-0.26361084,-0.68361086,-1.2836108,-2.2236109,-2.8236108,-2.2236109,-1.6636108,-0.6036108,0.44638917,0.8363892,0.87638915,-0.01361084,-0.80361086,-1.1436108,-0.86361086,-1.9036108,-3.6036108,-4.803611,-5.183611,-5.223611,-3.6036108,-3.0636108,-3.393611,-3.6136107,-2.8236108,-1.7436109,-1.2136109,0.31638917,1.4263892,2.2563891,2.4063892,1.9063891,2.1963892,1.5363891,0.6463892,0.16638917,-0.28361085
0.61638916,-0.20361084,-0.25361085,3.1163893,2.7163892,0.9063892,0.9063892,0.72638917,0.22638915,-0.31361085,-0.83361083,-1.1436108,-1.6936108,-2.1236107,-1.5236108,-1.3536109,-1.2036109,-1.0336108,-1.1536108,-0.80361086,-0.8436108,-1.0336108,-1.2536108,-1.3836108,-2.163611,-2.3536108,-2.2336109,-1.9336108,-0.8436108,0.76638913,2.1863892,2.5263891,2.3763893,2.4063892,1.9763892,1.1663891,-0.40361083,-0.58361083,-1.6036109,-2.7836108,-3.3636107,-3.183611,-2.703611,-1.5136108,-1.7736108,-1.1736108,-0.30361083,0.72638917,1.9063891,2.076389,2.0063891,2.316389,1.9463892,1.6463891,1.7763891,2.1663892,1.9763892,1.7363892,0.75638914
2.2563891,1.4863892,3.0063891,4.3663893,1.7263892,0.86638916,0.75638914,0.86638916,0.17638916,-0.45361084,-1.3536109,-1.6836108,-2.7436109,-1.8936108,-1.6336108,-2.0836108,-2.1336107,-1.6336108,-1.4536109,-1.7936108,-1.7736108,-1.4336108,-0.7136108,-0.87361085,-1.1836108,-1.4336108,-1.3836108,-0.6636108,0.68638915,1.9363892,1.8763891,2.326389,2.4263892,2.356389,2.046389,1.6063892,0.79638916,-0.29361084,-1.4236108,-1.4336108,-1.7836108,-1.0636108,-0.17361084,0.74638915,1.3063892,1.2763891,1.4863892,2.796389,3.2463892,3.2763891,3.286389,3.086389,3.2263892,2.9563892,2.286389,2.1263893,1.9563892,3.806389,3.4663892
1.2563891,0.86638916,3.096389,0.54638916,1.0763892,0.99638915,2.296389,1.7663891,1.0563892,-0.23361084,-1.4836109,-2.413611,-2.433611,-1.1336108,0.61638916,-0.31361085,-0.39361084,-1.5836109,-1.4636109,-0.9636108,-1.3236108,-1.3236108,-1.1036109,-0.69361085,0.40638915,0.14638916,0.72638917,1.2263892,2.356389,2.6263893,2.5063891,2.7263892,2.596389,2.4363892,2.4363892,2.326389,1.6063892,1.4863892,0.27638915,0.35638916,0.48638916,0.51638913,1.0363891,0.76638913,1.5763892,2.0063891,2.9763892,3.8863893,4.156389,4.356389,5.206389,5.226389,5.436389,4.816389,5.0163894,4.8663893,4.7863894,5.216389,6.316389
1.9263892,1.8963891,0.38638917,0.63638914,1.4863892,1.5163891,1.6563891,1.2763891,0.38638917,0.37638915,-0.45361084,-1.3836108,-1.2336109,-0.10361084,1.0063891,1.5163891,0.41638917,0.24638917,-1.2336109,-2.8536108,-1.3636109,0.06638916,0.7163892,2.0063891,2.836389,3.4563892,4.196389,4.376389,3.6263893,3.7163892,3.816389,3.6163893,3.8863893,4.316389,4.166389,3.8763893,4.086389,3.2663891,3.336389,3.576389,3.8963892,2.786389,2.6163893,2.7063892,3.786389,4.946389,5.446389,5.9963894,6.4963894,6.5563893,6.966389,7.4963894,7.6163893,7.0763893,7.396389,7.166389,6.946389,7.226389,7.476389
2.0263891,2.6363893,2.3763893,1.2763891,2.2563891,1.7863891,1.7763891,1.0163891,0.7163892,0.03638916,0.29638916,0.8463892,0.66638917,1.8763891,2.596389,1.7763891,1.1363891,-0.63361084,-0.99361086,1.6063892,3.4563892,3.786389,4.606389,5.336389,4.736389,4.446389,4.336389,3.9463892,3.8863893,4.0163894,4.026389,3.9463892,3.7663891,3.3963892,3.576389,3.2463892,3.2463892,3.846389,4.396389,4.936389,4.736389,5.1363893,6.1363893,6.146389,6.156389,6.046389,6.546389,7.396389,8.436389,8.8763895,9.416389,9.3763895,9.29639,9.266389,9.186389,9.116389,9.1263895,8.83639,8.8763895
2.4463892,2.586389,2.846389,3.066389,2.9863892,3.2163892,1.6863892,1.1763892,1.7463892,2.3663893,2.4063892,2.356389,2.856389,2.3863893,2.6363893,2.6663892,2.6863892,3.586389,5.186389,5.506389,6.3463893,6.416389,5.2663894,4.756389,4.546389,4.4963894,4.426389,4.446389,4.486389,4.396389,4.2463894,4.206389,3.8863893,3.4763892,3.296389,3.1863892,3.6763892,4.3663893,3.9063892,4.7463894,5.776389,6.356389,6.316389,5.8063893,6.3863893,8.036389,8.726389,8.946389,8.646389,8.496389,8.486389,8.436389,8.516389,8.646389,8.486389,8.516389,8.216389,8.33639,8.3763895
2.596389,2.5263891,2.4563892,3.1263893,3.4763892,3.1863892,3.7063892,3.2663891,2.566389,3.2663891,3.8863893,4.3263893,4.736389,5.166389,5.696389,6.316389,6.6363893,6.956389,7.226389,6.446389,5.646389,5.3063893,4.986389,4.5963893,4.3063893,4.126389,4.1163893,4.3463893,4.5563893,4.416389,4.3063893,3.9763892,4.006389,4.0763893,3.9063892,3.826389,3.4763892,3.6663892,4.5363894,5.416389,5.486389,6.396389,7.1163893,7.5363894,7.316389,7.456389,7.646389,7.736389,7.856389,7.706389,7.7463894,7.8863893,7.936389,8.266389,8.33639,7.706389,7.646389,7.7863894,8.436389
2.1863892,3.1863892,4.526389,4.396389,3.9263892,3.9363892,3.8963892,3.9263892,3.7163892,3.2063892,3.2563891,3.6163893,3.9463892,4.3063893,4.7863894,5.3663893,6.066389,6.2863894,5.916389,5.416389,5.006389,4.5163894,4.2463894,4.156389,4.106389,4.2663894,4.356389,4.396389,4.3463893,4.3063893,4.236389,4.416389,4.586389,4.4963894,4.216389,4.126389,3.8863893,4.186389,4.906389,5.0363894,5.5963893,5.7463894,6.0963893,6.296389,6.506389,6.716389,6.656389,6.876389,7.1163893,7.396389,7.2863894,7.236389,7.586389,7.4963894,7.236389,7.146389,7.176389,7.5563893,7.7463894
2.9963892,3.5163891,3.9563892,3.9163892,3.576389,3.3863893,3.2763891,2.7663891,2.286389,2.036389,2.1563892,2.4463892,2.6563892,3.106389,3.9163892,4.586389,4.976389,5.146389,5.086389,4.836389,4.3263893,4.376389,4.6363893,4.376389,4.196389,4.046389,4.0163894,4.206389,4.336389,4.2663894,4.2863894,4.3863893,4.436389,4.446389,4.3663893,4.226389,4.3863893,4.426389,4.566389,4.546389,4.736389,5.256389,5.726389,6.206389,6.456389,6.466389,6.446389,6.4963894,6.666389,7.1163893,7.0963893,7.166389,6.836389,6.696389,6.506389,6.436389,6.376389,6.676389,6.626389
3.4163892,3.316389,2.8863893,2.816389,2.4663892,2.4063892,2.4563892,1.9163891,1.9063891,2.1163893,1.8763891,1.7363892,2.1563892,2.4663892,2.7363892,3.2363892,3.606389,3.9363892,4.1363893,4.176389,4.186389,4.1363893,4.226389,4.376389,3.7763891,3.1863892,3.286389,3.6663892,3.7663891,3.7363892,3.836389,3.786389,3.836389,4.0163894,4.026389,3.8963892,4.5363894,4.776389,4.686389,4.606389,4.706389,4.8663893,5.206389,5.6163893,5.956389,6.006389,5.8463893,5.6363893,5.756389,5.8663893,6.046389,5.986389,6.0563893,5.916389,5.626389,5.486389,5.776389,5.406389,5.5963893
2.2363892,2.356389,1.8263892,1.3963891,1.2463892,1.1463891,1.0363891,0.7763892,0.39638916,0.56638914,1.1063892,1.4563892,1.6263891,1.8763891,2.0163891,2.1963892,2.3863893,2.586389,2.9263892,3.1563892,3.306389,3.306389,3.586389,3.8963892,3.7163892,3.046389,2.8863893,3.0163891,3.1463892,3.2663891,3.2363892,3.2163892,3.296389,3.286389,3.2063892,3.5063891,3.8863893,4.0963893,4.466389,4.666389,4.8263893,5.026389,5.226389,5.476389,5.546389,5.396389,5.066389,4.986389,5.026389,5.226389,4.9963894,4.856389,4.7463894,4.686389,4.716389,4.686389,4.646389,4.476389,5.006389
1.5463891,1.0463891,0.68638915,0.46638915,0.30638915,0.26638916,0.49638915,0.92638916,1.1663891,0.85638916,0.34638917,0.6463892,1.0263891,1.2263892,1.3463892,1.5263891,1.7163892,1.8063892,1.8663892,2.1163893,2.3863893,2.2663891,1.8063892,1.7263892,1.8563892,1.7463892,1.9963892,2.326389,2.4763892,2.566389,2.7763891,2.8663893,2.9163892,2.6363893,2.7163892,3.1363893,3.5263891,3.7463892,4.0563893,4.396389,4.756389,4.836389,4.956389,5.0363894,4.9963894,4.776389,4.646389,4.5563893,4.396389,4.546389,4.506389,4.166389,4.296389,3.7763891,3.4463892,3.5163891,3.3863893,3.8663893,3.6163893
0.39638916,-0.18361084,-0.48361084,-0.45361084,-0.5436108,-0.6036108,-0.56361085,-0.19361085,0.06638916,-0.06361084,-0.11361084,0.05638916,0.33638915,0.55638915,0.94638914,1.2863891,1.3063892,1.0663892,1.3263892,1.2763891,1.0763892,1.1963892,1.2763891,0.61638916,0.68638915,0.72638917,1.2663891,1.7663891,1.6263891,2.066389,2.2363892,2.3963892,2.4963892,2.4863892,2.6363893,3.1263893,3.5063891,3.806389,4.0363894,4.0363894,4.2863894,4.686389,4.926389,4.986389,4.896389,4.956389,4.736389,4.1363893,3.9463892,4.0163894,4.466389,4.0963893,4.0763893,4.106389,3.5163891,2.7563891,2.4163892,2.4463892,3.046389
-1.0836109,-1.0136108,-1.0936109,-1.1436108,-1.2936108,-1.3036108,-1.4836109,-1.5436108,-0.98361087,-0.28361085,0.05638916,-0.10361084,-0.15361084,-0.03361084,0.28638917,0.51638913,0.79638916,1.0163891,0.91638917,1.1163892,1.0663892,0.8963892,0.81638914,1.3063892,1.5963892,2.056389,2.0263891,1.8463892,1.2363892,1.4763892,2.036389,2.086389,2.4063892,2.9263892,3.056389,3.286389,3.3763893,3.6263893,3.6863892,3.9463892,4.2863894,4.646389,4.896389,5.086389,5.2463894,5.0763893,4.836389,4.696389,4.166389,4.066389,4.336389,4.426389,4.1363893,3.536389,3.836389,3.6663892,3.306389,2.9563892,3.356389
-3.3636107,-2.5336108,-1.7736108,-1.8336109,-1.9436108,-2.143611,-3.0136108,-3.653611,-3.2436109,-1.8736109,-1.2336109,-0.94361085,-1.0336108,-0.7836108,-0.24361084,0.19638915,0.66638917,0.82638913,0.92638916,0.93638915,0.68638915,0.37638915,0.72638917,1.8463892,2.6563892,2.6363893,1.9763892,1.7063892,2.066389,2.046389,2.1363893,2.286389,2.1963892,2.4263892,2.7063892,2.796389,2.566389,2.556389,2.4963892,2.536389,3.3763893,4.0163894,4.696389,5.376389,5.706389,5.796389,5.3263893,5.0363894,4.706389,4.666389,4.526389,4.8263893,4.8263893,4.0763893,3.576389,3.9263892,4.226389,4.4963894,3.9263892
-2.5436108,-2.2936108,-2.2236109,-2.0536108,-2.153611,-2.703611,-2.7836108,-1.9636109,-2.0536108,-2.643611,-2.5136108,-2.8036108,-2.663611,-2.0736108,-1.1436108,-0.24361084,0.22638915,0.22638915,0.19638915,0.38638917,0.5263892,0.50638914,0.73638916,1.2063892,1.3063892,1.3363892,1.2263892,1.2863891,1.7063892,1.2463892,1.3963891,1.5763892,1.3163892,1.3163892,1.6563891,1.7163892,1.9063891,1.7363892,1.6663891,1.3663892,1.4763892,2.4363892,3.8863893,4.976389,5.816389,5.946389,5.736389,4.936389,4.5563893,4.506389,4.8463893,4.8663893,4.7463894,4.8263893,4.356389,3.846389,3.9663892,4.0963893,4.3263893
-2.0636108,-2.0436108,-1.9936109,-2.2636108,-2.5836108,-2.683611,-2.463611,-2.7836108,-2.6236107,-2.423611,-3.413611,-4.223611,-4.083611,-3.6136107,-2.3136108,-0.98361087,-0.44361085,-0.48361084,-0.62361085,-0.7836108,-0.47361085,-0.03361084,0.39638916,0.63638914,0.57638913,0.28638917,0.08638916,0.16638917,0.23638916,0.23638916,-0.01361084,0.16638917,0.03638916,0.30638915,0.73638916,1.1563891,1.5663892,2.536389,2.7463892,0.6563892,0.50638914,1.1263891,2.2663891,3.296389,4.706389,5.896389,5.966389,5.296389,4.646389,4.316389,4.106389,4.146389,4.426389,4.3863893,4.196389,4.046389,3.6163893,3.7263892,4.206389
-1.6936108,-1.6336108,-2.5036108,-2.903611,-3.163611,-2.913611,-2.203611,-1.9436108,-2.0736108,-1.6936108,-1.0436108,-0.75361085,-0.5936108,-1.1236109,-2.1136107,-1.4036108,-0.70361084,-0.76361084,-1.4136108,-1.7336109,-1.2536108,-0.88361084,-0.37361085,0.00638916,-0.14361084,-0.44361085,-0.48361084,-0.18361084,-0.16361085,-0.46361083,-0.6036108,-0.68361086,-0.44361085,-0.5936108,-0.37361085,0.5963892,1.9063891,2.4563892,3.0263891,1.6163892,1.1663891,1.5163891,1.8963891,2.546389,3.286389,4.3263893,5.466389,5.716389,4.936389,4.416389,4.476389,4.4963894,4.126389,3.7663891,3.846389,3.7763891,3.6663892,3.586389,3.8963892
-0.16361085,-2.173611,-3.3536108,-3.653611,-3.3036108,-2.213611,-0.88361084,-0.07361084,-0.47361085,-0.43361083,-0.5436108,-0.21361084,-0.02361084,0.36638916,-0.16361085,-1.2436109,-0.68361086,0.15638916,0.7163892,-0.47361085,-1.7736108,-1.5636108,-1.0136108,-0.64361084,-0.7936108,-0.55361086,-0.37361085,-0.37361085,-0.49361083,-0.99361086,-1.5636108,-1.8536109,-1.6136109,-1.2936108,-0.7936108,-0.09361084,0.94638914,2.2063892,2.3763893,2.2363892,1.4963892,2.2063892,2.0063891,2.2063892,2.8863893,3.576389,4.2663894,4.876389,5.376389,5.026389,4.4963894,4.5163894,4.356389,3.6863892,3.556389,3.7263892,3.2563891,3.0263891,3.1163893
-0.9736108,-1.3636109,-1.9436108,-1.7236109,-0.82361084,-0.64361084,-0.38361084,-0.55361086,-0.49361083,-0.46361083,0.19638915,-0.09361084,0.49638915,0.27638915,0.32638916,0.63638914,1.0263891,1.3063892,1.8063892,1.3763891,-0.01361084,-1.3236108,-1.2836108,-0.94361085,-0.49361083,-0.58361083,-0.8436108,-0.8436108,-0.64361084,-0.29361084,0.25638917,0.20638916,0.076389164,-0.17361084,-1.0736108,-0.5336108,0.46638915,1.3963891,1.7963891,3.096389,2.856389,1.7863891,2.1263893,2.2063892,2.2563891,2.536389,2.7763891,3.326389,4.586389,4.956389,4.466389,3.7363892,3.4263892,3.546389,3.2063892,3.1463892,3.4463892,3.1963892,3.1863892
1.9163891,-0.56361085,-1.3936108,-1.7936108,-1.8536109,-0.6536108,-0.33361083,-0.46361083,0.21638916,0.17638916,0.22638915,0.62638915,0.37638915,1.3863891,1.7563891,2.2163892,2.7163892,4.2863894,4.296389,3.4863892,2.1263893,-0.31361085,-1.1936108,-0.64361084,0.18638916,0.69638914,0.8363892,0.87638915,0.5863892,0.34638917,0.6563892,-0.03361084,0.31638917,-0.52361083,-0.17361084,0.04638916,0.34638917,1.0863892,1.9763892,1.9563892,2.346389,2.7063892,2.4063892,1.9163891,1.9663892,2.076389,1.6363891,1.3863891,2.326389,3.1363893,2.9263892,2.4163892,2.2363892,2.6863892,3.2463892,2.796389,2.336389,2.7463892,2.4363892
1.7063892,1.3963891,0.12638916,-1.6436108,-0.9736108,-0.58361083,-0.28361085,1.2063892,0.7863892,0.47638917,1.0063891,0.61638916,1.0963892,1.1963892,1.8763891,3.316389,3.796389,4.106389,4.966389,5.566389,4.376389,1.7163892,-0.15361084,-0.56361085,0.45638916,1.0763892,1.4163891,1.1063892,0.6463892,0.54638916,0.93638915,0.27638915,-0.07361084,0.74638915,-0.28361085,0.56638914,0.6563892,1.1663891,1.2163892,1.9163891,1.8763891,1.6763892,1.4363892,1.5963892,1.8963891,1.9763892,1.3063892,1.7463892,2.306389,2.2263892,1.4063891,1.4063891,1.3063892,2.2463892,2.1463892,2.2063892,2.106389,1.4863892,1.2563891
1.6763892,1.7363892,1.7263892,0.7763892,0.16638917,-0.25361085,0.22638915,0.43638915,-0.40361083,0.13638917,0.27638915,0.85638916,1.2763891,2.0163891,2.1463892,2.586389,3.046389,3.3963892,4.2463894,5.0163894,5.086389,3.4663892,1.5163891,1.0563892,2.2763891,3.1463892,2.9363892,2.7363892,2.6463892,2.596389,2.7663891,2.6963892,2.4463892,1.8363892,0.97638917,0.49638915,0.7163892,0.5863892,1.1663891,1.6563891,1.4463892,1.1863892,1.0763892,1.0963892,1.3863891,1.1863892,2.1863892,1.8963891,1.7063892,1.5763892,1.5363891,1.0463891,1.1563891,1.5763892,1.1363891,1.2163892,0.7863892,0.87638915,0.69638914
1.3463892,1.3463892,0.86638916,0.62638915,0.8363892,-0.9636108,-0.29361084,0.6463892,1.5063891,1.2563891,1.0263891,1.1163892,1.5163891,2.326389,2.6263893,2.9063892,3.2563891,3.4163892,3.556389,4.426389,4.726389,4.046389,3.596389,2.546389,1.9963892,2.2763891,2.286389,2.856389,3.1963892,2.816389,2.7163892,2.4163892,2.096389,2.0263891,1.9663892,1.5563892,0.92638916,0.36638916,0.5863892,1.0463891,1.2563891,1.1663891,0.8363892,0.74638915,1.0163891,1.4663892,1.4663892,1.4563892,0.92638916,1.5863892,2.3763893,2.9363892,2.336389,1.8363892,0.99638915,0.73638916,0.9063892,-0.02361084,-0.18361084
1.3363892,1.7763891,1.6563891,1.0963892,0.85638916,0.88638914,-0.0036108398,0.20638916,0.54638916,0.82638913,1.4863892,2.2363892,2.2763891,2.5263891,2.6363893,2.7263892,3.1763892,3.6663892,4.1363893,4.276389,4.756389,5.166389,4.376389,3.6663892,2.6163893,3.316389,1.8363892,2.066389,2.0263891,2.066389,1.9163891,1.9963892,1.8663892,1.8263892,1.7363892,1.3263892,0.74638915,0.39638916,0.8463892,1.0763892,0.9663892,0.62638915,0.12638916,-0.12361084,-0.47361085,0.04638916,0.22638915,0.01638916,-0.35361084,0.72638917,2.046389,2.806389,2.1463892,1.5763892,1.3563892,0.50638914,-0.36361083,0.25638917,0.47638917
