raw-data/2018091918.json
{"header": { "discipline":0, "disciplineName":"Meteorological products", "gribEdition":2, "gribLength":74627, "center":7, "centerName":"US National Weather Service - NCEP(WMC)", "subcenter":0, "refTime":"2018-09-19T18:00:00.000Z", "significanceOfRT":1, "significanceOfRTName":"Start of forecast", "productStatus":0, "productStatusName":"Operational products", "productType":1, "productTypeName":"Forecast products", "productDefinitionTemplate":0, "productDefinitionTemplateName":"Analysis/forecast at horizontal level/layer at a point in time", "parameterCategory":2, "parameterCategoryName":"Momentum", "parameterNumber":2, "parameterNumberName":"U-component_of_wind", "parameterUnit":"m.s-1", "genProcessType":2, "genProcessTypeName":"Forecast", "forecastTime":0, "surface1Type":103, "surface1TypeName":"Specified height level above ground", "surface1Value":10.0, "surface2Type":255, "surface2TypeName":"Missing", "surface2Value":0.0, "gridDefinitionTemplate":0, "gridDefinitionTemplateName":"Latitude_Longitude", "numberPoints":65160, "shape":6, "shapeName":"Earth spherical with radius of 6,371,229.0 m", "gridUnits":"degrees", "resolution":48, "winds":"true", "scanMode":0, "nx":360, "ny":181, "basicAngle":0, "lo1":0.0, "la1":90.0, "lo2":359.0, "la2":-90.0, "dx":1.0, "dy":1.0 }, "data":
[rows 78 to 103 of 181, columns 290 to 347 of 360]
-9.953225,-8.943225,-7.903225,-7.2532253,-6.923225,-6.923225,-7.573225,-7.0832253,-7.973225,-9.783225,-10.433225,-10.463225,-10.423225,-10.293225,-9.873225,-9.813225,-9.063225,-8.213225,-7.493225,-7.013225,-6.8132253,-6.643225,-6.403225,-7.113225,-7.143225,-6.863225,-6.433225,-6.0432253,-6.3132253,-6.033225,-5.473225,-5.073225,-4.933225,-4.5032253,-3.7032251,-3.243225,-4.233225,-4.7932253,-4.0032253,-3.763225,-4.463225,-4.2932253,-4.463225,-4.7532253,-4.5632253,-4.5032253,-4.163225,-3.6932251,-2.993225,-2.4432251,-1.5132251,-0.1832251,0.9267749,1.5667748,1.6867748,-0.2232251,0.4667749,-0.5732251
-5.7732253,-3.023225,-8.8432255,-8.583225,-6.183225,-3.973225,-6.403225,-6.363225,-5.5232253,-7.463225,-8.613225,-9.543225,-10.3032255,-10.513226,-9.793225,-8.883225,-8.893225,-8.513226,-7.423225,-6.853225,-6.613225,-6.5032253,-6.903225,-7.443225,-7.513225,-6.0632253,-5.513225,-5.7732253,-5.283225,-5.473225,-5.223225,-5.373225,-4.863225,-4.673225,-4.3332253,-4.2932253,-3.833225,-4.593225,-4.263225,-4.2932253,-4.263225,-4.2932253,-4.5632253,-4.593225,-4.703225,-4.683225,-4.623225,-4.033225,-3.573225,-3.043225,-2.003225,-0.5432251,0.6267749,1.456775,1.9367748,2.8267748,0.8567749,0.2967749
-5.603225,-1.553225,-0.9232251,-1.1932251,-1.053225,-0.5032251,-1.9032251,-2.093225,-4.0632253,-6.963225,-7.093225,-8.333225,-8.963225,-9.883225,-9.833225,-9.133225,-8.483225,-8.103225,-7.373225,-6.433225,-5.643225,-5.953225,-6.263225,-7.953225,-8.273225,-7.723225,-4.433225,-1.8632251,-2.8732252,-2.263225,-4.353225,-5.463225,-5.113225,-4.5032253,-4.193225,-3.6532252,-4.143225,-4.303225,-3.993225,-4.283225,-4.163225,-4.433225,-4.463225,-4.423225,-4.553225,-4.953225,-4.783225,-3.6832252,-3.1832252,-3.4032252,-0.8632251,-1.4432251,0.7567749,1.3867749,1.7467749,2.716775,3.956775,1.2967749
-0.6232251,-1.0732251,-2.1332252,-2.9232252,-2.4632251,-1.4832251,-3.6932251,-3.603225,-2.103225,-3.243225,-7.703225,-7.423225,-7.653225,-7.953225,-8.963225,-9.013226,-8.163225,-7.7532253,-7.0032253,-6.033225,-5.203225,-6.0632253,-6.283225,-8.183225,-7.013225,-7.113225,-2.983225,-3.8832252,-4.883225,0.15677491,2.476775,-3.4532251,-3.803225,-0.033225097,0.6467749,-1.4732251,-1.9432251,-3.483225,-3.863225,-4.403225,-4.163225,-4.5432253,-4.633225,-4.483225,-3.4532251,-2.043225,-0.8132251,1.6267749,-1.4332252,-2.353225,-0.8332251,-0.4332251,-0.6032251,0.4967749,1.196775,1.9967749,3.8067749,3.006775
-0.8832251,-1.0832251,-1.5232251,-2.783225,-4.943225,-4.703225,-2.473225,-3.753225,-1.1932251,-2.023225,-1.5132251,-6.7732253,-6.593225,-7.433225,-8.103225,-8.943225,-8.5532255,-7.7932253,-6.683225,-6.053225,-6.363225,-4.403225,-3.473225,1.6367749,-7.383225,-6.263225,-5.093225,-2.8732252,-0.3432251,5.146775,7.9767747,5.196775,4.506775,4.716775,5.146775,3.526775,1.2267749,-0.7332251,-0.4332251,-1.783225,-3.6932251,-4.7932253,-3.573225,-2.583225,-1.4432251,0.036774904,0.4767749,3.8667748,1.2867749,-2.233225,-2.773225,0.6667749,-0.8732251,-0.1232251,-0.3932251,0.5567749,2.3667748,4.236775
-0.8732251,-0.5532251,-1.4632251,-0.38322508,-1.4632251,-2.1932251,-1.1832252,-1.4832251,-2.093225,-2.2132251,-2.073225,-2.333225,-5.693225,-6.143225,-6.413225,-7.453225,-7.373225,-7.103225,-6.8132253,-6.873225,-5.973225,-4.0032253,-1.5832251,-0.2832251,-2.813225,-4.893225,-5.713225,-4.893225,-1.8532251,2.5667748,6.046775,7.846775,7.856775,6.086775,3.3467748,3.3267748,2.026775,-0.5432251,0.8667749,2.666775,3.446775,-4.0632253,-1.4532251,-1.3732251,-0.5032251,-0.5132251,1.456775,0.9067749,-0.033225097,-1.6432251,-3.053225,-0.5732251,-0.1632251,-1.2432251,-0.5332251,-0.053225096,0.4867749,1.5267749
1.2467749,0.0467749,2.3267748,1.9367748,-0.5532251,-3.1632252,-1.0132251,-0.7132251,-0.3532251,-2.493225,-2.4332252,-2.3832252,-1.9732251,-4.443225,-5.133225,-5.073225,-6.673225,-4.863225,-4.103225,-4.0632253,-3.823225,-2.6832252,-1.7732251,-1.7032251,-1.8432251,-4.3332253,-3.6732252,-5.123225,-1.8432251,0.97677493,4.2067747,5.656775,6.336775,4.356775,3.3767748,3.526775,1.1767749,-2.333225,0.3467749,2.746775,4.886775,-1.163225,-2.6232252,-1.4632251,-0.2132251,-0.8032251,-1.8632251,-1.7432251,-2.243225,-2.253225,-2.563225,-1.303225,-1.0732251,-2.063225,-1.9332252,-1.4932251,-1.2032251,-0.3532251
1.8567749,1.2367749,1.9367748,-0.7632251,1.1767749,-2.4632251,-0.5932251,-1.423225,-2.273225,-0.2432251,-0.9832251,-1.8632251,-1.6232251,-0.7632251,-1.7532251,0.9667749,-1.1032251,-1.803225,-3.243225,-2.493225,-2.313225,-1.8332251,-2.083225,-2.313225,-3.473225,-3.9132252,-4.513225,-4.283225,-2.473225,-1.293225,0.9367749,3.0767748,2.8767748,3.736775,2.426775,2.0367749,1.6667749,0.036774904,-1.0832251,0.2467749,1.2567749,-1.1432251,-3.1932251,-2.9332252,-2.3732252,-2.583225,-3.283225,-2.853225,-3.313225,-2.9132252,-2.563225,-2.2032251,-2.073225,-2.6332252,-2.273225,-2.253225,-2.4432251,-1.793225
0.4267749,-1.4432251,-0.6532251,-0.23322509,-2.1932251,-2.1232252,-1.8132252,-2.073225,-1.923225,-2.293225,-2.8732252,-2.3932252,-1.7532251,-0.6632251,-2.1432252,-1.5232251,-0.7532251,-1.4932251,-1.3732251,-4.213225,-2.7032251,-3.083225,-3.1732252,-3.6632252,-4.243225,-4.613225,-3.9332252,-3.333225,-3.4332252,-2.263225,-2.1732252,-1.5932251,0.6567749,0.0767749,0.5267749,-0.6032251,-0.41322508,-1.3432251,-1.3532251,-0.41322508,-0.3132251,-2.543225,-2.6632252,-3.023225,-3.543225,-3.563225,-3.793225,-3.7032251,-3.4332252,-3.803225,-2.793225,-2.6732252,-2.563225,-3.283225,-2.843225,-2.493225,-3.1232252,-2.6232252
1.1167749,-1.293225,-1.9832251,-1.7432251,-1.803225,-0.5832251,-2.853225,-2.4332252,-1.913225,-3.6932251,-3.1932251,-2.9232252,-2.003225,-1.5832251,-1.6432251,-1.7332251,-0.9132251,-2.063225,-0.9532251,-2.973225,-3.9032252,-3.9132252,-3.9232252,-4.653225,-4.913225,-4.2532253,-3.9132252,-4.363225,-4.603225,-3.6632252,-4.483225,-3.503225,-2.593225,-1.9032251,-2.333225,-2.1232252,-2.533225,-3.1632252,-1.7532251,-1.5632252,-2.293225,-3.7032251,-3.3932252,-3.3832252,-3.9132252,-4.303225,-4.803225,-4.703225,-3.973225,-4.573225,-3.603225,-3.793225,-3.7032251,-3.803225,-3.1732252,-3.363225,-3.4032252,-3.523225
-2.033225,-1.663225,-1.673225,-2.003225,-1.6532251,-0.6132251,-2.543225,-2.493225,-2.083225,-0.9532251,-1.9632251,-1.9032251,-1.0832251,-1.663225,-3.593225,-2.283225,-1.6132251,-1.663225,-1.413225,-2.9332252,-4.613225,-4.823225,-5.143225,-5.153225,-4.703225,-4.953225,-4.963225,-5.463225,-4.993225,-5.373225,-5.473225,-4.823225,-3.783225,-3.503225,-3.783225,-3.4332252,-3.513225,-3.9032252,-2.793225,-3.483225,-4.0232253,-4.2532253,-3.9032252,-3.983225,-4.673225,-4.923225,-5.663225,-5.093225,-4.7732253,-4.423225,-4.973225,-4.413225,-4.473225,-4.363225,-4.143225,-3.973225,-3.603225,-3.9132252
-1.033225,-2.103225,-1.3632251,-0.6632251,-1.3832251,-2.493225,-2.1432252,-2.583225,-2.523225,-1.5932251,-1.2132251,-2.293225,-2.063225,-1.8332251,-1.0032251,-2.4032252,-1.913225,-2.4432251,-0.8132251,-1.8832251,-4.943225,-5.923225,-5.963225,-5.493225,-6.0232253,-5.823225,-6.0232253,-5.963225,-6.353225,-6.2932253,-6.193225,-5.873225,-5.203225,-4.613225,-4.393225,-4.423225,-4.2732253,-3.763225,-3.4132252,-4.0832253,-4.363225,-4.5632253,-4.453225,-4.243225,-4.0032253,-5.213225,-5.383225,-5.533225,-4.883225,-4.933225,-5.0032253,-5.103225,-4.613225,-4.883225,-4.883225,-4.213225,-4.0632253,-4.2732253
-1.3732251,-1.1532251,-1.4432251,-1.1232251,-2.4532251,-2.473225,-2.6432252,-2.353225,-1.9732251,-1.8332251,-1.6532251,-2.243225,-1.7032251,-1.783225,-1.5632252,-1.8332251,-2.313225,-1.9732251,-2.513225,-5.493225,-4.423225,-6.5032253,-6.663225,-6.973225,-7.013225,-7.163225,-6.863225,-6.993225,-6.723225,-6.893225,-6.743225,-5.693225,-5.823225,-4.993225,-5.233225,-4.8132253,-4.413225,-4.263225,-3.9432251,-3.753225,-3.8732252,-4.403225,-4.323225,-4.363225,-4.973225,-4.373225,-5.0232253,-5.133225,-5.173225,-5.3132253,-5.0632253,-4.823225,-4.513225,-4.643225,-4.573225,-4.0832253,-4.0832253,-4.593225
-1.4832251,-1.283225,-1.1132251,-0.8332251,-2.1632252,-2.033225,-1.6432251,-1.7732251,-1.5832251,-2.313225,-1.6532251,-1.8732251,-1.8932251,-1.4432251,-0.5932251,-2.493225,-1.7732251,-2.113225,-2.9132252,-1.6132251,-1.5832251,-3.9432251,-1.8232251,-2.1232252,-7.853225,-8.613225,-8.223225,-7.603225,-7.163225,-7.473225,-6.733225,-6.3332253,-6.173225,-5.5032253,-5.033225,-5.3332253,-5.183225,-4.573225,-3.9232252,-3.803225,-3.8732252,-5.0432253,-5.0232253,-5.173225,-5.453225,-5.093225,-5.393225,-5.2532253,-5.623225,-5.123225,-4.683225,-3.593225,-4.2932253,-4.203225,-4.443225,-4.0232253,-4.5232253,-4.8332253
-1.163225,-0.8332251,-1.1832252,-1.0132251,-1.1132251,-1.7132251,-1.2232251,-1.9832251,-1.7032251,-1.5732251,-1.5232251,-2.103225,-1.7532251,-1.9932251,-3.6232252,-0.5532251,-3.6632252,-2.4532251,-2.1932251,-1.3432251,-1.293225,-1.4032251,-1.8332251,-2.273225,-2.1832252,-3.483225,-8.653225,-7.993225,-9.233225,-10.183225,-7.5432253,-6.423225,-5.533225,-5.903225,-5.633225,-5.443225,-5.463225,-5.103225,-4.883225,-5.153225,-4.613225,-6.073225,-6.123225,-6.133225,-6.233225,-6.213225,-6.603225,-6.373225,-6.0832253,-5.5432253,-5.243225,-4.953225,-4.703225,-4.3332253,-4.473225,-4.653225,-4.553225,-5.283225
-0.6132251,-0.8632251,-1.2532251,-1.533225,-0.9332251,-0.9532251,-1.663225,-1.5232251,-1.6132251,-1.7332251,-1.8632251,-2.1232252,-2.283225,-1.6032251,-1.0632252,-1.553225,-1.293225,-1.2332251,-2.1532252,-1.5032251,-1.2432251,-1.7232251,-1.1432251,-0.9832251,-2.1432252,-2.043225,-0.2432251,-0.5532251,-3.573225,-4.553225,-7.453225,-8.383225,-6.5032253,-6.473225,-6.123225,-5.593225,-5.5232253,-5.7932253,-5.623225,-6.243225,-6.493225,-6.443225,-6.853225,-6.963225,-7.0032253,-6.973225,-6.823225,-6.863225,-6.553225,-6.423225,-6.123225,-5.663225,-5.263225,-5.283225,-5.133225,-5.383225,-5.433225,-5.473225
-0.4732251,-1.4432251,-1.6432251,-0.7032251,-0.6332251,-1.0932251,-1.6832252,-1.793225,-1.8632251,-2.1432252,-1.9632251,-1.6232251,-1.8432251,-0.8732251,-1.913225,-0.9432251,-1.3932251,-1.6332251,-1.2432251,-1.4032251,-0.8132251,-0.8132251,-1.3832251,-1.0132251,-2.1432252,-1.2032251,-1.0832251,-0.3632251,-2.763225,-4.453225,-4.7932253,-4.093225,-8.213225,-7.8332253,-6.733225,-6.383225,-5.823225,-6.113225,-6.103225,-6.843225,-7.053225,-7.453225,-7.713225,-7.573225,-7.783225,-7.353225,-7.283225,-7.483225,-7.2532253,-7.053225,-6.943225,-6.363225,-5.963225,-6.0032253,-5.593225,-5.763225,-5.863225,-5.7732253
-0.3232251,-0.9132251,-1.533225,-1.033225,-0.2632251,-1.2132251,-1.4532251,-1.5632252,-1.9632251,-1.8932251,-1.8932251,-1.043225,-1.2532251,-2.003225,-0.4332251,-1.413225,-1.3732251,-1.2632251,-1.0032251,-0.9332251,-0.9232251,-0.6232251,-1.1432251,-2.2132251,-0.9732251,-2.503225,-1.2632251,-1.543225,-3.563225,-4.193225,-4.903225,-4.3332253,-3.4432251,-8.313225,-7.343225,-6.103225,-5.883225,-6.153225,-6.693225,-7.303225,-7.343225,-7.8132253,-8.013226,-8.063225,-8.123225,-7.943225,-7.903225,-7.993225,-7.863225,-7.863225,-7.743225,-7.483225,-7.173225,-6.683225,-6.5832253,-6.5232253,-6.5432253,-6.473225
-0.38322508,-0.6132251,-1.173225,-1.3632251,-0.4332251,-1.303225,-0.8532251,-1.5632252,-1.663225,-1.8732251,-1.2732251,-0.8232251,-1.663225,-1.163225,-1.163225,-1.663225,-1.0032251,-1.4032251,-1.3132252,-1.9832251,-0.9132251,-0.9632251,-0.6832251,-1.7432251,-2.043225,-2.323225,-2.023225,-2.4132252,-3.4632251,-4.603225,-5.223225,-4.3132253,-5.123225,-7.983225,-5.0232253,-5.703225,-6.643225,-7.203225,-7.593225,-7.7532253,-7.973225,-8.493225,-8.783225,-8.663225,-8.383225,-8.333225,-8.503225,-8.483225,-8.433225,-8.3032255,-8.413225,-8.133225,-7.953225,-7.7532253,-7.463225,-7.243225,-7.2932253,-7.203225
0.2267749,-0.113225095,-0.5332251,-0.2932251,-0.8232251,-1.1132251,-1.1132251,-1.2632251,-1.303225,-1.173225,-1.4532251,-1.533225,-0.8932251,-0.5632251,-0.5632251,-1.3332251,-1.423225,-1.8832251,-0.8032251,-1.6332251,-1.8232251,-2.083225,-1.283225,-1.8632251,-1.5632252,-4.413225,-4.093225,-3.753225,-3.3732252,-2.9632251,-3.6432252,-2.553225,-5.323225,-7.873225,-6.433225,-5.483225,-7.2532253,-7.713225,-8.263226,-8.503225,-8.633225,-9.083225,-9.313225,-9.193225,-9.163225,-9.3432255,-9.253225,-9.193225,-8.973225,-8.683225,-8.753225,-8.573225,-8.433225,-8.3032255,-8.0932255,-7.913225,-7.963225,-7.983225
0.33677492,0.2167749,0.2967749,0.4167749,-0.1532251,0.3267749,-1.0132251,-0.7132251,-1.5932251,-0.7532251,-0.4232251,-0.9132251,-0.7332251,-0.0932251,-1.4732251,-1.1332251,-1.7132251,-1.3632251,-0.6732251,-1.0132251,-2.6532252,-1.3832251,-1.5832251,-0.9332251,-3.503225,-3.043225,-4.513225,-3.9332252,-3.9232252,-4.7532253,-3.753225,-5.303225,-6.343225,-5.803225,-4.863225,-4.2932253,-7.393225,-8.353225,-8.713225,-8.933225,-9.203225,-9.653225,-9.893225,-9.763226,-9.733225,-9.913225,-9.773225,-9.693225,-9.513226,-9.363225,-9.153225,-9.013226,-8.693225,-8.583225,-8.473225,-8.213225,-7.993225,-8.523225
1.1367749,1.0067749,0.7367749,0.6067749,0.6667749,0.33677492,-0.053225096,-0.41322508,-0.9232251,-0.1032251,-0.3632251,-0.0432251,-0.2932251,0.5667749,0.6267749,-1.8432251,-1.033225,-1.0032251,-1.2332251,-0.9532251,-1.163225,-1.2432251,-0.6032251,-0.1532251,-2.7032251,-1.553225,-4.323225,-4.193225,-4.743225,-6.0432253,-6.363225,-7.373225,-5.463225,-5.933225,-5.0432253,-6.2732253,-7.5632253,-8.623225,-8.873225,-9.333225,-9.523225,-9.773225,-9.943225,-9.963225,-9.903225,-10.073225,-10.103225,-10.023225,-9.883225,-9.683225,-9.503225,-9.263226,-8.983225,-8.703225,-8.733225,-8.5532255,-8.573225,-8.713225
1.196775,0.9067749,0.8467749,0.7167749,0.7167749,0.7667749,0.2667749,-0.0432251,0.3267749,1.1167749,0.5367749,-0.5332251,-0.3632251,0.97677493,-0.20322509,0.6767749,-2.083225,-2.1232252,-1.3632251,-1.9932251,-0.9232251,0.1367749,0.4667749,-3.083225,-1.9332252,-3.8832252,-4.2532253,-4.343225,-2.9532251,-5.2932253,-5.143225,-6.703225,-5.713225,-6.133225,-5.963225,-7.173225,-7.803225,-8.463225,-8.893225,-9.213225,-9.693225,-9.703225,-9.893225,-9.923225,-9.893225,-9.943225,-9.993225,-9.993225,-9.833225,-9.793225,-9.653225,-9.643225,-9.353225,-9.153225,-9.063225,-8.973225,-8.873225,-8.963225
1.5667748,1.5167749,1.2767749,1.4267749,1.1267749,1.3867749,1.216775,-0.1432251,0.5567749,0.3167749,0.2967749,-0.1832251,-0.2932251,0.36677492,-0.7032251,0.72677493,-0.8332251,-0.6732251,-1.4532251,-2.9632251,-1.1832252,-0.5132251,-0.4532251,-2.103225,-2.533225,-3.533225,-4.0432253,-3.353225,-6.173225,-4.113225,-4.733225,-4.0432253,-5.883225,-5.383225,-7.203225,-7.463225,-7.683225,-8.193225,-8.5532255,-8.893225,-9.223225,-9.663225,-9.853225,-10.023225,-9.883225,-9.863225,-9.813225,-9.783225,-9.763226,-9.8032255,-9.873225,-9.833225,-9.713225,-9.383225,-9.163225,-9.223225,-9.143225,-9.193225
1.7867749,1.836775,1.6767749,1.7767749,1.6467749,1.8467749,1.3767749,1.0467749,0.1267749,0.3867749,0.7067749,-0.2632251,-0.1432251,0.2767749,-0.6132251,-0.1032251,-0.0932251,-0.8632251,-1.0932251,-2.723225,-1.3632251,-4.263225,1.1467749,-2.6932251,-2.8932252,-2.8832252,-2.793225,-2.4032252,-3.763225,-2.843225,-4.243225,-2.9032252,-3.803225,-5.903225,-6.873225,-7.103225,-7.073225,-7.683225,-8.083225,-8.453225,-8.993225,-9.363225,-9.763226,-10.083225,-9.953225,-9.913225,-9.883225,-9.783225,-9.793225,-9.873225,-9.963225,-10.0532255,-9.943225,-9.8032255,-9.623225,-9.333225,-9.293225,-9.313225
1.7767749,2.196775,3.1267748,3.216775,3.686775,2.496775,2.5567749,1.4267749,1.196775,1.5067749,0.5467749,-0.0632251,0.4967749,-0.1232251,-1.2732251,0.1167749,-0.7432251,-0.6532251,-1.4932251,-4.2532253,-2.013225,-2.773225,-0.8032251,-1.3432251,-3.1532252,-2.973225,-2.773225,-2.8832252,-4.0432253,-1.803225,-3.353225,-2.6732252,-6.0832253,-5.593225,-6.443225,-6.603225,-6.383225,-6.913225,-7.323225,-7.733225,-8.363225,-8.773225,-9.363225,-9.953225,-9.953225,-9.963225,-9.963225,-9.893225,-9.863225,-9.883225,-9.973225,-10.0932255,-10.143225,-10.023225,-9.893225,-9.703225,-9.473225,-9.243225
