raw-data/2018091912.json
{"header": { "discipline":0, "disciplineName":"Meteorological products", "gribEdition":2, "gribLength":74485, "center":7, "centerName":"US National Weather Service - NCEP(WMC)", "subcenter":0, "refTime":"2018-09-19T12:00:00.000Z", "significanceOfRT":1, "significanceOfRTName":"Start of forecast", "productStatus":0, "productStatusName":"Operational products", "productType":1, "productTypeName":"Forecast products", "productDefinitionTemplate":0, "productDefinitionTemplateName":"Analysis/forecast at horizontal level/layer at a point in time", "parameterCategory":2, "parameterCategoryName":"Momentum", "parameterNumber":2, "parameterNumberName":"U-component_of_wind", "parameterUnit":"m.s-1", "genProcessType":2, "genProcessTypeName":"Forecast", "forecastTime":0, "surface1Type":103, "surface1TypeName":"Specified height level above ground", "surface1Value":10.0, "surface2Type":255, "surface2TypeName":"Missing", "surface2Value":0.0, "gridDefinitionTemplate":0, "gridDefinitionTemplateName":"Latitude_Longitude", "numberPoints":65160, "shape":6, "shapeName":"Earth spherical with radius of 6,371,229.0 m", "gridUnits":"degrees", "resolution":48, "winds":"true", "scanMode":0, "nx":360, "ny":181, "basicAngle":0, "lo1":0.0, "la1":90.0, "lo2":359.0, "la2":-90.0, "dx":1.0, "dy":1.0 }, "data":
[rows 130 to 155 of 181, columns 116 to 173 of 360]
10.032744,9.7027445,9.632744,9.472744,8.822744,8.4127445,8.302744,8.002744,7.3827443,7.012744,7.5727444,8.002744,8.152744,7.552744,7.682744,7.952744,7.5927444,7.6327443,7.462744,7.432744,6.8627443,6.682744,6.782744,6.912744,6.742744,6.852744,7.042744,7.222744,2.8327441,8.152744,7.932744,9.812744,4.772744,11.082745,3.922744,4.332744,6.622744,7.952744,9.602744,10.342744,9.342744,8.122745,9.152744,8.482744,4.752744,2.3027442,-0.7972559,-0.10725586,0.35274413,1.7027441,1.7127441,0.78274417,-0.5972559,-1.2272558,-0.8472559,0.33274415,2.2727442,1.8227441
10.172744,10.182744,9.472744,9.1627445,9.492744,9.4127445,8.532744,8.632744,8.782744,9.082745,8.802744,8.992744,8.6627445,8.222744,8.172744,8.342744,8.122745,7.9027443,7.562744,7.482744,7.232744,7.022744,7.0927444,6.8827443,6.6527443,7.1727443,7.5727444,7.9227443,7.952744,1.0127442,5.792744,5.8427444,0.97274417,-0.42725587,2.682744,5.212744,7.082744,7.6727443,9.472744,9.992744,8.732744,7.522744,8.312744,7.872744,3.602744,2.4727442,-0.50725585,-0.15725586,0.50274414,1.3127441,2.2527442,1.7927442,0.26274413,-0.15725586,0.46274415,1.5927441,-0.9072559,1.2127441
9.652744,10.072744,10.222744,10.212744,10.082745,9.802744,9.642744,9.862744,9.652744,9.742744,9.342744,9.102744,9.232744,9.212744,8.802744,8.582745,9.002744,8.752744,8.382744,8.092744,7.932744,7.752744,7.732744,7.1527443,6.912744,7.1127443,7.682744,8.082745,7.212744,5.992744,2.162744,3.372744,3.132744,3.9727442,4.912744,6.4027443,6.962744,6.962744,6.872744,6.452744,6.142744,6.952744,6.012744,5.032744,2.102744,3.372744,-0.07725586,0.32274413,1.2027441,1.6327442,2.172744,2.0027442,1.1127441,0.82274413,1.1627442,-1.3072559,-0.64725584,0.9527441
10.782744,10.922744,11.092744,10.9127445,10.732744,10.542744,10.352744,10.462744,10.732744,10.462744,9.602744,9.142744,9.622745,10.322744,9.822744,9.182744,9.222744,9.292744,9.082745,8.762744,8.482744,8.502744,8.582745,8.252744,7.662744,7.6327443,7.9227443,8.222744,7.6727443,7.272744,1.5827441,1.4727441,5.9027443,8.212744,7.812744,6.752744,6.372744,6.642744,5.9227443,5.062744,4.232744,6.222744,4.482744,3.5227442,1.2027441,3.152744,3.9527442,1.2427441,0.7027441,1.3327441,1.8127441,1.2327441,0.80274415,0.26274413,1.3227441,-0.47725585,1.6227441,1.4027442
12.222744,11.4127445,11.212744,10.742744,10.322744,9.902744,10.172744,10.592744,10.632744,10.482744,10.022744,10.132744,10.312744,10.292744,9.992744,9.382744,9.112744,8.872745,9.172744,9.312744,9.072744,9.002744,9.102744,9.132744,8.552744,8.332745,8.6627445,9.082745,8.292744,7.9027443,9.082745,10.082745,9.392744,9.2027445,7.9427443,6.6327443,6.352744,6.782744,6.052744,4.9427443,3.862744,3.902744,4.162744,2.9827442,2.9527442,3.152744,4.8427444,1.5627441,0.37274414,0.43274415,0.6427441,-0.89725584,-3.7572558,-0.8472559,3.682744,3.2527442,1.3327441,-2.087256
11.1627445,10.4527445,9.592744,8.552744,8.322744,8.532744,8.732744,9.122745,9.522744,9.9127445,10.132744,10.232744,10.212744,10.242744,10.192744,9.972744,9.962744,9.622745,9.622745,9.732744,9.422744,9.632744,9.732744,9.692744,9.102744,9.472744,9.842744,9.832745,9.122745,8.972744,9.522744,9.332745,8.682744,8.192744,7.8427444,6.832744,7.232744,7.6127443,7.732744,6.872744,5.3427444,4.562744,4.282744,3.9627442,3.672744,5.102744,4.952744,4.032744,0.25274414,-0.42725587,-0.69725585,-3.567256,0.55274415,2.602744,1.6827441,0.91274416,-1.9072559,-3.847256
-6.337256,-5.6772556,-3.9172559,-1.2372558,0.87274414,2.5827441,3.852744,4.8427444,6.032744,7.6127443,8.822744,9.652744,9.902744,10.072744,10.362744,10.4127445,10.402744,10.222744,10.292744,10.142744,10.302744,10.352744,10.442744,10.262744,10.242744,10.732744,10.682744,10.402744,9.882744,9.632744,9.302744,8.902744,8.842744,8.842744,7.472744,7.812744,8.9527445,9.862744,10.232744,10.122745,7.992744,6.452744,5.3227444,4.602744,3.9727442,4.0927444,5.482744,5.122744,1.9227442,0.41274413,1.4027442,0.68274415,-0.29725587,0.10274414,0.69274414,-1.4072559,-2.2772558,-2.627256
-0.38725585,1.5127442,3.2227442,4.262744,5.202744,6.252744,7.332744,8.232744,8.962744,9.512744,9.352744,9.142744,9.382744,9.272744,9.572744,10.322744,11.092744,11.312744,11.1627445,11.052744,11.252744,11.242744,10.972744,10.742744,10.802744,10.742744,10.882744,10.342744,9.642744,9.602744,9.852744,9.602744,9.482744,8.272744,7.552744,8.742744,10.922744,11.732744,12.672744,11.812744,9.802744,6.892744,5.712744,5.522744,4.292744,4.492744,4.6327443,5.212744,6.432744,4.122744,4.1127443,3.092744,1.0427442,2.662744,-1.2372558,-1.3272558,-0.87725586,-0.86725587
3.662744,5.002744,5.992744,6.742744,7.642744,8.552744,9.472744,10.332745,10.972744,11.262744,11.332745,11.362744,11.802744,12.272744,12.772744,12.942744,12.762744,12.472744,12.842744,12.962744,12.392744,11.9127445,11.572744,11.562744,11.602744,11.4527445,11.042744,10.712744,10.592744,10.6627445,10.632744,10.122745,9.292744,7.6727443,7.302744,9.172744,9.772744,9.942744,7.762744,7.182744,6.802744,5.642744,5.602744,5.4427443,5.6327443,4.602744,4.972744,4.582744,5.432744,8.282744,7.052744,6.122744,5.622744,3.162744,0.86274415,0.6427441,1.4027442,1.1527442
5.552744,6.6927443,7.8427444,8.9527445,10.042744,11.042744,11.972744,12.732744,13.672744,14.282744,14.232744,14.092744,14.342744,14.472744,14.422744,13.6627445,13.052744,13.692744,15.002744,14.192744,12.882744,12.192744,12.102744,12.372745,12.592744,12.152744,12.002744,11.382744,11.092744,11.012744,10.602744,9.822744,8.792744,7.432744,7.3627443,8.712744,7.992744,7.162744,4.562744,3.652744,4.302744,5.372744,6.312744,6.482744,6.082744,5.8427444,4.962744,5.552744,6.052744,7.732744,7.702744,9.132744,7.3227444,5.532744,2.5427442,2.0127442,1.9527441,2.2827442
7.732744,9.052744,10.312744,11.562744,12.632744,13.632744,14.4127445,14.992744,15.942744,16.832745,17.232744,17.422745,17.602745,17.592745,17.332745,15.642744,14.382744,14.892744,15.6627445,15.192744,14.672744,13.562744,12.982744,12.992744,13.7027445,13.372745,12.282744,11.972744,11.122745,10.292744,9.872745,10.002744,9.1627445,7.4427443,6.722744,7.8627443,7.222744,3.9827442,4.872744,7.432744,8.9527445,10.352744,10.682744,9.552744,7.712744,6.542744,6.1927443,5.3427444,6.602744,7.6127443,8.512744,7.392744,4.662744,8.942744,4.512744,2.4827442,2.652744,3.0527442
8.772744,11.192744,12.772744,13.862744,14.752744,15.582745,16.022743,15.542744,17.182745,18.462744,19.282743,19.942743,20.552744,20.892744,20.862743,20.622744,20.142744,19.182745,18.492744,17.842745,16.952744,15.322744,13.072744,12.102744,12.242744,11.972744,10.792744,10.222744,9.962744,8.942744,7.962744,8.4127445,9.172744,7.662744,6.052744,7.292744,6.0727444,2.8027442,1.6627442,1.7427441,1.2527442,0.24274415,1.1227441,3.7227442,6.502744,7.032744,6.262744,6.3427444,6.372744,7.6727443,8.132744,7.542744,7.462744,6.4027443,6.042744,6.8627443,5.312744,5.4027443
11.692744,12.972744,13.902744,14.992744,16.322744,17.482744,17.972744,18.032743,18.912745,20.212744,21.242744,21.922745,22.442743,22.952744,23.162745,22.922745,22.392744,21.502745,20.412745,19.322744,18.672745,18.302744,17.042744,14.122745,12.742744,12.172744,12.1627445,11.612744,9.992744,8.6627445,7.0727444,7.312744,9.052744,7.662744,6.352744,6.472744,5.3227444,3.9527442,2.5627441,3.7927442,3.872744,3.432744,3.5027442,3.622744,3.9927442,5.912744,7.9027443,7.702744,8.292744,8.2027445,8.052744,7.792744,7.352744,7.352744,7.392744,7.702744,7.712744,7.712744
13.372745,14.072744,14.932744,16.382744,17.642744,18.722744,19.442743,20.002745,21.152744,22.602745,23.522743,24.032743,24.102745,24.012745,23.842745,23.602745,23.212744,22.712744,22.392744,21.642744,20.622744,19.432745,18.542744,17.412745,15.032744,11.632744,10.732744,10.182744,8.992744,7.702744,6.972744,6.872744,8.442744,7.142744,6.392744,7.1727443,7.312744,6.542744,4.052744,2.882744,4.122744,4.762744,2.3227441,1.9927441,2.9827442,3.0127442,3.4627442,8.182744,8.522744,8.512744,7.892744,6.6127443,6.272744,6.212744,6.542744,7.542744,8.822744,9.822744
15.182744,15.872745,16.582745,17.722744,19.122744,20.702744,22.212744,23.342745,24.372744,24.942743,25.012745,24.772743,24.932745,24.222744,23.412745,23.882744,24.432745,24.012745,23.282743,22.652744,21.532743,18.842745,16.842745,15.942744,14.6627445,12.192744,10.282744,9.272744,7.802744,6.5927444,5.6327443,5.4227443,6.3827443,6.022744,5.812744,5.8827443,7.052744,7.122744,4.762744,4.562744,5.332744,5.452744,2.9827442,2.9927442,2.4527442,2.862744,2.682744,1.6127441,1.7527442,5.052744,6.712744,6.8227444,6.702744,6.762744,7.232744,8.062744,8.992744,9.882744
15.792744,16.322744,17.562744,19.112743,20.992744,22.832745,24.262745,25.142744,24.862743,25.492744,25.432745,25.222744,25.082745,24.812744,24.402744,24.792744,24.872744,23.822744,22.072744,20.672745,19.702744,18.912745,17.152744,15.552744,13.892744,11.942744,10.842744,8.532744,6.1927443,5.032744,4.562744,4.3227444,4.562744,3.412744,2.852744,3.9627442,5.802744,7.582744,8.392744,8.4527445,8.672744,9.042744,8.622745,7.082744,5.642744,4.712744,3.3327441,2.2827442,2.112744,3.3027442,3.5627441,3.352744,3.172744,2.912744,2.4427443,3.4427443,6.242744,9.852744
15.332745,16.752745,18.462744,20.352745,22.032743,23.252745,23.842745,24.012745,23.132744,23.532743,23.422745,23.982744,24.652744,24.312744,23.032743,22.162745,21.722744,20.622744,18.892744,17.182745,16.052744,15.622745,15.482744,14.292744,13.062744,10.9527445,9.762744,7.662744,5.052744,3.682744,3.2227442,3.142744,3.2127442,3.142744,2.4827442,3.122744,3.862744,5.742744,6.762744,7.6127443,8.152744,7.5727444,6.722744,6.182744,4.542744,5.542744,5.912744,5.702744,5.602744,5.8627443,5.702744,4.4427443,4.392744,4.962744,6.1127443,7.3827443,8.392744,8.342744
15.422744,17.712744,19.322744,19.572744,19.762745,20.602745,20.112743,17.992744,16.922745,18.842745,21.242744,20.772743,17.262745,14.1627445,13.302744,13.302744,13.592744,13.612744,12.862744,11.6627445,10.092744,11.112744,11.632744,11.692744,11.002744,9.692744,8.352744,6.0927444,3.682744,2.4827442,2.4427443,2.7927442,3.112744,2.9927442,2.7627442,3.0527442,4.4227443,5.452744,5.302744,5.582744,6.532744,6.982744,7.512744,8.082745,8.332745,8.722744,8.802744,8.722744,8.712744,8.602744,8.552744,8.492744,8.502744,8.602744,8.842744,9.132744,9.322744,9.442744
14.082745,14.152744,14.432744,14.942744,14.422744,12.922744,12.012744,11.532744,13.212744,13.592744,12.532744,11.512744,11.232744,10.712744,8.962744,7.8827443,7.4027443,6.932744,6.262744,6.3827443,6.992744,8.142744,8.842744,9.062744,9.1627445,8.592744,5.522744,2.9427443,1.4727441,1.2827442,1.9527441,2.8127441,3.5327442,3.2427442,2.432744,2.7127442,3.4527442,4.1327443,5.0727444,5.8427444,5.772744,6.602744,7.6927443,7.982744,7.622744,7.282744,7.4427443,8.002744,8.962744,9.962744,10.282744,10.392744,10.812744,11.212744,11.282744,11.072744,10.822744,10.602744
9.252744,8.962744,8.562744,7.542744,8.482744,8.192744,6.772744,7.3627443,5.232744,2.0127442,0.49274415,4.242744,9.072744,10.192744,8.142744,5.812744,5.302744,5.3827443,5.472744,5.5927444,6.142744,6.532744,6.702744,6.5727444,4.742744,1.2927442,-1.0772558,-2.077256,-1.1972558,0.13274413,1.6427442,2.5127442,2.9827442,3.172744,3.0727441,2.5327442,2.9827442,3.9827442,4.812744,5.732744,5.772744,6.042744,7.4427443,8.1627445,8.2027445,8.222744,8.892744,9.272744,9.542744,9.872745,10.352744,11.212744,11.902744,12.122745,12.142744,12.122745,12.032744,11.892744
5.102744,4.762744,4.242744,2.5127442,2.652744,-1.1672559,-0.81725585,0.48274413,1.7627442,1.0527442,-1.5872558,-4.0572557,-6.497256,-8.567256,-8.357256,-4.497256,-0.45725587,1.3427441,1.9327441,1.5927441,-0.13725586,-3.147256,-6.217256,-7.487256,-7.5572557,-6.857256,-5.257256,-3.077256,-0.80725586,1.0827441,2.4527442,3.182744,3.3127441,3.5727441,3.7427442,4.082744,3.9827442,4.5927444,5.3827443,5.9027443,6.312744,6.732744,7.252744,7.8627443,8.382744,8.732744,9.612744,10.542744,10.9127445,11.062744,11.232744,11.472744,11.7027445,11.872745,12.272744,12.772744,13.112744,13.142744
2.422744,2.5427442,2.352744,1.0927441,0.21274415,-0.45725587,-2.837256,-5.5972557,-7.687256,-8.977256,-9.5472555,-9.117256,-8.507256,-8.367256,-9.257256,-10.197256,-11.097256,-11.767256,-11.957256,-11.567256,-11.057256,-10.377255,-9.237256,-7.8472557,-6.227256,-4.417256,-2.587256,-1.0672559,0.18274415,1.3127441,2.142744,3.0727441,4.122744,4.522744,4.3427444,4.682744,4.8427444,5.082744,5.412744,6.1927443,7.182744,6.8627443,6.732744,6.222744,5.852744,6.082744,6.8827443,7.6727443,8.612744,9.622745,10.622745,11.512744,12.262744,13.002744,13.802744,14.512744,14.7027445,14.742744
0.74274415,0.8327441,0.6527441,0.7127441,0.29274413,-0.25725585,-1.1472559,-2.5272558,-3.877256,-5.5572557,-7.857256,-9.897256,-11.257256,-12.567256,-13.467256,-14.217256,-14.897256,-15.247256,-15.247256,-14.827256,-14.457256,-13.967256,-13.147256,-12.417255,-11.317256,-11.537256,-11.217256,-10.997256,-10.767256,-10.097256,-8.187256,-7.477256,-5.277256,-3.337256,-1.5072559,-0.83725584,-1.6772559,-2.4672558,-3.5072558,-3.317256,-2.5572557,-2.2272558,-3.1672559,-3.5572557,-1.5272559,2.4827442,5.532744,7.582744,8.772744,9.972744,10.862744,11.892744,12.9527445,14.072744,15.062744,15.732744,15.762744,15.492744
0.42274415,0.022744142,-0.63725585,-0.76725584,-1.0372559,-1.4972558,-1.7872559,-2.5172558,-2.4572558,-2.7772558,-3.647256,-4.5572557,-5.717256,-6.517256,-7.197256,-8.157256,-9.197256,-8.427256,-8.457256,-8.497256,-8.527256,-8.527256,-8.357256,-8.347256,-8.217256,-8.507256,-8.817256,-8.597256,-8.717256,-8.557256,-8.377255,-8.397256,-8.157256,-7.197256,-6.217256,-4.767256,-3.7072558,-3.357256,-4.727256,-4.667256,-3.6772559,-2.4672558,-0.52725583,2.3327441,3.7527442,4.6727443,3.852744,2.612744,4.412744,5.542744,6.032744,7.252744,8.302744,9.342744,11.592744,11.532744,12.062744,12.972744
0.35274413,0.11274414,-0.21725586,-0.71725583,-1.2972559,-1.8872559,-2.397256,-3.7272558,-4.477256,-4.4072556,-4.857256,-4.8872557,-5.1772556,-6.4072556,-7.707256,-8.127255,-8.2972555,-8.157256,-7.0572557,-7.247256,-6.467256,-6.477256,-6.497256,-6.397256,-6.3872557,-6.297256,-6.167256,-6.127256,-5.957256,-5.797256,-5.447256,-5.227256,-4.767256,-4.087256,-3.5372558,-3.1872559,-3.137256,-2.607256,-1.6372559,-0.5972559,0.29274413,1.0527442,1.5627441,2.5227442,3.2027442,3.0127442,3.3127441,3.862744,3.9427443,4.252744,4.6327443,5.662744,6.312744,7.1527443,8.252744,9.402744,10.042744,10.192744
0.022744142,-0.39725587,-0.70725584,-1.0772558,-1.4572558,-1.8672558,-2.4172559,-3.097256,-3.7972558,-4.267256,-4.497256,-4.487256,-4.497256,-4.787256,-5.1772556,-5.507256,-5.647256,-5.547256,-5.297256,-4.997256,-4.897256,-4.8672557,-4.857256,-4.8672557,-4.8272557,-4.817256,-4.727256,-4.4272556,-3.837256,-3.097256,-2.317256,-1.4772558,-0.6572559,0.04274414,0.5927441,1.0827441,1.5427442,1.9527441,2.402744,2.7527442,3.0127442,3.2527442,3.432744,3.672744,3.7927442,3.932744,4.102744,4.252744,4.542744,4.792744,4.992744,5.232744,5.352744,5.6127443,5.502744,4.772744,4.282744,4.512744
