raw-data/2018091906.json
{"header": { "discipline":0, "disciplineName":"Meteorological products", "gribEdition":2, "gribLength":74622, "center":7, "centerName":"US National Weather Service - NCEP(WMC)", "subcenter":0, "refTime":"2018-09-19T06:00:00.000Z", "significanceOfRT":1, "significanceOfRTName":"Start of forecast", "productStatus":0, "productStatusName":"Operational products", "productType":1, "productTypeName":"Forecast products", "productDefinitionTemplate":0, "productDefinitionTemplateName":"Analysis/forecast at horizontal level/layer at a point in time", "parameterCategory":2, "parameterCategoryName":"Momentum", "parameterNumber":2, "parameterNumberName":"U-component_of_wind", "parameterUnit":"m.s-1", "genProcessType":2, "genProcessTypeName":"Forecast", "forecastTime":0, "surface1Type":103, "surface1TypeName":"Specified height level above ground", "surface1Value":10.0, "surface2Type":255, "surface2TypeName":"Missing", "surface2Value":0.0, "gridDefinitionTemplate":0, "gridDefinitionTemplateName":"Latitude_Longitude", "numberPoints":65160, "shape":6, "shapeName":"Earth spherical with radius of 6,371,229.0 m", "gridUnits":"degrees", "resolution":48, "winds":"true", "scanMode":0, "nx":360, "ny":181, "basicAngle":0, "lo1":0.0, "la1":90.0, "lo2":359.0, "la2":-90.0, "dx":1.0, "dy":1.0 }, "data":
[rows 125 to 149 of 181, columns 57 to 113 of 360]
1.6092676,1.3192676,2.6992676,2.3992677,2.3192675,2.8092675,2.3592675,0.9792676,-1.7007325,-1.0107324,0.09926758,1.7492676,2.8392675,3.8492675,4.799268,5.509268,5.9292674,6.5692677,6.9792676,7.6692677,8.3292675,8.999268,9.549268,9.959268,10.269268,10.269268,10.149267,9.879268,9.269268,8.8292675,8.989267,9.339268,9.8292675,9.549268,10.169268,10.469268,9.869267,7.6592674,7.4492674,6.7392673,5.9792676,6.4392676,6.7392673,6.2692676,5.3892674,6.3792677,6.5892677,5.9292674,5.5392675,5.029268,4.4992676,4.0692677,3.6992676,3.4192677,3.3892677,3.0292675,2.9792676
1.9992676,1.7192676,2.9092677,3.4892676,3.4392676,1.8792676,-0.5107324,-3.0307324,-2.2307324,-0.7707324,0.82926756,2.8792677,4.279268,5.0692677,5.4392676,6.0392675,6.299268,6.3192677,7.3692675,7.7392673,8.239267,9.299268,9.839268,10.479267,11.139268,11.839268,12.339268,12.259268,11.589268,11.139268,11.059268,11.149267,11.519268,11.269268,10.049268,10.239267,11.199267,11.279267,8.189267,7.9192677,7.1892676,6.9092674,7.5792675,7.5692677,7.0792675,7.1392674,7.8792677,7.7092676,6.8392677,6.9792676,6.8492675,6.3392677,5.8392677,5.3292675,4.8492675,4.6392674,4.529268
3.1892676,0.6192676,0.9792676,1.3592676,-1.7907324,-4.3107324,-4.1407323,-2.5607324,-0.9007324,0.6792676,2.5892675,3.6292677,5.1292677,5.0692677,5.4892673,5.3192677,4.9892673,5.049268,5.3392677,5.9892673,6.7892675,7.7292676,8.589268,9.639268,10.349268,11.209268,12.589268,13.399267,13.489267,13.0792675,12.629268,13.029267,13.239267,12.989267,11.719268,12.289268,11.679268,11.719268,12.569267,9.389268,8.809268,8.419268,8.009268,8.249268,8.239267,7.7692676,7.8192677,8.439267,8.269268,7.799268,8.569267,8.219268,7.6692677,6.6992674,6.4692674,5.9892673,5.8092675
0.22926758,-0.8107324,-0.8707324,-4.8007326,-4.0407324,-2.4707325,-1.2007325,-0.3207324,0.07926758,1.7292676,3.9892676,4.279268,3.7492676,1.9992676,0.89926755,2.0292675,3.3992677,4.0992675,5.0192676,5.8592677,7.1492677,7.4992676,7.8292675,8.709268,10.089268,10.959268,11.709268,12.649267,13.139268,12.859267,13.199267,14.209268,15.349268,15.389268,14.089268,13.629268,13.089268,11.799268,12.259268,13.459268,10.499268,9.369267,8.979267,8.609267,8.559268,8.539268,9.009268,9.609267,8.599268,7.9492674,7.5392675,8.619267,8.699267,7.529268,6.6992674,7.4792676,7.5592675
-2.5607324,-0.97073245,-5.0907326,-2.8307323,-1.6907325,-0.33073243,0.039267577,1.1792675,2.0292675,2.8492675,2.6692677,0.50926757,-0.67073244,1.3292676,2.1092675,3.0892675,3.0892675,3.6292677,4.7092676,4.2292676,4.1192675,5.6792674,6.7292676,7.8192677,8.819267,9.889268,10.819267,10.859267,10.039268,10.679268,12.729267,15.519268,17.199268,16.669268,14.809268,13.639268,13.429268,12.599268,12.089268,12.689267,13.509268,10.999268,9.389268,9.149267,9.099268,8.939267,9.219268,9.789268,8.839268,8.339268,8.109267,8.569267,9.899267,9.8292675,9.029267,8.419268,8.099268
-1.4107324,-3.3107324,-3.5007324,-2.5607324,-1.1207324,-0.24073242,1.2992675,1.8292676,1.9292675,1.7292676,-2.7107325,-1.4807324,0.88926756,1.9292675,2.3592675,2.2292676,2.3792677,2.3392675,0.70926756,1.5692676,2.9892676,4.029268,4.9892673,5.9592676,6.3792677,6.4992676,6.4192677,6.6392674,7.5692677,8.869267,9.809268,13.859267,16.339268,13.879268,12.489267,12.169268,12.979267,13.499268,13.729267,12.839268,12.859267,12.989267,11.529267,10.019268,9.379268,9.109267,8.729267,8.879268,8.979267,8.969268,9.049268,9.159267,9.299268,10.139268,10.259268,9.189267,8.659267
-1.2407324,-4.4007325,-4.6107326,-3.3807325,-1.5107324,0.15926757,0.8692676,1.0492675,0.30926758,-3.8607323,-3.0907323,-0.5007324,1.0592675,1.8192676,1.9892676,1.4892676,-0.050732423,-1.3907324,-1.2607324,0.04926758,1.3092675,1.9592676,2.8992677,3.2592676,2.6992676,2.8492675,3.1392677,4.3992677,6.5192676,6.9792676,5.2392673,3.0192676,-2.7307324,-2.8007324,-1.9007324,1.1892676,7.1492677,12.039268,14.339268,14.749268,13.209268,12.719268,12.629268,12.199267,11.169268,10.139268,9.869267,9.609267,9.3292675,9.319267,9.299268,9.189267,9.279267,9.719268,10.459268,10.619267,9.899267
-4.8107324,-4.990732,-5.0407324,-3.0707324,-2.5707324,-0.9407324,-0.5307324,0.019267578,-4.6807323,-4.3607326,-2.9607325,-0.66073245,1.0492675,1.2992675,1.6292676,-1.3407325,-1.9907324,-2.0107324,-1.9407325,-0.9407324,0.14926758,0.27926758,0.43926758,1.1992676,1.0992676,0.9192676,1.5792676,2.7192676,4.6392674,5.4092674,4.7492676,3.9392676,1.1192676,-0.090732425,-0.9407324,-1.1907325,-1.1207324,0.3592676,8.5792675,15.169268,13.669268,12.289268,12.019268,12.3292675,12.949267,12.469268,11.3292675,10.759268,10.289268,10.049268,10.119267,10.059268,10.0792675,10.249268,10.489267,10.979267,10.859267
-5.950732,-5.6107326,-4.3207326,-4.3507323,-3.0007324,-2.0707324,-0.30073243,-5.0107327,-5.0007324,-4.2507324,-2.7807324,-0.7507324,1.1492676,0.8592676,-2.4407325,-3.0007324,-2.6207323,-1.8707324,-1.5107324,-1.0207324,0.059267577,0.18926758,0.22926758,0.009267578,0.15926757,0.51926756,1.2592676,2.0592675,1.5792676,2.2592676,4.9192677,5.2292676,4.8092675,1.9692676,0.14926758,-0.5007324,-1.2607324,-1.6907325,-1.7407324,-2.3207324,10.139268,12.619267,9.449267,10.979267,11.249268,12.359267,12.109267,11.609267,11.289268,10.979267,11.049268,11.129268,11.069267,11.239267,11.419268,11.889268,12.359267
-5.200732,-4.9207325,-4.8907323,-4.3507323,-3.2607324,-1.0707325,-5.6907325,-5.8007326,-4.720732,-3.9407325,-2.6507325,-0.61073244,-0.6907324,-5.3307323,-4.6807323,-3.3707323,-2.2707324,-1.2907324,-0.46073243,-0.2907324,0.63926756,1.1892676,1.0892676,0.16926758,0.24926758,0.44926757,1.2192676,1.6092676,0.6792676,-0.04073242,2.1192675,6.2092676,4.799268,4.7892675,2.3492675,0.70926756,-0.40073243,-1.7307324,-2.7007325,-5.4207325,-6.0207324,-10.110732,-11.230732,-8.570732,-3.3807325,2.8992677,9.059268,12.399267,12.549268,11.819267,11.429268,11.549268,11.879268,12.239267,12.509268,12.609267,12.669268
-6.6407323,-6.1707325,-4.7507324,-3.5607324,-1.9007324,-3.6307325,-6.0407324,-5.5607324,-3.9307325,-3.0307324,-2.6307325,-1.5007324,-3.0107324,-4.2107325,-4.1707325,-2.7407324,-1.2607324,-0.24073242,0.04926758,0.36926758,0.7992676,1.4892676,1.5392675,1.2392676,1.5892676,1.6392676,1.8592676,1.9792676,1.0792676,0.30926758,0.83926755,0.8592676,4.8792677,0.88926756,1.4692676,1.4592676,1.4492676,0.69926757,-0.35073242,-1.7807324,-3.9507325,-5.2507324,-6.3307323,-6.6507325,-5.5807323,-4.8907323,-4.6907325,-4.3507323,-4.1507325,-4.6507325,-4.4307323,-2.1607325,1.7392676,5.6092677,8.789268,10.209268,10.619267
-7.1207323,-6.4107323,-4.8007326,-2.8007324,-1.3807324,-5.2707324,-5.1507325,-3.4207325,-2.6707325,-1.8007324,-1.4207324,-1.4907324,-0.80073243,-1.3907324,-0.92073244,0.23926757,1.0892676,1.4992676,1.5092676,1.8292676,1.7292676,2.2692676,2.3492675,2.2192676,2.6692677,3.0992675,3.6092675,4.2392673,3.8692675,3.6292677,3.9292676,3.0492675,3.0092676,2.4592676,3.0592675,3.5492675,3.1492677,2.8592675,2.7992675,1.7192676,0.6692676,-0.11073242,-0.6207324,-0.72073245,-1.3107324,-1.9407325,-1.5107324,-0.6507324,-0.12073242,-0.16073242,-0.4207324,-0.31073242,0.4292676,1.3092675,1.7592676,2.1892676,2.9292676
-6.4007325,-5.6107326,-3.5407324,-2.0507324,-3.1207323,-4.2907324,-3.2407324,-1.8907324,-1.6807324,0.19926758,0.89926755,1.4492676,0.88926756,1.9392676,3.5192676,3.1592677,4.1892676,4.3792677,4.5192676,4.7192674,4.3792677,4.3692675,4.4992676,4.1992674,4.2092676,4.8192677,5.1092677,5.4992676,6.2892675,6.9192677,7.2092676,6.9292674,6.6092677,6.2492676,5.7392673,5.7892675,5.9492674,5.7892675,5.3192677,4.799268,4.4392676,3.8092675,2.7692676,2.4492676,2.0292675,1.6692675,2.4492676,2.8792677,2.7292676,2.4092677,1.8292676,1.5392675,2.0292675,3.0392675,4.2692676,5.3992677,6.3892674
-5.0907326,-3.3207324,-2.3307323,-2.0107324,-3.0607324,-2.6607325,-0.91073245,-0.010732422,0.3292676,2.4292676,3.2992675,4.1392674,2.3992677,4.779268,5.7492676,4.8992677,6.6892676,7.1692677,6.9592676,6.8992677,6.4692674,6.5392675,6.6492677,6.4292674,6.7692676,6.6592674,6.509268,7.1392674,7.1992674,7.509268,7.9292674,8.609267,8.909267,8.819267,8.689267,8.349268,8.059268,8.009268,7.3892674,7.4092674,7.0592675,5.8892674,5.4992676,4.6592674,3.7592676,3.7192676,4.2692676,4.4092674,4.1992674,4.0792675,3.8692675,3.9992676,5.0992675,6.3392677,7.279268,8.259268,9.019268
-3.5107324,-2.7707324,-2.3607323,-1.6507324,-1.6507324,-0.37073243,1.2192676,2.0692675,3.0792675,4.4392676,4.4992676,3.1092675,6.4092674,3.4392676,5.2292676,7.2892675,7.759268,7.3592677,7.9092674,7.8092675,8.039268,7.9192677,7.9192677,8.049268,8.439267,8.609267,9.039268,8.679268,9.339268,9.349268,9.539268,9.399267,9.569267,9.799268,10.0792675,10.409267,10.799268,10.669268,10.149267,8.779267,7.6992674,7.6392674,8.309268,8.819267,7.2192674,6.3992677,6.0692677,5.3092675,4.8992677,5.4492674,5.7892675,7.0792675,8.199267,9.089268,9.609267,10.559268,11.519268
-3.6307325,-2.9507325,-2.0007324,-1.0407324,-0.27073243,1.4892676,2.8192675,3.7992675,4.3492675,5.9492674,6.7092676,6.9192677,5.7492676,6.529268,8.099268,8.0792675,8.459268,8.499268,8.799268,8.749268,8.859267,9.089268,9.179268,9.429268,9.659267,10.189267,10.289268,10.849268,11.129268,11.109267,10.899267,10.979267,11.369267,11.949267,12.229267,12.499268,12.839268,12.999268,12.939267,12.139268,10.919268,10.289268,10.289268,9.599268,9.239267,8.209268,8.229267,8.139268,6.7892675,6.2692676,6.9292674,8.979267,10.379268,11.219268,11.859267,12.429268,13.379268
-2.0807323,-1.7307324,-0.73073244,0.2692676,1.4192675,2.7692676,4.1692677,4.7392673,6.2692676,7.5692677,8.259268,8.689267,8.149267,8.639268,9.049268,9.709268,9.569267,9.299268,9.269268,9.179268,9.649267,10.129268,10.489267,11.209268,11.189267,11.489267,11.819267,12.169268,12.619267,12.749268,12.739267,12.999268,13.229267,13.699267,13.739267,13.619267,13.699267,13.779267,13.989267,13.919268,13.859267,13.359267,12.939267,10.789268,10.009268,10.119267,10.349268,9.439267,8.159267,7.8392677,9.399267,11.189267,10.789268,11.069267,12.879268,14.559268,15.229267
-1.3407325,-0.91073245,0.24926758,1.5992676,2.7092676,4.2292676,5.049268,6.9892673,7.6292677,8.719268,9.489267,10.179268,10.209268,10.519268,10.679268,10.869267,10.919268,10.799268,10.599268,10.589268,10.929268,11.169268,10.699267,11.489267,11.949267,12.519268,13.119267,13.849268,13.979267,14.049268,14.389268,14.979267,14.699267,13.839268,14.669268,14.609267,14.799268,14.389268,14.009268,13.849268,14.109267,14.5792675,14.489267,12.589268,11.229267,10.549268,10.249268,9.309268,8.299268,8.619267,10.039268,11.689267,12.139268,12.699267,13.529267,14.499268,15.179268
-0.54073244,0.14926758,1.0292675,2.4892676,4.009268,5.5992675,6.759268,8.0792675,8.029267,10.489267,10.399267,10.759268,11.239267,11.499268,11.849268,12.169268,11.869267,10.339268,11.839268,11.699267,11.059268,11.819267,10.279267,12.119267,12.799268,13.259268,13.719268,14.649267,14.879268,14.999268,14.8292675,15.109267,14.539268,15.239267,15.409267,15.469268,15.289268,14.319267,14.389268,14.319267,13.919268,13.389268,13.339268,11.979267,10.629268,9.749268,9.349268,9.609267,9.209268,9.369267,10.899267,11.689267,12.939267,13.449267,13.789268,14.339268,15.729267
1.1592675,2.2392676,3.3292675,3.9692676,4.509268,5.1492677,7.1192675,7.8492675,8.779267,10.309268,10.929268,11.019268,11.269268,11.8292675,12.549268,12.0792675,12.039268,11.989267,11.879268,11.759268,11.979267,12.289268,12.449267,12.669268,13.099268,13.519268,13.5792675,13.709268,14.429268,14.949267,15.109267,15.169268,14.949267,14.789268,15.019268,14.529267,14.919268,15.069267,15.039268,14.5792675,14.269268,13.499268,12.429268,10.289268,9.029267,9.309268,9.069267,9.519268,10.8292675,11.999268,12.589268,12.689267,13.019268,13.199267,14.149267,15.639268,16.599268
2.3092675,3.2092676,4.3992677,5.4992676,6.3792677,6.9492674,7.4992676,8.149267,8.839268,9.3292675,9.779267,9.779267,10.559268,11.059268,11.249268,11.349268,11.239267,11.229267,11.549268,11.819267,11.879268,12.239267,12.649267,12.569267,12.439267,12.529267,12.959268,13.529267,14.109267,14.089268,14.249268,13.289268,14.749268,14.939267,14.649267,14.679268,14.439267,14.429268,14.0792675,13.729267,13.449267,13.049268,12.5792675,11.719268,9.889268,8.189267,8.089268,8.319267,10.159267,11.069267,12.149267,12.689267,13.049268,14.149267,15.089268,16.189268,17.469267
2.9292676,3.6092675,4.3392677,4.8492675,5.2392673,5.7492676,6.2292676,6.8092675,7.4992676,8.069267,8.869267,9.919268,10.699267,11.489267,11.979267,12.189267,12.199267,11.959268,11.549268,11.769268,12.089268,11.869267,11.509268,11.389268,11.569267,12.149267,12.619267,12.769268,12.859267,13.429268,13.219268,13.929268,14.099268,14.459268,14.589268,14.439267,14.399267,13.899267,13.659267,12.949267,12.109267,11.589268,10.929268,10.369267,9.569267,8.899267,8.899267,9.539268,9.489267,10.669268,12.099268,13.019268,13.139268,13.849268,14.839268,16.289268,17.999268
2.6592677,3.1092675,3.5292675,4.049268,4.6192675,5.4192677,6.4292674,7.3892674,8.259268,9.009268,9.719268,10.539268,11.259268,11.779267,12.249268,12.519268,12.839268,13.159267,12.889268,12.439267,10.859267,9.739267,10.319267,10.839268,10.999268,10.739267,10.799268,11.729267,11.909267,12.799268,13.419268,13.659267,14.109267,14.219268,14.399267,14.349268,13.999268,13.529267,13.089268,12.669268,11.929268,11.049268,10.449267,9.909267,9.589268,9.379268,9.699267,9.799268,10.159267,11.209268,11.779267,11.529267,11.749268,13.009268,14.349268,15.739267,17.339268
3.3392675,3.6392677,4.2892675,5.1592674,5.9692674,6.7192674,7.6192675,8.399267,9.149267,9.739267,10.419268,10.819267,10.969268,11.239267,11.789268,12.049268,12.179268,11.3292675,7.9292674,4.549268,5.3092675,6.6292677,7.7692676,8.3292675,8.629268,9.039268,9.619267,9.849268,10.509268,12.229267,13.699267,14.759268,15.179268,15.199267,14.599268,13.149267,12.179268,11.679268,11.339268,11.209268,10.529267,9.699267,9.269268,9.119267,8.979267,9.349268,9.219268,9.519268,10.289268,10.479267,9.449267,9.5792675,10.819267,11.539268,12.909267,14.3292675,14.439267
4.0192676,4.549268,4.9792676,6.1992674,5.8492675,5.9592676,6.0792675,6.2892675,8.289268,9.069267,8.559268,8.719268,8.569267,9.129268,8.569267,6.799268,2.9292676,0.70926756,2.5492675,4.0192676,5.029268,6.4292674,7.4192677,8.019268,8.759268,8.859267,9.089268,9.869267,9.909267,10.529267,11.569267,10.289268,9.689267,7.3892674,6.009268,6.8492675,7.5592675,8.199267,8.659267,8.929268,8.499268,7.8392677,7.299268,7.5892677,7.509268,7.4092674,7.7892675,8.629268,8.189267,6.4492674,6.9892673,7.9192677,8.649267,9.919268,10.459268,10.529267,9.969268
