raw-data/2018101000.json
{"header": { "discipline":0, "disciplineName":"Meteorological products", "gribEdition":2, "gribLength":74795, "center":7, "centerName":"US National Weather Service - NCEP(WMC)", "subcenter":0, "refTime":"2018-10-10T00:00:00.000Z", "significanceOfRT":1, "significanceOfRTName":"Start of forecast", "productStatus":0, "productStatusName":"Operational products", "productType":1, "productTypeName":"Forecast products", "productDefinitionTemplate":0, "productDefinitionTemplateName":"Analysis/forecast at horizontal level/layer at a point in time", "parameterCategory":2, "parameterCategoryName":"Momentum", "parameterNumber":2, "parameterNumberName":"U-component_of_wind", "parameterUnit":"m.s-1", "genProcessType":2, "genProcessTypeName":"Forecast", "forecastTime":0, "surface1Type":103, "surface1TypeName":"Specified height level above ground", "surface1Value":10.0, "surface2Type":255, "surface2TypeName":"Missing", "surface2Value":0.0, "gridDefinitionTemplate":0, "gridDefinitionTemplateName":"Latitude_Longitude", "numberPoints":65160, "shape":6, "shapeName":"Earth spherical with radius of 6,371,229.0 m", "gridUnits":"degrees", "resolution":48, "winds":"true", "scanMode":0, "nx":360, "ny":181, "basicAngle":0, "lo1":0.0, "la1":90.0, "lo2":359.0, "la2":-90.0, "dx":1.0, "dy":1.0 }, "data":
[rows 125 to 149 of 181, columns 114 to 170 of 360]
-7.2472143,-2.0172143,-1.3872143,-2.4572144,-4.367214,-7.657214,-7.9172144,-7.2572145,-9.287214,-10.067214,-8.447214,-8.337214,-7.2272143,-8.707214,-8.987214,-9.287214,-9.417214,-9.107214,-8.927215,-8.287214,-8.107214,-7.8772144,-6.7572145,-5.1472144,-3.0672143,-2.7072144,-1.5872144,-1.9272144,-2.1972144,-4.0472145,-5.2472143,-6.947214,-4.9872146,-8.877214,-8.777214,-6.2572145,-3.4872143,-2.8372145,-3.3872144,-3.8072143,-2.4972143,-0.067214355,3.2627857,4.902786,5.6427855,5.572786,5.4227858,5.9127855,5.822786,5.8527856,6.072786,4.6227856,4.132786,3.7327857,3.5727856,3.8527856,2.5627856
-4.8972144,-4.3072143,-4.347214,-8.0472145,-8.327214,-8.487214,-8.347215,-9.497214,-9.267215,-8.487214,-8.187214,-7.3972144,-7.9672146,-8.197214,-9.087214,-9.877214,-9.637215,-9.127214,-8.397214,-8.407214,-8.417214,-8.277214,-8.287214,-4.177214,-7.0272145,-4.9772143,-3.9172144,-4.117214,-4.9672146,-6.0372143,-6.1272144,-3.8072143,-2.6272144,-4.7472143,-1.5672144,-0.95721436,0.85278565,-2.2772143,-1.9872143,-1.8872143,-1.4372144,-0.037214354,1.4627856,2.9627857,5.2527857,6.9227858,7.2927856,6.382786,6.8727856,5.6027856,5.7127857,4.302786,3.7027857,3.3527856,3.5827856,3.6327856,3.2527857
-7.6872144,-7.2172146,-7.637214,-9.017215,-9.277214,-9.077214,-8.737214,-8.127214,-8.307215,-7.7972145,-7.2072144,-6.407214,-7.2572145,-8.187214,-8.467215,-8.227215,-8.667214,-8.077214,-8.087214,-8.237214,-8.157214,-7.9972143,-8.327214,-8.597215,-8.627214,-7.617214,-4.6672144,-5.4172144,-5.0572143,-5.6872144,-5.4872146,-3.2572143,-3.1472144,-2.9572144,-1.6372143,-0.95721436,-0.49721435,-1.6572144,-1.7472143,-1.2672143,-0.34721434,0.52278566,1.1927856,1.7627857,2.8227856,4.652786,6.4327855,7.362786,7.2527857,6.802786,4.5027857,3.6227856,3.3327856,3.3127856,3.5027857,3.9527857,3.4727857
-8.707214,-8.377214,-8.757215,-9.177215,-9.087214,-8.097215,-7.4572144,-7.7972145,-7.617214,-6.3972144,-6.4572144,-6.9172144,-7.367214,-6.697214,-6.8772144,-7.5072145,-7.8072143,-7.5372143,-7.617214,-7.5072145,-7.367214,-7.5672145,-8.207214,-8.747214,-9.237214,-9.2972145,-9.667214,-3.7572143,-5.7972145,-6.947214,-7.2572145,-6.0672145,-3.9972143,-4.0172143,-6.2472143,-5.1672144,-3.7872143,-3.5772142,-2.6772144,-1.8072144,-0.78721434,0.46278563,1.3327856,2.1827857,2.9027855,4.112786,5.2527857,6.9627857,8.332786,10.382786,4.9627857,3.8527856,3.5427856,3.3227856,3.6127856,3.7127857,3.4127855
-6.847214,-7.8972144,-7.7972145,-7.4672146,-7.197214,-6.9172144,-6.8972144,-6.9772143,-5.657214,-5.5172143,-6.7072144,-6.0472145,-5.7172146,-6.117214,-5.9972143,-6.887214,-6.887214,-6.7172146,-6.6472144,-6.7272143,-6.6272144,-7.0672145,-7.7272143,-8.407214,-9.007215,-9.2972145,-9.937214,-9.327214,-10.207214,-11.567214,-11.007215,-11.877214,-10.187214,-8.707214,-7.2972145,-6.197214,-5.2672143,-4.697214,-3.5572143,-2.3972144,-0.9872143,0.40278566,1.7027856,2.8527856,3.7327857,4.7527857,4.4127855,5.8527856,7.362786,9.2027855,5.112786,4.4927855,3.7627857,3.4327857,4.072786,3.9727857,3.3627856
-5.2072144,-6.5572143,-6.0172143,-6.197214,-5.2172146,-5.7672143,-6.1272144,-5.5272145,-4.4772143,-6.0172143,-6.947214,-5.367214,-5.407214,-5.8172145,-5.4872146,-6.0072145,-6.0072145,-5.5672145,-5.3372145,-5.7372146,-5.6272144,-6.137214,-6.5872145,-7.4772143,-7.9872146,-8.2972145,-8.607214,-9.147214,-9.117214,-7.447214,-3.9572144,-8.537214,-7.6072145,-8.057215,-3.0272143,-6.097214,-5.8072143,-5.0272145,-3.3772144,-2.7672143,-1.1372143,0.012785644,1.1827856,1.4327856,2.7327857,3.4327857,2.1827857,2.6727858,4.6927857,6.9927855,8.322785,5.2727857,3.9327857,3.6727858,4.2727857,4.402786,4.1927857
-4.1472144,-4.0672145,-3.7172143,-4.1272144,-4.5272145,-5.0272145,-4.4872146,-4.3072143,-4.2172146,-5.157214,-5.387214,-4.6872144,-5.0272145,-5.3272142,-4.9872146,-5.2272143,-4.697214,-4.117214,-3.8872144,-4.347214,-4.2672143,-4.8772144,-5.0072145,-5.847214,-6.3972144,-6.4172144,-6.697214,-7.2272143,-7.2472143,-7.9372144,-5.347214,-0.66721433,-3.9872143,-1.5172143,-2.8772144,-5.117214,-4.8072143,-4.2172146,-3.2072144,-2.4272144,-1.5872144,-0.40721434,0.08278564,-0.41721436,-0.64721435,-1.4672143,-2.4572144,-2.9972143,-0.70721436,2.9927857,7.552786,7.902786,4.1227856,3.9127855,3.6127856,3.5927856,3.4327857
-2.7872143,-2.4372144,-2.8672144,-3.0572143,-3.3472145,-3.5872145,-3.0772142,-3.4672143,-3.8972144,-3.6072145,-3.2272143,-2.9672143,-3.5172143,-3.5672143,-2.9472144,-3.1672144,-2.5872145,-2.1972144,-2.1872144,-2.5672143,-2.7672143,-2.9072144,-3.2572143,-3.8972144,-4.2772145,-4.697214,-4.9672146,-5.4672146,-5.7972145,-5.4772143,-5.7172146,-2.0972145,-2.3172143,-1.6372143,-2.3372145,-2.8672144,-3.1872144,-2.9572144,-2.7772143,-1.9672143,-1.8572143,-0.90721434,-1.1872144,-1.5772144,-2.6072145,-3.9772143,-4.2172146,-6.8972144,-6.3972144,-5.2472143,0.08278564,7.6027856,3.7127857,4.9227858,2.6227856,2.3927855,2.4227858
-4.0472145,-3.6372144,-1.3872143,-0.84721434,-0.44721437,-1.1072143,-1.7372143,-1.5872144,-1.3672143,-1.0472144,-0.5472143,-0.71721435,-0.6172144,-0.78721434,-1.0172143,-0.77721435,-0.26721436,0.012785644,0.12278564,-0.14721435,-0.44721437,-0.7472144,-1.1772144,-1.4372144,-1.9372144,-2.5972145,-2.9572144,-3.3872144,-3.6672144,-3.8672144,-3.7372143,-4.5772142,-1.5572144,-1.3472143,-0.47721437,-1.2972144,-1.4372144,-1.3272144,-1.5672144,-1.5272144,-1.4572144,-1.1872144,-1.9272144,-1.6272143,-2.9672143,-3.6972144,-4.9172144,-5.8272142,-6.2472143,-6.5872145,-5.7472143,-3.5172143,6.7027855,3.6027856,2.2727857,0.84278566,-6.9772143
0.09278564,0.27278563,0.5627856,0.72278565,1.4027857,1.7527857,0.18278565,-0.0072143553,1.0527856,1.4927857,1.7927856,1.7527857,2.5627856,2.4927857,2.5827856,2.4327857,2.3827856,2.4727857,2.5927856,2.5127857,2.1227856,2.1627855,1.9327856,2.1327856,0.8127856,0.59278566,0.16278565,0.032785643,-0.51721436,-0.88721436,-1.2572143,-1.6772144,-1.9472144,-0.9872143,-0.34721434,-0.017214356,0.0027856445,0.45278564,-0.6872144,-0.41721436,-0.94721437,-0.83721435,-2.0972145,-1.4972143,-2.7572143,-2.9172144,-3.6172144,-3.7872143,-4.5772142,-5.5472145,-5.387214,-4.6872144,0.042785645,2.9727857,-1.3972144,-2.5372143,6.9127855
3.2127857,2.6727858,2.0027857,2.4727857,2.1227856,1.2227856,0.98278564,1.0327857,2.6527855,3.6827857,3.8627856,4.3127856,4.342786,4.4927855,5.0127854,4.7827854,4.7127857,4.6227856,4.552786,4.7027855,4.902786,4.7627854,5.052786,5.0427856,4.8127856,4.2027855,3.9627857,3.7127857,3.5627856,3.0727856,2.4027855,1.8127856,1.8227856,1.4527856,1.1927856,1.4027857,1.7527857,1.6927856,0.67278564,0.10278565,-0.30721435,-0.107214354,-1.6672144,-1.2672143,-1.5172143,-2.2072144,-2.1372144,-2.1472144,-2.7072144,-3.3172143,-4.3272142,-5.5872145,-3.2572143,-3.1672144,0.0027856445,2.7827857,7.1427855
5.092786,5.1627855,4.1427855,3.2927856,2.8927855,2.6427855,2.7727857,3.2927856,4.6027856,5.2027855,5.572786,6.0827856,6.1627855,5.8527856,6.0227857,6.552786,6.572786,6.322786,6.6927857,6.9727855,7.1227856,7.1727858,7.2427855,7.2227855,7.302786,7.052786,6.882786,6.8127856,6.7627854,6.4227858,5.9427857,5.4427857,4.9427857,4.7327857,3.6227856,3.2827857,3.3627856,3.0827856,1.9827857,1.1427857,1.0727856,1.1627856,-0.56721437,-0.30721435,0.21278565,-0.36721435,-0.88721436,-0.77721435,-1.3372144,-1.7372143,-2.2372143,-4.197214,-7.9972143,-2.2372143,-0.12721436,0.112785645,0.6227856
7.0027857,5.2627854,5.1427855,5.2227855,5.5427856,5.2327857,5.132786,5.5627856,6.2727857,7.1727858,7.7627854,7.6827855,7.7827854,7.592786,7.302786,6.2627854,7.092786,7.9427857,8.752786,8.992785,9.072785,8.982785,8.932786,8.822785,9.102786,9.052786,8.942785,8.872786,8.802786,8.582786,8.242785,7.9527855,7.6227856,7.112786,6.1627855,5.5227857,5.2527857,4.902786,3.9927857,3.1827857,2.8327856,2.7827857,1.6227857,1.3927857,1.7627857,1.2627857,0.45278564,0.49278563,-0.32721436,-0.69721437,-0.95721436,-1.4072144,-2.2072144,-1.8872143,-0.17721435,-0.23721436,0.84278566
-6.5672145,-2.7672143,5.5827856,6.9827857,5.882786,6.3327856,6.6927857,7.1927857,7.9727855,8.902785,9.292786,8.862785,8.832786,8.922786,9.142786,8.932786,9.482785,9.462786,10.032785,10.062786,10.422786,10.712786,10.302786,9.812786,9.712786,10.332786,10.422786,10.282785,10.132786,10.072785,9.932786,9.712786,9.4527855,8.652785,8.122786,7.7927856,7.4627857,7.1227856,6.342786,5.5627856,5.1727858,5.052786,4.1727858,3.3627856,3.3027856,2.7127857,1.8927857,0.86278564,0.23278564,0.112785645,0.17278564,0.32278565,0.33278564,0.17278564,0.44278565,1.5327857,2.4927857
-4.4872146,-4.2072144,-3.8172143,-4.2772145,0.052785646,7.112786,8.152785,8.572785,9.532785,9.632786,9.892786,9.972786,9.552786,9.542786,10.282785,10.852786,10.862785,10.9527855,11.122786,10.9527855,11.222786,11.112785,10.372786,9.582786,9.332786,10.222786,10.9527855,11.002786,11.142786,11.112785,10.872786,10.522785,10.252786,9.882786,9.652785,9.7027855,9.752786,9.262786,8.7027855,8.002786,7.4627857,7.1027856,6.612786,5.2327857,4.802786,4.552786,3.6027856,2.3527856,1.3627857,0.93278563,0.6227856,0.20278564,-0.38721436,-0.20721436,0.042785645,0.40278566,0.53278565
-1.8172144,-2.1172144,-1.9372144,-1.5172143,-0.9372144,-1.1072143,-1.5172143,2.9027855,8.392786,9.812786,10.342786,11.542786,11.232785,11.182786,11.852786,11.982785,11.352786,11.022785,11.132786,11.342786,11.302786,10.872786,10.172786,10.012786,9.722786,9.712786,10.622786,11.252786,11.652785,11.462786,11.072785,10.502786,10.542786,10.782785,11.062786,11.302786,10.992785,10.922786,10.782785,10.402785,9.942785,9.262786,8.552786,7.612786,6.9427857,6.5827856,5.902786,4.7627854,3.5727856,2.3527856,1.6327857,1.0227857,0.7027857,0.58278567,0.80278563,0.8827856,0.96278566
2.3427856,1.6527857,1.4227856,1.2627857,0.92278564,1.1027856,1.7827857,2.5727856,2.3827856,1.7727857,4.362786,9.412786,11.402785,10.732785,10.732785,10.982785,11.002786,11.012786,10.922786,11.242785,11.632786,11.522785,11.212786,10.522785,9.832786,9.532785,9.802786,9.992785,9.982785,10.4527855,10.822785,10.2027855,9.622786,11.872786,13.032785,13.442785,13.222786,11.752786,12.522785,12.732785,12.142786,11.382786,10.902785,9.802786,9.172786,8.832786,8.312786,7.5027857,6.4727855,5.7027855,4.7827854,4.1227856,3.5927856,3.1627855,3.3127856,3.0527856,2.9727857
3.8027856,4.4127855,5.342786,5.2927856,5.072786,4.842786,4.6627855,4.7127857,4.5127854,4.572786,5.4427857,6.112786,6.2327857,6.9827857,9.772785,12.072785,12.432786,11.872786,11.262786,10.972786,11.192785,11.572785,11.7027855,11.842786,11.602786,11.812786,12.062786,11.672786,12.192785,12.632786,12.102786,11.902785,11.552786,13.022785,14.812786,15.082786,14.592786,13.062786,13.682786,14.102786,13.962786,13.432786,12.912786,12.182786,11.542786,10.982785,10.662786,10.112785,9.372786,8.832786,8.352786,7.8527856,7.2427855,6.5227857,5.9227858,5.4927855,5.052786
6.4527855,6.9527855,7.3527856,7.2727857,7.1727858,8.232785,8.892786,9.042786,8.592786,6.612786,6.7927856,7.9127855,8.022785,7.7027855,7.4227858,7.3927855,8.222786,9.9527855,10.832786,10.842786,11.062786,11.522785,11.892786,12.142786,12.572785,13.342786,13.532785,12.862785,12.862785,13.542786,13.962786,14.142786,14.462786,15.412786,17.032785,17.222786,16.362785,15.472786,15.842786,15.222786,14.522785,15.302786,15.432786,14.902785,13.922786,13.252786,12.802786,12.562786,11.962786,11.312786,10.792786,10.612785,10.382786,9.842786,9.252786,8.172786,7.4627857
7.572786,8.462786,9.112785,9.622786,10.052786,10.572785,11.032785,11.302786,11.272785,10.182786,9.502786,9.522785,8.872786,8.572785,8.822785,8.962786,8.972786,8.862785,8.412786,8.612785,9.782785,11.422786,12.042786,11.752786,11.682786,12.212786,12.832786,12.962786,13.152785,14.042786,14.922786,15.512786,16.062786,16.892786,18.772785,18.962786,17.652786,16.382786,16.062786,15.522785,14.662786,15.172786,17.252785,17.482786,16.882786,15.942785,15.362785,15.012786,14.362785,13.782785,13.242785,12.592786,12.322785,12.272785,12.072785,11.182786,9.892786
9.712786,10.402785,10.992785,11.262786,11.372786,11.822785,12.162786,12.392786,12.492785,12.182786,11.442785,11.362785,10.962786,9.9527855,11.232785,11.032785,10.622786,11.052786,11.232785,10.372786,9.312786,8.462786,7.8127856,7.2527857,7.0827856,7.2427855,7.902786,9.332786,10.842786,11.932786,12.752786,13.712786,14.552786,14.962786,15.612785,16.582787,17.162786,17.002785,17.312786,18.442785,18.432785,18.102785,18.642786,18.792786,18.652786,17.992786,17.172785,16.502785,15.832786,15.402785,15.212786,14.902785,14.462786,13.912786,13.872786,13.212786,11.892786
11.712786,12.172786,12.512786,12.682786,12.732785,13.042786,13.192785,13.172786,12.982785,12.362785,10.942785,12.382786,12.982785,13.592786,14.072785,13.562786,12.902785,12.812786,13.252786,12.432786,10.842786,9.882786,9.502786,9.4527855,9.362785,9.022785,8.922786,9.192785,9.432786,9.662786,9.902785,10.382786,10.822785,11.042786,11.412786,12.912786,13.2027855,13.562786,14.302786,15.822785,17.582787,18.432785,19.362785,19.672785,19.472786,18.552786,17.242786,16.932785,16.412786,15.982785,15.882786,15.832786,15.592786,15.112785,14.962786,14.572785,13.752786
12.672786,13.022785,13.212786,13.632786,13.922786,14.352786,14.732785,14.832786,14.722786,14.622786,14.582786,14.682786,15.142786,15.332786,15.442785,14.712786,14.332786,14.122786,14.212786,14.362785,13.522785,12.332786,10.902785,11.182786,10.862785,10.522785,10.532785,10.522785,10.562786,10.532785,10.552786,10.822785,10.602786,10.132786,10.102786,10.362785,11.392786,12.272785,13.012786,14.252786,14.602786,15.482785,17.242786,18.552786,19.602785,19.252785,17.662786,16.582787,15.882786,15.852786,16.022785,16.102785,15.902785,15.812786,15.742785,15.882786,15.862785
13.252786,13.4527855,13.802786,14.432786,15.002786,15.592786,16.042786,16.302786,16.122786,15.672786,15.802786,16.672785,16.992786,17.242786,17.252785,16.732786,15.752786,15.242785,15.072785,15.112785,14.752786,14.402785,13.842786,13.4527855,12.992785,12.732785,13.192785,13.082786,12.712786,12.092786,11.672786,11.632786,11.502786,11.2027855,11.542786,11.812786,12.082786,13.072785,13.172786,13.092786,13.992785,15.082786,15.372786,16.222786,18.472786,19.462786,18.522785,16.842785,16.132786,15.892786,15.842786,15.902785,15.612785,15.442785,15.402785,15.502786,15.692785
13.802786,14.422786,14.922786,15.382786,15.432786,16.042786,16.002785,16.702785,17.612785,17.672785,17.692785,18.002785,17.952785,17.852785,17.792786,17.542786,17.142786,16.712786,16.342785,15.862785,15.622786,15.352786,15.352786,13.692785,14.672786,14.622786,14.832786,14.9527855,14.402785,13.802786,13.652785,13.592786,13.412786,13.392786,13.472786,13.632786,13.872786,14.022785,14.092786,14.132786,14.112785,14.322785,14.392786,14.992785,16.812786,18.602785,17.802786,16.512785,16.402786,15.852786,15.262786,15.012786,14.402785,14.382786,14.042786,13.732785,13.742785
