raw-data/2018091700.json
{"header": { "discipline":0, "disciplineName":"Meteorological products", "gribEdition":2, "gribLength":73982, "center":7, "centerName":"US National Weather Service - NCEP(WMC)", "subcenter":0, "refTime":"2018-09-17T00:00:00.000Z", "significanceOfRT":1, "significanceOfRTName":"Start of forecast", "productStatus":0, "productStatusName":"Operational products", "productType":1, "productTypeName":"Forecast products", "productDefinitionTemplate":0, "productDefinitionTemplateName":"Analysis/forecast at horizontal level/layer at a point in time", "parameterCategory":2, "parameterCategoryName":"Momentum", "parameterNumber":3, "parameterNumberName":"V-component_of_wind", "parameterUnit":"m.s-1", "genProcessType":2, "genProcessTypeName":"Forecast", "forecastTime":0, "surface1Type":103, "surface1TypeName":"Specified height level above ground", "surface1Value":10.0, "surface2Type":255, "surface2TypeName":"Missing", "surface2Value":0.0, "gridDefinitionTemplate":0, "gridDefinitionTemplateName":"Latitude_Longitude", "numberPoints":65160, "shape":6, "shapeName":"Earth spherical with radius of 6,371,229.0 m", "gridUnits":"degrees", "resolution":48, "winds":"true", "scanMode":0, "nx":360, "ny":181, "basicAngle":0, "lo1":0.0, "la1":90.0, "lo2":359.0, "la2":-90.0, "dx":1.0, "dy":1.0 }, "data":
[rows 112 to 139 of 181, columns 63 to 125 of 360]
-4.86896,-5.10896,-4.49896,-3.72896,-3.72896,-3.6789598,-3.69896,-3.28896,-2.58896,-1.9889599,-1.00896,-0.57895994,-0.11895996,0.22104004,0.24104004,0.51104003,1.0210401,1.17104,1.61104,2.17104,2.27104,2.19104,1.92104,1.86104,2.36104,2.90104,3.16104,3.5710402,3.62104,3.63104,3.8310401,4.34104,4.88104,5.24104,5.51104,5.92104,6.31104,6.58104,6.7210402,7.04104,7.31104,7.64104,7.71104,7.62104,8.29104,8.63104,8.68104,8.98104,9.79104,10.17104,11.47104,9.74104,8.23104,7.49104,6.83104,7.79104,5.68104,6.9710402,5.80104,-1.01896,-1.79896,-1.90896,-3.58896
-5.38896,-6.41896,-5.80896,-5.42896,-4.70896,-4.30896,-4.7789598,-4.34896,-3.86896,-3.21896,-2.23896,-1.6089599,-1.41896,-1.26896,-1.14896,-0.54896,0.18104003,0.74104005,1.10104,1.31104,0.83104,0.95104,1.5310401,1.4110401,1.7810401,1.83104,1.92104,2.37104,3.03104,3.40104,3.63104,3.95104,4.33104,4.85104,5.38104,5.82104,6.12104,6.42104,6.7010403,7.12104,7.54104,7.79104,7.93104,7.88104,7.9710402,8.54104,9.09104,9.45104,9.60104,10.05104,11.34104,10.23104,8.51104,6.21104,3.12104,1.3810401,4.89104,5.30104,4.62104,-1.81896,-3.34896,-3.6489599,-4.80896
1.05104,-7.7789598,-7.12896,-6.64896,-6.5489597,-5.45896,-6.06896,-5.5489597,-5.34896,-4.72896,-3.6789598,-3.22896,-3.37896,-3.1789598,-3.12896,-2.56896,-1.80896,-1.4789599,-1.0989599,-0.59896,-0.05895996,0.45104003,1.47104,1.61104,1.47104,1.58104,1.75104,1.71104,2.16104,2.73104,3.16104,3.5710402,4.04104,4.57104,4.9510403,5.27104,5.69104,6.03104,6.27104,6.64104,7.12104,7.41104,7.64104,7.7010403,7.93104,8.50104,8.85104,9.22104,9.52104,9.76104,10.97104,10.93104,9.40104,7.56104,5.59104,2.6010401,1.93104,2.45104,2.77104,-3.13896,-4.26896,-4.22896,-5.07896
3.03104,-6.44896,-9.25896,-8.08896,-7.16896,-6.78896,-7.11896,-6.78896,-6.45896,-5.87896,-5.37896,-4.96896,-4.90896,-4.5289598,-4.24896,-3.6589599,-2.6789598,-2.04896,-1.57896,-1.00896,-0.44895995,-0.09895996,0.25104004,0.82104003,1.17104,1.2610401,1.4010401,1.67104,1.83104,2.12104,2.51104,2.8310401,3.36104,4.03104,4.57104,5.02104,5.50104,5.98104,6.69104,7.38104,8.00104,8.35104,8.55104,8.99104,9.02104,8.98104,9.11104,9.40104,9.72104,9.83104,9.86104,9.72104,8.10104,7.89104,6.55104,6.86104,5.89104,3.52104,0.07104004,-3.6789598,-4.83896,-5.44896,-5.87896
2.15104,2.56104,-9.88896,-9.11896,-7.99896,-7.07896,-7.56896,-7.94896,-7.44896,-7.11896,-6.68896,-6.34896,-6.07896,-5.78896,-4.80896,-3.80896,-2.76896,-2.1589599,-1.80896,-1.6189599,-1.3589599,-1.04896,-0.71896,-0.41895998,-0.27895996,0.44104004,0.97104,1.37104,1.57104,1.67104,1.94104,2.55104,3.00104,3.30104,4.09104,4.87104,5.71104,6.28104,6.77104,7.33104,7.90104,8.30104,8.73104,9.09104,9.42104,9.58104,9.72104,9.68104,9.82104,9.97104,8.53104,10.64104,9.58104,8.72104,7.29104,8.81104,7.71104,8.22104,4.67104,-6.39896,-6.97896,-6.94896,-6.90896
1.6610401,3.11104,-9.35896,-10.51896,-9.94896,-8.63896,-8.21896,-9.04896,-8.71896,-8.10896,-7.81896,-7.5489597,-7.24896,-6.62896,-5.58896,-4.84896,-3.87896,-3.37896,-2.71896,-2.32896,-2.11896,-1.75896,-1.51896,-1.14896,-0.75895995,-0.19895996,0.50104004,0.97104,1.5210401,2.01104,2.90104,3.56104,3.71104,3.80104,4.03104,4.41104,4.84104,5.42104,5.99104,6.52104,6.9710402,7.57104,8.14104,8.68104,9.20104,9.61104,9.9610405,10.34104,10.36104,10.38104,10.64104,8.60104,9.35104,8.92104,8.12104,8.92104,8.90104,10.37104,10.44104,2.36104,-6.07896,-5.18896,-7.10896
0.17104004,2.0810401,-4.11896,-11.91896,-10.92896,-9.81896,-8.97896,-9.04896,-9.24896,-8.54896,-7.82896,-7.95896,-7.72896,-7.25896,-6.22896,-5.28896,-4.60896,-3.94896,-3.06896,-3.11896,-2.70896,-1.87896,-0.94895995,-0.57895994,-0.48895997,-0.36895996,-0.40895995,-0.18895996,1.9010401,2.81104,2.92104,2.79104,2.81104,3.15104,3.67104,4.11104,4.76104,5.4510403,5.98104,6.42104,6.86104,7.35104,7.87104,8.35104,8.88104,9.40104,9.84104,10.17104,10.4610405,10.82104,11.14104,9.49104,8.89104,8.93104,8.90104,9.06104,9.49104,9.62104,9.41104,9.38104,6.14104,-1.56896,-5.39896
-1.65896,0.34104005,2.36104,-13.40896,-12.0389595,-11.98896,-9.59896,-9.49896,-9.68896,-9.47896,-8.85896,-8.22896,-8.47896,-8.19896,-7.11896,-6.12896,-5.88896,-4.89896,-4.45896,-3.61896,-2.86896,-2.68896,-1.76896,-0.67895997,-0.21895996,-0.39895996,-0.32895997,0.67104006,1.6610401,1.48104,1.73104,1.80104,2.30104,2.79104,3.3310401,3.90104,4.48104,5.28104,5.93104,6.4510403,6.85104,7.30104,7.71104,8.13104,8.50104,8.90104,9.28104,9.54104,9.91104,10.34104,11.06104,11.23104,6.24104,8.44104,8.30104,8.92104,8.65104,9.47104,9.56104,9.85104,10.04104,8.65104,3.98104
-3.03896,-1.99896,0.58104,-9.98896,-13.31896,-11.85896,-10.54896,-9.75896,-10.07896,-10.04896,-9.75896,-9.20896,-8.73896,-9.00896,-7.25896,-6.36896,-5.91896,-5.16896,-4.33896,-3.72896,-3.3989599,-3.08896,-2.44896,-1.8589599,-1.69896,-1.5989599,-1.2089599,-0.94895995,-0.80895996,-0.26895997,0.27104005,0.99104005,1.71104,2.44104,3.13104,3.77104,4.39104,5.15104,5.85104,6.51104,6.90104,7.26104,7.66104,8.04104,8.29104,8.49104,8.85104,9.15104,9.30104,9.61104,10.29104,10.81104,6.48104,7.43104,7.09104,8.25104,8.83104,9.62104,9.67104,10.32104,9.78104,10.03104,9.72104
-4.43896,-3.74896,-2.54896,-2.73896,-12.61896,-12.31896,-10.56896,-10.01896,-9.95896,-10.02896,-9.71896,-9.75896,-9.25896,-8.52896,-7.35896,-6.88896,-6.56896,-6.37896,-5.17896,-3.62896,-4.62896,-3.32896,-2.88896,-2.26896,-2.74896,-3.33896,-3.1689599,-2.77896,-2.1689599,-1.51896,-0.89895993,-0.21895996,0.79104006,1.93104,2.79104,3.62104,4.50104,5.2010403,5.9710402,6.56104,7.12104,7.46104,7.81104,8.19104,8.55104,8.44104,8.76104,9.17104,9.32104,9.43104,9.68104,9.98104,8.80104,5.29104,5.74104,5.88104,7.09104,6.92104,7.03104,9.78104,7.62104,9.57104,10.11104
-4.00896,-4.49896,-4.50896,-2.9289598,-8.80896,-12.95896,-12.93896,-11.07896,-10.24896,-10.49896,-10.97896,-10.72896,-10.25896,-9.97896,-9.55896,-8.39896,-7.99896,-7.44896,-6.20896,-5.20896,-4.7789598,-3.6789598,-3.21896,-3.36896,-4.06896,-4.57896,-4.35896,-3.9189599,-3.30896,-2.71896,-2.03896,-1.24896,-0.31895995,0.95104,2.45104,3.5910401,4.61104,5.52104,6.03104,6.56104,7.06104,7.52104,7.75104,8.07104,8.36104,8.48104,8.41104,8.59104,8.67104,8.72104,8.82104,9.16104,9.13104,3.5710402,4.27104,5.26104,5.84104,6.10104,6.23104,6.79104,6.82104,8.10104,8.24104
0.12104004,-4.38896,-5.57896,-5.20896,-8.14896,-11.25896,-12.68896,-12.04896,-11.69896,-10.60896,-10.36896,-10.89896,-10.70896,-10.38896,-10.2889595,-9.64896,-8.17896,-6.96896,-5.87896,-5.35896,-5.84896,-5.5489597,-4.98896,-4.53896,-4.76896,-5.26896,-4.92896,-4.44896,-4.0489597,-3.47896,-2.9089599,-2.22896,-1.06896,0.18104003,1.9110401,3.45104,4.73104,5.66104,6.35104,6.69104,7.03104,7.50104,7.73104,7.94104,8.18104,8.42104,8.39104,8.47104,8.43104,8.39104,8.34104,8.75104,8.48104,2.49104,1.60104,3.46104,4.02104,4.55104,4.57104,6.12104,6.43104,6.2010403,8.35104
1.2610401,-0.64895993,-5.72896,-7.48896,-9.37896,-11.96896,-13.33896,-12.32896,-11.96896,-11.50896,-10.85896,-10.27896,-10.41896,-9.88896,-9.41896,-8.82896,-7.7989597,-7.11896,-6.84896,-6.34896,-6.92896,-7.23896,-6.82896,-6.53896,-5.83896,-5.70896,-5.40896,-5.0289598,-4.5289598,-4.0289598,-3.38896,-2.35896,-1.2089599,0.29104003,2.05104,3.6010401,4.84104,5.69104,6.40104,6.68104,6.83104,7.15104,7.36104,7.64104,7.85104,8.00104,8.36104,8.55104,8.45104,8.28104,8.26104,8.04104,5.92104,0.42104003,1.6410401,1.9110401,1.47104,2.62104,6.13104,6.40104,6.71104,8.36104,8.74104
1.37104,0.09104004,-2.63896,-7.47896,-10.83896,-12.51896,-14.31896,-13.83896,-12.98896,-12.63896,-12.50896,-11.77896,-10.77896,-10.15896,-9.46896,-8.92896,-8.08896,-7.48896,-7.14896,-6.12896,-7.67896,-8.49896,-8.18896,-7.42896,-6.25896,-6.08896,-6.11896,-5.43896,-4.83896,-4.46896,-3.73896,-2.62896,-1.01896,0.45104003,2.0810401,3.62104,4.77104,5.46104,6.16104,6.4710402,6.67104,6.83104,7.11104,7.46104,7.78104,8.19104,8.39104,8.56104,8.62104,8.59104,8.51104,8.32104,8.37104,7.71104,3.3510401,2.31104,5.63104,5.25104,5.25104,5.85104,6.74104,7.7210402,8.60104
1.0110401,-0.25895995,-1.5989599,-5.59896,-11.59896,-13.31896,-13.80896,-14.31896,-14.15896,-13.68896,-13.22896,-13.11896,-12.45896,-11.40896,-10.29896,-9.22896,-8.31896,-7.68896,-7.21896,-6.87896,-7.51896,-10.10896,-9.70896,-8.95896,-7.7989597,-6.89896,-6.70896,-6.32896,-5.33896,-4.68896,-3.86896,-2.73896,-1.29896,0.46104005,1.62104,3.16104,4.14104,5.13104,5.61104,6.02104,6.34104,6.61104,6.82104,7.30104,8.12104,8.63104,8.76104,8.77104,8.90104,8.74104,8.91104,8.60104,7.87104,7.74104,7.08104,6.39104,5.71104,5.21104,4.94104,4.46104,4.71104,5.4510403,6.53104
2.24104,-0.34895995,-2.22896,-4.39896,-8.39896,-14.45896,-14.30896,-14.25896,-14.47896,-14.07896,-13.73896,-13.33896,-12.85896,-12.06896,-10.65896,-9.42896,-8.31896,-7.63896,-6.86896,-6.72896,-8.15896,-10.83896,-10.65896,-9.43896,-8.27896,-7.24896,-7.07896,-6.61896,-6.0289598,-4.78896,-3.79896,-2.49896,-1.05896,0.0010400391,1.42104,2.52104,3.80104,4.69104,5.06104,5.34104,5.67104,6.09104,6.57104,7.21104,8.03104,8.51104,8.76104,8.69104,8.73104,8.63104,8.32104,8.41104,8.63104,8.42104,7.87104,7.39104,6.4710402,5.39104,4.64104,4.10104,3.65104,3.56104,4.01104
3.54104,1.34104,-3.01896,-5.37896,-7.63896,-10.85896,-15.48896,-14.48896,-14.14896,-14.54896,-14.5389595,-14.07896,-13.49896,-12.39896,-11.21896,-9.89896,-8.77896,-7.84896,-6.93896,-6.90896,-9.12896,-11.08896,-11.05896,-10.2889595,-9.36896,-6.7989597,-7.26896,-6.85896,-6.20896,-5.16896,-3.95896,-2.6489599,-1.30896,-0.08895996,1.00104,1.97104,3.25104,4.12104,4.66104,5.03104,5.36104,5.80104,5.86104,5.41104,6.55104,7.88104,8.31104,8.13104,8.06104,8.22104,8.7110405,9.01104,8.94104,8.99104,8.55104,7.92104,7.27104,6.40104,5.74104,4.93104,3.69104,2.39104,1.5210401
6.9510403,4.92104,-2.6689599,-7.39896,-9.02896,-10.86896,-12.42896,-15.35896,-14.74896,-14.0389595,-14.01896,-13.60896,-13.64896,-13.31896,-12.20896,-10.70896,-9.43896,-8.77896,-8.34896,-8.42896,-9.50896,-10.93896,-11.38896,-10.54896,-9.80896,-7.64896,-7.48896,-6.99896,-6.19896,-5.30896,-4.14896,-2.97896,-1.81896,-0.63895994,0.27104005,1.6410401,2.54104,3.38104,4.18104,4.78104,5.32104,5.67104,5.66104,5.09104,5.23104,7.04104,7.88104,7.93104,7.89104,7.88104,8.09104,8.63104,8.43104,8.2110405,8.36104,7.50104,6.84104,6.2010403,5.21104,4.94104,4.56104,3.19104,1.22104
8.47104,11.33104,-3.20896,-9.99896,-11.13896,-11.75896,-12.64896,-13.60896,-13.95896,-14.17896,-14.13896,-13.95896,-13.79896,-13.04896,-12.01896,-11.02896,-10.34896,-8.88896,-8.52896,-9.86896,-10.32896,-10.85896,-11.21896,-10.65896,-9.43896,-8.21896,-8.01896,-7.63896,-6.73896,-5.65896,-4.55896,-3.52896,-2.37896,-1.3689599,-0.58895993,1.11104,2.0910401,2.8210402,3.42104,4.04104,4.79104,5.32104,5.36104,5.37104,5.53104,6.42104,6.74104,6.98104,7.42104,7.4710402,7.48104,7.48104,7.93104,8.55104,8.97104,8.34104,7.9710402,7.36104,6.67104,5.25104,4.98104,3.6010401,1.71104
10.04104,20.72104,-6.34896,-12.26896,-11.87896,-12.17896,-13.14896,-12.91896,-13.83896,-14.26896,-14.11896,-13.49896,-13.06896,-12.69896,-12.19896,-11.37896,-10.74896,-10.22896,-9.30896,-9.70896,-10.85896,-11.29896,-11.14896,-10.70896,-10.0389595,-9.21896,-9.13896,-8.25896,-7.33896,-6.33896,-5.56896,-4.44896,-3.21896,-2.28896,-1.29896,0.101040035,1.2810401,2.11104,2.96104,3.81104,4.53104,4.90104,5.00104,5.06104,5.48104,5.49104,5.10104,6.07104,7.07104,7.38104,8.15104,9.04104,9.52104,9.83104,10.00104,8.50104,7.42104,7.25104,6.26104,5.4510403,4.7010403,3.73104,1.92104
10.72104,14.53104,16.32104,-7.10896,-4.26896,-6.31896,-14.36896,-13.75896,-13.51896,-13.40896,-14.0389595,-14.52896,-13.80896,-12.73896,-11.79896,-10.44896,-10.01896,-9.89896,-10.12896,-10.47896,-11.17896,-11.72896,-11.68896,-11.24896,-10.71896,-10.10896,-9.26896,-8.52896,-7.80896,-6.92896,-5.80896,-4.5489597,-3.97896,-3.20896,-2.38896,-1.32896,-0.03895996,1.0110401,2.14104,3.16104,3.94104,4.4710402,4.59104,4.79104,5.69104,5.12104,5.12104,4.61104,5.58104,6.92104,8.85104,9.90104,9.89104,11.2110405,9.77104,8.97104,8.29104,7.24104,6.18104,5.13104,4.29104,3.3410401,2.02104
9.29104,11.36104,12.75104,13.74104,8.26104,4.4510403,5.18104,7.29104,-10.85896,-14.89896,-13.0389595,-13.83896,-12.62896,-12.74896,-12.61896,-11.80896,-11.36896,-10.94896,-10.15896,-10.00896,-10.82896,-11.5389595,-11.85896,-11.35896,-10.63896,-10.08896,-9.69896,-9.31896,-8.2889595,-7.42896,-6.5489597,-5.50896,-4.49896,-3.60896,-2.9289598,-2.00896,-0.85896,0.21104003,1.2810401,2.3310401,3.37104,4.14104,4.55104,4.77104,4.7010403,4.86104,4.66104,5.35104,5.79104,7.07104,9.54104,11.07104,12.35104,10.89104,10.78104,10.31104,8.51104,6.81104,5.29104,4.23104,3.24104,2.67104,1.83104
7.21104,7.34104,9.17104,8.83104,8.79104,7.86104,6.85104,6.96104,5.9510403,9.18104,4.86104,-13.48896,-11.61896,-12.14896,-12.12896,-10.76896,-9.73896,-9.71896,-10.73896,-10.32896,-10.49896,-11.18896,-11.26896,-11.29896,-11.89896,-11.14896,-10.29896,-9.30896,-8.29896,-7.75896,-6.97896,-6.20896,-5.58896,-4.82896,-3.1689599,-1.52896,-0.66896,0.19104004,1.12104,2.19104,3.27104,3.91104,4.30104,4.43104,4.7210402,4.92104,5.56104,5.53104,6.29104,8.78104,10.98104,11.90104,11.45104,11.45104,11.24104,10.11104,8.60104,6.9510403,5.13104,3.71104,2.61104,1.81104,1.31104
5.83104,5.15104,6.59104,7.39104,7.55104,7.30104,7.60104,7.33104,6.71104,6.83104,6.84104,6.26104,9.18104,-2.35896,-12.24896,-10.31896,-9.54896,-9.00896,-9.04896,-9.80896,-10.81896,-11.63896,-11.45896,-11.97896,-12.45896,-11.98896,-10.89896,-9.68896,-8.82896,-8.59896,-7.39896,-6.36896,-5.78896,-5.30896,-4.25896,-3.23896,-1.78896,0.11104004,1.2810401,2.46104,3.6010401,4.49104,4.85104,5.32104,5.34104,5.73104,5.99104,6.29104,7.17104,10.01104,10.49104,10.49104,11.35104,12.07104,12.74104,11.49104,9.63104,7.59104,5.4510403,3.61104,2.23104,1.24104,0.48104003
2.75104,3.70104,4.65104,4.39104,4.25104,5.9510403,5.65104,5.35104,5.56104,4.76104,5.49104,5.68104,5.89104,4.9710402,5.84104,6.69104,-2.75896,-8.29896,-7.43896,-7.59896,-8.38896,-8.89896,-9.02896,-10.40896,-10.94896,-10.85896,-10.67896,-10.52896,-10.80896,-10.20896,-9.18896,-8.22896,-7.45896,-6.53896,-5.55896,-4.65896,-3.68896,-2.27896,-0.77896,0.11104004,0.52104,1.6410401,3.03104,4.26104,4.46104,4.40104,5.08104,6.49104,8.61104,8.67104,8.95104,10.56104,12.55104,13.62104,13.76104,12.76104,11.28104,9.29104,7.03104,4.62104,2.42104,0.86104006,-0.31895995
0.60104007,1.25104,1.86104,2.90104,3.87104,3.74104,3.56104,4.56104,4.27104,3.77104,4.55104,4.83104,4.52104,4.09104,3.0810401,3.0810401,2.63104,3.05104,1.56104,-3.11896,-5.28896,-6.0289598,-6.69896,-7.37896,-8.46896,-9.12896,-9.15896,-9.25896,-9.08896,-8.84896,-8.94896,-8.79896,-8.18896,-7.19896,-6.32896,-5.85896,-5.07896,-3.88896,-2.9089599,-2.02896,-0.92895997,0.72104,1.87104,2.66104,2.63104,2.71104,3.90104,5.89104,6.73104,7.29104,8.84104,11.14104,13.01104,13.68104,13.77104,13.7110405,13.00104,10.85104,8.28104,5.76104,3.44104,1.25104,-0.45895997
0.98104006,1.21104,1.33104,3.15104,3.3310401,2.98104,2.75104,2.47104,2.05104,1.86104,2.38104,2.00104,2.50104,3.06104,2.30104,1.6410401,1.17104,1.34104,1.5210401,0.24104004,-1.42896,-2.85896,-4.34896,-5.89896,-7.32896,-8.46896,-8.94896,-9.04896,-9.38896,-9.80896,-9.63896,-9.26896,-9.04896,-8.48896,-7.39896,-6.23896,-5.34896,-4.5289598,-3.58896,-2.76896,-1.67896,-0.43895996,0.18104003,0.82104003,0.74104005,-0.10895996,1.4110401,4.33104,5.56104,7.11104,9.15104,10.66104,11.91104,12.7110405,13.91104,14.09104,13.81104,12.26104,9.05104,5.69104,3.36104,1.7910401,0.23104005
0.70104,0.81104004,0.97104,0.98104006,1.23104,1.0210401,2.8510401,-0.078959964,0.44104004,1.5410401,1.24104,1.17104,2.16104,2.3210402,2.6010401,2.51104,1.96104,1.70104,1.85104,1.1510401,0.50104004,-0.05895996,-1.92896,-4.07896,-5.12896,-6.17896,-7.70896,-8.63896,-8.94896,-9.35896,-9.19896,-8.71896,-8.79896,-8.10896,-6.7989597,-5.60896,-4.56896,-3.48896,-2.73896,-2.3989599,-1.9689599,-1.53896,-1.67896,-1.8689599,-2.63896,-2.1689599,1.44104,3.65104,5.01104,6.94104,8.55104,9.91104,10.30104,11.79104,12.84104,13.95104,14.63104,14.26104,12.28104,8.57104,4.01104,1.37104,-0.078959964
