raw-data/2018091512.json
{"header": { "discipline":0, "disciplineName":"Meteorological products", "gribEdition":2, "gribLength":74022, "center":7, "centerName":"US National Weather Service - NCEP(WMC)", "subcenter":0, "refTime":"2018-09-15T12:00:00.000Z", "significanceOfRT":1, "significanceOfRTName":"Start of forecast", "productStatus":0, "productStatusName":"Operational products", "productType":1, "productTypeName":"Forecast products", "productDefinitionTemplate":0, "productDefinitionTemplateName":"Analysis/forecast at horizontal level/layer at a point in time", "parameterCategory":2, "parameterCategoryName":"Momentum", "parameterNumber":3, "parameterNumberName":"V-component_of_wind", "parameterUnit":"m.s-1", "genProcessType":2, "genProcessTypeName":"Forecast", "forecastTime":0, "surface1Type":103, "surface1TypeName":"Specified height level above ground", "surface1Value":10.0, "surface2Type":255, "surface2TypeName":"Missing", "surface2Value":0.0, "gridDefinitionTemplate":0, "gridDefinitionTemplateName":"Latitude_Longitude", "numberPoints":65160, "shape":6, "shapeName":"Earth spherical with radius of 6,371,229.0 m", "gridUnits":"degrees", "resolution":48, "winds":"true", "scanMode":0, "nx":360, "ny":181, "basicAngle":0, "lo1":0.0, "la1":90.0, "lo2":359.0, "la2":-90.0, "dx":1.0, "dy":1.0 }, "data":
[rows 0 to 25 of 181, columns 236 to 294 of 360]
-7.7481813,-7.818181,-7.878181,-7.938181,-7.9981813,-8.058181,-8.108181,-8.158181,-8.208181,-8.248181,-8.298182,-8.3381815,-8.378181,-8.408181,-8.448181,-8.478181,-8.508182,-8.528181,-8.548182,-8.568181,-8.5881815,-8.608181,-8.618181,-8.628181,-8.638181,-8.638181,-8.638181,-8.638181,-8.638181,-8.628181,-8.628181,-8.608181,-8.598181,-8.578181,-8.558181,-8.538181,-8.518181,-8.488181,-8.458181,-8.428181,-8.398181,-8.358181,-8.318181,-8.278181,-8.228181,-8.178181,-8.138181,-8.078181,-8.028181,-7.968181,-7.908181,-7.8481812,-7.7881813,-7.718181,-7.648181,-7.5781813,-7.4981813,-7.428181,-7.3481812
-7.298181,-7.368181,-7.438181,-7.4981813,-7.568181,-7.618181,-7.678181,-7.738181,-7.7881813,-7.838181,-7.878181,-7.918181,-7.9581814,-7.9981813,-8.028181,-8.058181,-8.0881815,-8.108181,-8.118181,-8.138181,-8.148181,-8.168181,-8.168181,-8.178181,-8.178181,-8.178181,-8.178181,-8.168181,-8.158181,-8.148181,-8.138181,-8.108181,-8.0881815,-8.068181,-8.038181,-8.008182,-7.988181,-7.948181,-7.918181,-7.888181,-7.838181,-7.798181,-7.758181,-7.7081814,-7.658181,-7.608181,-7.5581813,-7.4981813,-7.438181,-7.378181,-7.318181,-7.2481813,-7.188181,-7.108181,-7.0381813,-6.9581814,-6.888181,-6.8081813,-6.718181
-6.188181,-6.2481813,-6.3281813,-6.398181,-6.4581814,-6.5181813,-6.5781813,-6.618181,-6.668181,-6.718181,-6.7481813,-6.7881813,-6.8081813,-6.838181,-6.858181,-6.868181,-6.888181,-6.888181,-6.898181,-6.898181,-6.898181,-6.888181,-6.878181,-6.868181,-6.858181,-6.838181,-6.8281813,-6.8081813,-6.7881813,-6.7681813,-6.738181,-6.7081814,-6.678181,-6.648181,-6.608181,-6.5781813,-6.548181,-6.5181813,-6.468181,-6.428181,-6.388181,-6.338181,-6.298181,-6.2481813,-6.198181,-6.148181,-6.088181,-6.0381813,-5.9781814,-5.928181,-5.868181,-5.798181,-5.7481813,-5.668181,-5.588181,-5.5181813,-5.448181,-5.378181,-5.3281813
-5.108181,-5.148181,-5.188181,-5.218181,-5.258181,-5.2881813,-5.3281813,-5.3481812,-5.368181,-5.388181,-5.408181,-5.428181,-5.438181,-5.448181,-5.4581814,-5.4581814,-5.4581814,-5.448181,-5.438181,-5.428181,-5.418181,-5.408181,-5.388181,-5.378181,-5.358181,-5.338181,-5.318181,-5.298181,-5.2681813,-5.238181,-5.198181,-5.158181,-5.108181,-5.048181,-4.9781814,-4.908181,-4.8481812,-4.7681813,-4.698181,-4.618181,-4.5381813,-4.4581814,-4.378181,-4.298181,-4.2081814,-4.128181,-4.048181,-3.9781811,-3.9081812,-3.8381813,-3.778181,-3.7181811,-3.6681812,-3.6281812,-3.5881813,-3.548181,-3.518181,-3.4781811,-3.4481812
-2.5981812,-2.6581812,-2.7181811,-2.798181,-2.8681812,-2.9281812,-3.008181,-3.0881813,-3.1681812,-3.248181,-3.3281813,-3.4281812,-3.518181,-3.6081812,-3.6981812,-3.768181,-3.8281813,-3.8881812,-3.9281812,-3.9681811,-3.9781811,-3.988181,-3.9781811,-3.9481812,-3.9081812,-3.8581812,-3.798181,-3.7181811,-3.6381812,-3.558181,-3.4581811,-3.3681812,-3.258181,-3.1381812,-3.028181,-2.9081812,-2.788181,-2.6681812,-2.538181,-2.4181812,-2.288181,-2.1681812,-2.048181,-1.9281812,-1.8181812,-1.7181811,-1.6181811,-1.5281812,-1.4481812,-1.3681811,-1.2781812,-1.1881812,-1.0881811,-0.96818113,-0.83818114,-0.6781812,-0.50818115,-0.31818116,-0.09818115
-1.0081811,-1.1581812,-1.2881812,-1.3981812,-1.4681811,-1.4981811,-1.5181812,-1.5381812,-1.5481812,-1.5681812,-1.5981811,-1.6181811,-1.6381812,-1.6581812,-1.6681812,-1.6781812,-1.6781812,-1.6581812,-1.6281811,-1.5981811,-1.5581812,-1.5281812,-1.4981811,-1.4681811,-1.4481812,-1.4181812,-1.3981812,-1.3981812,-1.3681811,-1.3481811,-1.3281811,-1.2881812,-1.2281811,-1.1681812,-1.1081811,-1.0181812,-0.90818113,-0.80818117,-0.68818116,-0.56818116,-0.44818115,-0.32818115,-0.26818115,-0.20818116,-0.17818116,-0.14818116,-0.12818116,-0.12818116,-0.12818116,-0.118181154,-0.12818116,-0.13818115,-0.15818115,-0.17818116,-0.20818116,-0.24818115,-0.27818117,-0.29818115,-0.31818116
-2.1581812,-2.278181,-2.3781812,-2.4781811,-2.568181,-2.6981812,-2.758181,-2.748181,-2.6781812,-2.5981812,-2.538181,-2.518181,-2.528181,-2.5881813,-2.6581812,-2.7281811,-2.8281813,-2.8881812,-2.9081812,-2.8981812,-2.8581812,-2.798181,-2.748181,-2.7181811,-2.6981812,-2.6881812,-2.6981812,-2.6981812,-2.7081811,-2.738181,-2.768181,-2.808181,-2.8781812,-2.998181,-3.1081812,-3.2281811,-3.3281813,-3.4181812,-3.4781811,-3.508181,-3.488181,-3.4281812,-3.3581812,-3.2281811,-3.048181,-2.8481812,-2.5881813,-2.238181,-1.8481811,-1.5981811,-1.4681811,-1.4281812,-1.4481812,-1.4681811,-1.5181812,-1.5681812,-1.6181811,-1.6781812,-1.7181811
-3.8681812,-3.9181812,-4.008181,-4.108181,-4.128181,-3.9681811,-3.798181,-3.748181,-3.748181,-3.8481812,-3.988181,-4.088181,-4.168181,-4.188181,-4.2481813,-4.298181,-4.2881813,-4.238181,-4.278181,-4.258181,-4.258181,-4.318181,-4.418181,-4.588181,-4.8081813,-5.028181,-5.188181,-5.168181,-4.9981813,-4.758181,-4.528181,-4.358181,-4.3281813,-4.428181,-4.5581813,-4.638181,-4.688181,-4.7081814,-4.678181,-4.5381813,-3.998181,-3.1381812,-2.058181,-1.0481812,-0.23818116,0.34181884,0.53181887,0.56181884,0.35181886,0.25181884,0.28181884,0.36181885,0.32181886,0.101818845,-0.25818115,-0.64818114,-0.88818115,-0.9781811,-1.0281812
-4.668181,-4.5781813,-4.388181,-4.2281814,-4.128181,-4.128181,-4.188181,-4.318181,-4.4581814,-4.608181,-4.7481813,-4.868181,-4.9781814,-5.068181,-5.158181,-5.238181,-5.298181,-5.418181,-5.4581814,-5.4781814,-5.488181,-5.4981813,-5.448181,-5.2881813,-5.048181,-4.7081814,-4.418181,-4.2681813,-4.278181,-4.368181,-4.508181,-4.778181,-5.0381813,-5.388181,-4.858181,-4.638181,-3.9781811,-3.738181,-3.3881812,-2.6481812,-1.7681812,-0.7381812,0.22181885,0.62181884,0.32181886,-0.32818115,-0.7981812,-0.70818114,-0.44818115,-0.24818115,-0.49818116,-1.1281811,-1.7481811,-1.9181812,-1.5881811,-0.88818115,-0.25818115,0.15181884,0.29181886
-4.2481813,-4.3081813,-4.378181,-4.4981813,-4.628181,-4.7681813,-4.898181,-5.048181,-5.0581813,-5.0981812,-5.068181,-5.108181,-5.188181,-5.298181,-5.398181,-5.4581814,-5.4981813,-5.528181,-5.508181,-5.438181,-5.3281813,-5.238181,-5.158181,-5.048181,-4.888181,-4.698181,-4.628181,-4.528181,-4.178181,-3.1381812,-1.7881812,-1.0381812,-1.6281811,-2.778181,-3.2281811,-2.568181,-2.238181,-2.498181,-1.8881812,-1.4481812,-0.58818114,0.06181885,0.34181884,0.26181886,0.0018188476,-0.29818115,-0.48818114,-0.68818116,-0.58818114,-0.15818115,0.22181885,0.42181885,0.46181884,0.75181884,1.0418189,1.0418189,0.61181885,-0.21818115,-1.2181811
-4.428181,-4.4581814,-4.488181,-4.5181813,-4.508181,-4.428181,-4.398181,-4.338181,-4.388181,-4.438181,-4.4781814,-4.488181,-4.4781814,-4.4581814,-4.418181,-4.398181,-4.378181,-4.368181,-4.338181,-4.278181,-4.198181,-4.198181,-4.318181,-4.428181,-4.2281814,-4.128181,-4.278181,-4.718181,-4.588181,-3.738181,-2.6681812,-1.8181812,-1.3681811,-1.5281812,-2.068181,-2.6681812,-3.268181,-3.528181,-1.7481811,-0.39818114,0.36181885,0.55181885,0.13181885,-0.34818116,-0.6681812,-0.55818117,-0.25818115,0.041818846,0.34181884,0.66181886,0.8218188,0.7118189,0.23181885,-0.39818114,-0.81818116,-0.8581812,-0.77818114,-0.74818116,-0.52818114
-4.258181,-4.358181,-4.4781814,-4.5781813,-4.688181,-4.7881813,-4.878181,-4.8481812,-4.638181,-4.278181,-3.8581812,-3.498181,-3.288181,-3.318181,-3.4481812,-3.528181,-3.528181,-3.6181812,-3.788181,-3.7281811,-3.3881812,-2.988181,-3.5781813,-4.2681813,-4.5981812,-4.378181,-4.028181,-4.2481813,-4.8081813,-4.508181,-2.548181,-0.26818115,0.48181885,-0.39818114,-1.9581811,-2.318181,-1.4281812,-0.74818116,-0.48818114,-0.69818115,-0.75818115,-0.13818115,1.0318189,1.8318188,1.2118188,0.101818845,0.18181884,0.85181886,0.47181883,-0.5481812,-1.0881811,-0.70818114,-0.40818116,-0.55818117,-0.7881811,-0.82818115,-0.5981811,0.08181885,1.2618189
-3.3381813,-3.518181,-3.6781812,-3.798181,-3.8581812,-3.818181,-3.6281812,-3.2281811,-2.6781812,-2.1381812,-1.7281811,-1.6481812,-1.9481812,-2.4681811,-2.738181,-2.748181,-2.6981812,-3.068181,-3.1481812,-3.3581812,-3.6781812,-3.7281811,-3.758181,-4.188181,-3.268181,-3.518181,-4.838181,-4.128181,-3.4681811,-4.438181,-5.178181,-5.2481813,-3.8581812,-1.7781812,0.30181885,2.3918188,3.4018188,2.981819,2.011819,1.2718189,0.87181884,0.43181884,-0.62818116,-1.5581812,-0.96818113,-0.33818114,-0.40818116,-0.82818115,-1.2281811,-0.90818113,0.28181884,1.9218189,2.3418188,2.3418188,1.9618188,1.4618188,0.97181886,0.78181887,1.5018189
-2.268181,-2.2281811,-2.1581812,-1.9381812,-1.6281811,-1.4081812,-1.4181812,-1.6481812,-1.8081812,-1.6981812,-1.3981812,-1.3981812,-1.6181811,-1.8081812,-2.068181,-2.4481812,-2.518181,-2.3481812,-2.528181,-3.6081812,-3.6381812,-2.6981812,-2.6581812,-2.9681811,-2.8881812,-2.9081812,-2.9681811,-3.2281811,-1.9481812,-2.288181,-3.6181812,-3.568181,-2.758181,-1.5681812,-0.10818115,1.3218188,1.2318188,0.12181885,-0.55818117,-0.9881812,-0.96818113,-0.25818115,0.66181886,1.1518189,0.66181886,0.5118188,0.47181883,-0.08818115,-0.45818114,0.18181884,2.5818188,5.411819,5.891819,3.741819,2.3618188,2.1318188,2.3918188,2.6418188,3.3518188
-1.6881812,-2.258181,-2.248181,-2.4481812,-1.8081812,-0.9881812,-0.80818117,-1.2081811,-0.17818116,0.78181887,1.0318189,-0.16818115,-2.1281812,-3.248181,-3.1681812,-2.558181,-1.8581811,-2.2181811,-3.308181,-4.8081813,-4.658181,-3.308181,-2.9281812,-2.1081812,-1.6581812,-1.7981812,-2.568181,-3.818181,-4.628181,-3.8981812,-2.798181,-1.6781812,-0.57818115,0.16181885,0.36181885,0.32181886,-0.13818115,-0.30818117,0.8318188,2.941819,3.761819,2.0418189,-1.0081811,-3.788181,-3.798181,-1.7481811,-1.1481812,-0.69818115,0.13181885,0.39181885,0.0018188476,-0.048181154,0.91181886,3.001819,4.681819,4.131819,1.5318189,-0.33818114,-0.58818114
-2.1081812,-1.8981812,-1.5881811,-1.4481812,-2.048181,-3.4581811,-5.0981812,-6.068181,-5.7881813,-3.488181,-0.82818115,0.8918188,-0.008181152,-2.318181,-5.0181813,-6.0381813,-5.148181,-3.8681812,-3.6981812,-3.498181,-3.6681812,-4.5781813,-4.738181,-4.258181,-3.318181,-2.498181,-1.6781812,-1.3081812,-1.1581812,-0.9881812,-1.3181812,-2.248181,-1.5181812,-0.88818115,-0.68818116,-0.61818117,0.28181884,1.4018189,0.9518188,-0.89818114,-2.2181811,-1.6581812,-0.65818113,-0.52818114,0.101818845,1.4618188,1.8318188,0.68181884,-0.58818114,-1.3481811,-1.3881812,-0.88818115,0.101818845,1.4018189,2.8518188,3.691819,3.6318188,3.2918189,3.3818188
-2.0781813,-1.8181812,-2.318181,-1.5081811,-0.83818114,-1.4481812,-3.3381813,-3.9781811,-4.258181,-4.028181,-2.518181,-1.1381812,-1.4181812,-2.9381812,-3.778181,-3.6781812,-3.1381812,-2.9181812,-3.1181812,-3.5981812,-3.4181812,-3.6081812,-3.298181,-2.6681812,-1.9981811,-1.4781811,-1.0581812,-1.5881811,-2.318181,-2.048181,-1.6381812,-1.2281811,-0.62818116,-0.5381811,-0.63818115,0.62181884,2.231819,3.0418189,2.8118188,2.3818188,2.8018188,2.741819,2.5318189,3.8618188,4.2718186,2.451819,1.1318189,0.60181886,0.051818848,-0.75818115,-1.4381812,-1.5381812,-1.4881811,-2.0981812,-0.90818113,2.961819,3.3818188,1.5818188,0.69181883
-2.2081811,-1.8681811,-2.3981812,-3.558181,-3.2081811,-3.4281812,-3.1481812,-1.1681812,-1.0381812,-3.1981812,-4.028181,-2.8981812,-2.798181,-3.538181,-3.6581812,-3.5981812,-3.5781813,-2.778181,-2.6781812,-2.568181,-2.4181812,-2.9681811,-3.248181,-3.1981812,-2.4481812,-1.7981812,-1.3381811,-0.37818116,-0.06818115,-1.0881811,-2.1081812,-2.4381812,-1.9081812,-0.41818115,2.251819,2.451819,1.3618188,0.12181885,0.16181885,1.4418188,1.7218188,1.0418189,0.39181885,0.42181885,-0.028181152,0.21181884,0.6418188,0.8918188,1.6418189,1.7218188,0.61181885,-1.3581811,-4.358181,-7.608181,-6.108181,-1.1481812,-0.14818116,-0.14818116,0.66181886
-2.248181,-2.1681812,-2.748181,-2.988181,-5.2881813,-5.5381813,-3.6981812,-2.8881812,-3.4681811,-4.178181,-3.9781811,-4.658181,-4.5381813,-4.488181,-4.3481812,-3.9181812,-3.0981812,-2.748181,-3.258181,-3.4581811,-4.378181,-5.5781813,-4.718181,-3.5781813,-2.7181811,-2.788181,-2.798181,-3.1181812,-2.5781813,-1.8281811,-3.4681811,-2.1781812,0.45181885,1.3218188,0.9618189,0.66181886,0.86181885,0.63181883,0.63181883,0.33181885,0.0018188476,-0.50818115,-1.1581812,-0.9281812,0.47181883,2.3218188,1.3718189,-0.22818115,0.041818846,1.1518189,1.7718189,2.0618188,0.84181887,-1.5981811,-2.3281813,-0.7281811,0.41181886,0.39181885,-0.21818115
-4.338181,-3.738181,-4.5181813,-5.548181,-6.2081814,-6.2881813,-4.068181,-3.288181,-3.6281812,-4.888181,-5.3081813,-4.408181,-3.6281812,-2.9081812,-2.7081811,-2.8581812,-3.058181,-3.3781812,-3.6981812,-4.528181,-5.668181,-5.318181,-4.7281814,-4.7681813,-4.688181,-4.878181,-4.008181,-3.1581812,-1.7081811,-1.4781811,-1.9181812,-1.1781812,0.44181883,0.7018188,0.22181885,0.031818848,0.041818846,-0.06818115,0.28181884,0.55181885,0.37181884,0.32181886,0.45181885,0.79181886,0.34181884,0.22181885,0.92181885,1.0018189,1.0618188,1.5218189,2.1118188,1.6518189,1.1218189,1.1318189,1.4518188,0.33181885,-1.7681812,-3.0881813,-4.628181
-3.6381812,-3.058181,-2.0881813,-3.558181,-5.818181,-5.778181,-5.0981812,-3.568181,-3.038181,-2.9281812,-3.238181,-3.4281812,-3.3481812,-2.988181,-2.9381812,-3.6281812,-4.2881813,-5.278181,-5.7481813,-6.138181,-6.618181,-5.858181,-5.588181,-5.938181,-5.218181,-2.8481812,-1.4581811,-0.46818116,-0.5481812,-1.4481812,-2.038181,-1.8281811,-0.6781812,0.92181885,1.3418188,0.59181887,-0.18818115,-0.69818115,-1.9181812,-2.298181,-1.9081812,-1.9381812,-1.4281812,-0.6681812,0.021818848,0.041818846,-0.47818115,-0.74818116,-0.24818115,0.09181885,-0.64818114,-0.46818116,0.08181885,-0.44818115,0.32181886,1.1618189,0.17181885,-1.5081811,-3.3581812
-1.4281812,-1.5781811,-2.748181,-3.238181,-4.528181,-5.8481812,-5.178181,-3.6481812,-3.9181812,-4.778181,-4.9981813,-3.018181,-3.068181,-3.6581812,-4.218181,-4.7481813,-5.9781814,-7.2681813,-7.2881813,-6.968181,-6.8281813,-7.258181,-7.5981812,-6.008181,-3.8981812,-3.2281811,-3.1481812,-2.008181,-0.29818115,-0.19818115,-0.43818116,-0.14818116,-0.29818115,-1.0081811,-0.16818115,0.21181884,-1.2181811,-1.4181812,-1.0681812,-2.1081812,-3.008181,-3.3581812,-1.1381812,5.0418186,5.241819,2.6018188,2.8718188,4.741819,4.071819,0.75181884,-1.0681812,-0.5981811,-0.9181812,-1.7081811,-2.1781812,-1.9581811,-0.68818116,-0.9881812,-2.068181
-2.3481812,-2.568181,-2.9281812,-2.7281811,-3.8381813,-3.0781813,-1.8181812,-2.278181,-2.9381812,-4.2481813,-4.878181,-5.168181,-5.168181,-4.818181,-5.238181,-6.738181,-6.9581814,-5.188181,-4.658181,-5.678181,-7.338181,-9.028181,-8.108181,-5.238181,-4.0781813,-3.6781812,-2.778181,-2.278181,-0.39818114,0.7018188,0.80181885,0.78181887,-0.05818115,-0.69818115,-0.70818114,-1.0381812,-2.4381812,-1.6581812,-0.9881812,-2.238181,-2.498181,-0.63818115,1.4218189,1.7518189,4.011819,5.4218187,4.7918186,4.181819,3.181819,2.6018188,2.0618188,1.5118189,0.11181885,-0.5381811,-0.94818115,-0.93818116,0.59181887,0.84181887,-0.29818115
-2.2281811,-2.488181,-2.9781811,-3.268181,-3.248181,-1.2781812,-0.88818115,-1.2481811,-0.87818116,-2.4481812,-3.1081812,-2.6581812,-3.318181,-3.988181,-4.408181,-4.088181,-6.2881813,-4.238181,-3.3281813,-4.8081813,-5.658181,-5.278181,-5.3081813,-4.0981812,-2.4081812,-2.778181,-2.6881812,-2.6881812,-1.2281811,0.98181885,1.7418189,0.61181885,0.60181886,0.92181885,-0.27818117,-1.0381812,-1.5681812,-2.8681812,-3.3881812,-2.7181811,0.62181884,0.63181883,-0.75818115,1.3518188,3.981819,4.1918187,3.951819,3.481819,2.681819,2.2818189,2.3018188,2.2818189,1.5018189,0.33181885,-1.1381812,-3.058181,-3.1081812,-0.94818115,-1.0381812
-2.988181,-2.748181,-3.1781812,-3.8681812,-4.088181,-4.178181,-3.518181,-1.4981811,-1.5981811,-1.4881811,-1.1981812,-2.798181,-2.5881813,-3.048181,-4.738181,-5.108181,-5.508181,-4.548181,-2.8281813,-3.1281812,-5.028181,-5.7481813,-5.9581814,-5.128181,-4.2281814,-3.268181,-2.1381812,-2.4581811,-0.12818116,2.741819,2.0918188,1.5018189,1.1818188,0.28181884,-0.76818115,-1.2681812,-2.3581812,-3.2181811,-5.2281814,-3.9081812,-1.1481812,0.021818848,0.5218189,0.60181886,1.4518188,4.2318187,5.7318187,4.301819,3.4118187,3.4018188,2.8318188,2.8118188,2.4218187,1.5418189,0.85181886,0.40181884,-1.5481812,-3.0781813,-1.2281811
-0.69818115,-1.8381811,-2.8481812,-1.4181812,-0.95818114,-1.4081812,-1.5681812,-1.1081811,-1.0681812,-1.2681812,-1.4281812,-2.0981812,-2.9581811,-3.2281811,-3.9281812,-4.2281814,-4.448181,-4.528181,-2.3981812,-2.298181,-3.1881812,-3.8281813,-5.238181,-4.5581813,-3.8481812,-2.558181,-2.0781813,-2.1581812,0.74181885,3.011819,2.501819,2.0418189,1.3918189,0.47181883,-0.61818117,-0.71818113,-1.1981812,-3.4481812,-4.168181,-5.0581813,-4.0381813,-1.5781811,-1.8681811,-1.9181812,-1.3781811,0.5118188,1.9418188,3.3518188,3.971819,3.981819,3.751819,3.8818188,3.6618187,3.4118187,1.8618188,1.1118188,1.1818188,0.66181886,-1.8281811
