raw-data/2018100700.json
{"header": { "discipline":0, "disciplineName":"Meteorological products", "gribEdition":2, "gribLength":74610, "center":7, "centerName":"US National Weather Service - NCEP(WMC)", "subcenter":0, "refTime":"2018-10-07T00:00:00.000Z", "significanceOfRT":1, "significanceOfRTName":"Start of forecast", "productStatus":0, "productStatusName":"Operational products", "productType":1, "productTypeName":"Forecast products", "productDefinitionTemplate":0, "productDefinitionTemplateName":"Analysis/forecast at horizontal level/layer at a point in time", "parameterCategory":2, "parameterCategoryName":"Momentum", "parameterNumber":3, "parameterNumberName":"V-component_of_wind", "parameterUnit":"m.s-1", "genProcessType":2, "genProcessTypeName":"Forecast", "forecastTime":0, "surface1Type":103, "surface1TypeName":"Specified height level above ground", "surface1Value":10.0, "surface2Type":255, "surface2TypeName":"Missing", "surface2Value":0.0, "gridDefinitionTemplate":0, "gridDefinitionTemplateName":"Latitude_Longitude", "numberPoints":65160, "shape":6, "shapeName":"Earth spherical with radius of 6,371,229.0 m", "gridUnits":"degrees", "resolution":48, "winds":"true", "scanMode":0, "nx":360, "ny":181, "basicAngle":0, "lo1":0.0, "la1":90.0, "lo2":359.0, "la2":-90.0, "dx":1.0, "dy":1.0 }, "data":
[rows 78 to 103 of 181, columns 232 to 289 of 360]
-7.989722,-6.119722,-1.3097217,6.4702783,11.190278,11.840279,11.480278,11.380279,9.890278,8.160278,6.0402784,4.3702784,3.9802783,3.0002782,2.4402783,1.4702783,0.07027832,-1.3297217,-2.2897217,-1.9197217,-1.0197216,0.24027832,2.0402784,2.4302783,2.2602782,2.2302783,2.3902783,2.3202784,1.7302784,1.3302783,0.9202783,1.2002783,3.2902784,-1.6597217,0.46027833,5.7902784,9.720279,10.790278,6.0002785,6.4402785,6.4602785,5.110278,1.5302783,1.8402783,-0.33972168,1.2502784,1.7802783,2.6302783,2.9302783,2.1702783,0.6702783,-1.2997217,-2.3297217,-2.4097216,-1.6897217,-2.6497216,-2.4197216,-2.0897217
-3.3597217,-0.6597217,2.7502782,6.0602784,8.320278,9.980278,11.220279,11.170279,9.550279,7.780278,7.090278,6.2902784,4.050278,4.1702785,4.1902785,2.8802783,2.1802783,1.1102784,0.6602783,-0.22972168,-0.53972167,-0.31972167,0.95027834,2.2402782,3.1302783,3.0402784,3.8102784,4.050278,3.4002783,2.3002784,2.5102782,2.4002783,2.8702784,2.1302783,2.2502782,8.230278,7.2902784,7.280278,6.320278,5.590278,4.6902785,3.6602783,6.0202785,1.0702783,-0.78972167,-2.0397217,-0.07972168,1.7902783,0.5502783,1.5802783,0.96027833,-0.12972169,-1.8497217,-1.5597217,-0.2997217,0.06027832,-1.5397217,-1.9597217
1.4102783,2.7902784,4.570278,6.610278,7.3302784,9.940278,10.940278,10.290278,9.450278,9.240278,8.310278,6.8702784,5.5202785,5.0602784,4.9802785,3.8202784,3.4202783,3.0802784,2.2302783,1.4102783,0.13027832,0.38027832,1.0002784,3.3402784,3.9302783,4.7302785,4.5002785,4.6402783,4.4602785,4.150278,4.510278,6.6002784,6.320278,6.260278,9.990278,8.220279,7.820278,7.4402785,6.4102783,5.5802784,5.4402785,5.3102784,6.3102784,1.4502783,0.5302783,-1.3797216,-1.9497217,-2.2297218,1.6902783,7.760278,-1.0797217,-1.1197217,-2.1897216,-1.3297217,-1.6597217,-0.10972168,-1.5297217,-0.09972168
1.4502783,2.8802783,4.0802784,4.9702783,8.850278,9.800279,10.880279,10.650278,9.430279,8.870278,7.8702784,7.0202785,6.6702785,6.530278,5.5002785,4.550278,3.8502784,3.0802784,3.1102784,2.6502783,2.0902784,1.8602784,4.010278,5.1002784,5.1902785,5.2102785,5.6402783,5.6802783,5.570278,6.0602784,6.7702785,7.110278,7.9702783,8.090279,7.6402783,7.1402783,6.590278,6.0402784,5.5002785,5.1402783,5.5202785,6.400278,6.510278,4.0002785,0.7302783,-0.5797217,-0.85972166,-3.3097217,1.9802784,2.3202784,1.2202783,-3.1697216,-2.1297216,-1.4597217,-0.11972168,-0.09972168,-0.7197217,1.1302783
2.2302783,3.0202782,4.7202783,7.2402782,8.800279,11.280278,11.020278,10.120278,9.290278,8.430279,7.610278,7.0802784,6.760278,6.9602785,6.1402783,5.3302784,4.550278,3.9702783,3.1102784,2.7802782,3.1602783,5.800278,7.4102783,7.7402782,7.6802783,7.840278,7.7902784,7.5002785,7.4902782,8.800279,8.800279,8.570278,8.050279,7.7502785,7.050278,6.6702785,5.9302783,5.3902783,5.3702784,5.6002784,5.7202783,6.090278,5.0802784,3.3902783,2.2702782,1.0802783,-0.7797217,1.5102783,1.3102783,3.5402784,0.4202783,-1.1897217,-0.08972168,-1.1797217,-0.6497217,0.41027832,-0.2997217,-0.3897217
3.8902783,3.8202784,4.4902782,8.260279,10.620278,10.480278,9.980278,9.310278,8.350278,7.6202784,6.9102783,6.4702783,6.4902782,6.400278,6.1602783,6.090278,5.6202784,4.9802785,4.9402785,5.4802785,7.2002783,7.9602785,8.360278,8.190278,8.650278,8.900278,8.970279,9.090279,9.270278,8.810278,8.400278,8.130279,7.5602784,7.1002784,6.9402785,6.3102784,5.760278,5.550278,5.360278,4.8902783,4.5602784,4.5202785,3.2802782,2.5502784,1.4702783,0.9402783,0.5402783,-0.7797217,2.6102784,1.6002784,-0.7497217,0.7902783,-0.7097217,-0.06972168,0.58027834,-0.22972168,-0.05972168,0.5602783
7.6702785,8.360278,9.300279,9.790278,9.930279,9.650278,9.180279,8.240278,7.4302783,6.7202783,5.9802785,5.7702785,5.7102785,5.780278,6.130278,6.3902783,6.530278,6.4402785,6.9602785,7.3902783,8.610278,8.730278,8.200278,8.400278,8.490278,8.690278,8.750278,9.100278,9.050279,8.610278,8.070278,7.5202785,7.150278,6.900278,6.7202783,6.3502784,5.7102785,4.800278,4.4602785,3.7702782,3.2102783,3.2002783,2.4602783,1.7202783,0.71027833,0.3902783,2.783203E-4,-0.61972165,-0.05972168,-0.45972168,-1.2097217,0.10027832,-0.12972169,-0.14972168,0.14027832,0.43027833,-1.0197216,-1.2597216
7.7002783,8.360278,9.040278,9.160278,9.250278,8.090279,7.380278,7.3302784,7.0002785,6.400278,5.8902783,5.2502785,5.1402783,5.4802785,5.820278,6.280278,6.6602783,6.900278,7.4502783,8.450278,8.7102785,8.100278,8.080278,8.240278,7.9402785,7.760278,7.9602785,8.360278,8.420279,8.330278,8.050279,7.6902785,6.880278,6.550278,6.110278,5.590278,5.360278,4.900278,4.2202783,3.6802783,2.9302783,2.0302782,1.6302783,0.76027834,0.4502783,0.3902783,-0.21972167,-0.97972167,-1.0497217,-1.5197216,-1.7897217,0.16027832,-0.47972167,-0.31972167,-0.30972168,-1.3897216,-0.21972167,-0.19972168
6.9102783,7.2102785,7.650278,7.2502785,7.0202785,6.9202785,6.860278,6.840278,6.4702783,6.1402783,5.7202783,5.5402784,5.5202785,5.4402785,5.4702783,5.9202785,6.1902785,6.820278,7.4902782,7.8902783,7.9502783,8.060278,7.400278,7.340278,7.900278,8.2102785,8.270278,8.570278,8.540278,8.150278,7.610278,6.6002784,5.8902783,5.5202785,5.530278,5.3502784,4.860278,4.090278,4.0002785,4.1002784,3.1502783,2.7502782,1.8802783,1.5902783,1.0702783,0.35027832,-0.21972167,-0.60972166,-1.2597216,-1.5297217,-2.1097217,0.14027832,0.9702783,-1.3697217,-0.3897217,2.783203E-4,-0.5297217,-1.2597216
6.9302783,6.8902783,6.880278,6.6002784,6.380278,5.9902782,6.130278,6.3302784,6.260278,6.110278,5.8102784,5.7702785,5.800278,5.6202784,5.550278,6.260278,6.5402784,6.8902783,7.650278,8.050279,7.340278,7.110278,6.9902782,7.0402784,6.9902782,7.5002785,7.900278,7.9402785,7.3902783,6.760278,6.2102785,5.8702784,5.4402785,5.1602783,5.1202784,4.9402785,3.7902784,3.9802783,3.7502782,3.7202783,3.0702784,2.5402784,2.2902784,2.5102782,2.3302784,1.6802783,0.7402783,-0.18972167,-0.84972167,-1.3697217,-2.5497217,-0.59972167,0.3602783,0.9902783,0.01027832,0.23027831,-0.5897217,-0.34972167
6.3102784,6.510278,6.4302783,5.7702785,5.5602784,5.320278,5.3102784,5.7502785,6.0002785,6.070278,6.0002785,6.0802784,6.0802784,5.9202785,6.0402784,6.150278,6.400278,6.820278,6.4202785,6.400278,6.280278,6.4202785,6.530278,6.6002784,6.820278,7.1802783,7.2302785,6.9302783,6.510278,6.050278,5.4702783,5.1202784,4.8902783,4.900278,5.0802784,4.820278,3.0602784,3.1602783,3.5902784,3.6102784,3.2802782,2.9402783,2.8702784,2.9702783,2.6902783,1.9302783,1.0702783,0.24027832,0.19027832,-0.14972168,-0.24972168,0.3002783,0.51027834,-0.7697217,0.8502783,0.5502783,-0.2997217,-0.6397217
5.300278,5.070278,5.150278,5.1202784,4.9502783,4.8102784,4.8502784,5.110278,5.4202785,5.7002783,5.880278,5.9902782,6.1402783,6.280278,6.3102784,6.3302784,6.6902785,6.570278,6.4102783,6.320278,6.1602783,6.0202785,6.2302785,6.4902782,6.530278,6.340278,6.070278,5.7502785,5.510278,5.1002784,4.7002783,4.2502785,4.2402782,4.4702783,4.510278,4.7302785,3.1502783,2.0902784,3.1602783,3.7602782,3.5602784,3.2902784,3.0902784,2.9702783,2.6602783,2.3902783,2.3202784,1.4902784,1.7802783,-1.6097217,-0.06972168,-0.05972168,0.64027834,1.1002784,0.77027833,0.07027832,0.32027832,0.3302783
4.280278,4.030278,4.2102785,4.7002783,4.800278,4.2902784,4.260278,4.260278,4.6202784,4.9802785,5.4802785,5.7302785,5.9902782,6.1402783,6.360278,6.610278,6.5802784,6.3102784,6.0602784,5.8502784,5.7702785,5.7002783,5.5402784,5.5202785,5.4802785,5.5002785,5.360278,4.9302783,4.5602784,4.1902785,3.9102783,3.9102783,3.8202784,3.9402783,3.8502784,3.9802783,5.400278,0.4802783,3.5802784,3.8702784,3.8302784,3.0102782,3.0202782,3.0102782,2.9202783,3.3802783,2.9102783,2.5302782,-0.33972168,0.3602783,-0.03972168,0.9102783,0.7502783,0.38027832,-0.04972168,0.64027834,0.40027833,-0.40972167
3.6102784,3.5802784,3.9902782,3.9102783,3.5802784,3.5202782,3.2702782,3.3502784,3.7802782,4.2002783,4.9602785,5.510278,5.6902785,5.8902783,6.1802783,6.320278,6.2902784,6.1802783,6.070278,6.260278,6.050278,5.8302784,5.3902783,5.1602783,5.1402783,5.400278,5.150278,4.6702785,4.3702784,4.1202784,3.8302784,3.7502782,3.7402782,3.3902783,3.1502783,3.2802782,4.3102784,3.1802783,3.6402783,3.7202783,3.2002783,2.9202783,3.1902783,3.5102782,3.5302782,3.7402782,3.8002784,3.5802784,-1.1197217,-0.5797217,-0.42972168,0.7902783,0.9102783,0.08027832,-0.10972168,-0.09972168,-0.31972167,-0.72972167
3.0102782,3.1502783,2.8902783,2.7502782,2.0302782,2.5702784,2.6002784,3.0802784,3.5802784,4.010278,4.4402785,4.8502784,5.130278,5.4902782,5.6802783,5.760278,5.860278,5.900278,5.9802785,5.9302783,5.840278,5.6602783,5.570278,5.2902784,5.1602783,5.1702785,5.1002784,4.7402782,4.340278,4.010278,3.7602782,3.4502783,3.1802783,3.0502784,2.8702784,2.6802783,2.7702782,2.6202784,2.3802783,2.6102784,2.6002784,2.9602783,3.1502783,3.2902784,3.6302783,3.8802783,3.6302783,3.1302783,4.6202784,0.20027833,0.14027832,0.7302783,0.21027832,0.6602783,0.6902783,-0.5797217,-0.5797217,0.40027833
2.2902784,2.1902783,2.0802784,2.4402783,2.1802783,1.8902783,1.8402783,2.3002784,3.0402784,3.5202782,3.7402782,4.2502785,4.5402784,4.8102784,4.9902782,5.0002785,5.2202783,5.5402784,5.8102784,5.7402782,5.8702784,5.7902784,5.6202784,5.2902784,5.0202785,5.010278,5.2702785,5.0002785,4.7102785,4.1402783,3.7402782,3.6202784,3.3202784,3.2302783,2.9802783,2.5402784,2.2202783,2.2602782,2.4702783,2.3602784,2.4902782,2.6002784,2.9902782,3.3402784,3.9502783,4.260278,4.2502785,2.2402782,0.9702783,0.3002783,0.15027831,0.15027831,0.3602783,-0.00972168,0.6102783,0.5002783,-0.37972167,0.31027833
1.0902783,1.3802783,1.5402783,1.7802783,1.5602783,1.8702784,2.0502784,2.1802783,2.4002783,2.7702782,3.2602782,3.6502783,4.0202785,4.2202783,4.400278,4.7002783,4.9402785,5.2402782,5.2702785,5.4602785,5.550278,5.6702785,5.7502785,5.7302785,5.6202784,5.4102783,5.4402785,5.1602783,4.900278,4.630278,4.1602783,3.8802783,3.5302782,3.2902784,3.0902784,3.1002784,2.6802783,2.3802783,2.6602783,2.5202782,2.4902782,2.5602784,2.8602784,3.4002783,3.8802783,4.5402784,5.3302784,3.6502783,-0.49972168,-0.24972168,-0.21972167,0.13027832,0.95027834,0.43027833,-0.02972168,-0.45972168,0.46027833,0.88027835
0.12027832,0.90027833,0.8702783,1.2402784,1.2302784,1.0402783,1.5702783,2.0302782,2.2302783,2.5602784,2.9402783,3.2902784,3.5202782,3.6802783,4.110278,4.550278,4.7702785,4.8902783,5.110278,5.4202785,5.7902784,5.820278,5.7202783,5.9202785,5.860278,5.5602784,5.4702783,5.3702784,4.6402783,4.400278,4.1702785,3.9202783,3.9702783,3.9002783,3.7002783,3.6402783,3.6502783,3.1302783,2.7402782,2.7902784,2.7102783,2.5302782,2.8702784,3.6502783,3.6802783,4.260278,4.7902784,3.5702784,0.89027834,-0.40972167,0.5002783,-0.11972168,0.32027832,0.41027832,0.10027832,0.7202783,1.0002784,0.46027833
-0.36972168,0.29027832,0.9302783,0.8502783,0.8502783,0.77027833,1.3602784,2.0002782,2.1502783,2.4902782,2.7202783,2.9202783,3.2302783,3.6202784,3.9402783,4.1802783,4.6002784,4.9202785,5.2202783,5.380278,5.6702785,5.7902784,5.630278,5.6402783,5.5202785,5.4102783,5.1402783,4.9502783,4.860278,4.3902783,4.1602783,4.0402784,3.9302783,4.1402783,4.360278,4.110278,4.130278,3.5902784,3.0402784,2.7402782,2.8002784,2.6402783,2.8102784,3.7102783,3.9902782,4.860278,4.9802785,5.3902783,5.550278,-0.4497217,1.0202783,0.95027834,0.11027832,-0.31972167,0.23027831,-0.7497217,-0.36972168,-0.4497217
-0.24972168,-0.09972168,0.21027832,0.28027833,0.51027834,0.96027833,1.9402783,2.0202782,2.1002784,2.4002783,2.6202784,2.8702784,3.3002784,3.7702782,3.9402783,4.3102784,4.550278,4.7202783,5.0802784,5.030278,5.010278,5.2402782,5.2002783,5.0802784,5.0002785,4.9302783,4.800278,4.6802783,4.7002783,4.6002784,4.400278,4.280278,4.2202783,4.090278,4.2702785,4.320278,4.110278,3.9202783,3.3402784,2.9802783,2.9802783,2.9402783,3.1702783,3.8802783,4.760278,5.1702785,5.1002784,4.9102783,5.0202785,0.11027832,-1.1597217,-0.9497217,-0.00972168,-0.03972168,0.51027834,0.20027833,-0.53972167,-0.7097217
-0.27972168,-0.21972167,-0.19972168,0.70027834,1.0402783,1.1202784,1.1602783,1.5802783,2.4402783,2.6702783,2.7002783,3.0802784,3.6102784,3.9902782,4.150278,4.5602784,4.630278,4.3302784,4.4802785,4.3102784,4.3702784,4.4302783,4.4902782,4.590278,4.6702785,4.780278,4.840278,4.630278,4.570278,4.6702785,4.760278,4.780278,4.6202784,4.4702783,4.4602785,4.4202785,4.2302785,3.9002783,3.5702784,3.3102784,3.1002784,3.0102782,3.0502784,3.6602783,4.1802783,4.6402783,4.7302785,4.4702783,3.9302783,2.6902783,-0.2697217,0.58027834,-0.66972166,-0.16972168,-0.17972168,-0.06972168,0.11027832,0.18027832
-0.72972167,-0.36972168,-0.08972168,0.4502783,0.6902783,0.8702783,1.1102784,1.8202783,2.3102784,2.7302783,3.0402784,3.3802783,3.6302783,3.7702782,3.9702783,3.9802783,3.8602784,4.050278,4.090278,4.0002785,4.0002785,4.1902785,4.2202783,4.3502784,4.3502784,4.400278,4.650278,4.630278,4.5002785,4.5402784,4.6602783,4.6002784,4.590278,4.400278,4.2702785,4.300278,4.2902784,3.9802783,3.9402783,3.7402782,3.3102784,3.1102784,3.0102782,3.2002783,3.4802783,4.7202783,4.6702785,4.8102784,4.550278,4.1002784,-0.27972168,-1.0197216,0.6102783,0.17027833,-1.0097216,-0.43972167,0.5002783,0.21027832
-1.1597217,-0.73972166,-0.4197217,-0.23972169,0.17027833,0.35027832,1.0102783,1.5502783,1.9602783,2.5302782,2.9202783,3.2502782,3.5602784,3.6402783,3.9002783,3.5402784,3.7002783,3.7302783,3.9302783,3.8902783,3.7002783,3.7902784,4.0202785,4.110278,4.3102784,4.380278,4.260278,4.280278,4.2902784,4.130278,4.070278,3.9502783,3.8902783,4.050278,3.9102783,3.7702782,3.8302784,3.7002783,3.9702783,3.9302783,3.6202784,3.3702784,3.1102784,3.0902784,3.5002782,3.6402783,4.2202783,4.7302785,5.010278,4.7002783,2.0202782,0.11027832,-0.45972168,-0.45972168,-0.5797217,-0.40972167,-0.85972166,-0.13972168
-1.1997217,-1.0897217,-0.6497217,-0.08972168,0.19027832,0.64027834,1.0302783,1.5302783,2.1502783,2.1602783,2.4602783,2.9802783,3.1802783,3.5202782,3.6702783,3.5802784,3.6602783,3.6102784,3.6602783,3.7402782,3.7502782,3.8302784,3.9502783,4.070278,4.1002784,4.1002784,4.110278,4.090278,4.1602783,4.2002783,4.050278,3.9202783,3.8802783,3.8702784,3.6102784,3.3502784,3.4002783,3.6302783,3.5002782,3.6102784,3.6602783,3.4102783,3.1802783,3.1002784,3.2702782,3.3602784,3.9002783,5.0202785,5.2202783,5.7002783,6.1702785,1.8102783,-1.0097216,0.52027833,-1.4297217,-0.9697217,-0.11972168,-0.85972166
-2.1997216,-1.9497217,-1.1997217,-0.5897217,-0.02972168,0.7802783,1.3902783,1.7602783,1.8202783,2.1702783,2.4202783,2.5602784,2.9602783,2.8202784,2.6302783,3.0902784,3.4002783,3.4302783,3.3302784,3.4102783,3.4502783,3.5602784,3.7402782,3.9402783,4.110278,4.1202784,4.1602783,4.1702785,4.1202784,4.1802783,4.2002783,4.0202785,3.8602784,3.9002783,3.9102783,3.5702784,3.0802784,3.2902784,3.5802784,3.5102782,3.4102783,3.1002784,3.0902784,2.9602783,3.1502783,3.1502783,3.9302783,4.6802783,4.7902784,5.400278,5.630278,3.2102783,0.32027832,-0.3597217,2.0702784,-0.42972168,1.1302783,-0.9997217
-1.3197217,-2.2797217,-2.2597218,-1.4197217,-0.59972167,-0.10972168,0.71027833,1.5002784,1.9702783,2.3202784,2.1102784,2.5102782,2.5802784,2.2602782,2.3902783,2.2402782,2.5202782,2.8002784,2.9802783,3.3502784,3.8802783,3.9802783,3.7302783,3.5602784,3.5202782,3.6602783,3.7702782,3.8502784,3.8502784,3.8902783,4.010278,4.050278,3.8602784,3.8302784,3.9302783,3.9502783,3.7602782,3.2602782,3.4002783,3.3802783,3.2102783,2.6302783,2.2402782,2.4902782,2.4302783,3.1002784,3.6102784,4.2402782,4.6602783,4.8902783,4.3902783,2.9802783,0.08027832,-1.4197217,-1.2697216,-0.22972168,-1.6197217,1.1202784
