raw-data/2018091918.json
{"header": { "discipline":0, "disciplineName":"Meteorological products", "gribEdition":2, "gribLength":74468, "center":7, "centerName":"US National Weather Service - NCEP(WMC)", "subcenter":0, "refTime":"2018-09-19T18:00:00.000Z", "significanceOfRT":1, "significanceOfRTName":"Start of forecast", "productStatus":0, "productStatusName":"Operational products", "productType":1, "productTypeName":"Forecast products", "productDefinitionTemplate":0, "productDefinitionTemplateName":"Analysis/forecast at horizontal level/layer at a point in time", "parameterCategory":2, "parameterCategoryName":"Momentum", "parameterNumber":3, "parameterNumberName":"V-component_of_wind", "parameterUnit":"m.s-1", "genProcessType":2, "genProcessTypeName":"Forecast", "forecastTime":0, "surface1Type":103, "surface1TypeName":"Specified height level above ground", "surface1Value":10.0, "surface2Type":255, "surface2TypeName":"Missing", "surface2Value":0.0, "gridDefinitionTemplate":0, "gridDefinitionTemplateName":"Latitude_Longitude", "numberPoints":65160, "shape":6, "shapeName":"Earth spherical with radius of 6,371,229.0 m", "gridUnits":"degrees", "resolution":48, "winds":"true", "scanMode":0, "nx":360, "ny":181, "basicAngle":0, "lo1":0.0, "la1":90.0, "lo2":359.0, "la2":-90.0, "dx":1.0, "dy":1.0 }, "data":
[rows 78 to 103 of 181, columns 295 to 353 of 360]
0.6612598,0.5312598,0.79125977,2.9012597,2.9212599,1.5312598,1.2812598,0.6412598,0.5312598,0.031259764,-1.2187402,-1.8087403,-2.5087402,-3.3487403,-3.7987401,-4.20874,-3.5787401,-3.2587402,-2.1487403,-1.0687402,-0.94874024,-1.2987403,-2.0787401,-2.2287402,-2.2587402,-1.8887402,-2.4787402,-2.6187403,-2.7587402,-2.6887403,-2.7687402,-2.3487403,-2.8087401,-3.5787401,-4.34874,-2.3287401,-2.1587403,-2.1487403,-2.2887402,-2.5887403,-2.6187403,-2.6687403,-2.5787401,-2.0987403,-1.1287402,0.041259766,0.7612598,1.0212598,1.2312598,1.7312598,-1.2187402,-1.5387403,-1.0987402,-1.6587403,-1.6787403,-1.7987403,-2.3087401,-1.0787402,-0.6587402
-1.3587402,-2.3087401,-2.4987402,0.7212598,3.0812597,1.8812598,0.35125977,-0.038740233,-0.80874026,-0.7787402,-1.1987402,-2.2987401,-2.7187402,-2.9887402,-3.2187402,-3.5487401,-3.8487403,-3.1587403,-2.2187402,-0.6087402,0.93125975,0.88125974,-0.31874025,-0.26874024,-1.4187403,-2.4087403,-1.9687402,-1.9887402,-2.2287402,-2.6687403,-2.7987401,-2.1487403,-2.7987401,-3.6387403,-2.4087403,-2.5387402,-2.5287402,-2.9787402,-2.9987402,-3.0087402,-3.3087401,-3.3587403,-2.7887402,-2.0487401,-0.94874024,0.111259766,0.99125975,1.1012597,1.0012598,0.50125974,0.85125977,-1.0387403,-1.7487402,-1.7187402,-1.8187402,-1.7687402,0.051259767,1.8612598,0.79125977
-3.0287402,0.94125974,-0.028740235,1.7112597,1.6312598,2.2412598,0.7712598,-0.068740234,-0.48874024,-1.7787403,-2.6687403,-2.7487402,-3.3587403,-3.5087402,-3.8387403,-3.7387402,-4.4687405,-3.4887402,-2.2587402,-2.1787403,-1.8487402,0.10125977,2.8612597,2.9212599,1.2212597,-0.94874024,-0.39874023,0.27125975,0.111259766,-0.048740234,-1.0387403,-2.6087403,-2.9387403,-2.7487402,-2.7187402,-2.5587401,-2.8087401,-3.0987403,-2.9387403,-2.6287403,-1.5587403,-1.8687402,-1.6687403,-0.30874023,0.6512598,1.7412598,1.0512598,0.79125977,0.80125976,0.7212598,0.051259767,0.88125974,0.061259765,0.7012598,-1.1787403,-0.26874024,-0.07874023,-0.5287402,-0.94874024
-0.018740235,0.62125975,0.40125978,-0.22874023,-0.26874024,0.9012598,0.7212598,-0.18874024,-0.81874025,-1.2687402,-1.8487402,-2.4687402,-3.0487401,-3.6287403,-3.8487403,-3.8187401,-3.1987402,-2.6887403,-0.8487402,-2.6187403,-1.4887402,-1.7987403,-4.4887404,-2.1187403,-0.26874024,1.8412597,-1.1687403,0.15125977,3.7712598,2.4712598,1.1312598,0.22125977,-1.3287402,-2.4187403,-2.6487403,-2.2287402,-1.7587402,-0.5987402,1.1712598,3.3712597,2.6712599,4.59126,5.27126,4.09126,2.7212598,3.6712599,1.7012597,1.1712598,0.18125977,0.25125977,0.37125978,0.30125976,0.55125976,0.09125976,-0.92874026,-0.6687402,-1.1587403,-1.4687402,-1.3687402
1.2312598,1.5912597,0.56125975,-0.41874024,-0.50874025,-1.4987402,-0.5987402,-0.75874025,-1.0287403,-0.9187402,-1.1987402,-1.1587403,-1.4687402,-2.3387403,-4.24874,-5.09874,-6.2587404,-6.5087404,2.1912599,1.9112598,-0.11874023,-2.7087402,-3.2287402,-0.7387402,-0.67874026,-2.2387402,0.5912598,2.7712598,3.9512599,1.4212598,0.37125978,-0.36874023,1.6312598,4.0112596,2.4212599,-1.2487402,-0.26874024,2.9112597,4.61126,4.34126,5.11126,6.0112596,4.44126,5.94126,5.38126,4.4512596,2.9312599,1.0712597,1.2612598,1.0812597,0.39125976,0.61125976,2.1712599,0.56125975,1.8912598,-0.49874023,-0.86874026,-0.68874025,-0.5287402
0.33125976,0.32125977,0.09125976,0.31125978,0.061259765,0.07125977,-0.62874025,-1.5987402,-1.2387402,-1.0187402,-1.2087402,-0.8487402,-0.47874025,-1.0787402,-3.1887403,-5.78874,-6.90874,-5.2787404,1.1712598,3.6012597,1.9412597,-0.9687402,-1.4887402,-0.93874025,-1.5787402,-2.3687403,0.13125977,2.4412599,0.75125974,-0.7887402,-0.46874022,-0.038740233,2.3312597,3.1412597,2.1412597,1.7812598,4.7412596,6.2412596,4.2412596,3.8112597,2.5212598,0.56125975,3.0512598,4.0312595,3.8012598,1.9512597,1.8812598,1.1912597,0.94125974,0.68125975,0.87125975,1.4012598,2.5812597,4.30126,1.0212598,1.5012598,0.7112598,0.99125975,1.1412598
0.44125977,0.10125977,-1.3587402,-1.8887402,-0.33874023,-0.80874026,-1.2887403,-1.1787403,-3.8887403,-3.3487403,-3.3487403,-1.1087402,0.121259764,-0.8487402,-2.0787401,-2.8087401,-2.5587401,-1.1787403,0.35125977,3.1912599,1.9012598,1.3412597,-0.15874024,-3.3187401,-3.7987401,-2.8387403,-0.7787402,0.85125977,1.7112597,1.4412597,2.0912597,0.5112598,-1.3187402,-2.0087402,-1.1287402,0.081259765,3.5112598,3.3512597,2.8912597,1.8612598,1.4012598,3.1312597,4.05126,4.50126,3.7312598,2.2012599,0.67125976,1.1112598,1.5812597,1.4612597,1.4512597,2.1612597,3.0512598,3.7012599,3.7712598,2.3212597,1.3912598,1.1912597,1.8712598
-0.40874022,0.79125977,1.5212598,1.6112598,1.4612597,0.13125977,-1.0687402,-1.8187402,-1.4687402,-1.5487403,-1.4787402,-0.9787402,-1.9287403,-1.0587403,-1.0787402,-0.7887402,-0.21874024,2.7612598,2.4812598,2.1812599,1.9512597,2.6912599,0.33125976,-2.1487403,-2.6887403,-2.3487403,-1.7187402,-0.08874024,1.5312598,3.5212598,4.7212596,6.40126,6.6412597,4.8912597,4.5112596,4.59126,5.67126,5.1212597,4.46126,5.4512596,5.9712596,5.29126,4.3512597,3.4112597,3.2812598,3.0812597,2.7512598,2.4912598,3.1312597,3.1712599,3.0612597,3.1112597,3.7212598,4.2612596,4.55126,4.79126,4.4512596,1.5212598,1.5712597
1.7112597,1.6412598,1.3112597,2.0012598,0.9512598,1.5212598,-1.1587403,-1.3587402,-1.1087402,-1.1587403,-0.82874024,-0.18874024,-1.1387402,-0.9787402,-1.1287402,-0.038740233,0.88125974,1.4512597,2.3812597,2.6912599,2.8112597,1.7612598,0.5912598,0.62125975,-0.89874023,-2.1187403,-1.4787402,-0.18874024,3.0012598,4.1012597,5.3112597,5.6812596,5.80126,6.5112596,6.1012597,6.25126,6.52126,6.65126,5.9112597,5.63126,5.6212597,5.30126,4.5312595,3.9312599,3.6412597,3.8012598,3.8612597,4.36126,4.1212597,4.21126,4.6412597,4.48126,4.90126,5.25126,5.29126,5.40126,5.42126,4.9512596,4.80126
1.2012597,-0.11874023,0.19125977,0.43125975,-0.46874022,-0.6587402,-0.55874026,-1.5687402,-0.86874026,-1.5587403,-0.9687402,-1.0287403,-0.098740235,-0.30874023,-0.80874026,-0.14874023,0.5912598,1.3212597,2.1612597,2.2812598,1.8412597,1.4912598,1.7212597,1.4912598,2.1212597,2.2812598,2.5112598,3.8812597,4.15126,5.0612597,5.5312595,6.04126,6.42126,5.6412597,5.7012596,6.1212597,6.8912597,6.54126,6.4112597,5.9512596,4.9112597,4.59126,4.4912596,4.67126,3.5812597,3.6812599,4.21126,4.73126,4.67126,4.8112597,4.8912597,5.0612597,4.21126,4.4112597,5.67126,6.3112597,6.4512596,6.3112597,5.61126
0.07125977,1.0112598,-0.42874023,-0.7887402,-1.2187402,-1.1987402,-0.23874024,-0.9887402,-0.19874023,0.7712598,-0.45874023,-0.21874024,-1.4487402,-0.92874026,-1.3687402,-1.0987402,0.25125977,1.3812598,1.7512598,1.3012598,1.7812598,2.3112597,2.9512599,3.4912598,3.8412597,4.09126,4.32126,4.86126,5.77126,6.0312595,6.25126,5.7212596,5.6012597,5.1412597,5.69126,5.9712596,6.0112596,6.13126,6.32126,5.98126,5.36126,4.5312595,4.02126,3.4612598,3.1512597,2.7412598,3.3112597,3.3612597,3.6012597,3.9312599,4.38126,4.32126,3.8912597,3.6412597,4.0312595,4.05126,4.48126,4.88126,5.1012597
1.0312598,-0.008740234,-0.38874024,-0.8387402,-0.7887402,-0.82874024,-1.1087402,0.41125977,-1.4787402,-0.88874024,-0.56874025,-0.5987402,0.081259765,-0.5387402,-0.75874025,-0.45874023,-0.50874025,-0.11874023,-0.38874024,0.7612598,1.4212598,2.1412597,2.2512598,2.7912598,3.1712599,3.6512597,3.7812598,4.3712597,5.3112597,4.80126,4.90126,4.8112597,4.5812597,5.2012596,5.21126,5.2412596,5.04126,5.1212597,5.13126,4.9512596,4.34126,3.9212599,3.3312597,2.9412599,2.9012597,3.0112598,2.8112597,2.9012597,2.8212597,3.4512599,3.5012598,3.2212598,3.5012598,3.1912599,2.9212599,3.2412598,3.8812597,4.6612597,5.13126
-0.26874024,-0.28874025,-0.9087402,-1.1487403,-0.74874026,0.041259766,-0.038740233,-0.43874022,-0.75874025,-0.49874023,-0.14874023,-0.17874023,-0.23874024,-0.29874024,-0.39874023,-2.2387402,-2.4987402,-2.3587403,-1.6287402,-1.0887402,0.39125976,1.0512598,1.7612598,2.3612597,2.8112597,3.7112598,3.5712597,3.9812598,4.2412596,4.7212596,4.55126,4.92126,5.2812595,5.42126,5.50126,4.86126,4.90126,4.5612597,4.4312596,4.4712596,4.1412597,3.3512597,2.8712597,2.8012598,2.9112597,3.1312597,2.3812597,2.0212598,2.5912597,2.0612597,2.2212598,2.7412598,3.2012599,3.7212598,4.0612597,4.2812595,4.5112596,5.05126,5.4912596
0.041259766,-0.18874024,-0.99874026,-0.63874024,-1.2287402,-0.56874025,-0.70874023,-1.1387402,0.061259765,-0.028740235,0.21125977,-0.48874024,-0.038740233,-0.31874025,-0.44874024,-0.95874023,-1.6487403,-0.70874023,-0.5987402,-1.0687402,-0.08874024,0.35125977,1.2512598,1.9612597,3.0712597,3.4412599,4.34126,4.6212597,4.52126,4.11126,4.4712596,4.8912597,4.7012596,4.80126,4.32126,4.2212596,4.42126,4.5812597,4.38126,4.2812595,4.0312595,4.42126,4.3912597,3.7412598,3.7812598,3.3312597,3.1212597,2.4912598,2.9712598,3.2712598,3.4112597,3.3712597,3.7912598,4.3312597,4.40126,4.1012597,4.65126,5.0312595,5.2012596
-0.9187402,-0.7387402,-1.0187402,-0.95874023,-1.1487403,-1.1587403,-0.9087402,0.121259764,-0.27874023,0.061259765,1.3212597,0.21125977,-0.62874025,-0.40874022,-1.3687402,-1.4887402,-1.2787403,-1.6987402,-1.1187402,-0.95874023,-1.0387403,-2.9787402,-3.0587401,-1.8587402,1.3812598,4.11126,4.9512596,4.3712597,4.59126,4.82126,4.96126,5.2212596,5.2012596,5.05126,5.13126,5.1212597,4.5312595,4.63126,4.8912597,4.63126,4.54126,4.73126,4.69126,4.6812596,4.38126,4.0612597,4.5612597,4.5612597,4.32126,4.1212597,4.04126,4.0812597,3.8912597,4.02126,4.7412596,4.79126,4.7012596,4.63126,5.34126
-1.5687402,-1.9987402,-1.4987402,-1.3087403,-1.0487403,-0.64874023,-1.7387402,-1.2287402,-1.0187402,-0.43874022,-1.1787403,-0.89874023,-1.0287403,-1.0387403,-1.2387402,-0.61874026,-0.47874025,-0.43874022,-0.27874023,-0.7287402,-0.95874023,-1.4487402,-3.0787401,-3.9687402,-2.9587402,-0.38874024,4.02126,4.8312597,5.90126,6.07126,5.5812597,5.4312596,5.13126,4.92126,5.0312595,5.0312595,5.00126,4.5812597,4.48126,4.3712597,4.3312597,4.2212596,4.1812596,4.29126,4.8312597,4.7212596,4.3312597,4.19126,4.11126,4.36126,4.50126,4.32126,4.3712597,4.25126,4.4112597,4.9112597,4.79126,5.23126,5.61126
-1.1387402,-1.3987403,-1.6487403,-1.9687402,-1.6587403,-1.6487403,-1.0887402,-1.2587402,-1.3887402,-0.87874025,-1.2987403,-1.0087402,-1.3287402,-1.0387403,-0.94874024,-1.3887402,-1.4287403,-0.45874023,-1.2187402,-0.5287402,-0.68874025,0.50125974,1.1312598,0.62125975,-0.27874023,0.26125976,0.69125974,1.7212597,4.0312595,6.52126,6.8112597,6.23126,5.52126,4.86126,4.6212597,4.34126,4.5812597,4.57126,4.3712597,4.3912597,4.05126,3.7312598,3.5312598,3.4312599,3.4612598,3.8112597,4.0312595,4.44126,4.7012596,4.6012597,4.57126,4.3712597,3.9512599,3.9612598,4.1212597,4.3712597,4.6812596,4.9512596,5.17126
-1.6787403,-1.6887403,-1.5387403,-1.6887403,-1.8687402,-1.6887403,-1.3987403,-1.1687403,-0.44874024,-1.5587403,-1.5887402,-0.82874024,-0.74874026,-1.0887402,-1.1987402,-0.89874023,-1.4487402,-1.3787402,-0.63874024,-1.0287403,-0.46874022,0.42125976,0.34125978,0.55125976,0.5912598,0.82125974,-0.26874024,-2.5987403,-1.6187402,2.7412598,7.02126,6.1812596,5.5612597,5.1212597,4.9712596,4.52126,4.13126,4.0612597,3.8312597,3.6712599,3.6112597,3.3712597,3.0512598,2.9012597,3.0812597,3.1412597,3.2312598,3.3112597,3.4412599,3.6512597,3.5812597,3.6912599,3.7212598,3.6512597,3.3412597,3.5312598,3.8312597,4.29126,4.5812597
-1.8387402,-1.9987402,-1.8387402,-1.4087403,-1.1387402,-1.3287402,-1.4987402,-1.7287402,-1.0787402,-0.7287402,-0.81874025,-0.5387402,-0.7187402,-0.8387402,-1.3287402,-1.1687403,-1.1387402,-1.1087402,1.0012598,-0.23874024,-0.8387402,-0.20874023,1.6112598,1.8512597,0.94125974,0.50125974,0.56125975,1.7212597,3.2512598,2.8512597,6.23126,5.77126,5.38126,4.6012597,4.09126,3.8412597,3.6512597,3.4012597,3.5312598,3.4012597,3.2312598,3.3612597,3.5212598,3.6112597,3.5012598,3.3612597,3.3112597,3.3312597,3.3312597,3.4212599,3.5212598,3.6412597,3.7012599,3.5412598,3.4412599,3.4312599,3.7612598,3.9912598,4.4712596
-2.0687401,-1.5687402,0.29125977,-0.7287402,-0.6587402,-1.2387402,-1.3387402,-0.55874026,-1.4187403,-0.7387402,-1.0287403,-0.89874023,-0.5987402,-0.75874025,-0.12874024,-1.1087402,-1.8787402,-0.64874023,-1.1087402,-1.2587402,1.9712597,0.68125975,1.8112597,2.0012598,1.4812598,0.46125975,0.34125978,0.16125977,4.1412597,3.5812597,3.8712597,5.11126,4.34126,4.0812597,3.6712599,3.1312597,3.1312597,3.2512598,3.2612598,3.4312599,3.3812597,3.0612597,3.1712599,3.6012597,3.8312597,3.8012598,3.7512598,3.6712599,3.7512598,4.02126,3.8512597,3.8012598,3.9812598,4.0812597,4.04126,4.1012597,4.0312595,4.0312595,4.2012596
-0.6587402,-1.2887403,-1.7987403,-1.4787402,0.051259767,-0.9887402,-0.08874024,-0.7187402,-1.5787402,-1.6687403,-1.2387402,-0.67874026,-0.49874023,-0.44874024,-0.87874025,-0.92874026,-1.4887402,-1.7387402,-1.9287403,0.111259766,0.061259765,0.61125976,1.1912597,1.4812598,1.7112597,2.0712597,2.4912598,1.9112598,1.5012598,2.0112598,2.7812598,3.9112597,3.5612597,3.3412597,3.1112597,3.2012599,3.2912598,3.1812599,3.2612598,3.2612598,3.1412597,3.2812598,3.1512597,3.3012598,3.7612598,4.0312595,4.0812597,4.2212596,4.29126,4.1412597,4.25126,4.2212596,4.3712597,4.4912596,4.5612597,4.6412597,4.61126,4.54126,4.4912596
-1.7187402,-1.0587403,-1.1387402,-1.1387402,-1.4887402,-2.1887403,-1.5987402,-1.5987402,-1.7387402,-0.6087402,-0.7787402,-0.7787402,-0.33874023,-0.69874024,0.20125976,-0.45874023,-1.1487403,-1.5787402,-1.9987402,-0.5987402,-0.75874025,0.8312598,1.5512598,1.4012598,1.8212597,1.3512597,1.7712598,3.3512597,1.5512598,1.2212597,2.2812598,2.6412597,2.7712598,2.7712598,2.9412599,3.1812599,3.2712598,3.3912597,3.4012597,3.3312597,3.2112598,3.1612597,3.2412598,3.4112597,3.6412597,3.9512599,4.27126,4.42126,4.6412597,4.52126,4.6412597,4.69126,4.75126,4.82126,4.8312597,4.9712596,5.1612597,5.1612597,5.1612597
-2.3187401,-2.5487401,-2.5487401,-1.9287403,-1.7787403,-2.0787401,-1.9687402,-1.8787402,-2.0187402,-1.5587403,-0.57874024,-1.0487403,-0.21874024,0.09125976,0.051259767,-0.33874023,-0.30874023,-1.8487402,-0.008740234,-1.0187402,1.6512598,0.26125976,-0.70874023,-3.1587403,1.6912597,2.8512597,2.5312598,1.8112597,2.0412598,0.24125977,0.99125975,1.8212597,2.0012598,2.1312597,2.3712597,2.5112598,2.7812598,3.0512598,3.4712598,3.7112598,3.7412598,3.6512597,3.6512597,3.7812598,3.9112597,4.0612597,4.29126,4.7012596,4.7612596,4.84126,4.75126,4.82126,4.8712597,5.02126,5.04126,5.02126,5.2212596,5.4712596,5.5312595
-2.4187403,-2.2087402,-3.4987402,-3.0887403,-2.3287401,-1.9887402,-2.1587403,-1.7387402,-1.5387403,-1.5687402,-0.75874025,0.07125977,0.63125974,0.54125977,1.0012598,1.0112598,-1.7487402,-2.2887402,-2.0487401,-0.64874023,0.85125977,0.34125978,-1.2687402,0.69125974,1.1812598,2.2012599,1.8212597,1.2012597,0.49125975,0.25125977,0.88125974,1.1412598,1.3212597,1.4512597,1.4612597,1.7812598,2.0312598,2.6212597,3.1412597,3.6312597,3.9112597,4.19126,4.3512597,4.3712597,4.4112597,4.50126,4.69126,4.6412597,4.82126,5.0112596,4.92126,4.8312597,4.80126,4.88126,4.96126,5.0312595,5.25126,5.30126,5.63126
-2.8287401,-2.5587401,-2.3387403,-4.8187404,-2.7687402,-2.2287402,-2.4087403,-2.0987403,-1.8187402,-1.4187403,-1.1187402,-0.82874024,-0.43874022,0.36125976,0.8912598,0.62125975,0.54125977,1.5612597,-0.87874025,-0.87874025,-0.7887402,0.021259766,0.46125975,-0.068740234,-0.038740233,0.24125977,1.4212598,0.121259764,-0.24874024,0.21125977,0.43125975,0.93125975,1.2112597,1.0812597,1.1012597,1.3012598,1.6912597,2.0312598,2.5112598,3.0812597,3.4812598,3.7012599,3.8912597,4.0112596,4.00126,4.07126,4.1412597,4.38126,4.54126,4.6212597,4.9112597,4.84126,4.7612596,4.59126,4.48126,4.80126,4.8312597,4.9712596,5.25126
-2.9787402,-4.6287403,-2.9787402,-2.5887403,-3.2587402,-2.3487403,-2.9887402,-2.8787403,-1.8087403,-3.7287402,-1.4887402,-1.5387403,-0.62874025,-0.49874023,-0.018740235,0.28125978,-2.0887403,-3.0387402,-1.3687402,0.8912598,3.5412598,0.94125974,-0.39874023,-1.8087403,-0.92874026,-0.94874024,0.92125976,-1.3187402,-0.6687402,-0.27874023,0.13125977,0.41125977,0.75125974,0.9112598,1.0212598,1.1812598,1.5512598,1.9412597,2.2612598,2.6612597,2.9712598,3.2612598,3.6112597,3.8212597,3.8512597,3.8412597,3.7812598,3.9112597,4.07126,4.19126,4.34126,4.46126,4.67126,4.40126,4.3912597,4.3512597,4.5612597,4.6812596,4.92126
