raw-data/2018091906.json
{"header": { "discipline":0, "disciplineName":"Meteorological products", "gribEdition":2, "gribLength":74627, "center":7, "centerName":"US National Weather Service - NCEP(WMC)", "subcenter":0, "refTime":"2018-09-19T06:00:00.000Z", "significanceOfRT":1, "significanceOfRTName":"Start of forecast", "productStatus":0, "productStatusName":"Operational products", "productType":1, "productTypeName":"Forecast products", "productDefinitionTemplate":0, "productDefinitionTemplateName":"Analysis/forecast at horizontal level/layer at a point in time", "parameterCategory":2, "parameterCategoryName":"Momentum", "parameterNumber":3, "parameterNumberName":"V-component_of_wind", "parameterUnit":"m.s-1", "genProcessType":2, "genProcessTypeName":"Forecast", "forecastTime":0, "surface1Type":103, "surface1TypeName":"Specified height level above ground", "surface1Value":10.0, "surface2Type":255, "surface2TypeName":"Missing", "surface2Value":0.0, "gridDefinitionTemplate":0, "gridDefinitionTemplateName":"Latitude_Longitude", "numberPoints":65160, "shape":6, "shapeName":"Earth spherical with radius of 6,371,229.0 m", "gridUnits":"degrees", "resolution":48, "winds":"true", "scanMode":0, "nx":360, "ny":181, "basicAngle":0, "lo1":0.0, "la1":90.0, "lo2":359.0, "la2":-90.0, "dx":1.0, "dy":1.0 }, "data":
[rows 28 to 55 of 181, columns 0 to 61 of 360]
10.06005,10.43005,11.42005,12.66005,13.99005,12.69005,1.58005,4.40005,3.9000502,2.4400501,4.25005,2.9300501,5.52005,5.50005,4.12005,2.55005,1.7400501,1.7500501,6.93005,7.13005,6.70005,5.88005,3.32005,4.0500503,3.75005,3.53005,3.56005,3.26005,3.1800501,3.01005,2.10005,2.4100502,2.05005,1.8600501,0.91005003,2.14005,1.03005,1.26005,1.02005,0.72005004,0.8100501,0.42005005,0.010050049,0.40005004,0.030050049,-0.54994994,-0.79994994,-2.0799499,-3.24995,-2.91995,-2.38995,-0.12994996,0.42005005,0.53005004,0.23005004,-0.43994996,-0.64994997,0.33005005,1.0900501,0.65005004,1.4700501,1.7200501
9.25005,10.98005,12.84005,14.19005,14.09005,10.74005,4.5500503,3.6900501,1.70005,3.13005,1.93005,2.80005,3.29005,3.51005,2.6800501,2.79005,2.6800501,2.4200501,6.31005,6.48005,5.77005,5.36005,2.80005,3.47005,3.54005,3.1700501,3.12005,3.13005,3.03005,2.46005,2.80005,2.34005,-0.32994995,0.020050049,1.82005,1.7400501,2.9200501,1.4600501,1.3800501,1.2200501,0.82005006,0.42005005,0.16005005,-0.22994995,-0.78994995,-1.31995,-1.84995,-2.90995,-3.68995,-3.54995,-1.9099499,-0.44994995,-0.19994995,-0.61994994,-1.33995,-1.6399499,-1.30995,0.04005005,0.19005005,0.25005004,1.9700501,2.77005
10.65005,11.22005,11.92005,12.14005,11.78005,10.88005,4.26005,5.26005,5.0300503,0.96005005,1.6300501,3.1700501,3.02005,2.74005,2.87005,2.53005,2.06005,2.04005,2.26005,4.10005,4.81005,4.94005,5.2800503,3.86005,4.22005,6.84005,6.98005,5.73005,5.8200502,4.91005,2.79005,1.78005,1.7500501,1.65005,1.4700501,1.3500501,2.20005,2.4100502,2.11005,1.39005,0.84005004,0.31005004,-0.36994994,-0.61994994,-1.1599499,-2.22995,-2.79995,-3.49995,-3.65995,-3.28995,-2.20995,-1.10995,-1.10995,-1.70995,-2.23995,-2.63995,-2.39995,-1.84995,0.94005007,0.65005004,2.34005,3.05005
10.67005,11.25005,11.10005,10.14005,8.75005,8.30005,3.4000502,4.22005,3.52005,2.38005,4.71005,5.88005,1.89005,4.23005,4.56005,1.70005,1.7400501,1.52005,2.31005,4.29005,4.44005,4.73005,6.08005,5.31005,3.4300501,3.6700501,3.22005,2.72005,2.89005,2.09005,1.56005,1.4700501,1.68005,1.3700501,0.80005,0.97005004,1.3400501,2.01005,2.46005,1.1300501,0.75005007,0.020050049,-0.39994994,-1.22995,-2.01995,-2.8099499,-3.65995,-4.28995,-4.51995,-3.94995,-2.92995,-1.3899499,-1.4999499,-2.0699499,-2.50995,-3.44995,-3.44995,-0.55994993,2.08005,2.04005,3.1500502,3.47005
10.18005,10.27005,9.75005,8.78005,7.31005,6.5300503,6.31005,3.49005,3.45005,5.34005,6.13005,6.58005,2.88005,2.62005,2.1600502,1.78005,1.2200501,2.99005,3.10005,3.05005,3.9300501,5.67005,7.29005,6.22005,7.60005,2.9000502,2.64005,2.77005,3.13005,2.06005,1.79005,1.78005,1.6100501,1.4900501,0.49005005,0.52005005,0.90005004,2.45005,2.37005,1.78005,0.67005,-0.009949951,-0.85994995,-1.7799499,-2.97995,-3.3099499,-4.07995,-4.07995,-4.4699497,-3.8199499,-4.99995,-4.02995,-2.15995,-2.77995,-2.97995,-4.63995,-3.42995,1.80005,2.80005,3.48005,4.45005,4.27005
9.74005,9.64005,9.05005,7.70005,6.70005,7.14005,6.64005,6.09005,5.68005,4.60005,3.38005,5.60005,3.9300501,1.79005,1.68005,1.3800501,1.01005,2.6900501,1.2100501,2.21005,4.5500503,6.68005,3.03005,3.1700501,4.16005,2.70005,2.39005,2.4200501,2.76005,2.71005,1.91005,2.21005,1.78005,1.16005,0.96005005,0.73005,1.28005,1.82005,2.50005,1.4700501,0.70005006,-0.25994995,-1.60995,-3.44995,-3.79995,-4.11995,-3.87995,-6.31995,-6.15995,-6.08995,-5.27995,-2.74995,-2.04995,-1.7499499,-4.13995,-5.77995,-2.00995,5.42005,4.0300503,4.01005,4.71005,5.2800503
10.10005,10.32005,8.82005,7.56005,7.99005,7.31005,6.40005,6.16005,6.0500503,3.73005,3.47005,5.0500503,3.49005,1.8800501,1.2400501,0.79005,0.51005006,0.35005006,0.16005005,2.30005,4.51005,4.67005,3.20005,3.22005,3.59005,3.49005,2.45005,2.4200501,2.38005,2.36005,2.10005,1.94005,1.82005,1.6000501,1.2400501,1.44005,1.6100501,1.5000501,1.69005,1.2400501,0.51005006,-0.40994996,-1.68995,-2.8399498,-4.66995,-5.55995,-5.31995,-6.10995,-5.75995,-5.05995,-4.74995,-4.7199497,-4.01995,-2.70995,-3.70995,-3.61995,-2.0799499,4.0500503,4.7800503,2.57005,3.14005,3.60005
9.41005,8.75005,8.30005,8.45005,8.09005,7.27005,6.67005,6.73005,6.74005,4.33005,4.52005,4.09005,2.86005,2.9300501,1.39005,0.43005005,-0.52994996,-0.71994996,1.9800501,2.26005,4.79005,3.48005,2.61005,2.35005,3.00005,3.52005,2.59005,3.45005,2.64005,3.01005,2.22005,2.45005,1.70005,1.52005,1.33005,1.2200501,1.30005,1.3400501,0.94005007,0.32005006,-0.029949952,-0.86994994,-1.83995,-2.92995,-3.93995,-6.38995,-6.16995,-4.11995,-6.32995,-6.20995,-5.02995,-4.34995,-3.95995,-3.36995,-2.71995,-3.3099499,-2.61995,1.93005,5.18005,4.01005,5.2800503,6.85005
7.5500503,8.91005,8.80005,8.98005,9.18005,8.39005,8.06005,7.67005,6.90005,4.39005,2.97005,3.56005,2.53005,1.77005,1.2200501,0.31005004,-0.19994995,0.16005005,0.82005006,3.12005,3.11005,3.30005,2.9100502,2.6700501,2.59005,3.79005,2.96005,3.4200501,2.88005,2.24005,2.55005,2.50005,2.04005,1.54005,1.1200501,1.02005,0.9300501,0.54005,-0.109949954,-0.70995,-1.47995,-1.7799499,-2.8299499,-3.49995,-4.6799498,-6.14995,-5.10995,-5.88995,-5.9499497,-5.54995,-4.6999497,-4.2199497,-4.08995,-3.21995,-3.03995,-3.00995,-2.68995,1.6200501,3.4200501,5.77005,6.35005,6.00005
5.40005,7.72005,9.68005,10.63005,10.63005,8.16005,5.0500503,4.61005,3.9300501,3.1800501,2.02005,2.13005,1.6000501,1.07005,-0.11994995,-1.95995,-1.1399499,1.29005,2.13005,2.70005,2.74005,2.97005,2.9400501,3.49005,3.46005,3.9200501,2.9200501,2.95005,2.47005,2.08005,2.24005,1.7500501,1.9700501,1.1200501,1.19005,0.70005006,0.08005005,-0.42994994,-1.04995,-1.5199499,-1.6199499,-2.69995,-3.3299499,-4.49995,-5.06995,-5.79995,-6.01995,-5.29995,-6.62995,-6.45995,-5.10995,-4.00995,-3.12995,-3.01995,-3.36995,-4.4699497,-1.9099499,3.1600502,3.35005,6.93005,6.10005,5.71005
5.01005,5.38005,8.76005,8.7900505,7.46005,3.85005,3.9300501,3.53005,2.6600502,2.11005,2.08005,1.65005,1.0000501,-0.55994993,-1.16995,-0.01994995,0.66005003,2.77005,3.45005,3.83005,3.62005,3.00005,3.32005,3.10005,3.04005,2.98005,2.6900501,2.54005,1.8700501,1.8500501,1.70005,1.70005,1.4900501,1.04005,0.76005006,0.26005006,-0.47994995,-0.9399499,-1.4099499,-2.3099499,-2.39995,-3.0899498,-4.22995,-4.86995,-5.26995,-5.80995,-6.4499497,-6.47995,-6.35995,-6.22995,-5.93995,-4.9299498,-3.88995,-2.94995,-2.8399498,-2.26995,-0.53994995,2.77005,5.04005,5.38005,5.20005,5.17005
4.93005,6.79005,6.64005,3.86005,4.22005,4.5500503,3.96005,2.08005,1.2300501,0.97005004,1.3800501,1.7500501,1.01005,1.5000501,1.54005,3.30005,2.6500502,2.4400501,3.76005,4.94005,3.25005,2.35005,2.85005,2.80005,2.51005,2.77005,2.56005,2.22005,2.4200501,2.25005,1.9700501,1.79005,1.18005,0.50005007,-0.069949955,-0.24994995,-1.29995,-2.00995,-2.47995,-3.0999498,-3.73995,-3.87995,-4.43995,-5.2199497,-5.60995,-5.9699497,-6.81995,-6.60995,-6.56995,-6.43995,-5.70995,-4.22995,-2.8499498,-1.97995,-1.81995,-1.2699499,0.37005004,2.37005,4.0500503,4.08005,4.16005,4.59005
8.57005,7.62005,3.9100502,3.4300501,3.70005,2.79005,1.81005,1.29005,0.69005007,2.01005,1.7300501,2.6600502,1.94005,0.60005003,1.27005,1.27005,2.47005,0.97005004,4.09005,3.02005,2.1800501,2.10005,2.70005,1.8600501,2.4000502,1.8800501,2.9200501,3.11005,2.84005,2.33005,1.70005,1.2300501,0.65005004,-0.34994996,-0.99994993,-1.55995,-2.11995,-2.86995,-3.15995,-3.72995,-4.35995,-4.73995,-4.86995,-5.28995,-5.59995,-6.39995,-6.63995,-6.39995,-5.9499497,-5.41995,-4.54995,-3.0799499,-0.46994996,-0.05994995,-0.82995,-0.86994994,-0.13994995,1.4900501,2.75005,3.62005,3.02005,3.46005
4.51005,4.3200502,2.9100502,2.6500502,2.59005,2.62005,1.6100501,1.7300501,1.17005,1.2400501,1.93005,2.22005,1.83005,1.79005,1.18005,0.23005004,-0.74994993,0.15005004,0.14005005,0.77005005,0.80005,0.73005,0.70005006,2.31005,2.08005,0.9900501,2.01005,3.11005,2.99005,1.89005,1.2100501,0.6200501,-0.029949952,-1.34995,-1.85995,-2.12995,-2.5799499,-3.15995,-3.3199499,-3.96995,-4.23995,-4.60995,-5.09995,-5.41995,-5.77995,-5.9299498,-5.60995,-5.52995,-4.9299498,-3.92995,-2.53995,-0.82995,0.42005005,5.0048828E-5,-0.76995,-0.79994994,-0.32994995,0.69005007,2.13005,2.45005,2.70005,2.75005
3.51005,2.79005,1.80005,1.56005,2.02005,1.5900501,1.0900501,0.030050049,1.43005,0.59005004,1.78005,1.90005,2.07005,1.7200501,2.04005,1.28005,-0.19994995,-0.24994995,-0.30994996,-0.98994994,-0.46994996,-0.83994997,0.84005004,1.16005,0.45005006,0.98005,0.16005005,2.82005,2.78005,1.6100501,0.60005003,-0.22994995,-1.6199499,-2.22995,-2.5899498,-2.88995,-2.88995,-2.70995,-2.76995,-3.8499498,-4.36995,-4.18995,-3.86995,-3.8399498,-4.30995,-4.73995,-4.76995,-4.05995,-2.97995,-2.0699499,-1.10995,-0.25994995,-0.09994995,-0.5099499,-0.73994994,-0.9399499,-0.76995,0.49005005,1.4900501,1.89005,2.10005,1.94005
2.76005,2.10005,1.20005,1.14005,0.53005004,0.65005004,1.53005,0.10005005,1.83005,1.89005,0.82005006,-1.7899499,-1.4999499,-2.5599499,-1.7599499,-1.1499499,-0.65994996,1.2300501,-1.16995,-0.46994996,3.45005,2.51005,1.2400501,1.7200501,0.69005007,-0.19994995,0.21005005,2.85005,2.9300501,1.14005,-0.44994995,-1.6299499,-2.00995,-2.28995,-2.52995,-2.72995,-3.17995,-3.14995,-2.53995,-1.8799499,-1.6199499,-2.25995,-2.69995,-3.28995,-3.60995,-3.98995,-3.8499498,-3.37995,-2.68995,-1.92995,-1.5199499,-1.23995,-1.30995,-1.68995,-1.72995,-1.2599499,-0.48994994,0.36005005,0.83005005,1.1100501,1.0900501,1.14005
1.19005,0.82005006,1.32005,0.80005,0.36005005,0.59005004,5.0048828E-5,0.59005004,-1.66995,-1.92995,-1.82995,-1.7799499,-1.7699499,-2.15995,-0.79994994,-0.35994995,-0.20994996,0.50005007,-1.2699499,0.35005006,4.18005,2.4300501,0.50005007,-0.44994995,-0.12994996,0.36005005,0.9300501,1.8500501,2.47005,0.09005005,-1.93995,-3.17995,-3.87995,-3.01995,-2.36995,-3.21995,-4.16995,-3.87995,-2.3199499,-0.57995,-0.05994995,0.19005005,0.16005005,-0.89994997,-1.7699499,-2.44995,-2.52995,-2.10995,-1.85995,-0.54994994,-1.48995,-2.3199499,-2.51995,-2.22995,-1.8999499,-1.4999499,-1.2799499,-0.60994995,0.10005005,0.20005006,1.03005,0.17005005
-0.98994994,0.38005006,0.11005005,0.15005004,0.67005,0.58005005,-0.21994995,-0.91994995,0.60005003,1.04005,0.85005003,-0.41994995,-2.5699499,0.24005005,-1.3999499,0.12005005,0.9900501,0.6200501,0.51005006,0.54005,1.79005,5.5300503,1.55005,-1.56995,-1.46995,-0.52994996,-0.22994995,1.44005,0.76005006,-1.1299499,-2.40995,-1.29995,-2.67995,-3.19995,-1.55995,-2.20995,-4.99995,-4.62995,-0.64994997,0.58005005,1.07005,1.1100501,0.6800501,-0.7599499,-1.58995,-1.8799499,-1.45995,-1.19995,-0.42994994,-1.34995,-1.7799499,-1.7799499,-2.53995,-2.38995,-1.68995,-1.8699499,-1.42995,-1.34995,-1.1599499,-0.72994995,-0.73994994,-1.7799499
-0.54994994,0.79005,-0.34994996,-1.06995,-1.35995,-0.90994996,-1.34995,-2.0799499,-2.5899498,-2.36995,-1.16995,-2.01995,0.21005005,-0.89994997,-0.71994996,-0.96994996,-1.20995,0.76005006,1.43005,1.01005,1.04005,1.8600501,-1.56995,-1.54995,-0.83994997,-0.69995,0.58005005,1.07005,-1.6399499,-1.18995,-1.80995,-3.19995,-2.42995,-2.73995,-2.0799499,-4.29995,-6.15995,-5.66995,-3.47995,-1.5299499,-0.74994993,-0.63995,0.6200501,-2.03995,-0.59994996,-0.25994995,-0.37994996,-0.64994997,-1.7599499,-3.8099499,-4.81995,-4.06995,-3.11995,-3.44995,-2.37995,-2.22995,-2.03995,-1.80995,-1.45995,-2.16995,-2.72995,-3.51995
2.1800501,1.79005,1.1300501,-1.0399499,-3.20995,-4.16995,-2.19995,-4.45995,-3.75995,1.91005,2.14005,-0.48994994,-0.19994995,0.11005005,-1.56995,-0.67994994,-0.18994994,-0.73994994,-0.61994994,-0.44994995,0.6800501,-0.03994995,0.57005006,-0.32994995,1.18005,0.86005,1.76005,-0.88995,-2.92995,-2.0899498,-2.69995,-2.65995,-2.77995,-3.0899498,-2.27995,-3.03995,-3.92995,-4.85995,-1.2699499,0.7400501,1.1000501,2.01005,0.67005,0.20005006,-1.45995,-1.17995,-0.97994995,-2.91995,-3.95995,-4.58995,-4.99995,-5.08995,-3.99995,-3.16995,-3.38995,-2.5699499,-2.60995,-2.8499498,-2.90995,-2.87995,-2.5899498,-3.35995
-0.83994997,-1.2499499,-1.80995,-1.91995,-4.38995,-4.34995,-4.75995,-2.35995,-0.9399499,-0.47994995,-0.54994994,1.43005,-0.57995,-0.48994994,-0.95995,-1.20995,0.80005,0.54005,0.66005003,-1.6299499,-1.16995,0.90005004,-0.15994996,-0.95995,-0.61994994,0.09005005,-2.19995,-3.70995,-2.70995,-4.13995,-4.23995,-4.1799498,-4.03995,-2.0799499,0.41005003,-0.04994995,-1.85995,-4.82995,-1.69995,-0.28994995,-1.32995,2.10005,-1.0299499,-1.1499499,-0.8199499,0.5600501,2.6600502,-0.49994996,-0.27994996,-4.63995,-6.23995,-5.52995,-4.78995,-3.49995,-3.8399498,-3.8399498,-3.3099499,-3.26995,-3.16995,-3.0899498,-3.48995,-4.14995
0.58005005,-1.30995,-3.62995,-5.93995,-2.87995,-4.11995,-4.78995,-2.77995,-1.69995,-0.64994997,-0.66994995,3.62005,2.05005,0.59005004,-1.05995,-0.59994996,-0.009949951,0.84005004,-0.07994995,-0.38994995,0.14005005,0.5600501,0.66005003,0.77005005,0.24005005,-3.72995,-4.79995,-4.05995,-4.91995,-3.20995,-1.54995,-0.95995,-0.22994995,-0.78994995,-2.0799499,-2.0999498,-1.9099499,-0.60994995,-0.23994996,-0.86994994,-1.2799499,-1.47995,-1.92995,-1.79995,-0.95995,-1.3999499,-1.32995,2.9200501,2.07005,-2.15995,-6.60995,-5.97995,-5.38995,-3.35995,-3.47995,-3.41995,-3.76995,-3.35995,-3.3499498,-3.71995,-4.24995,-4.56995
-0.95995,-4.15995,-3.18995,-0.61994994,-0.20994996,-3.51995,-5.41995,-4.2199497,-3.93995,-0.24994995,-2.48995,6.11005,6.38005,4.93005,1.8800501,0.7400501,-0.70995,-1.06995,5.0048828E-5,-2.54995,-0.44994995,-0.40994996,0.060050048,1.14005,-4.23995,-7.43995,-8.83995,-3.74995,-3.15995,-0.57995,0.35005006,-1.09995,-0.6899499,-2.21995,-2.93995,-2.77995,-2.5599499,-3.03995,-2.45995,-1.7799499,-1.91995,-1.42995,-2.98995,-2.0699499,-1.2699499,0.04005005,0.92005,2.22005,0.04005005,-1.80995,-6.1999497,-4.79995,-4.83995,-4.76995,-4.80995,-3.42995,-2.99995,-3.93995,-3.67995,-4.22995,-5.24995,-5.50995
-1.93995,-2.70995,-2.26995,-1.32995,-1.31995,-3.27995,-4.73995,-4.98995,-4.08995,-1.7899499,-1.59995,4.95005,9.76005,5.14005,3.23005,1.8700501,0.90005004,-1.85995,-1.0099499,-2.72995,0.05005005,-1.10995,-1.3699499,-2.47995,-7.59995,-11.92995,-6.99995,-4.15995,-4.11995,-3.21995,-1.3899499,-1.59995,-1.58995,-4.9499497,-2.20995,-2.86995,-1.6599499,-2.74995,-3.27995,-1.6199499,-2.5799499,-1.35995,-2.68995,-0.64994997,-0.29994994,-2.19995,-0.069949955,-2.50995,-0.48994994,-4.47995,-4.9299498,-5.58995,-6.65995,-7.56995,-2.53995,-4.01995,-2.87995,-2.39995,-3.01995,-3.77995,-4.84995,-4.72995
-3.99995,-4.65995,-1.54995,1.4700501,0.18005005,-1.91995,-3.60995,-4.15995,-3.76995,-3.0799499,-0.92994994,4.0700502,8.72005,2.98005,1.89005,1.17005,-1.1499499,-0.9399499,-1.69995,-2.38995,-1.7799499,-3.00995,-0.8799499,-3.75995,-9.08995,-12.09995,-9.07995,-4.59995,-2.11995,-1.95995,-1.41995,-1.5399499,-2.18995,-3.62995,0.010050049,-0.95995,-4.23995,-3.0599499,-4.2199497,-3.66995,-4.05995,-1.04995,-1.6299499,1.31005,0.67005,-2.85995,-2.21995,0.10005005,-0.51995,-4.50995,-4.04995,-5.27995,-5.7199497,-4.91995,-0.79994994,1.45005,-0.58994997,0.9300501,-2.27995,-2.73995,-4.31995,-4.48995
-3.60995,-1.09995,-0.99994993,0.73005,1.69005,-0.12994996,0.5600501,-0.31994995,0.53005004,0.73005,0.33005005,3.28005,6.23005,4.90005,1.1000501,0.20005006,0.11005005,-0.04994995,-2.11995,-3.0799499,-4.33995,1.04005,-1.8899499,-5.64995,-13.4599495,-9.52995,-10.79995,-7.06995,-3.0599499,-1.48995,-1.06995,-4.25995,-1.8799499,-3.41995,-1.59995,-0.70995,-2.21995,-2.77995,-5.54995,-6.97995,-5.9299498,-5.01995,-3.67995,-1.29995,-1.42995,-1.22995,-2.50995,0.010050049,-0.76995,-2.45995,-2.20995,-0.22994995,-2.8199499,-4.18995,-2.88995,-1.5299499,-1.44995,-0.26994994,0.45005006,1.30005,-4.39995,-5.4699497
-0.43994996,-0.30994996,-0.77994996,0.17005005,0.9300501,2.01005,0.83005005,0.010050049,0.37005004,1.06005,1.26005,5.77005,5.8000503,4.0300503,2.87005,1.1300501,0.67005,-1.2499499,-2.8199499,-3.5899498,-4.54995,-0.52994996,0.5600501,-7.9699497,-11.88995,-8.60995,-7.70995,-7.1799498,-2.8199499,-2.0899498,-0.03994995,-8.55995,-0.76995,-2.87995,-6.02995,1.20005,0.61005,-2.72995,-5.01995,-4.29995,-5.82995,-4.85995,-4.11995,-2.89995,-1.48995,-2.29995,0.77005005,-0.34994996,-2.47995,-0.43994996,-3.01995,2.1500502,2.4000502,-1.93995,0.46005005,-2.37995,-4.87995,-1.56995,-0.009949951,0.32005006,0.17005005,-5.55995
-1.16995,-0.78994995,-0.86994994,2.61005,1.83005,0.95005006,-0.98994994,0.6800501,0.80005,1.15005,3.54005,4.66005,5.08005,3.96005,2.56005,0.77005005,-0.73994994,-2.15995,-3.3199499,-3.86995,-4.00995,-2.39995,-4.11995,-12.26995,-6.45995,-5.45995,-6.31995,-10.15995,-6.63995,-2.5599499,-0.57995,-1.6199499,0.25005004,-0.86994994,-2.76995,3.52005,2.28005,-0.37994996,-1.93995,-5.22995,-4.09995,-1.98995,-1.67995,-0.91994995,0.6800501,-0.16994995,0.70005006,2.9200501,3.1500502,2.36005,0.92005,-2.85995,2.39005,1.26005,0.65005004,-3.39995,-4.61995,-0.69995,1.2300501,2.11005,-1.1199499,-7.59995
