raw-data/2018091606.json
{"header": { "discipline":0, "disciplineName":"Meteorological products", "gribEdition":2, "gribLength":73915, "center":7, "centerName":"US National Weather Service - NCEP(WMC)", "subcenter":0, "refTime":"2018-09-16T06:00:00.000Z", "significanceOfRT":1, "significanceOfRTName":"Start of forecast", "productStatus":0, "productStatusName":"Operational products", "productType":1, "productTypeName":"Forecast products", "productDefinitionTemplate":0, "productDefinitionTemplateName":"Analysis/forecast at horizontal level/layer at a point in time", "parameterCategory":2, "parameterCategoryName":"Momentum", "parameterNumber":2, "parameterNumberName":"U-component_of_wind", "parameterUnit":"m.s-1", "genProcessType":2, "genProcessTypeName":"Forecast", "forecastTime":0, "surface1Type":103, "surface1TypeName":"Specified height level above ground", "surface1Value":10.0, "surface2Type":255, "surface2TypeName":"Missing", "surface2Value":0.0, "gridDefinitionTemplate":0, "gridDefinitionTemplateName":"Latitude_Longitude", "numberPoints":65160, "shape":6, "shapeName":"Earth spherical with radius of 6,371,229.0 m", "gridUnits":"degrees", "resolution":48, "winds":"true", "scanMode":0, "nx":360, "ny":181, "basicAngle":0, "lo1":0.0, "la1":90.0, "lo2":359.0, "la2":-90.0, "dx":1.0, "dy":1.0 }, "data":
[rows 104 to 129 of 181, columns 116 to 173 of 360]
-1.2784082,-0.7784082,-0.2584082,0.4815918,1.0515918,0.7815918,0.4615918,0.4415918,0.6715918,0.8015918,2.3115919,0.7215918,-0.038408205,2.3215919,1.3415918,-3.5884082,-4.3784084,-6.348408,-6.488408,-6.548408,-5.068408,-5.738408,-4.0384083,-1.9884082,-0.6684082,3.771592,-1.9884082,-2.8384082,-7.658408,-7.258408,-4.2884083,-3.5784082,-3.0684083,-3.208408,-3.1584082,-3.4084082,-3.6984081,-4.098408,-4.6284084,-4.7484083,-5.028408,-4.428408,-4.4184084,-4.3084083,-4.1284084,-4.338408,-4.108408,-3.9284081,-3.6384082,-3.3384082,-5.258408,-3.988408,-5.0384083,-4.968408,-5.7484083,-5.738408,-5.4984083,-4.818408
-1.7884082,-2.9384081,-3.2884083,-2.0884082,0.1715918,1.4215918,1.0515918,1.6015918,1.5815918,6.301592,-2.2884083,-4.988408,-4.0184083,-0.44840822,-2.6084082,-4.8984084,-4.8084083,-5.508408,-7.608408,-9.698408,-9.098408,-7.008408,-5.3084083,-4.548408,-1.6084082,3.3215919,-2.4184082,-1.3584082,-2.0884082,-3.468408,-3.5284083,-3.3284082,-3.1984081,-2.8584082,-3.2584083,-3.3884082,-3.478408,-4.218408,-5.178408,-4.7684083,-4.448408,-4.598408,-4.1884084,-4.068408,-3.8984082,-3.738408,-3.6484082,-3.2484083,-2.988408,-2.5284083,0.4015918,-3.4284081,-4.6684084,-4.5184083,-5.348408,-5.3984084,-5.2084084,-5.138408
-4.3984084,-5.068408,-5.348408,-4.588408,-3.1184082,-2.2584083,-1.8084083,-1.2484082,1.4815918,1.2515918,-5.388408,-6.2684083,-5.858408,-5.9984083,-6.6484084,-6.4584084,-6.428408,-5.3284082,-6.1684084,-6.4984083,-6.0784082,-7.858408,-7.108408,-4.838408,-2.4184082,4.5015917,-3.6784081,-0.83840823,-1.7584082,-4.2684083,-3.7984083,-3.1084082,-3.0184083,-2.8584082,-3.0084083,-3.3884082,-3.6284082,-4.298408,-5.178408,-5.0784082,-5.3784084,-4.618408,-3.9184082,-3.5384083,-3.5384083,-3.8784082,-3.3084083,-2.3584082,-1.8284082,-1.8384082,-1.7084082,-2.0784082,-3.0084083,-3.5084083,-4.508408,-4.858408,-5.088408,-5.3784084
-5.6484084,-6.2084084,-6.4184084,-5.408408,-3.1984081,0.4615918,4.931592,-4.298408,0.4015918,-3.9984083,-5.318408,-7.358408,-7.238408,-8.018408,-8.328408,-6.858408,-7.548408,-6.9584084,-6.2684083,-5.218408,-5.0184083,-4.368408,-3.9984083,-6.408408,-1.3784082,0.1515918,-1.8784082,-1.3284082,0.4515918,-4.138408,-3.738408,-2.6184082,-2.478408,-2.5184083,-2.9384081,-3.0684083,-3.2984083,-3.8284082,-4.158408,-4.178408,-4.588408,-4.4984083,-4.158408,-3.1784081,-2.6984081,-2.4084082,-2.2884083,-0.9284082,-0.9284082,-0.6784082,-0.47840822,-1.1584082,-2.5784082,-2.3384082,-3.7984083,-4.158408,-4.7284083,-5.548408
-5.968408,-6.548408,-6.5584083,-5.428408,-2.6384082,1.3515918,3.6415918,-4.0584083,-4.218408,-3.9084082,-4.7484083,-6.7484083,-7.238408,-7.7884083,-8.488408,-6.638408,-7.138408,-7.608408,-7.2684083,-6.588408,-5.238408,-4.7084084,-4.2084084,-4.1684084,-3.5784082,-2.3584082,-0.5984082,0.1515918,-0.8984082,-2.1584082,-2.0084083,-3.1684082,-1.7384082,-1.8384082,-2.0884082,-2.2584083,-3.6084082,-4.368408,-4.598408,-4.258408,-3.8084083,-3.5484083,-3.1384082,-2.7784083,-2.1884081,-1.4684082,-1.4884082,-0.5284082,-1.0184082,-0.3584082,0.7015918,0.5715918,2.0815918,-2.5584083,-3.4284081,-3.5384083,-4.108408,-5.008408
-5.9384084,-5.928408,-5.758408,-4.2284083,-2.6184082,0.4715918,-5.1884084,-5.388408,-5.138408,-4.8284082,-4.7684083,-5.928408,-6.7284083,-7.448408,-8.408408,-7.608408,-7.618408,-8.238408,-8.608408,-7.508408,-6.598408,-4.7284083,-3.0184083,-3.5984082,-3.3784082,-2.6184082,-0.9484082,1.3015918,-0.5984082,-0.9784082,-1.1884083,-3.0684083,-2.3484082,-1.5784082,-1.4384083,-1.4584082,-1.1284082,-1.6184082,-2.2884083,-2.8084083,-3.1184082,-2.6084082,-2.3484082,-2.0984082,-1.9484082,-1.7184082,-1.0684083,-0.3084082,-1.3484082,-1.0684083,0.2515918,1.6615918,1.3215919,0.0915918,-2.3184083,-3.4284081,-4.5784082,-5.1684084
-4.9584084,-3.5984082,-0.41840822,0.1515918,-2.8084083,-5.4784083,-5.0384083,-4.758408,-6.1484084,-6.428408,-5.9384084,-6.108408,-6.6684084,-7.6284084,-8.128408,-8.0484085,-7.818408,-7.858408,-8.628408,-7.4984083,-6.6884084,-5.448408,-3.5284083,-3.0984082,-3.0484083,-2.4384081,-1.5784082,-0.47840822,1.3115917,1.8215919,0.9515918,0.9015918,-1.9884082,-2.7984083,-1.6084082,-0.5184082,-0.0884082,-0.1884082,-0.9184082,-1.4884082,-1.9284081,-2.2584083,-1.9984082,-1.3784082,-1.6684082,-1.9784082,-1.4884082,-0.6284082,2.6115918,-0.3984082,-1.5284082,0.66159177,1.7415918,1.0615917,-2.3384082,-4.6484084,-5.7484083,-6.238408
0.031591795,-0.4684082,-0.7384082,-2.1184082,-4.2684083,-4.718408,-4.368408,-4.048408,-3.5884082,-4.888408,-5.568408,-6.0184083,-6.4784083,-6.4784083,-6.798408,-6.9584084,-6.7684083,-7.3084083,-7.448408,-7.338408,-6.1284084,-5.4184084,-3.8484082,-3.6884081,-2.6584082,-1.9384083,-0.9684082,0.66159177,1.6815917,3.3515918,3.761592,3.1315918,3.531592,-2.4384081,-3.4184082,0.5315918,0.8115918,1.0715919,1.0015918,0.3115918,-0.2084082,-0.9584082,-2.0984082,-2.3884082,-2.5184083,-2.468408,-1.7084082,-1.5284082,-0.9684082,0.7615918,-1.6084082,-0.7984082,0.011591797,-2.3884082,-3.9284081,-4.0384083,-5.718408,-7.8284082
4.7515917,3.2315917,1.0715919,-0.44840822,-2.6884081,-3.3484082,-3.8184083,-2.5284083,-2.2584083,-2.228408,-3.1584082,-5.298408,-5.3984084,-4.818408,-4.508408,-5.1284084,-5.468408,-6.338408,-6.7284083,-6.278408,-5.448408,-5.158408,-4.368408,-3.708408,-2.7584083,-1.9484082,-0.7584082,0.5915918,1.7215918,3.3515918,5.0615916,4.971592,4.891592,2.7515917,-1.7684082,0.0015917969,1.2415918,1.2815918,1.3215919,1.4115918,1.3015918,0.8415918,-0.1384082,-1.0884082,-1.6784081,-2.0884082,-1.5784082,-1.3584082,-0.9884082,-0.2184082,0.4915918,-1.3884082,-0.4284082,-1.2884082,-1.4884082,-3.8484082,-6.2284083,-6.868408
5.661592,5.5815916,3.7515917,0.0515918,-0.3584082,-0.3484082,-0.2584082,-0.9584082,-1.1084082,-0.7984082,-1.8284082,-3.1784081,-3.1584082,-2.6984081,-2.6484082,-3.7784083,-5.4984083,-5.1484084,-5.8084083,-5.988408,-5.368408,-4.9784083,-4.678408,-3.9384081,-3.0684083,-2.4384081,-1.2584082,-0.5284082,1.0015918,2.2415917,4.3315916,5.631592,2.6715918,4.0015917,4.491592,-3.458408,-0.2284082,2.4315917,2.5815918,2.271592,1.9715918,1.6815917,1.2415918,0.33159178,-0.3784082,-0.6284082,-0.4684082,-0.5284082,-0.3384082,0.011591797,0.8415918,-0.1784082,-3.2684083,-5.108408,-6.4784083,-7.6284084,-7.858408,-6.2484083
5.631592,3.9815917,3.9815917,1.9915918,1.8015918,0.7115918,0.3115918,0.0015917969,-0.9384082,-1.9384083,-2.3384082,-2.7984083,-3.3484082,-3.968408,-3.9284081,-5.2484083,-6.4384084,-6.2884083,-6.2084084,-5.6484084,-5.138408,-4.738408,-4.2484083,-3.5684083,-3.3084083,-2.7984083,-2.468408,-1.4784082,-0.7084082,0.2815918,2.021592,3.6015918,-0.9284082,0.0515918,1.0515918,3.1115918,1.0215918,1.7415918,3.011592,3.1115918,2.7015917,2.3515918,1.9915918,1.5815918,0.8915918,0.6415918,1.0115918,0.9615918,0.4215918,0.5315918,0.061591797,-1.2684082,-3.5584083,-5.298408,-6.5784082,-6.9184084,-6.3984084,-5.0584083
5.3115916,6.201592,4.681592,3.791592,1.9215918,0.7415918,0.1815918,-0.23840821,-1.1784081,-1.5684083,-1.5584083,-1.9884082,-3.5584083,-5.598408,-6.028408,-6.408408,-6.5584083,-6.348408,-5.838408,-5.358408,-5.0784082,-4.4784083,-4.218408,-3.6884081,-3.3584082,-3.1384082,-3.2784083,-2.0684083,-1.8784082,-1.3984082,-0.9284082,1.0215918,0.8115918,0.23159179,2.6615918,2.761592,3.5715919,1.8515918,2.1815917,3.0815918,3.521592,2.9815917,2.5915918,2.1415918,1.7715918,1.4715918,1.8315918,2.0715919,1.4315917,1.0915918,-0.7084082,-1.9584082,-3.2584083,-6.178408,-5.488408,-5.678408,-5.138408,-5.008408
5.3115916,5.4815917,3.9715917,3.2415917,1.8815918,1.1615918,-0.4984082,-0.0884082,-1.0784082,-1.2884082,-1.3184083,-2.0184083,-1.4284081,-1.9884082,-4.7884083,-5.2084084,-5.588408,-5.8284082,-5.318408,-5.068408,-4.678408,-4.358408,-3.8184083,-3.988408,-3.4484081,-3.6284082,-3.0384083,-2.6584082,-2.2984083,-2.3084083,-1.6784081,-0.47840822,1.5815918,2.4915917,3.1215918,3.0515919,3.2315917,-3.7484083,-0.44840822,3.031592,4.4415917,4.031592,3.5615919,2.761592,2.5815918,2.6015918,2.6315918,2.5015917,2.041592,-0.1384082,-1.3584082,-2.5484083,-5.338408,-7.358408,-7.118408,-7.758408,-7.298408,-7.738408
4.201592,4.451592,2.9415917,2.8715918,1.7415918,0.8015918,-0.12840821,-0.6084082,-1.3684082,-1.5184082,-2.1184082,-2.2984083,-3.0384083,-3.6584082,-4.218408,-4.6884084,-4.658408,-5.158408,-4.718408,-4.588408,-4.2084084,-3.968408,-3.6184082,-3.718408,-3.6784081,-3.3284082,-2.968408,-2.7684083,-2.468408,-1.9184082,-1.5984082,-0.1184082,1.2215918,3.1615918,3.5715919,4.681592,3.4115918,-4.278408,-6.218408,-2.2684083,5.661592,5.6715918,4.701592,3.7015917,3.1815917,3.2415917,3.5715919,2.531592,-0.108408205,-4.0784082,-5.968408,-6.1484084,-6.838408,-8.608408,-6.7284083,-7.888408,-7.368408,-8.598408
4.611592,5.431592,4.381592,4.391592,2.3815918,1.7815918,0.8815918,-0.44840822,-1.6984082,-1.9984082,-2.9984083,-3.6084082,-3.3384082,-3.5084083,-4.158408,-3.988408,-4.5184083,-4.138408,-4.358408,-3.7684083,-3.6584082,-3.4184082,-3.238408,-3.2884083,-3.1984081,-3.0284083,-2.9484081,-2.4984083,-2.1884081,-1.9384083,-0.6984082,0.1215918,1.6315918,2.541592,4.491592,3.9215918,4.401592,-3.8484082,-4.798408,-1.9384083,-0.9984082,4.531592,5.701592,4.651592,3.5515919,2.9315917,3.6715918,1.9215918,-2.9084082,-5.5184083,-6.548408,-7.1484084,-7.3984084,-7.758408,-6.6684084,-6.258408,-6.698408,-7.6484084
5.881592,5.881592,5.4615917,4.381592,3.1415918,1.8415918,0.8815918,-0.8584082,-1.1084082,-1.9784082,-2.5784082,-3.0584083,-3.1484082,-3.3484082,-3.6384082,-3.7984083,-3.488408,-3.4084082,-3.4384081,-2.9484081,-3.0884082,-2.6884081,-2.5184083,-3.4184082,-2.5184083,-2.3684082,-2.8284082,-2.1384082,-1.8784082,-1.1584082,-0.038408205,0.0915918,1.5515918,2.8315918,3.541592,2.5715919,0.2915918,-2.2584083,-2.8584082,-1.3084083,-0.1984082,0.6015918,5.0015917,3.781592,3.5715919,2.7415917,3.4015918,1.5415918,-3.6984081,-5.0784082,-5.508408,-5.638408,-6.3984084,-6.118408,-5.3784084,-5.3984084,-5.658408,-5.7484083
5.6015916,6.491592,5.641592,4.551592,4.0015917,2.1015918,1.9215918,0.2615918,-0.1684082,-1.4884082,-1.7484082,-1.9284081,-2.2784083,-2.5884082,-3.0884082,-2.1284082,-3.0084083,-2.8384082,-2.7984083,-2.5384083,-1.9584082,-1.1884083,-0.6684082,-2.218408,-0.5784082,-1.1184082,-1.6184082,-1.8284082,-1.4684082,-0.1784082,0.2915918,-0.6184082,1.3215919,3.2315917,0.3715918,1.4015918,-2.228408,-1.8184083,-1.0784082,0.4415918,0.6515918,0.4915918,0.8515918,6.281592,3.0815918,2.8215919,2.3915918,0.6315918,-2.9184082,-3.7684083,-4.2884083,-4.2884083,-4.4584084,-4.178408,-4.118408,-4.638408,-5.0184083,-5.2884083
4.2115917,5.551592,5.5215917,5.651592,3.8915918,2.6315918,2.4615917,0.9915918,0.5315918,-0.5084082,-0.6884082,-1.0284082,-1.1384082,-1.2084082,-1.4384083,-1.6884083,-1.8084083,-1.8984082,-2.1484082,-2.1684082,-1.6584082,-1.0384082,-0.1384082,-2.8784082,-0.2184082,-0.2484082,-0.8184082,-1.0584083,-0.7684082,0.11159179,0.4915918,-0.078408204,0.7915918,2.0615919,-0.8284082,1.7015918,-0.5284082,-1.2584082,1.0315918,0.9715918,0.7315918,0.2815918,-0.3884082,1.1615918,7.1215916,3.011592,2.041592,0.9015918,-1.6884083,-2.5384083,-3.0484083,-3.0984082,-3.1384082,-3.4084082,-4.028408,-4.4384084,-5.158408,-4.908408
3.7515917,4.881592,5.6015916,5.4215918,4.221592,3.4715917,2.1015918,1.4015918,0.8215918,0.5815918,0.30159178,0.1415918,-0.9584082,-3.6884081,-2.8984082,-2.9984083,-0.7484082,-0.4384082,-0.1184082,0.061591797,-0.2984082,0.1315918,0.7815918,-0.8784082,0.6215918,0.3415918,-0.3584082,1.4415917,0.061591797,0.9215918,1.3715918,1.1515918,0.4915918,0.9615918,1.9615918,-1.5984082,-1.1684082,3.2315917,1.3115917,0.8015918,0.7015918,0.6915918,0.6215918,1.0115918,4.1015916,5.511592,2.511592,0.5615918,-0.6384082,-1.8984082,-1.3984082,-1.9084082,-2.0984082,-2.208408,-2.6284082,-3.4384081,-4.238408,-4.2084084
4.1915917,4.7115917,5.5615916,5.451592,5.7915916,3.9715917,2.6915917,2.1415918,1.2515918,-2.0284083,-4.3984084,-2.5884082,-1.2084082,-0.4684082,0.20159179,0.6015918,1.0915918,1.2015918,2.791592,1.1715918,1.5615917,0.1715918,-0.6184082,1.7615918,0.8315918,1.1415918,1.5215918,1.7815918,0.6115918,1.7615918,1.8515918,1.5615917,0.9315918,1.7415918,1.1115918,-2.4184082,-0.3984082,1.6815917,2.3215919,2.511592,2.4415917,2.3115919,2.8515918,3.011592,4.4615917,8.131592,1.8415918,0.3715918,-0.8184082,0.8315918,0.0515918,-1.2284082,-1.5984082,-1.6284082,-1.8084083,-2.0784082,-3.5584083,-3.728408
3.261592,4.761592,5.181592,6.451592,2.6315918,0.1315918,1.9415917,1.9015918,-5.2084084,-1.7984082,0.5715918,1.3515918,1.6415918,2.3715918,2.6815917,2.9815917,3.5815918,3.6515918,3.8715918,4.091592,2.1215918,-1.5684083,2.5615919,3.8015919,1.8315918,2.0715919,3.1015918,2.0615919,2.031592,2.0515919,2.6215918,1.8315918,2.3815918,2.1715918,1.6315918,-3.3384082,0.3615918,3.1915917,4.1715918,4.631592,4.821592,4.7715917,5.3515916,5.221592,4.2915916,5.5415916,4.091592,1.7515918,-0.1184082,1.4315917,0.9415918,-0.4584082,-1.1484082,-1.1284082,-1.2484082,-1.6984082,-3.0384083,-3.8284082
8.631592,5.7715917,4.091592,3.011592,4.951592,5.321592,4.511592,2.6415918,0.0515918,1.1715918,2.7115917,3.291592,3.7015917,4.321592,4.7515917,5.181592,5.841592,6.0415916,5.881592,4.741592,5.1915917,3.5915918,1.4415917,2.4315917,2.7115917,2.261592,3.8115919,2.1215918,2.3615918,2.3815918,2.3215919,1.7715918,4.131592,4.991592,-1.7584082,-1.7084082,3.1715918,5.901592,6.2715917,6.531592,6.5615916,6.661592,7.0815916,7.1015916,5.801592,5.4815917,8.211592,2.3115919,0.5015918,0.6115918,1.0215918,0.101591796,-0.4084082,-0.2284082,-0.3984082,-1.3984082,-3.3084083,-3.478408
10.401592,9.941592,9.601592,8.551592,6.891592,6.491592,6.841592,6.7715917,4.761592,3.9615917,4.241592,4.6015916,5.1215916,5.631592,6.3515916,7.071592,7.991592,7.761592,7.5615916,6.8115916,6.391592,3.8815918,3.261592,4.031592,4.141592,3.9415917,2.9315917,2.8815918,3.1015918,2.6915917,2.781592,3.1315918,1.7615918,0.041591797,-0.3384082,2.781592,6.901592,6.161592,5.901592,7.1715918,7.531592,7.531592,8.061592,7.6715918,6.7915916,4.6915917,6.761592,7.801592,1.9715918,0.1415918,0.8815918,0.3815918,-0.15840821,-0.15840821,-0.1184082,-1.0784082,-1.7584082,-0.3284082
9.301592,11.161592,10.441592,9.541592,8.151592,8.631592,8.301592,7.0815916,6.0015917,5.471592,5.4815917,5.3315916,5.721592,6.681592,7.8515916,8.501592,9.101592,9.491591,8.921592,8.081592,7.841592,8.381592,7.7515917,6.5415916,3.4015918,4.1915917,4.051592,3.8915918,3.4115918,2.2215917,2.9315917,1.4315917,1.6015918,2.6815917,3.1115918,7.7515917,7.5415916,6.451592,5.651592,7.0415916,7.7915916,7.9215918,8.4515915,7.6915917,7.0815916,5.2115917,7.161592,8.731592,2.1115918,-0.068408206,-0.3484082,0.4315918,-0.5384082,-0.7184082,-0.6684082,-1.1884083,-1.4984082,-3.8984082
6.111592,7.0015917,11.231592,9.011592,10.351592,10.731592,9.741591,7.551592,5.5415916,5.6015916,5.821592,6.281592,6.4815917,7.091592,8.271592,9.591592,10.101592,10.031591,8.941592,7.661592,8.551592,8.851592,8.181592,7.901592,7.931592,3.3115919,2.6915917,3.1415918,5.571592,4.8515916,3.0815918,3.1415918,3.8315918,8.211592,9.581592,8.321591,6.661592,5.951592,5.4615917,6.241592,7.531592,7.4215918,7.801592,7.0015917,6.7315917,4.8115916,6.011592,8.321591,1.9815918,-0.018408203,-0.9984082,0.0915918,-0.7884082,-1.3284082,-1.6384082,-2.1484082,-1.7284082,-1.4284081
8.121592,7.971592,7.3115916,9.231592,11.331592,9.601592,9.331592,9.231592,9.011592,8.071591,8.2015915,8.851592,9.191592,9.181592,9.291592,9.831592,10.341592,9.931592,8.871592,9.081592,9.601592,10.071591,9.831592,9.431592,9.511592,9.271592,9.511592,9.081592,9.601592,10.091592,10.231592,8.521592,9.631592,9.751592,8.531591,6.2515917,6.221592,6.091592,5.511592,5.721592,5.2315917,5.531592,4.7915916,5.4415917,5.3315916,4.451592,4.4815917,5.931592,5.281592,-0.15840821,-1.1684082,-0.1884082,-0.4684082,-0.7984082,-0.7984082,-0.8984082,-0.3384082,-0.028408203
