raw-data/2018091612.json
{"header": { "discipline":0, "disciplineName":"Meteorological products", "gribEdition":2, "gribLength":74334, "center":7, "centerName":"US National Weather Service - NCEP(WMC)", "subcenter":0, "refTime":"2018-09-16T12:00:00.000Z", "significanceOfRT":1, "significanceOfRTName":"Start of forecast", "productStatus":0, "productStatusName":"Operational products", "productType":1, "productTypeName":"Forecast products", "productDefinitionTemplate":0, "productDefinitionTemplateName":"Analysis/forecast at horizontal level/layer at a point in time", "parameterCategory":2, "parameterCategoryName":"Momentum", "parameterNumber":2, "parameterNumberName":"U-component_of_wind", "parameterUnit":"m.s-1", "genProcessType":2, "genProcessTypeName":"Forecast", "forecastTime":0, "surface1Type":103, "surface1TypeName":"Specified height level above ground", "surface1Value":10.0, "surface2Type":255, "surface2TypeName":"Missing", "surface2Value":0.0, "gridDefinitionTemplate":0, "gridDefinitionTemplateName":"Latitude_Longitude", "numberPoints":65160, "shape":6, "shapeName":"Earth spherical with radius of 6,371,229.0 m", "gridUnits":"degrees", "resolution":48, "winds":"true", "scanMode":0, "nx":360, "ny":181, "basicAngle":0, "lo1":0.0, "la1":90.0, "lo2":359.0, "la2":-90.0, "dx":1.0, "dy":1.0 }, "data":
[rows 25 to 49 of 181, columns 57 to 113 of 360]
-0.24835938,-0.18835938,0.3816406,1.1016406,0.85164064,0.6816406,1.5516406,1.1116406,0.53164065,0.7616406,1.1016406,2.0816407,1.7416406,1.5316406,0.46164063,-0.25835937,0.15164062,0.42164063,0.18164062,0.071640626,0.43164062,0.8016406,0.92164063,0.9516406,1.2916406,1.7016406,1.9316406,1.8516406,1.6716406,1.9116406,1.0216407,-1.2683594,-2.0083594,-1.3783593,-2.1483593,-2.7883594,-1.9883593,-2.5283594,-3.9583595,-3.8883593,-4.558359,-4.1383595,-3.4883595,-3.6483593,-3.4483595,-2.5183594,-3.3683593,-2.8683593,-1.5783594,-2.0083594,-0.58835936,-0.23835938,0.041640624,-0.23835938,-1.1383594,-0.6883594,-0.16835937
-0.12835938,0.19164063,1.0916406,0.40164062,-0.5683594,0.54164064,0.9616406,0.8216406,0.041640624,-0.068359375,0.86164063,0.9416406,1.5316406,2.4116406,1.0416406,-0.08835938,0.39164063,0.061640624,0.23164062,0.14164062,0.37164062,0.7016406,1.0216407,1.1616406,1.4616406,1.6516407,1.8916407,1.8016406,1.4516406,1.4116406,1.3116406,-0.46835938,-0.12835938,-0.6683594,-0.7883594,-0.76835936,-0.40835938,-0.88835937,-1.1083593,-1.0683594,-0.48835936,-0.51835936,-1.7883594,-2.6083593,-2.3183594,-2.1883593,-2.2583594,-2.8583593,-1.9383594,-1.8283594,-2.1383593,-2.5883594,-1.4083594,-0.8083594,-0.77835935,-0.83835936,-1.3983594
0.16164063,-0.57835937,0.8716406,2.2016406,0.8116406,0.40164062,0.7116406,0.6916406,0.5816406,0.12164062,0.7716406,0.9416406,1.2016406,2.4416406,2.7816405,0.79164064,0.5716406,0.65164065,0.15164062,0.37164062,0.54164064,0.7516406,0.60164064,0.9516406,1.1416407,1.3016406,1.5516406,1.6216407,1.5216407,2.0816407,2.1216407,1.7516407,1.6016406,1.5616406,1.3716407,1.2816406,1.9016407,1.8516406,0.85164064,0.43164062,-0.23835938,-0.24835938,-0.07835937,-0.5683594,-1.4583594,-1.3483593,-1.2683594,-1.4583594,-1.4183594,-1.4083594,-2.2883594,-2.3483593,-2.7383595,-3.2783594,-1.8783593,-1.4883593,-1.2083594
0.24164063,0.6216406,1.7516407,0.47164062,0.17164062,1.0716406,0.9416406,0.49164063,0.3216406,-0.4283594,0.7416406,0.9416406,0.5816406,0.5516406,1.8016406,2.0416405,1.1116406,0.78164065,0.5016406,0.59164065,0.5016406,0.6916406,0.9516406,1.0416406,1.1316407,1.5416406,1.5716406,1.8616406,1.2816406,1.1116406,1.2916406,1.5016407,1.3016406,1.3816407,1.1116406,1.2016406,1.1316407,0.97164065,0.8716406,0.37164062,-0.37835938,1.0316406,0.8716406,-0.3683594,0.4116406,0.13164063,-0.7583594,-0.3683594,-0.6083594,-1.5083594,-1.6683594,-1.3983594,-1.5983593,-2.0683594,-2.3583593,-2.1283593,-1.3683593
0.53164065,0.5116406,1.4116406,0.27164063,-0.17835937,0.5716406,0.7516406,0.7716406,0.91164064,-0.07835937,-0.5083594,1.0116407,2.2316406,1.1716406,1.3816407,1.0616406,1.1116406,1.3816407,1.5416406,1.5816406,0.8116406,0.7716406,1.0116407,1.0216407,1.1716406,1.0916406,1.0316406,1.1616406,1.2516407,0.8816406,1.0716406,1.0516406,1.0216407,1.0416406,0.97164065,0.79164064,0.42164063,0.85164064,0.9416406,0.15164062,-1.5183594,-0.5683594,1.4616406,1.4616406,0.27164063,0.011640625,0.041640624,0.5816406,-0.15835938,0.5716406,0.5516406,0.14164062,-0.51835936,-1.3883594,-1.4883593,-0.70835936,-0.5383594
-0.07835937,1.1316407,1.5116407,-0.6683594,-0.5383594,0.72164065,0.53164065,0.6416406,1.2116406,1.1116406,0.33164063,-0.11835937,0.7516406,1.3016406,1.0016407,1.0216407,0.72164065,1.1216407,0.91164064,1.0916406,1.4816406,1.4516406,1.2816406,0.8316406,1.0516406,0.90164065,0.8916406,1.0716406,1.2516407,1.2016406,1.2116406,0.73164064,0.8816406,0.8816406,1.1316407,1.0216407,0.8116406,0.48164064,0.15164062,0.051640626,0.24164063,0.111640625,-0.13835937,0.72164065,1.6316407,2.2416406,2.0816407,1.7516407,1.5116407,1.7716407,1.8416406,1.7016406,1.1016406,-0.5383594,-0.58835936,-0.52835935,0.051640626
0.12164062,0.47164062,0.73164064,-0.9883594,-0.29835936,0.3516406,0.54164064,0.65164065,1.2916406,1.2616407,1.7116406,0.5616406,1.1616406,1.4316406,1.8416406,2.0516405,1.6616406,1.7216406,1.7516407,1.4216406,1.4216406,1.2516407,1.3316406,1.4316406,2.5216405,1.7816406,1.6916406,1.7216406,1.7816406,1.8516406,1.8216406,2.0616407,1.7916406,1.4416406,1.1616406,1.4816406,1.1416407,1.4816406,1.6016406,0.98164064,0.7616406,1.1816406,0.86164063,1.0416406,1.3016406,1.6816406,1.8616406,1.9916406,2.4216406,2.6016407,1.9216406,2.0516405,1.3516406,1.6116406,1.1516407,0.54164064,-0.51835936
-0.8183594,-0.32835937,0.44164062,-0.31835938,-0.30835938,0.23164062,0.45164064,0.9916406,1.0516406,1.6416407,1.6316407,1.2616407,1.0616406,1.7016406,1.5716406,2.5916407,1.9316406,1.4516406,1.9216406,1.5416406,1.4316406,1.6116406,1.3216406,1.5216407,1.7416406,1.5216407,1.8516406,1.6116406,1.5216407,1.6316407,1.6516407,1.6616406,1.6716406,1.8016406,1.4816406,1.5016407,1.2216406,0.7416406,0.5116406,1.3216406,1.1616406,1.1716406,1.5116407,1.3716407,1.5216407,1.8616406,1.8016406,2.1416407,2.0016406,2.1816406,2.2516406,1.9216406,1.6816406,1.6716406,0.8816406,1.7416406,1.0016407
-1.9083594,-0.8583594,-0.65835935,-0.6083594,-0.26835936,0.23164062,0.40164062,0.5016406,1.0116407,1.2316406,1.3316406,1.6516407,1.7916406,1.1916406,1.5116407,1.4416406,1.9416406,2.2416406,1.9116406,1.6016406,1.7616407,2.2416406,2.3816407,1.7116406,1.5616406,1.6216407,1.9416406,2.4216406,2.3516407,3.4316406,3.2716405,2.9316406,2.8216407,2.7816405,2.4416406,2.3616407,2.4816406,2.4616406,1.6016406,0.5116406,-0.028359376,0.8016406,0.9316406,1.4316406,1.5316406,1.4416406,1.7816406,1.5416406,1.4316406,1.3216406,1.4716406,0.7716406,1.3016406,3.0416405,2.1116407,0.53164065,0.66164064
-2.1583593,-2.0183594,-1.2483593,-1.1383594,-1.0583594,-0.13835937,0.48164064,0.91164064,1.0816406,0.8316406,1.4716406,1.6816406,1.9616406,1.9616406,1.5616406,2.4416406,2.0416405,1.7616407,2.4316406,2.5316405,2.0816407,2.6116407,3.0116405,2.9216406,3.1016407,2.4416406,2.0616407,2.1716406,3.0016406,2.8416407,3.5016406,4.1416407,4.0416408,4.691641,3.2816405,2.8116407,3.1816406,2.8216407,3.3116407,2.5116405,2.1316407,1.8216406,1.4716406,0.9416406,1.4616406,1.9316406,1.1416407,0.98164064,1.4516406,0.5716406,2.3916407,-1.3383594,1.2316406,0.8916406,1.8316406,-0.23835938,0.54164064
-1.1883594,-0.77835935,-0.8783594,-1.4783593,-1.1283593,-0.52835935,0.17164062,0.91164064,0.90164065,1.4816406,1.9216406,0.7416406,1.1516407,1.8116406,2.5816407,1.6116406,2.1416407,2.8916407,2.7016406,2.3116407,2.8616407,3.0016406,2.6416407,2.7716405,3.0416405,3.8916407,3.7316406,3.4416406,3.3816407,3.2516406,2.0416405,2.7016406,3.4416406,3.7016406,3.7016406,2.6616406,2.6016407,1.6716406,1.5116407,1.3916407,1.1816406,1.0416406,0.59164065,0.5616406,0.8116406,0.9516406,1.1616406,1.3316406,0.8916406,0.7716406,1.7416406,-0.70835936,1.6416407,-1.3483593,1.2416406,2.4516406,2.0116405
2.1416407,0.60164064,-1.9483594,-2.0583594,-1.6783594,-0.82835937,-0.038359374,0.36164063,1.0016407,1.7916406,2.0216405,2.0116405,2.6116407,2.7316406,1.8816407,1.3816407,2.1716406,2.5216405,3.0016406,3.4516406,3.2516406,2.8216407,3.1016407,3.2616405,3.1316407,3.0116405,2.9316406,2.6216407,2.5016406,2.2816405,3.2316406,2.3516407,4.0516405,2.6916406,4.6016407,4.021641,2.4616406,-0.16835937,-0.17835937,1.1716406,2.9716406,1.4116406,1.3416406,0.001640625,-0.6783594,-0.48835936,0.27164063,-0.15835938,1.4316406,1.1016406,-0.29835936,2.1416407,-2.0983593,1.8116406,0.8216406,2.1216407,2.5616407
1.6416407,0.85164064,-0.7383594,-0.19835937,-0.6883594,-1.6283593,-1.9083594,-0.57835937,0.97164065,0.65164065,1.9516406,2.2716405,2.2616405,1.6616406,2.4516406,1.6216407,0.8116406,2.5316405,2.5416405,1.3116406,2.4416406,2.5216405,2.6016407,3.2316406,3.8216407,4.3316407,4.271641,2.5816407,3.4216406,3.5516405,1.9516406,2.1916406,2.5316405,3.8516407,3.9316406,1.9516406,0.7616406,1.2916406,0.7016406,1.3916407,1.3016406,0.9516406,2.2316406,1.7316406,0.3516406,-0.96835935,-2.8583593,-1.9083594,-0.7283594,0.111640625,2.2016406,1.3816407,0.3216406,1.3416406,3.3116407,4.1216407,3.2116406
1.3216406,2.2116406,0.37164062,0.72164065,0.27164063,-0.3383594,-0.5583594,-1.6683594,-0.7483594,0.8216406,1.6316407,1.8616406,2.1516407,1.9216406,2.6016407,1.6116406,0.8316406,1.3116406,1.9116406,1.6316407,1.7516407,2.9616406,2.9916406,3.4916406,2.4716406,3.0316405,3.2216406,3.7116406,3.4216406,2.4416406,1.0016407,0.8816406,0.90164065,0.3516406,-0.17835937,-0.38835937,-0.48835936,-0.40835938,1.0316406,1.2916406,0.92164063,0.98164064,1.7116406,1.4516406,2.4416406,2.1616406,1.4516406,-0.25835937,-0.96835935,-0.13835937,0.001640625,1.1316407,1.1216407,1.1316407,0.59164065,2.5616407,2.9116406
0.3816406,1.1316407,0.72164065,1.5916406,1.1516407,-0.8783594,-1.3983594,0.031640626,-0.27835938,-0.7283594,1.0216407,1.4616406,1.8016406,1.1116406,0.061640624,1.2016406,2.1116407,0.78164065,1.1516407,1.1416407,1.3416406,2.0516405,2.1716406,3.4216406,2.7716405,2.6816406,0.90164065,1.4716406,1.8716407,1.0116407,1.1016406,1.4116406,2.0516405,1.9116406,-0.17835937,-0.3983594,0.61164063,0.001640625,-0.6883594,-0.16835937,-0.46835938,-0.5483594,0.10164063,1.3716407,0.08164062,0.85164064,0.8816406,0.91164064,0.47164062,-0.5583594,-0.7383594,0.8716406,0.92164063,1.4316406,1.3816407,1.1716406,1.6816406
-1.5683594,-0.8183594,-0.098359376,0.44164062,1.2216406,1.9116406,-0.6183594,-1.5383594,0.20164062,0.9516406,0.36164063,0.45164064,1.1816406,1.1516407,1.7716407,1.0916406,0.7716406,-0.028359376,-0.098359376,0.60164064,0.66164064,0.8716406,2.0016406,2.6616406,2.7916405,1.9616406,0.30164063,-0.70835936,1.5616406,1.1116406,1.2716407,1.4716406,1.2316406,0.78164065,-2.8983593,-1.7883594,-1.6283593,-1.3183594,0.26164064,0.59164065,1.1416407,1.4916406,0.40164062,-0.19835937,0.7516406,-0.19835937,-0.3983594,1.3016406,1.0416406,-1.0683594,-0.89835936,0.071640626,0.7416406,0.78164065,0.4116406,0.3216406,-0.048359375
-1.9983593,-2.2683594,-2.5483594,-0.6883594,-0.5083594,0.021640625,1.4016407,1.9816406,1.3016406,1.1916406,1.9416406,1.4616406,-0.018359374,1.1116406,1.7016406,1.8816407,1.7016406,2.1916406,1.8816407,2.4916406,2.3716407,1.0616406,0.8316406,1.5816406,0.6916406,0.66164064,2.1316407,2.0816407,0.43164062,0.37164062,0.9916406,1.3516406,2.0416405,5.3116407,2.5116405,-3.2183595,-2.1983595,0.18164062,0.7116406,1.8016406,0.66164064,-0.30835938,1.4816406,0.43164062,-1.9083594,-1.2883594,-0.47835937,0.97164065,0.5716406,-1.5183594,0.13164063,0.92164063,0.84164065,1.3116406,1.1016406,0.37164062,-0.7483594
-1.3983594,-1.9683594,-1.7383593,-1.4083594,-0.27835938,-0.068359375,-0.108359374,0.30164063,-0.058359373,0.22164063,0.31164062,0.72164065,0.66164064,0.5816406,1.0616406,2.6616406,3.9416406,4.3116407,3.4416406,3.4816406,3.9516406,4.1316404,2.4616406,2.0116405,1.3816407,0.43164062,-3.8183594,-1.2983594,1.8516406,2.4516406,2.0616407,1.0816406,0.66164064,1.6916406,1.4416406,-1.6983594,-3.3683593,0.061640624,1.0516406,1.0516406,1.3516406,0.15164062,-0.3383594,-0.9783594,-0.58835936,-0.9383594,-0.70835936,-0.32835937,-0.22835937,0.6916406,0.26164064,1.6316407,1.4016407,1.2116406,-0.25835937,0.8216406,1.4616406
-1.4683594,-2.8283594,-2.3083594,-2.2783594,-2.6583593,-2.8683593,-3.5483594,-2.8883593,-3.2483594,-2.6683593,-2.0983593,-1.3983594,0.071640626,1.4716406,2.1316407,1.7816406,2.7116406,2.5816407,3.2216406,4.1316404,2.8216407,3.6916406,2.3316407,1.9416406,2.4516406,1.9316406,0.6416406,-0.26835936,0.8216406,-0.40835938,-2.1883593,2.4716406,2.9116406,1.6816406,1.0116407,0.5716406,-1.9383594,-3.6383593,-0.96835935,-0.048359375,1.0816406,1.2916406,0.8916406,0.5216406,0.48164064,-0.038359374,-1.5383594,-1.7383593,-1.7583594,-1.3183594,0.3216406,2.1516407,3.0716407,3.0816407,2.9416406,1.3516406,1.1416407
-5.8483596,-4.9183593,-4.4383593,-3.7983594,-2.9883595,-3.5483594,-4.2983594,-4.4883595,-4.9183593,-4.6783595,-4.748359,-3.8683593,-2.1983595,-1.7283593,-0.6683594,0.3816406,0.30164063,0.041640624,0.73164064,1.0916406,0.78164065,0.09164062,0.67164063,1.0416406,-0.84835935,0.24164063,1.3316406,3.3116407,0.16164063,-0.19835937,1.4316406,1.2716407,1.8616406,3.6516407,4.6716404,3.7316406,2.7616405,3.3816407,-0.6683594,0.43164062,2.0416405,0.6816406,-1.4883593,1.0016407,0.26164064,2.9816406,3.2516406,1.4716406,0.5716406,1.6016406,2.4216406,2.0616407,2.5716407,2.2416406,3.3916407,3.1616406,2.2516406
-7.8183594,-7.4283595,-4.808359,-2.9183593,-0.068359375,-4.3183594,-4.7583594,-4.518359,-3.8383594,-5.6683593,-5.9483595,-5.7783594,-5.1283593,-5.038359,-4.7383595,-5.0883594,-5.1383595,-0.9883594,-3.6783593,-1.4183594,-1.4683594,-1.4883593,0.53164065,0.9316406,-2.5883594,-0.82835937,2.3416407,1.8016406,-0.24835938,-0.8783594,0.26164064,1.7316406,2.0016406,2.7316406,3.7816405,3.9116406,2.3616407,2.7516406,2.9716406,-3.4483595,0.15164062,3.6316407,5.2616405,4.4116406,1.5116407,1.9216406,2.7016406,1.3916407,2.4116406,2.6616406,2.8616407,1.9916406,2.6316407,2.1816406,2.2416406,2.7116406,2.7816405
-8.478359,-8.45836,-5.9283595,-2.9983594,-5.0483594,-5.0683594,-4.5983596,-3.7783594,-3.2683594,-3.9783595,-4.978359,-6.1183596,-4.3583593,-5.8483596,-5.8683596,-5.9083595,-5.4083595,-5.3183594,-3.6483593,-2.2683594,0.59164065,2.1716406,6.731641,1.0316406,1.4916406,2.6116407,1.4816406,1.1716406,-1.5183594,0.3516406,-0.25835937,0.33164063,0.46164063,2.9116406,3.5616407,3.7516406,1.1116406,-1.0383594,2.5116405,3.7316406,4.441641,4.5516405,1.7716407,0.6416406,3.5116405,0.7016406,3.0216405,1.6216407,0.37164062,-0.008359375,-0.18835938,0.20164062,1.1516407,2.0416405,2.4716406,2.1716406,2.2816405
-6.6483593,-6.6183596,-6.0683594,-5.5683594,-4.1283593,-3.4883595,-2.6083593,-0.7883594,-0.7583594,-1.8283594,-3.9283593,-5.018359,-5.5683594,-5.9683595,-2.1083593,-2.4083593,-0.5683594,2.3416407,-0.84835935,0.08164062,0.29164064,-0.77835935,0.44164062,2.0616407,-1.7283593,0.24164063,0.98164064,0.5516406,2.6516407,1.8016406,-0.64835936,-1.1683594,0.22164063,1.8216406,2.7316406,2.7916405,3.4916406,1.6416407,-2.0183594,-1.0783594,2.2216406,0.6216406,0.8016406,-0.44835937,2.0016406,2.0116405,1.2916406,1.2416406,2.1816406,0.6816406,1.2916406,1.5916406,2.0116405,2.3216407,2.1716406,2.4316406,2.4316406
-6.518359,-5.3683596,-5.0283594,-4.5883594,-3.8683593,-3.4383593,-3.2383595,-3.1583593,-2.3983593,-2.2383595,-0.58835936,0.18164062,2.1616406,1.7216406,0.15164062,0.111640625,-0.63835937,0.8316406,2.0216405,0.19164063,-0.41835937,0.60164064,0.8216406,2.2016406,0.18164062,2.1416407,3.9316406,3.1216407,1.6716406,1.1216407,-0.37835938,2.2416406,0.08164062,0.051640626,1.0916406,-0.31835938,-0.6283594,1.5516406,2.2016406,3.3316407,-0.058359373,0.12164062,-2.0683594,-0.34835938,0.3816406,1.7516407,0.92164063,-1.5983593,1.0916406,0.97164065,0.031640626,-0.3983594,1.0716406,0.90164065,0.17164062,1.4816406,1.0516406
-7.018359,-6.4583592,-5.8683596,-5.5483594,-4.8683596,-4.2383595,-3.2983594,-3.4083593,-1.9183594,-1.4983593,0.44164062,-1.7483593,0.8716406,2.3816407,0.25164062,0.26164064,1.7516407,3.0716407,0.67164063,2.0716407,1.9116406,0.6316406,1.2116406,4.6116405,7.0716405,6.0416408,5.4016404,5.3716407,5.771641,4.6316404,0.73164064,3.4216406,3.6416407,3.1516407,1.6016406,2.0116405,-1.1483594,0.22164063,1.3716407,-1.2983594,-0.7883594,-1.9883593,-1.6283593,-0.9383594,0.16164063,0.90164065,0.111640625,0.5216406,-0.96835935,-0.9783594,-1.4183594,-1.6583594,-0.64835936,0.20164062,-0.51835936,0.79164064,-0.28835937
