raw-data/2018100812.json
{"header": { "discipline":0, "disciplineName":"Meteorological products", "gribEdition":2, "gribLength":75166, "center":7, "centerName":"US National Weather Service - NCEP(WMC)", "subcenter":0, "refTime":"2018-10-08T12:00:00.000Z", "significanceOfRT":1, "significanceOfRTName":"Start of forecast", "productStatus":0, "productStatusName":"Operational products", "productType":1, "productTypeName":"Forecast products", "productDefinitionTemplate":0, "productDefinitionTemplateName":"Analysis/forecast at horizontal level/layer at a point in time", "parameterCategory":2, "parameterCategoryName":"Momentum", "parameterNumber":2, "parameterNumberName":"U-component_of_wind", "parameterUnit":"m.s-1", "genProcessType":2, "genProcessTypeName":"Forecast", "forecastTime":0, "surface1Type":103, "surface1TypeName":"Specified height level above ground", "surface1Value":10.0, "surface2Type":255, "surface2TypeName":"Missing", "surface2Value":0.0, "gridDefinitionTemplate":0, "gridDefinitionTemplateName":"Latitude_Longitude", "numberPoints":65160, "shape":6, "shapeName":"Earth spherical with radius of 6,371,229.0 m", "gridUnits":"degrees", "resolution":48, "winds":"true", "scanMode":0, "nx":360, "ny":181, "basicAngle":0, "lo1":0.0, "la1":90.0, "lo2":359.0, "la2":-90.0, "dx":1.0, "dy":1.0 }, "data":
[rows 125 to 149 of 181, columns 285 to 341 of 360]
4.718477,5.0884767,4.4084764,1.8984766,-0.81152344,4.698477,12.908477,-5.7515235,-3.0415235,1.1084765,2.5984766,4.1184764,1.8384765,0.24847656,-1.1915234,-1.3215234,-0.93152344,-0.86152345,-1.8115234,-0.97152346,-2.0215235,-3.1315234,-3.2915235,-2.6515234,-1.6515235,-4.0215235,-3.3615234,-2.5415235,-1.5715234,-0.54152346,-0.49152344,-0.22152343,0.69847655,1.7084765,2.7284765,3.6284766,5.1384764,6.0284767,6.7984767,7.2484765,7.4084764,7.4884768,8.108477,8.608477,9.288477,9.488477,9.048476,8.808476,9.538477,9.128476,8.368477,8.318477,8.208477,7.7284765,7.3084764,6.6884766,5.948477
4.6684766,4.8884764,3.6684766,0.64847654,3.0484765,3.9284766,13.448477,1.7284765,0.9284766,1.3284765,1.2284765,2.1184766,-0.39152345,-0.75152344,-1.1015234,-1.6115234,-0.7715234,-0.42152345,-1.0115235,-1.6515235,-2.8315234,-3.4415236,-2.5215235,-1.5715234,-2.3015234,-2.7115235,-1.8215234,-0.88152343,-0.111523435,0.7284766,1.1484766,1.0784765,1.5884765,3.0284765,4.3384767,5.7984767,6.698477,7.4584765,8.008476,8.448477,8.568477,8.398477,8.648477,9.148477,10.078477,10.5184765,10.138476,9.948477,10.658477,10.238477,9.708477,9.438477,9.498477,9.118477,8.598476,8.2684765,8.138476
6.0584764,5.6684766,2.2884765,0.27847657,5.8184767,8.5184765,10.598476,2.2584765,-1.6315235,0.23847656,-0.23152344,1.3484765,-1.6215234,-2.7715235,-2.4915235,-2.7415235,-0.9015234,-0.19152343,0.028476562,-1.2015234,-2.3015234,-2.4215233,-0.7115234,-1.1715235,-2.0115235,-1.0115235,0.25847656,1.1684766,1.7984766,2.8084764,3.4584765,3.6184766,3.9384766,4.4384766,5.9084764,7.4884768,8.368477,8.898477,9.228477,9.548476,9.668476,9.488477,9.538477,9.798476,10.968476,11.558476,11.248477,10.788477,10.338476,9.868477,9.928476,9.678476,10.118477,9.938477,9.658477,9.818477,9.778477
7.4284763,7.1384764,2.8984766,1.5384766,7.6484766,15.328477,14.628476,15.128476,3.4084766,-2.4515235,-0.93152344,-1.4215235,-1.5815234,-1.7815235,-1.3915235,-0.021523438,-0.10152344,0.55847657,0.13847657,-0.78152347,-1.1415235,-0.72152346,1.7384765,0.34847656,0.36847657,1.5184766,2.5284765,3.0284765,3.6284766,4.5584764,4.9884768,5.3184767,5.9184766,6.5984764,7.6084766,8.2684765,8.978477,8.688477,9.128476,11.078477,11.438477,11.618477,11.548476,11.068477,11.158477,11.378476,11.5184765,12.148477,11.148477,9.448477,9.348476,9.688477,10.308476,10.598476,10.978477,11.038477,10.658477
8.158477,8.7684765,2.9184766,3.7884765,6.3184767,16.458477,14.078477,14.668476,11.038477,1.0984765,-0.0015234374,-0.08152344,-0.25152344,-1.8615234,-2.2215235,-0.30152345,0.6084766,1.1584766,0.82847655,0.28847656,0.13847657,0.80847657,3.7184765,3.0284765,3.3984766,4.0484767,4.4584765,5.0684767,5.7684765,6.1684766,6.3584766,6.8784766,7.7884765,7.448477,8.218476,9.258476,10.098476,10.048476,10.608477,12.998477,12.958477,12.238477,12.958477,12.688477,12.088476,11.668476,11.478477,11.468476,10.458477,9.428476,8.458477,9.618477,10.318477,10.658477,10.428476,9.718476,8.948477
9.368477,8.748477,2.4584765,3.2584765,10.928476,12.128476,10.958477,14.288477,9.538477,8.448477,5.5184765,4.1584764,3.5284765,2.4784765,1.7084765,0.47847655,-0.67152345,0.89847654,1.8984766,2.1084766,1.7484765,1.8684765,4.8484764,5.1484766,4.948477,5.0484767,5.2984767,5.7284765,6.6184764,6.9884768,6.8584766,7.0084767,9.168476,9.678476,9.2684765,9.178476,10.578477,11.598476,11.428476,12.5184765,11.858477,11.978477,14.038477,14.228477,13.178476,12.188477,11.498477,10.738477,10.588476,8.548476,8.368477,9.008476,8.798476,7.7084765,8.058476,9.258476,9.788477
10.318477,8.418476,2.7584765,3.1684766,10.318477,11.968476,13.228477,12.968476,11.068477,9.668476,5.468477,5.2384768,5.2684765,5.8084764,3.6684766,6.1684766,5.4384766,0.15847656,1.4584765,3.4884765,3.8984766,5.2684765,6.5684767,5.8184767,5.468477,5.7784767,6.4384766,6.8084764,7.2784767,7.4384766,8.308476,8.788477,9.148477,10.238477,10.818477,11.138476,11.378476,11.788477,11.7684765,11.688477,11.218476,11.478477,12.318477,12.898477,12.408477,11.898477,11.648477,11.7684765,10.478477,6.7784767,7.948477,7.198477,7.6184764,8.398477,9.198477,9.468476,10.228477
10.578477,5.4084764,6.5084767,2.6284766,5.7684765,10.688477,11.008476,12.578477,12.988477,11.988477,4.7884765,3.5484765,4.6784763,5.0184765,7.8284764,5.4384766,4.4784765,4.1284766,4.4184766,2.3984766,2.4384766,5.5284767,6.948477,7.718477,7.9884768,8.448477,7.3084764,7.3384767,8.048476,8.278477,9.378476,10.458477,10.448477,10.238477,10.338476,11.068477,11.378476,10.568477,9.538477,9.848476,10.358477,9.728477,8.868477,9.988477,10.568477,10.948477,11.208477,10.618477,6.448477,5.6284766,5.6584764,7.0884767,8.298476,9.218476,9.428476,10.038477,10.668476
10.638476,2.0984766,3.0484765,3.2184765,4.8284764,6.6284766,9.688477,11.988477,8.968476,9.488477,6.3884764,1.1584766,0.30847657,-1.0615234,0.13847657,3.3984766,4.6584764,5.0684767,4.0384765,3.6684766,4.3084764,4.0084767,4.3484764,5.1384764,6.1384764,6.6584764,6.4784765,6.9084764,7.6784763,8.068477,8.538477,8.958477,9.098476,8.748477,8.538477,9.088476,9.2684765,9.378476,10.208477,10.628476,10.038477,8.888476,7.8984766,9.178476,9.0184765,8.848476,4.2684765,-1.2415234,0.068476565,3.8284767,5.948477,7.3684764,8.388476,9.148477,9.948477,10.618477,11.188477
10.988477,5.8984766,0.93847656,3.6684766,6.5284767,6.8284764,8.478477,6.9884768,6.5084767,2.9884765,-3.3815234,-0.94152343,1.3884766,0.17847656,-0.5915234,-0.5115234,1.1784766,1.8484765,1.3484765,0.94847655,0.94847655,1.7684766,2.7184765,3.5884767,4.6284766,5.4184766,6.0384765,6.7084765,7.5284767,7.8284764,7.5084767,7.2584767,7.1884766,7.3284764,7.7684765,7.6084766,7.3384767,7.1084766,7.5284767,8.048476,9.058476,9.428476,8.358477,7.6684766,-2.0515234,-3.8615234,-2.8615234,-0.17152344,3.3284767,5.2284765,6.0784764,6.5184765,8.208477,9.578477,10.328477,10.588476,11.178476
11.068477,0.48847657,0.39847657,3.3684766,8.988477,8.688477,8.998477,3.3384767,4.8884764,-1.8515234,-4.7215233,-1.4815234,2.0484765,1.7284765,-0.031523436,-0.021523438,-2.6915236,-4.2315235,-5.1115236,-4.8615236,-3.7615235,-2.1015234,-0.111523435,1.9984765,3.6484766,5.0884767,6.218477,7.1484766,7.9084764,7.7784767,7.1384764,6.698477,6.5284767,6.0284767,6.2684765,7.0384765,7.3884764,7.6284766,6.3684764,6.9184766,7.2484765,4.968477,-2.8015234,-3.0115235,-2.5415235,-0.87152344,1.5484766,2.9084766,3.0684767,3.7984765,5.8684764,7.1084766,8.378476,9.188477,9.358477,10.188477,11.628476
8.928476,-0.45152342,1.8084766,3.1384766,7.7784767,7.468477,2.4784765,3.4784765,-3.0315235,-3.5415235,-4.801523,-2.7915235,-3.7615235,-4.3815236,-5.051523,-5.3515234,-5.0615234,-5.1715236,-5.5015235,-4.8615236,-3.5615234,-1.8815235,0.028476562,1.7084765,3.1984766,5.0884767,6.5684767,7.5884767,8.448477,8.638476,9.058476,8.238477,7.9384766,8.0184765,7.5784764,6.6384764,6.3084764,6.1184764,6.1684766,1.6884766,-5.1215234,-3.5115235,-2.1015234,-1.0515234,0.63847655,1.7784766,2.4384766,3.9484766,4.6584764,5.8784766,6.4284763,7.0684767,7.8884764,8.748477,9.298476,10.968476,12.218476
10.188477,-4.9115233,-4.3115234,1.5884765,5.5084767,7.9784765,5.3284764,0.5984766,-2.0215235,-3.4315233,-4.2615232,-4.9615235,-4.7715235,-4.4815235,-4.2215233,-3.7015235,-3.1515234,-2.7115235,-2.1415234,-1.3015234,-0.34152344,0.46847656,1.5784765,3.1584766,4.8784766,6.3684764,7.4984765,8.7684765,9.328477,9.338476,8.968476,8.118477,7.2084765,7.4384766,6.9884768,6.0584764,6.4084764,2.8484766,-5.4015236,-4.7115235,-3.1915236,-1.5715234,-0.14152344,0.93847656,2.0284765,2.9084766,4.1684766,4.7484765,5.8684764,6.3984766,6.8084764,7.4184766,8.118477,9.218476,10.088476,11.488477,12.468476
4.718477,1.9484766,-0.50152344,0.64847654,-0.031523436,1.3484765,4.698477,-0.38152343,-1.1715235,-2.0215235,-2.0915234,-3.1715233,-2.6815233,-2.4515235,-2.3515234,-2.1015234,-1.7715235,-1.1715235,-0.46152344,0.57847655,1.8784766,2.9184766,4.0984764,5.3684764,6.468477,7.718477,9.008476,10.108477,9.658477,10.298476,10.488477,7.6184764,5.0784764,5.4084764,6.7084765,4.9584765,-1.7415234,-3.6515234,-2.7815235,-2.1015234,-0.66152346,0.62847656,1.8784766,3.6284766,4.1584764,4.6684766,5.6684766,5.8284764,5.5784764,7.3284764,7.9984765,7.7284765,7.6784763,9.838476,10.478477,11.508476,11.828477
3.0784767,-3.5315235,0.70847654,8.588476,10.368477,7.7284765,2.7384765,2.2084765,-0.86152345,-0.91152346,-1.6615235,-1.8715234,-1.5115235,-0.98152345,-0.0015234374,0.58847654,0.55847657,0.52847654,0.9284766,1.8984766,3.1684766,4.3884764,5.6684766,6.9784765,7.5384765,8.418476,9.498477,10.328477,10.228477,11.468476,9.188477,6.1384764,4.3384767,4.3484764,3.4284766,-0.14152344,-0.08152344,-0.9515234,-2.9615235,-0.78152347,1.1184765,2.0984766,3.6384766,5.4884768,5.9784765,5.968477,6.0984764,6.5584764,6.8684764,7.9184766,8.338476,8.328477,9.138476,9.968476,10.328477,11.098476,10.658477
-3.5015235,-2.2715235,0.55847657,2.1484766,5.3384767,5.7384768,3.0184765,0.77847654,0.46847656,0.058476564,0.068476565,0.09847656,0.52847654,1.2384765,1.7184765,1.8484765,1.3584765,1.3784766,2.2684765,3.1984766,4.0784764,4.9984765,6.1184764,7.4284763,8.718476,9.238477,9.278477,11.108477,11.488477,11.698477,9.808476,6.2284765,4.448477,1.7184765,-0.011523438,-0.071523435,-2.0015235,-2.5315235,-1.6515235,0.11847656,2.3684766,3.9984765,5.4384766,6.0984764,6.2484765,6.6284766,6.9984765,7.0084767,6.6084766,5.7484765,7.0484767,8.918476,9.698477,9.908477,10.738477,10.108477,9.468476
0.38847655,0.31847656,1.1884766,2.7984765,1.1984766,3.4484766,2.2484765,2.0284765,0.8584766,0.35847655,0.58847654,0.99847656,1.6684766,2.1384766,2.4084766,2.6084766,2.5384765,2.7484765,3.0084765,4.3184767,5.6484766,6.8684764,8.318477,9.508476,10.438477,11.048476,10.848476,11.368477,12.208477,12.508476,11.2684765,6.6684766,4.0384765,0.45847657,-1.6215234,-2.0915234,-2.1815233,-1.0715234,0.41847655,2.4384766,3.8984766,5.2584767,6.448477,6.8784766,7.2484765,6.9884768,6.8784766,5.4984765,4.6284766,6.968477,8.628476,9.238477,9.128476,10.2684765,8.978477,8.168476,8.528477
3.8784766,2.4084766,1.0584766,0.5484766,-2.8615234,-3.0915234,-1.5415235,-2.0915234,-3.7115235,-2.0415235,0.17847656,1.6684766,2.2584765,2.4284766,2.4384766,2.3084764,2.3384767,3.6684766,4.4784765,4.2984767,5.5784764,7.5284767,9.288477,10.538477,11.098476,11.718476,12.048476,12.168476,12.568477,12.758476,12.038477,7.3484764,2.1684766,-1.9615234,-2.7915235,-2.7215235,-2.5515234,-1.2015234,1.2484765,2.8484766,4.698477,5.6784763,6.1384764,6.8384767,7.1184764,6.5584764,5.0184765,5.7784767,8.158477,8.468476,8.388476,8.158477,8.618477,6.2484765,6.0484767,6.3784766,7.0684767
6.1684766,0.35847655,0.62847656,0.34847656,-0.8915234,-3.7415235,-3.0715234,-3.5015235,-1.6015234,0.8484766,2.3784766,2.9784765,3.4184766,3.7984765,4.0984764,4.2384768,4.6384764,3.9184766,4.6084766,6.1884766,7.1484766,8.338476,9.668476,10.448477,11.108477,11.618477,11.488477,11.198477,11.298476,12.098476,10.688477,4.1484766,-2.9015234,-4.6815233,-4.7615232,-4.051523,-2.8815234,-0.9015234,1.8184766,4.0884767,3.8784766,2.3284767,3.2184765,4.4784765,6.6484766,8.078477,8.708477,8.368477,7.8984766,7.0684767,6.8784766,6.3484764,3.1584766,3.4584765,3.2384765,3.7284765,3.4484766
6.5184765,4.698477,2.2884765,-0.35152343,-0.29152343,-0.79152346,-0.15152344,1.3684765,2.9584765,4.8784766,5.6384764,5.3884764,4.8484764,4.5984764,4.8184767,5.2884765,5.6384764,6.1484766,6.9084764,7.2984767,7.7684765,8.788477,9.608477,10.098476,10.568477,10.5184765,9.758476,9.908477,10.038477,10.408477,5.1684766,-3.3015234,-6.4615235,-6.1315236,-5.7415233,-4.5615234,-3.3815234,-1.2315234,-0.38152343,-1.9315234,-0.051523436,3.5984766,5.7684765,6.6184764,6.698477,6.2084765,5.5284767,5.0984764,4.0484767,4.2584767,1.2684766,0.18847656,0.6784766,0.5484766,0.11847656,0.40847656,-0.26152343
5.2084765,5.8084764,4.968477,3.6684766,0.64847654,-0.24152344,1.0684766,2.8884766,4.1384764,3.4284766,5.6384764,5.0584764,5.4584765,5.2384768,5.448477,5.7484765,6.3084764,7.4384766,8.568477,9.168476,9.338476,9.7684765,9.998477,9.808476,9.968476,9.938477,8.948477,8.458477,9.028477,4.9784765,-2.2015235,-6.4215236,-7.3315234,-6.6915236,-5.8715234,-4.4515233,-3.2115235,-2.9715235,0.29847658,2.3484766,5.6784763,4.6684766,3.8184767,3.3784766,1.9584765,0.6784766,-0.10152344,-1.3015234,-2.6615233,-3.2815235,-2.1915236,-1.5515234,-1.3615234,-1.6615235,-2.1515234,-2.5015235,-2.9115233
2.7884765,5.0384765,4.718477,5.3584766,4.8084764,5.5684767,4.0284767,3.0484765,5.6584764,6.6484766,5.9984765,5.2784767,4.8484764,4.5484767,4.9584765,5.9984765,7.9184766,9.978477,9.708477,8.498477,8.888476,10.638476,11.788477,11.448477,10.878476,9.978477,8.038477,6.7284765,7.1784763,0.15847656,-4.5815234,-6.8715234,-7.031523,-6.6115236,-5.5615234,-4.3515234,-3.6915236,-0.9615234,1.7484765,2.3884766,0.58847654,-0.13152343,-2.3415234,-3.6715233,-4.8515234,-5.5615234,-5.3715234,-4.7715235,-4.1015234,-2.9815235,-2.2715235,-2.3015234,-2.3815234,-2.3115234,-2.3615234,-2.9315233,-3.2815235
-1.2015234,1.6684766,0.76847655,3.7884765,6.9184766,7.0484767,7.5384765,8.148477,7.7784767,6.4584765,5.8984766,6.6784763,6.8484764,6.5384765,7.2384768,8.098476,8.328477,7.8584766,7.6484766,8.508476,9.498477,10.128476,10.648477,10.728477,10.0184765,9.058476,6.5684767,6.3284764,3.7884765,-2.8115234,-5.8615236,-6.6915236,-6.8715234,-6.8515234,-5.781523,-4.9915233,-2.9215233,-1.1515235,-1.5215235,-2.2015235,-3.1015234,-4.301523,-5.3715234,-5.801523,-4.531523,-4.6615233,-4.5615234,-3.9015234,-3.2115235,-3.0515234,-2.6115234,-1.9715234,-1.5615234,-1.2215234,-1.2615235,-1.5115235,-2.1315234
-1.7615235,-4.051523,-6.7015233,-7.1215234,-6.0215235,-3.7815235,-2.2015235,-0.46152344,1.3584765,2.9184766,3.8784766,4.6784763,5.1584764,5.6084766,6.0084767,6.3784766,7.4184766,8.828477,9.718476,10.258476,10.708477,10.978477,10.588476,9.958477,9.0184765,6.7784767,5.5484767,4.5984764,-1.1715235,-5.051523,-7.2115235,-7.6815233,-7.8315234,-7.5815234,-6.6315236,-5.0015235,-3.6115234,-2.8315234,-2.8315234,-4.2315235,-3.6815233,-4.8815236,-4.9815235,-4.781523,-5.1715236,-4.7515235,-4.2715235,-3.4415236,-2.1715233,-0.9615234,-0.67152345,-0.73152345,-0.7015234,-0.5715234,-0.61152345,-0.8315234,-1.0915234
3.6684766,2.7284765,1.7684766,1.9384766,3.1584766,4.3684764,4.1084766,3.2384765,3.4784765,4.2484765,4.968477,5.5484767,6.2284765,7.0784764,7.9784765,8.838476,9.438477,9.858477,10.128476,10.708477,11.198477,11.478477,10.348476,8.548476,6.5284767,4.8984766,3.9784765,-0.49152344,-4.8515234,-7.9915233,-8.821524,-8.941524,-8.371524,-7.1015234,-5.8415236,-4.8915234,-3.8415234,-3.2015235,-4.2315235,-3.8215234,-3.8115234,-4.0615234,-4.1615233,-3.7515235,-3.5415235,-3.1915236,-2.7915235,-2.0515234,-1.4615234,-0.60152346,-0.62152344,-1.0415235,-1.6115234,-0.88152343,-0.67152345,-0.6415234,-0.9615234
