raw-data/2018091800.json
{"header": { "discipline":0, "disciplineName":"Meteorological products", "gribEdition":2, "gribLength":74658, "center":7, "centerName":"US National Weather Service - NCEP(WMC)", "subcenter":0, "refTime":"2018-09-18T00:00:00.000Z", "significanceOfRT":1, "significanceOfRTName":"Start of forecast", "productStatus":0, "productStatusName":"Operational products", "productType":1, "productTypeName":"Forecast products", "productDefinitionTemplate":0, "productDefinitionTemplateName":"Analysis/forecast at horizontal level/layer at a point in time", "parameterCategory":2, "parameterCategoryName":"Momentum", "parameterNumber":3, "parameterNumberName":"V-component_of_wind", "parameterUnit":"m.s-1", "genProcessType":2, "genProcessTypeName":"Forecast", "forecastTime":0, "surface1Type":103, "surface1TypeName":"Specified height level above ground", "surface1Value":10.0, "surface2Type":255, "surface2TypeName":"Missing", "surface2Value":0.0, "gridDefinitionTemplate":0, "gridDefinitionTemplateName":"Latitude_Longitude", "numberPoints":65160, "shape":6, "shapeName":"Earth spherical with radius of 6,371,229.0 m", "gridUnits":"degrees", "resolution":48, "winds":"true", "scanMode":0, "nx":360, "ny":181, "basicAngle":0, "lo1":0.0, "la1":90.0, "lo2":359.0, "la2":-90.0, "dx":1.0, "dy":1.0 }, "data":
[rows 52 to 77 of 181, columns 58 to 115 of 360]
-0.57107055,-0.70107055,0.21892944,0.27892944,-1.3010706,-1.6210705,-2.1710706,-2.4310706,-1.6210705,-1.1110705,-1.0610706,-1.9810705,-0.15107055,-0.8010706,-0.15107055,-1.1610706,-0.34107056,-0.6710706,0.8389294,1.0389295,1.8989295,1.0689294,0.5289295,0.9489294,0.16892944,0.18892944,0.92892945,2.6089294,5.278929,0.13892944,0.73892945,-0.75107056,-0.5510706,-0.63107055,0.24892944,-2.7210705,-2.6410706,0.04892944,1.1589295,1.5689294,1.4989295,0.10892944,0.41892946,0.028929444,-0.90107054,1.2889295,2.0789294,1.8189294,0.55892944,-0.031070556,-1.0610706,-1.5510706,-0.83107054,-0.16107056,0.20892945,-0.12107056,-0.12107056,2.4389296
-1.6010705,-1.2210705,-0.15107055,-0.68107057,-0.40107056,-0.56107056,-0.9110706,-1.0810705,-0.31107056,1.6989294,-1.1610706,0.84892946,0.5189294,1.1389295,0.21892944,-1.0410706,0.39892945,0.47892943,3.1589293,2.2989295,1.7589295,0.15892944,0.41892946,1.1289295,-0.21107055,0.59892946,1.5989294,1.0789294,0.86892945,-0.46107057,-1.1610706,-0.08107056,-2.6010706,0.5189294,1.7489295,-1.1310706,-0.71107054,-0.091070555,1.8789295,1.7789295,-1.2110705,-0.27107057,-1.3710705,-0.22107056,0.31892943,-0.0010705567,0.44892943,-0.47107056,-2.1210706,-1.1410706,-0.69107056,-0.091070555,-1.2410705,0.008929444,-0.061070558,0.60892946,0.23892945,0.028929444
-0.37107056,0.6489294,0.97892946,-0.19107056,-1.6510706,-1.8010706,-1.8810706,-0.07107056,0.42892945,0.48892945,0.40892944,2.6089294,-1.0810705,-2.1510706,-1.0510706,-0.89107054,0.118929446,-2.0810707,-1.0210706,3.1289294,1.6989294,2.1289294,4.4589295,4.8289294,2.5289295,0.56892943,-0.90107054,-1.0010705,-2.4710705,-1.7310705,-1.4410706,-3.9210706,-2.2410705,-1.1810706,-2.2110705,-2.2510705,-2.2610705,-0.9110706,-0.8510706,-0.061070558,-0.46107057,-0.59107053,-0.77107054,-0.48107055,-1.4010706,-0.33107054,-0.93107057,-1.6110705,-1.7810706,-0.76107055,-0.99107057,-0.8010706,-0.25107056,0.31892943,0.5189294,1.0889294,0.24892944,-1.6310706
-0.20107056,-0.061070558,-2.1310706,-4.0510707,-0.43107057,0.86892945,0.81892943,-0.93107057,-1.4610705,-1.6510706,-0.87107056,-2.0010705,-2.6510706,-1.4010706,-3.2010705,-2.6010706,-3.3610706,-2.2810705,-1.0110706,-1.3410705,-0.25107056,0.61892945,-0.22107056,-0.90107054,-1.2110705,-1.2510705,-2.8010705,-3.2610705,-2.2010705,-3.3510706,-3.7210705,-4.5710707,-2.2810705,-1.9410706,-2.3210707,-2.5410705,0.60892946,-1.1310706,-0.6010706,-1.5110706,-2.2510705,-0.20107056,-1.1410706,-0.7210705,0.48892945,0.49892944,0.10892944,-1.4510705,0.10892944,-0.9810706,-0.15107055,0.54892945,-1.5210706,0.84892946,-0.10107055,-0.28107056,-1.6810706,-0.59107053
0.79892945,1.5489295,3.5089295,-9.35107,-2.6010706,0.32892945,-1.2510705,-1.5910705,-1.6310706,-1.0610706,-0.9110706,0.13892944,-0.69107056,-0.34107056,-0.13107055,-1.7210705,-2.1510706,-0.7910706,-0.82107055,-0.77107054,-1.0810705,-1.1110705,-1.7910706,-0.87107056,0.13892944,-1.4510705,-2.6210706,-4.221071,-2.9310706,-5.9110703,-3.4710705,-1.7410705,-0.43107057,1.2189294,0.6389294,0.60892946,2.3189294,1.6289295,-0.62107056,1.0289295,1.4089295,0.62892944,0.74892944,1.4089295,1.2389294,1.3089294,0.33892944,-1.3510705,-1.3810706,-1.2910706,0.37892944,0.43892944,-0.37107056,-0.43107057,-0.74107057,-1.3810706,-2.4010706,-0.37107056
-4.0610704,-1.4510705,-3.9410706,-7.1310706,-1.9710705,-0.93107057,-1.0410706,-1.7310705,-0.6010706,-2.0310705,-0.6010706,0.7089294,-0.24107055,-0.28107056,0.45892945,-0.36107054,-0.8510706,-2.7610705,-1.1310706,-1.5310706,-1.4310706,-0.75107056,-2.0110705,-1.5310706,-0.33107054,-1.6810706,-2.6910706,-2.1110706,-2.5210705,-2.2610705,1.7989295,3.1889296,4.0089293,2.2889295,3.1989295,4.4189296,3.0189295,1.1689295,0.9589294,1.1689295,2.4389296,0.74892944,1.7489295,1.3289294,2.1689293,1.3589294,1.0389295,-0.5510706,-1.6610706,-0.48107055,1.5189295,-0.13107055,-0.65107054,-0.81107056,-1.7010705,-2.6910706,-1.5110706,-0.78107053
-2.1410706,-1.2110705,-3.7610705,-9.121071,-4.7510705,-0.15107055,0.87892944,-0.38107055,0.18892944,2.7589295,0.61892945,0.41892946,-0.35107055,0.80892944,1.5789294,0.48892945,0.25892943,0.53892946,-0.6610706,-2.3410707,-0.83107054,0.33892944,1.0089295,1.5789294,1.4289294,0.62892944,-1.6810706,0.43892944,1.3889295,-0.26107055,0.27892944,0.81892943,3.5989294,3.6289294,2.4389296,0.80892944,0.7089294,2.6089294,1.7489295,1.6389295,2.5689294,2.3989294,1.6289295,2.0989294,1.2689295,0.93892944,-0.77107054,-0.95107055,-1.3510705,-0.94107056,-1.2810706,0.84892946,-0.70107055,-0.84107053,-2.2610705,-1.2110705,-1.7110705,0.008929444
-0.99107057,-0.37107056,-0.48107055,-5.3710704,-5.3310704,0.5289295,3.0289295,1.1989294,2.2989295,1.2989295,-0.58107054,0.40892944,0.33892944,1.2989295,2.3389294,1.7989295,1.6589295,0.62892944,-1.0110706,-1.0210706,-2.2010705,0.72892946,0.56892943,-0.48107055,2.1289294,2.8289294,2.0989294,0.59892946,0.60892946,1.1289295,1.2889295,2.4389296,1.2889295,4.298929,4.6989293,3.7789295,4.0789294,2.2089295,1.7489295,2.5689294,1.7389294,1.5789294,1.5489295,1.5489295,-0.011070557,-0.20107056,-0.18107055,-1.5510706,-2.2410705,-1.2710706,-0.6710706,-1.1710706,0.49892944,-0.23107056,-2.9110706,-1.9410706,-0.8610706,0.17892945
-1.5610706,1.2489295,0.67892945,-1.1410706,-3.7110705,4.3189297,2.7489295,0.028929444,1.4789294,0.91892946,-0.20107056,1.3489294,0.45892945,5.4589295,2.6789293,0.09892944,0.42892945,0.31892943,-0.9110706,-1.4410706,-1.4610705,-0.7310706,-2.4110706,0.25892943,-2.2710705,0.85892946,0.48892945,2.9489295,3.1889296,2.1889296,1.9289294,2.3189294,2.7889295,0.99892944,1.0889294,1.3389294,1.0189295,-0.65107054,0.65892947,0.12892944,2.0689294,1.2189294,2.2489295,0.55892944,0.75892943,0.59892946,-0.7910706,-1.4910705,-1.5910705,-1.4310706,0.74892944,-0.19107056,1.4589294,-0.41107056,-3.0810707,-1.3810706,0.43892944,1.6089294
-2.2610705,-0.6010706,0.04892944,-1.3610705,-4.6410704,-2.4010706,0.73892945,2.9989295,1.9089295,-0.27107057,3.8489294,1.1389295,3.2089295,3.1989295,3.1289294,1.9389294,0.73892945,-0.7910706,-0.49107057,-1.2810706,-1.5910705,-0.74107057,-2.4510705,-1.9210706,-1.8310705,0.5889294,2.6789293,3.1789293,1.3589294,2.6289294,2.3789294,2.2089295,2.3489294,2.0689294,1.7489295,-0.31107056,-1.5710706,-1.5510706,-2.3310707,-1.8110706,1.5789294,1.0689294,1.1689295,-0.47107056,-0.9810706,0.30892944,-0.38107055,-1.1010705,-0.58107054,0.6389294,0.14892945,-0.0010705567,-0.78107053,-0.8010706,-2.6310706,-1.5110706,1.3689294,1.6489295
-0.11107056,1.4389294,1.3889295,0.62892944,0.8989294,-0.31107056,2.6489294,0.8389294,1.8189294,-0.021070557,4.0389295,4.4989295,4.8089294,3.3989294,1.1689295,1.7089294,1.8289294,0.9589294,0.12892944,-0.57107055,-0.27107057,-1.1410706,-0.96107054,-0.65107054,-1.1810706,-2.1610706,-1.4310706,-2.0510705,-2.4810705,1.9189295,3.7289295,2.0289295,-0.9110706,-1.2510705,0.5789294,-0.9710705,-1.3610705,-1.1910706,-0.9810706,-0.70107055,-2.5310705,0.20892945,-0.78107053,-0.93107057,-1.7510705,-1.1210705,-0.63107055,-0.74107057,-0.93107057,0.44892943,-0.69107056,0.72892946,-1.4910705,-0.58107054,-0.94107056,-1.0310706,0.30892944,0.7089294
1.3289294,4.6489296,3.3189294,1.6389295,0.8289294,0.8989294,2.3189294,1.1389295,1.7689295,0.12892944,4.778929,6.8389297,4.6789293,3.6289294,1.6689295,2.3589294,2.3889294,-0.28107056,-1.2610706,-0.18107055,-0.84107053,-0.8510706,-1.2410705,-0.8610706,-0.8010706,-0.9710705,-1.0410706,-0.07107056,-1.3510705,-2.2110705,-1.9310706,-2.5710707,-1.9110706,-1.6310706,-1.9310706,-1.2310705,0.75892943,1.6489295,0.25892943,-1.1510706,-0.20107056,0.16892944,-1.0810705,-0.56107056,-1.2410705,-2.2210705,-2.1910706,-1.3810706,-2.3510706,2.6589293,0.9589294,0.028929444,0.038929444,-1.5110706,-0.44107056,-0.061070558,0.43892944,1.6289295
0.98892945,0.6489294,1.6089294,1.1689295,1.5889294,1.4489294,0.31892943,1.6089294,0.8389294,1.0589294,3.8689294,4.5589294,3.1389294,1.2989295,1.4389294,1.6289295,2.1689293,-1.4010706,-1.6310706,0.71892947,-0.62107056,-1.1510706,-1.3710705,-0.32107055,-0.11107056,-0.70107055,-0.69107056,-0.46107057,-0.62107056,-0.62107056,-0.34107056,-0.78107053,0.33892944,1.1589295,1.2789295,0.7689294,1.3389294,-0.50107056,-0.18107055,0.28892943,0.13892944,-1.3410705,-1.2210705,-1.4310706,-2.5510705,-2.9310706,-3.2810705,-1.6710706,2.5189295,2.8189294,0.48892945,0.7789295,0.93892944,-0.40107056,1.8289294,1.8089294,1.7089294,0.61892945
-0.20107056,0.8989294,2.8089294,3.1389294,2.5789294,1.2189294,0.68892944,0.68892944,1.2589295,0.5889294,2.1889296,2.0089295,1.0789294,-0.48107055,1.4289294,1.0989294,-0.59107053,0.67892945,-0.6110706,-0.011070557,-1.0410706,-0.29107055,0.50892943,-0.021070557,0.96892947,1.1689295,0.14892945,0.55892944,0.6989294,-0.41107056,-1.2410705,-1.1610706,-1.2210705,-0.10107055,0.07892945,-0.81107056,-1.2810706,-0.90107054,0.20892945,0.24892944,-0.56107056,-1.0810705,-0.81107056,-1.3310705,-2.3810706,-1.7410705,-0.89107054,-0.6610706,0.028929444,0.75892943,1.2889295,-1.1410706,-0.75107056,0.71892947,1.2489295,1.8989295,-0.35107055,0.8889294
-2.5110705,1.2189294,7.9389296,7.4089293,5.2289295,3.0689294,1.5189295,0.85892946,0.81892943,0.84892946,0.44892943,0.26892945,0.43892944,-0.96107054,-0.71107054,-0.52107054,0.24892944,0.38892946,0.12892944,-0.44107056,-0.56107056,-1.3910706,-0.12107056,0.44892943,1.1189294,0.7789295,0.8389294,0.12892944,-0.8510706,-1.5310706,-1.5310706,-1.3210706,-1.3210706,-0.57107055,0.7089294,0.32892945,-0.28107056,0.07892945,-0.12107056,0.14892945,-0.5510706,-0.7210705,-0.23107056,-0.50107056,-0.5410706,-1.3410705,0.48892945,0.36892945,0.20892945,0.41892946,0.45892945,1.7389294,1.6689295,-0.031070556,0.20892945,-0.23107056,0.42892945,-0.53107053
2.7489295,1.8589294,11.968929,8.65893,6.4889293,4.4189296,2.8789294,2.1089294,1.6289295,0.84892946,-0.011070557,-1.3410705,-0.94107056,-0.71107054,-1.3210706,0.73892945,1.4689294,-0.011070557,-1.0710706,-2.3210707,-0.5510706,0.06892944,-0.37107056,-0.33107054,-1.1210705,-0.53107053,-1.8910706,-2.2310705,-0.99107057,-1.6410706,-1.6010705,-1.2810706,-1.3010706,-1.0210706,0.22892945,-0.19107056,-0.20107056,-0.58107054,0.93892944,-0.59107053,-0.35107055,-0.19107056,-0.47107056,-0.74107057,-0.89107054,-0.16107056,0.7789295,0.90892947,0.35892946,0.55892944,0.8889294,0.04892944,-1.3210706,0.41892946,0.21892944,1.5389295,0.40892944,0.36892945
2.4189293,1.4289294,7.2489295,7.048929,5.9789295,4.8089294,3.8789294,2.8989294,1.9889294,0.7689294,-0.40107056,-1.0010705,-0.76107055,-0.7910706,-1.5410706,1.4289294,1.6589295,-1.2510705,-0.6710706,-0.15107055,-0.82107055,-2.5910707,-1.3710705,-1.6110705,-0.7310706,-0.70107055,-1.7110705,-0.9710705,-1.4810705,-2.5810707,-1.8710705,-2.0210705,-2.5410705,-2.2110705,-0.11107056,-0.33107054,0.13892944,2.2089295,2.7989295,-0.0010705567,0.28892943,0.018929444,-0.29107055,-0.65107054,-0.78107053,-0.08107056,-0.83107054,-0.42107055,-0.6610706,-0.8510706,0.81892943,0.6989294,0.18892944,-0.27107057,-0.5510706,1.0389295,1.1589295,1.6189294
4.4289293,6.5089293,6.8389297,6.4389296,5.6389294,4.5789294,3.8189294,2.9489295,1.8289294,0.42892945,-1.2810706,-1.3010706,-2.9010706,-1.6310706,-1.0710706,2.0089295,0.98892945,-3.1810706,-0.8010706,-2.0210705,-1.5710706,-2.2310705,-1.1810706,-1.1710706,-0.12107056,-0.74107057,-1.0810705,-1.0310706,-1.7110705,-2.4210706,-3.9310706,-4.1610703,-3.4910705,-2.2010705,-2.0210705,-0.65107054,-1.2010705,4.1889296,2.9789295,0.25892943,-0.031070556,0.16892944,-0.21107055,0.44892943,0.8889294,0.09892944,0.5289295,-0.44107056,-1.6410706,-0.46107057,-0.07107056,3.5989294,1.4889294,5.5189295,6.3589296,5.4489293,4.528929,3.2589295
8.338929,7.4389296,6.7089295,5.8989296,5.0889297,3.9689295,3.1989295,2.6089294,1.4889294,0.27892944,-1.0010705,-2.4910705,-3.3610706,-2.7610705,-1.4410706,0.6389294,-1.1010705,-1.8410705,-4.1510706,-3.1110706,-1.7310705,-0.32107055,-0.7310706,0.18892944,-1.3610705,-0.10107055,-0.93107057,-1.2710706,-2.6510706,-4.3810706,-3.4010706,-3.0310705,-3.1410706,-3.0610704,-2.5610704,-1.6810706,-0.5510706,2.9489295,1.0189295,-0.25107056,0.93892944,0.32892945,0.56892943,0.80892944,0.7789295,1.0189295,1.1289295,0.26892945,-1.1610706,3.7789295,3.2489295,1.9789294,4.0589294,6.1489296,6.1689296,5.5989294,4.5389295,3.0389295
7.0889297,5.9489293,5.0989294,4.7689295,4.2389293,3.6289294,2.5389295,1.9289294,1.0689294,0.06892944,-1.3410705,-2.3110704,-2.0910707,-3.5610704,-1.4010706,0.21892944,-0.8510706,-2.0010705,-1.6010705,-0.8610706,-0.38107055,-0.29107055,-0.81107056,-0.87107056,-1.3110706,-0.69107056,-1.9210706,-5.0210705,-4.4310703,-3.3210707,-3.2310705,-2.7710705,-2.6010706,-2.4010706,-2.0110705,-1.8710705,-1.1310706,1.4289294,0.66892946,-0.031070556,0.66892946,0.48892945,1.3189294,0.17892945,0.38892946,0.45892945,0.5789294,-0.061070558,0.9489294,4.8389297,5.3289294,0.21892944,0.86892945,7.8589296,7.4589295,5.7889295,4.2089295,2.8889294
5.4789295,4.1889296,3.6989295,3.5989294,2.9389296,2.2789295,1.7989295,1.1489295,0.12892944,-1.0910705,-1.9910705,-1.3210706,-1.6310706,-1.5610706,-2.4210706,-1.1410706,-0.83107054,-2.1810706,-2.0410705,-0.71107054,-0.41107056,-0.7910706,-1.1110705,-0.30107057,-0.68107057,-1.7010705,-5.201071,-4.8410707,-3.0510705,-2.9510705,-2.2610705,-2.1410706,-2.0910707,-1.7610706,-2.0910707,-1.9310706,1.0989294,-0.87107056,-0.0010705567,0.018929444,-0.061070558,0.53892946,1.3789295,0.38892946,-0.56107056,-1.4410706,-0.22107056,0.93892944,0.85892946,4.4489293,3.4889295,2.8389294,6.0589294,7.9589295,7.5389295,5.8289294,4.5989294,2.6589293
4.7289295,3.9089293,3.1589293,2.2889295,1.4389294,1.1189294,0.058929443,0.78892946,0.35892946,-1.8110706,-2.4110706,-2.5210705,-2.9110706,-4.2610707,-4.451071,-3.2710705,-1.4210706,-1.3310705,-2.3810706,0.79892945,0.25892943,-0.031070556,-1.8210706,-2.4510705,-0.70107055,-2.1010706,-5.3910704,-4.5410705,-4.1910706,-3.2010705,-1.6510706,-2.1510706,-2.1710706,-2.4510705,-2.8010705,-3.2410705,-0.53107053,-1.8910706,-0.26107055,3.9689295,0.27892944,0.34892944,3.3189294,1.0989294,-0.27107057,3.2989295,2.4089293,1.3389294,0.13892944,1.3289294,2.0589294,5.3489294,7.5889297,7.798929,5.8489294,5.3589296,4.4589295,3.1089294
4.3189297,2.9289293,1.6689295,0.13892944,-0.031070556,-0.13107055,-0.13107055,0.12892944,-0.031070556,-0.88107055,-1.8610705,-2.3110704,-2.8010705,-3.0310705,-3.4010706,-4.5010705,-0.89107054,-1.4410706,-1.2510705,0.30892944,0.29892945,-0.011070557,-1.1310706,-2.0110705,-6.6310706,-4.3410707,-4.4910707,-5.3910704,-4.5810704,-3.0310705,-2.1110706,-2.7910705,-3.7910705,-2.6910706,-2.7210705,-2.4010706,-1.2210705,-0.45107055,3.6589293,6.7889295,1.1589295,0.12892944,2.1489294,0.40892944,0.90892947,3.6089294,2.7689295,3.7389295,0.49892944,0.32892945,0.29892945,3.2289295,6.8289294,7.7089295,7.2089295,6.298929,4.4789295,3.1989295
3.3889294,1.9489294,0.15892944,-1.7410705,0.25892943,1.0089295,0.24892944,0.22892945,-0.5510706,-1.3610705,-1.7710706,-2.1510706,-2.4910705,-3.1010706,-3.0010705,-2.7510705,-2.0610704,-0.25107056,0.49892944,-0.061070558,-0.82107055,0.21892944,-0.62107056,-4.0310707,-5.1310706,-6.6110706,-4.471071,-5.6110706,-5.6210704,-3.7610705,-1.9610705,-0.94107056,-1.8310705,-2.6010706,-3.8310707,2.1889296,6.1589293,6.3789296,5.9089293,6.3289294,0.96892947,-0.25107056,3.4989295,3.5789294,2.3189294,2.8289294,3.6989295,2.7589295,0.5189294,0.46892944,0.5289295,0.17892945,6.1089296,8.02893,7.4389296,6.2589293,5.2189293,3.8289294
3.6489294,2.4089293,0.44892943,0.26892945,1.6489295,0.85892946,0.23892945,-0.52107054,-0.90107054,-0.53107053,-1.9410706,-2.3410707,-2.7010705,-2.5210705,-2.4310706,-2.9710705,-2.2010705,0.31892943,0.24892944,-1.2110705,-0.53107053,-0.57107055,-1.5310706,-3.8910706,-4.6510706,-4.6910706,-4.2810707,-3.2810705,-3.3510706,-0.76107055,3.6089294,4.048929,5.2089295,4.9989295,4.6689296,6.1089296,7.7089295,8.348929,9.058929,9.19893,8.048929,-0.11107056,1.3389294,0.54892945,-0.90107054,2.0789294,0.16892944,0.028929444,0.35892946,-0.12107056,0.22892945,0.39892945,5.0689297,7.4389296,7.2389293,6.048929,5.0589294,3.6189294
4.5589294,3.8289294,2.6289294,3.0589294,2.9389296,2.6089294,2.0189295,1.2589295,0.96892947,0.53892946,-0.20107056,-1.5310706,-1.9710705,-2.4910705,-1.0110706,-1.3310705,-1.9810705,0.028929444,-0.16107056,-0.26107055,-2.1310706,-1.0010705,-0.041070558,-2.9110706,-2.2510705,-2.4410706,-2.5710707,-2.8710706,0.6489294,4.2389293,4.7589293,5.6689296,5.5389295,5.4889293,5.5789294,4.3789296,5.7889295,7.6089296,8.57893,8.0189295,6.8589296,1.5289295,2.5889294,1.6789294,1.0489295,1.3889295,0.62892944,0.5789294,0.39892945,0.54892945,-0.43107057,0.13892944,1.9389294,6.9189296,6.5589294,5.5389295,4.028929,2.9089293
