raw-data/2018091912.json
{"header": { "discipline":0, "disciplineName":"Meteorological products", "gribEdition":2, "gribLength":74899, "center":7, "centerName":"US National Weather Service - NCEP(WMC)", "subcenter":0, "refTime":"2018-09-19T12:00:00.000Z", "significanceOfRT":1, "significanceOfRTName":"Start of forecast", "productStatus":0, "productStatusName":"Operational products", "productType":1, "productTypeName":"Forecast products", "productDefinitionTemplate":0, "productDefinitionTemplateName":"Analysis/forecast at horizontal level/layer at a point in time", "parameterCategory":2, "parameterCategoryName":"Momentum", "parameterNumber":3, "parameterNumberName":"V-component_of_wind", "parameterUnit":"m.s-1", "genProcessType":2, "genProcessTypeName":"Forecast", "forecastTime":0, "surface1Type":103, "surface1TypeName":"Specified height level above ground", "surface1Value":10.0, "surface2Type":255, "surface2TypeName":"Missing", "surface2Value":0.0, "gridDefinitionTemplate":0, "gridDefinitionTemplateName":"Latitude_Longitude", "numberPoints":65160, "shape":6, "shapeName":"Earth spherical with radius of 6,371,229.0 m", "gridUnits":"degrees", "resolution":48, "winds":"true", "scanMode":0, "nx":360, "ny":181, "basicAngle":0, "lo1":0.0, "la1":90.0, "lo2":359.0, "la2":-90.0, "dx":1.0, "dy":1.0 }, "data":
[rows 26 to 51 of 181, columns 118 to 176 of 360]
-0.43599364,-0.90599364,-1.1959937,-1.3559936,-2.6159937,-1.7459936,-2.4159937,-3.2259936,-3.8259935,-1.8859936,-1.6159936,-3.6259937,-5.9959936,-5.025994,-3.3259935,-5.255994,-4.7859936,-5.1259937,-3.8659937,-4.965994,-1.4759936,-0.7459937,-1.3259937,-2.6759937,-3.5259936,-2.4259937,-1.9059937,-1.7959937,-2.5259936,-1.4359937,-1.2059937,-3.5959938,-4.3759937,-8.205994,-6.7859936,-3.1659937,-3.7459936,-2.7159936,-3.8559937,-2.6659937,-1.6359936,-1.8059937,-1.7959937,-2.2059937,-0.77599365,-1.7659936,-2.4059937,-1.8559936,-0.84599364,-1.4259937,-3.1859937,-2.4659936,-0.75599366,1.2540064,0.42400634,0.87400633,1.9840064,0.044006348,1.3440063
-1.2059937,-1.2859937,-1.4659936,-1.4959936,-3.3859937,-2.2759936,-2.3459938,-3.5359936,-1.9859936,-1.5759937,-1.1159936,-1.7259936,-2.0759935,-0.69599366,-0.085993655,-0.66599363,-1.5659937,-3.5259936,-3.0959938,2.2840064,-0.8559936,-0.9259937,-3.1759937,-2.1659937,-2.3359938,-0.77599365,-1.6359936,-2.7359936,-2.5859938,-1.8359936,-1.7359936,-4.0959935,-3.9259937,-6.6459937,-10.315993,-8.175994,-6.4059935,-4.0559936,-5.2659936,-2.6859937,-2.3359938,-3.2859936,-3.8859937,-1.6359936,-0.8059937,-1.5659937,-1.2859937,-0.9959937,-2.4259937,-2.7359936,0.034006346,0.26400635,0.35400635,0.80400634,2.7740064,1.0840063,1.3440063,1.4540063,1.3640064
-1.4259937,-1.5459937,-2.0459936,-2.0659935,-1.6359936,-1.3859936,-1.1759937,-1.1159936,-1.1959937,-1.2559936,-1.3059937,-1.5559937,-1.4259937,-0.56599367,-0.89599365,-1.6259936,-1.6359936,-1.7959937,1.2540064,1.0040064,-0.39599365,-2.2959936,-3.1959937,-1.8559936,-7.0759935,-3.1859937,-2.9659936,-2.7959936,-5.215994,-5.6559935,-4.215994,-3.3559937,-6.3259935,-3.3559937,-6.815994,-5.1059937,-5.8059936,-5.005994,-6.2059937,-3.7659936,-5.6459937,-7.2259936,-7.3259935,-1.4359937,0.34400636,-0.06599365,-0.41599366,0.05400635,0.62400633,2.1040063,1.8140063,0.55400634,-0.15599366,0.42400634,1.2040063,0.66400635,-0.07599365,1.0840063,3.2640064
-1.2359936,-1.7459936,-1.7859937,-1.7659936,-1.6659937,-1.4259937,-1.8059937,-1.0959936,-0.71599364,-0.49599364,-0.6159937,-0.5559937,-1.5559937,-0.96599364,-0.69599366,-1.0659937,-1.9559937,-1.5659937,-1.4059937,-1.7359936,-1.0459937,-1.2059937,-2.4959936,-2.7759936,-4.3259935,-4.2059937,-2.8859937,-7.1859937,-5.085994,-8.355993,-7.235994,-6.755994,-4.0359936,-7.0759935,-7.315994,-5.6759934,-7.1559935,-5.505994,-7.8659935,-7.0559936,-2.7359936,3.5840063,2.1240063,0.40400636,4.5840063,4.4040065,3.7040064,2.2340064,0.7640064,1.0340064,1.7040063,1.8540063,0.6340063,1.6240064,-0.07599365,1.7340064,6.1740065,6.2740064,7.3340063
-1.1059936,-1.0759937,-0.9959937,-0.9959937,-1.4559937,-0.81599367,-0.7959936,-0.95599365,-1.0359937,-0.90599364,-0.56599367,-0.6759937,-0.84599364,-1.0059936,-1.4459937,-1.8459936,-1.3959937,-1.1959937,-1.1459937,-0.41599366,-0.94599366,-0.37599364,-2.0459936,-3.6859937,-4.6359935,-5.6459937,-2.7259936,-4.835994,-5.7259936,-5.315994,-5.735994,-5.3859935,-6.3459935,-7.1259937,-5.8559937,-5.465994,-5.4559937,-6.1859937,3.6440063,5.204006,6.164006,6.4840064,7.5940065,9.734006,2.0940063,0.10400635,4.9640064,5.8340063,7.2740064,5.954006,8.474007,7.8940063,4.4840064,5.5940065,5.6440063,5.6140065,5.784006,6.0440063,6.8140063
-2.0859938,-1.0159936,-1.0859936,-0.9259937,-0.21599366,-0.28599367,-0.84599364,-0.45599365,-0.06599365,-0.76599365,-0.64599365,-0.64599365,-0.71599364,-0.44599366,-0.57599366,-1.1159936,-1.5759937,-1.6559937,-1.5159936,-0.82599366,-0.32599366,-1.1159936,-1.5959936,-2.1559937,-3.8659937,-6.835994,-7.335994,-8.195993,-10.055994,-8.375994,-8.735993,-9.625994,-7.735994,-4.4159937,-2.3759937,-0.46599364,2.8440063,5.204006,7.6240063,8.924006,8.964006,9.824006,8.164006,4.1140065,-0.6759937,6.8240066,5.8940063,5.6740065,7.3740063,8.224007,9.834006,10.124006,9.744006,8.804007,7.3740063,6.5940065,6.454006,6.224006,6.204006
-1.2559936,-2.1559937,-1.1159936,-0.9259937,-1.1559937,-2.1259937,0.05400635,0.15400635,-1.7859937,-0.53599364,-1.0459937,-1.7559936,-2.4959936,-0.45599365,-0.22599365,-0.37599364,-1.1759937,-0.8059937,-1.6359936,-0.42599365,0.31400636,-1.0159936,-0.8059937,-7.6559935,-8.575994,-8.325994,-7.7859936,-7.465994,-7.7859936,-8.495994,-7.1059937,-5.2859936,-1.9059937,3.8940063,8.624006,9.584006,9.344007,8.664006,8.674006,9.854007,7.8140063,3.4740064,4.4440064,-1.6059936,4.974006,4.3340063,6.1240063,5.514006,6.7940063,9.534006,10.334006,10.234006,10.174006,9.694006,8.454006,7.0840063,6.704006,6.284006,6.2540064
-2.2159936,-1.8059937,-2.4659936,-1.9759936,-1.7459936,-2.2959936,-0.83599365,-1.2559936,-0.19599365,-0.78599364,-2.2859936,-1.1559937,-0.48599365,-0.23599365,0.124006346,-0.65599364,-1.1859937,-0.72599363,-1.5859936,-1.7559936,-1.5859936,-4.585994,-6.775994,-9.1159935,-9.205994,-9.075994,-9.485993,-8.905993,-7.6659937,-6.3059936,1.6240064,7.5940065,6.7540064,6.2140064,7.5440063,8.624006,9.424006,10.314007,10.944006,4.6540065,4.4840064,2.5340064,-2.4959936,0.35400635,0.78400636,-1.9759936,3.1840065,8.644007,10.224007,10.704006,10.644007,10.214006,9.734006,9.094007,8.294006,7.5540066,6.9240065,6.8040066,6.6740065
-2.1259937,-0.78599364,-1.7759937,-2.1759937,-1.8759936,-1.9059937,-2.0259936,-3.4159937,-1.3759936,-1.1059936,-0.40599364,-0.64599365,-0.27599365,-0.59599364,-0.6759937,-0.30599365,-3.2059937,-2.4959936,-4.565994,-3.6759937,-5.315994,-7.4459934,-6.985994,-10.305994,-10.445993,-11.465994,-10.875994,-9.925994,-4.6459937,4.9240065,5.6240063,5.3340063,4.244006,6.534006,8.664006,9.044006,10.544006,11.064007,6.264006,3.6140063,2.0740063,-0.77599365,0.37400636,0.8240063,-0.44599366,6.1540065,10.994006,11.094007,10.864006,10.444006,10.054007,9.644007,9.074006,8.714006,8.3840065,7.914006,7.1340065,6.8140063,5.8340063
-0.83599365,-1.4459937,-1.6259936,-2.1059937,-2.0559936,-1.6859937,-1.8959937,-1.1159936,-1.3259937,-1.1559937,-1.2059937,-1.6459937,-2.2959936,-1.6659937,-1.9459937,-0.40599364,-0.63599366,-1.0359937,0.92400634,-3.5659935,-3.2459936,-5.8959937,-8.235993,-9.295994,-10.165994,-10.555994,-11.345994,-8.035994,-2.1859937,4.7540064,8.144007,6.454006,3.8640063,7.1140065,8.844007,9.014007,10.204006,9.994006,5.3340063,1.6140064,-0.96599364,0.024006348,0.45400634,1.7340064,4.6740065,10.864006,11.124006,11.154006,10.014007,9.924006,9.674006,9.184007,8.404006,8.034006,7.764006,7.5840063,7.014006,6.2740064,4.7140064
-0.24599366,-0.52599365,-0.66599363,-1.1259936,-1.5459937,-1.5859936,-0.76599365,-1.1959937,-1.7359936,-1.1159936,-0.15599366,-1.2259936,-0.07599365,-0.59599364,-0.34599364,0.044006348,2.3540063,-0.7359936,-2.2659936,-3.0959938,-5.9159937,-1.8259937,-2.1559937,-8.255994,-9.745994,-8.205994,-12.665994,-6.1659937,-0.11599365,4.1240063,8.424006,7.514006,6.034006,7.0240064,7.6740065,8.204006,9.274006,9.194006,6.8140063,1.1840063,2.4940064,0.5640063,2.4040062,8.294006,8.3840065,9.674006,10.564007,10.544006,10.1340065,9.654006,9.004006,8.304007,7.5840063,7.4240065,7.164006,7.0940065,6.3840065,5.2140064,4.6140065
-0.42599365,-0.46599364,-0.84599364,0.55400634,0.73400635,1.1540064,1.1540064,1.3940064,0.92400634,0.78400636,-0.29599366,-0.66599363,-1.6459937,-1.1459937,-0.6059936,0.74400634,1.6640064,0.34400636,-0.18599366,-1.2859937,-0.71599364,0.43400633,-0.09599365,-2.9459937,-4.8259935,-5.465994,-9.125994,-8.375994,-3.3259935,0.85400635,5.8240066,8.104007,7.8340063,7.1740065,6.414006,7.3840065,10.024006,9.024006,8.004006,1.0840063,-0.64599365,4.3940063,7.6940064,8.524006,9.004006,9.904006,10.294006,10.304007,9.984006,9.374006,8.654006,7.8940063,7.3340063,7.034006,6.724006,5.3240066,5.9240065,4.184006,3.4540064
0.79400635,0.9440063,0.67400634,0.45400634,1.3440063,1.2340064,1.6040063,1.3340063,1.5340064,-0.085993655,-0.9259937,-1.8459936,-0.94599366,0.18400635,0.22400635,-1.2359936,-0.16599365,0.22400635,0.11400635,-0.89599365,0.06400635,-1.0559937,-0.47599366,-0.9959937,-2.2259936,-1.6459937,-4.715994,-6.0959935,-5.585994,-4.3059936,-1.2959937,5.784006,8.194006,7.9040065,7.1340065,7.3440065,9.494006,9.174006,8.074006,1.2540064,1.7240063,7.534006,7.704006,8.224007,9.154006,9.904006,10.254006,10.184007,9.754006,9.104007,8.294006,7.454006,6.994006,6.3240066,5.764006,5.6240063,3.6540062,1.9840064,2.1840065
0.66400635,-0.52599365,-0.20599365,-0.63599366,0.6440064,0.37400636,0.26400635,0.7040064,0.5740063,1.1040063,-0.76599365,-1.4059937,-0.7459937,0.05400635,-0.64599365,1.1240064,-1.2159936,1.9240063,-0.30599365,-0.27599365,-0.045993652,0.26400635,-0.66599363,-8.655993,-7.545994,0.40400636,-2.8859937,-4.315994,-3.6559937,-3.7359936,-2.8659937,1.1240064,5.9240065,7.474006,6.664006,5.5440063,6.244006,7.954006,4.6240063,3.7940063,5.954006,6.2740064,7.1940064,8.254006,10.074006,10.444006,10.214006,9.984006,9.494006,8.774006,7.8640065,7.0940065,6.3840065,5.5540066,4.934006,3.3640063,1.1340064,-0.36599365,5.1240063
-0.12599365,-0.37599364,0.87400633,1.1240064,1.2340064,1.1140064,1.0640063,0.80400634,0.15400635,0.11400635,0.30400634,-0.9959937,-0.89599365,-0.6859937,-0.15599366,-0.6759937,-1.3259937,-1.6659937,-1.8459936,0.8840063,1.8640064,0.61400634,1.0140064,-5.315994,-1.6859937,0.15400635,0.60400635,-1.4059937,-1.2859937,-0.5459936,-1.2959937,0.124006346,2.8040063,4.914006,5.8940063,4.1740065,3.7540064,7.244006,9.254006,7.1740065,6.7340064,7.0740066,8.204006,10.214006,10.894007,10.274006,9.914006,9.454006,8.794006,7.9640064,7.0840063,6.4840064,5.6740065,4.5240064,2.5240064,0.48400635,-1.6159936,1.2340064,7.9640064
0.26400635,-0.84599364,2.4440064,1.8840064,1.0140064,0.53400636,1.0340064,0.98400635,0.37400636,0.10400635,1.2440064,0.6940063,-0.07599365,-1.2359936,-0.95599365,-0.77599365,-1.1559937,-0.14599365,0.18400635,2.1040063,1.4840064,0.93400633,0.26400635,-4.9359937,0.92400634,0.024006348,-2.1459937,-1.0359937,-1.0959936,-0.46599364,-0.33599365,0.27400634,1.8940064,4.264006,4.5240064,2.8740063,3.0540063,6.7740064,8.684007,7.744006,7.3640065,7.454006,9.214006,10.1340065,9.674006,9.264007,8.894007,8.594007,8.104007,7.3440065,6.6040063,5.7340064,4.224006,2.1040063,-0.10599365,-2.3859937,-2.3959937,5.3040066,8.694006
1.6040063,2.3340063,1.9740063,1.1940063,0.8140063,1.7840064,2.2540064,1.9940064,1.2240063,0.67400634,-0.49599364,-0.57599366,-0.52599365,-1.7959937,-2.3859937,-1.5459937,-1.6459937,-0.25599366,1.8740064,1.0240064,0.0040063476,-0.025993653,-3.0659935,-4.4159937,1.4240063,0.5040063,-1.3259937,-2.4759936,-2.8059936,-1.8759936,-0.19599365,1.8640064,3.4040062,4.034006,2.6940064,2.0640063,3.2540064,6.1040063,7.2540064,6.8540063,6.2140064,7.284006,8.254006,8.1340065,8.224007,8.404006,8.6340065,8.494006,7.6440063,6.7540064,5.8140063,4.3740063,2.3740063,-0.055993654,-2.2859936,-4.3559937,0.23400635,6.6340065,10.204006
1.7740064,1.8240063,1.4240063,0.59400636,1.3540063,1.7340064,2.4840064,2.4440064,1.6340064,0.34400636,0.26400635,0.23400635,-1.6459937,-1.1559937,-2.3959937,-1.9659936,-0.45599365,-0.06599365,0.37400636,-0.64599365,-0.36599365,-1.7659936,-4.7059937,-3.7959936,0.62400633,0.54400635,0.6440064,-2.2159936,-2.4159937,-1.2959937,0.23400635,1.5040064,2.0940063,1.5640063,1.8940064,2.0740063,3.8240063,5.764006,5.5740066,5.0540066,4.994006,6.6240063,6.4240065,6.3140063,7.284006,8.754006,8.564007,8.094007,6.974006,5.8440065,4.724006,3.0740063,0.6440064,-1.7359936,-3.9359937,-3.8059936,2.3640063,8.434007,11.004006
2.4140062,2.4640064,2.2740064,2.4940064,1.8840064,2.9540064,3.1040063,2.6740065,1.5640063,1.1640064,-0.20599365,0.30400634,0.90400636,-0.32599366,-0.82599366,-0.91599363,-0.03599365,0.40400636,-0.77599365,-0.24599366,-0.14599365,-4.9159937,-6.1159935,-1.2559936,-0.045993652,0.22400635,-2.3059936,-1.4759936,-2.4259937,-1.4259937,-0.11599365,1.3940064,0.90400636,0.60400635,0.8140063,2.9440064,4.3940063,4.1440063,3.6340063,3.3740063,4.5240064,5.1740065,3.9040062,5.224006,9.094007,8.584006,8.274006,7.5740066,6.2940063,5.014006,3.4840064,1.4140064,-0.70599365,-2.4059937,-3.9059937,-2.4459937,2.9440064,8.274006,11.594007
5.2140064,4.4040065,3.0840063,3.2240064,3.7340064,3.4440064,2.6740065,2.1240063,0.97400635,-0.16599365,0.32400635,-0.51599365,0.06400635,1.2840064,1.7440064,2.1840065,0.20400634,-0.25599366,-0.25599366,0.67400634,-2.1959937,-4.3559937,-3.9159937,0.5740063,1.6940063,0.9540064,-0.84599364,-0.97599363,-0.77599365,-0.44599366,-0.07599365,0.78400636,0.45400634,1.1740063,2.0740063,3.3340063,3.6440063,3.0440063,2.7940063,2.6740065,5.2940063,4.0240064,0.24400635,8.974007,8.474007,8.094007,7.8340063,6.954006,5.5040064,3.9040062,2.4340065,0.67400634,-0.35599366,-1.8659936,-2.6059937,-1.8559936,3.7940063,9.174006,11.784006
1.6540064,1.9840064,3.2240064,3.2340064,2.6040063,3.3340063,2.2140064,0.99400634,-0.22599365,-0.48599365,-1.7659936,0.66400635,-0.9959937,-0.18599366,0.74400634,1.5340064,1.6640064,-0.13599366,-1.9959936,-3.1559937,-2.6859937,-1.0359937,-2.7259936,0.86400634,1.0740063,1.6640064,1.3740064,0.8140063,-0.6859937,-1.2759937,-0.19599365,0.28400636,0.29400635,0.41400635,2.8940063,2.7140064,2.6440063,3.0940063,3.1740065,3.5140064,4.454006,0.39400634,2.3340063,8.284006,7.8240066,6.994006,6.4640064,5.5240064,4.2740064,3.1440063,2.1640062,1.1740063,-0.39599365,-1.3259937,-1.7659936,-1.2359936,5.1040063,11.284006,13.034006
3.5240064,2.9540064,3.4840064,2.8940063,3.7440064,2.6540062,1.1540064,0.35400635,-1.0459937,0.0040063476,-0.6859937,-0.64599365,-0.005993652,-0.29599366,-1.4159937,-2.0659935,-2.5059936,-1.8459936,2.1640062,2.8940063,1.7640064,-0.63599366,-2.7459936,0.6940063,-0.95599365,-0.7359936,-2.2859936,-2.6959937,-0.5459936,0.15400635,0.39400634,-0.51599365,-0.7459937,1.6640064,2.3740063,2.0340064,1.7540064,2.1740065,1.9940064,3.9740064,2.5940063,-3.3059936,3.4540064,7.034006,6.0640063,5.204006,4.494006,4.8540063,4.8040066,3.0340064,1.7840064,0.99400634,0.22400635,-0.6159937,-0.12599365,0.14400634,6.514006,10.274006,11.524006
1.1940063,1.8740064,2.0340064,2.2740064,1.6440064,1.0640063,-0.31599367,-0.30599365,-0.50599366,-1.0259937,0.37400636,2.0040064,-0.15599366,2.1440063,0.20400634,-0.045993652,-0.18599366,0.13400635,3.1240063,4.5640063,3.2440064,-0.87599367,-2.1759937,-4.1159935,-5.4259934,-3.4959936,-2.3759937,-2.8259935,-0.085993655,0.77400637,1.8140063,2.1840065,2.1540062,1.9440063,0.99400634,0.43400633,0.43400633,0.7640064,0.53400636,2.4340065,-0.47599366,-4.9059935,1.9840064,4.684006,3.3740063,3.5640063,4.204006,4.0640063,4.204006,3.3640063,2.9140062,2.1640062,0.6440064,-0.59599364,-0.18599366,5.494006,8.754006,12.684007,12.264007
0.77400637,1.0140064,1.2140063,1.8640064,1.9740063,0.77400637,-0.18599366,-0.91599363,-0.44599366,0.5140064,0.99400634,-1.3759936,3.0540063,3.4740064,2.2640064,0.74400634,0.83400637,1.0440063,0.7640064,1.2740064,0.6940063,-1.6959937,-3.0459936,-1.7959937,-3.0759935,-2.9859936,-1.3259937,0.8840063,0.25400636,-0.40599364,1.5440063,3.2940063,1.4540063,-0.20599365,-1.2959937,-1.4959936,-1.2059937,-0.8559936,-0.07599365,-0.76599365,-3.1359937,-5.8859935,4.1940064,2.9040062,3.1340063,4.034006,1.8740064,0.26400635,4.8440065,5.454006,3.5740063,1.8040063,0.80400634,0.90400636,6.8140063,9.744006,10.594007,10.8840065,9.764007
0.49400634,0.27400634,1.5340064,3.7640064,1.5840063,-0.65599364,-0.6859937,-1.3259937,-0.19599365,-0.91599363,-2.0559936,-0.16599365,1.6440064,1.9740063,1.4740063,0.74400634,0.5640063,0.7640064,0.26400635,-0.41599366,-1.2759937,-1.5459937,-0.53599364,1.0940063,-0.91599363,-3.2259936,-2.0259936,0.06400635,0.55400634,1.2240063,0.36400634,0.35400635,-0.5559937,-1.4959936,-2.1959937,-1.4359937,-1.0459937,-1.1159936,-1.4759936,-2.3559937,-3.9259937,-5.965994,0.90400636,0.6440064,1.0840063,8.444006,11.264007,9.274006,7.784006,5.8640065,4.2540064,2.4340065,3.2940063,6.5540066,8.794006,9.934007,9.364006,8.354007,7.0440063
-0.41599366,-0.58599365,2.0940063,2.2840064,1.5140064,3.1540062,3.8740063,1.8340063,0.44400635,-0.42599365,3.5840063,3.8140063,1.9540063,1.9340063,1.1340064,-0.025993653,1.0140064,1.5140064,0.71400636,-1.1159936,-1.5259937,-1.1859937,1.2240063,-1.1859937,-1.5659937,2.2140064,4.6440063,2.1640062,0.65400636,-0.18599366,-1.5959936,-2.2659936,-0.87599367,-0.40599364,-1.2459936,-1.6659937,-1.4059937,-1.4759936,-2.5459936,-3.0759935,-2.9759936,-5.4559937,-2.8359938,-1.0559937,4.3240066,6.9040065,8.804007,8.284006,6.5240064,4.8440065,3.7040064,4.6440063,6.7740064,8.484006,9.524006,8.514007,7.8340063,7.6540065,7.0840063
