raw-data/2018091906.json
{"header": { "discipline":0, "disciplineName":"Meteorological products", "gribEdition":2, "gribLength":74622, "center":7, "centerName":"US National Weather Service - NCEP(WMC)", "subcenter":0, "refTime":"2018-09-19T06:00:00.000Z", "significanceOfRT":1, "significanceOfRTName":"Start of forecast", "productStatus":0, "productStatusName":"Operational products", "productType":1, "productTypeName":"Forecast products", "productDefinitionTemplate":0, "productDefinitionTemplateName":"Analysis/forecast at horizontal level/layer at a point in time", "parameterCategory":2, "parameterCategoryName":"Momentum", "parameterNumber":2, "parameterNumberName":"U-component_of_wind", "parameterUnit":"m.s-1", "genProcessType":2, "genProcessTypeName":"Forecast", "forecastTime":0, "surface1Type":103, "surface1TypeName":"Specified height level above ground", "surface1Value":10.0, "surface2Type":255, "surface2TypeName":"Missing", "surface2Value":0.0, "gridDefinitionTemplate":0, "gridDefinitionTemplateName":"Latitude_Longitude", "numberPoints":65160, "shape":6, "shapeName":"Earth spherical with radius of 6,371,229.0 m", "gridUnits":"degrees", "resolution":48, "winds":"true", "scanMode":0, "nx":360, "ny":181, "basicAngle":0, "lo1":0.0, "la1":90.0, "lo2":359.0, "la2":-90.0, "dx":1.0, "dy":1.0 }, "data":
[rows 50 to 74 of 181, columns 57 to 113 of 360]
0.83926755,1.0492675,0.83926755,0.8692676,0.69926757,1.0192676,2.0992675,3.1692677,2.5792675,2.9292676,5.4292674,5.7492676,2.3392675,-0.3907324,1.2292676,0.8592676,0.9292676,0.039267577,0.6892676,-0.8907324,-0.36073244,-0.22073242,-0.86073244,-0.38073242,-0.9307324,-0.8907324,-0.73073244,-0.46073243,-1.3207325,-2.2907324,-4.9407325,-6.5807323,-7.8307323,-6.9607325,-4.240732,-2.3507323,0.31926757,4.5592675,8.649267,11.669268,14.659267,11.219268,7.6892676,8.369267,7.4492674,7.1192675,8.159267,6.7392673,7.2892675,5.5592675,6.009268,2.4092677,1.9792676,-0.19073242,0.13926758,0.47926757,-0.6407324
0.4892676,1.1792675,1.8392676,2.2392676,2.9492676,3.5492675,3.7092676,3.5992675,2.5992675,1.3892676,2.6292677,0.9692676,0.07926758,-0.9407324,1.3692676,1.7992675,-0.14073242,-0.6907324,-1.6607324,-1.3207325,-0.7007324,-0.7707324,-0.27073243,-0.5607324,-1.4707325,-2.2907324,-1.9607325,-2.3007324,-2.7707324,-4.5407324,-4.950732,-2.8607323,0.24926758,1.5892676,2.8492675,1.0892676,2.7292676,2.3792677,3.8892677,6.0692677,8.669268,7.6292677,2.9192677,-1.0707325,3.5192676,5.3392677,4.3792677,4.6792674,4.0892677,2.9992676,1.2592676,3.7592676,2.5292675,1.3192676,0.4592676,0.2692676,0.4592676
-0.37073243,-0.12073242,4.8192677,5.2492676,5.5392675,4.8892674,4.1292677,3.6592677,2.9992676,2.3292675,-2.1407325,0.25926757,-7.324219E-4,2.8592675,1.8292676,2.5692675,1.3892676,-0.97073245,-1.6807324,-2.2607324,-1.6607324,-2.5107324,-1.7207325,-0.85073245,-0.11073242,-0.91073245,-1.7107325,-2.4507325,-1.5807325,1.8592676,1.7392676,3.9792676,3.6592677,1.3792676,-0.12073242,0.44926757,1.5092676,1.7592676,4.9592676,6.0592675,8.239267,8.569267,8.759268,3.2192676,-0.74073243,-2.7907324,3.9292676,3.5292675,2.8092675,3.7592676,3.0692675,1.9892676,1.7392676,1.2192676,0.38926756,-0.7707324,-1.1607324
-1.3407325,-1.6307324,-1.4107324,1.5492675,4.5392675,3.9592676,3.5292675,3.4392676,3.6892676,4.6792674,6.529268,4.2192674,3.1392677,2.2392676,2.8192675,1.9092675,1.0892676,0.04926758,-0.8907324,-1.0607324,-1.1807324,-1.7107325,-2.0407324,-2.2007325,-0.9007324,-0.79073244,0.08926758,1.3692676,2.3192675,4.529268,4.029268,5.9492674,6.2892675,2.2292676,5.1792674,-3.6707325,-0.8407324,0.3292676,1.9692676,6.8792677,2.1692677,4.7292676,6.9292674,-4.0107327,4.8792677,1.2992675,-0.47073242,-0.85073245,2.9192677,2.3392675,1.8992676,0.7492676,0.51926756,0.14926758,1.7092676,0.7192676,0.94926757
-3.0007324,-3.5207324,-4.1307325,-3.8907325,-1.0507324,0.5592676,0.95926756,-0.30073243,1.8792676,-0.090732425,0.41926757,-1.0407324,2.3092675,0.7492676,1.7192676,0.8192676,-0.80073243,-1.5707325,0.8492676,-0.010732422,-0.31073242,-1.0107324,-1.7407324,-1.4407325,-0.97073245,-0.16073242,2.5992675,3.8292675,3.6792676,5.3292675,5.9792676,6.8292675,5.6992674,5.0392675,3.2292676,0.039267577,-0.43073243,-1.9807324,-0.5807324,-0.4507324,-0.17073242,2.2092676,3.8692675,0.4592676,3.2492676,1.9592676,-0.7507324,2.0092676,2.3192675,1.1892676,1.0492675,0.69926757,0.49926758,0.2992676,1.8892676,0.9792676,2.3992677
-6.220732,-6.5307326,-2.5707324,-2.8507323,-5.1707325,-4.9807324,-0.23073243,1.2592676,0.41926757,-1.2307324,-1.9307324,0.8592676,0.15926757,-0.4807324,-1.0807325,1.2892675,0.63926756,-0.49073243,-0.5007324,-0.74073243,-0.8207324,0.7292676,-1.6707324,-1.7407324,0.6592676,0.5392676,0.46926758,0.30926758,0.46926758,1.4692676,2.6092675,3.5692675,3.0392675,2.4892676,1.8892676,-1.1507324,0.13926758,-0.11073242,-0.5107324,-0.27073243,0.13926758,0.82926756,-0.04073242,-2.2507324,1.0192676,3.1492677,-0.86073244,0.64926755,2.8492675,3.3592675,-1.5307324,1.1892676,-0.44073242,2.8492675,2.1692677,-0.43073243,-1.3507324
-1.2507324,1.8092675,-4.9807324,-5.3807325,-4.9107323,-3.4307325,-2.9207325,-1.1107324,-1.1107324,-0.020732421,-1.0807325,1.2692676,0.04926758,-0.44073242,0.17926759,0.24926758,2.6392677,1.3892676,1.7992675,2.1392677,-1.0807325,2.6692677,1.1992676,-0.36073244,-0.4207324,0.27926758,-0.8107324,-0.8407324,0.009267578,0.9092676,-0.98073244,-0.99073243,0.9892676,0.029267577,-3.3407323,-1.9307324,-0.18073243,0.5992676,0.43926758,-0.7707324,0.9092676,0.95926756,1.5192676,0.5392676,-2.2307324,-0.33073243,1.5692676,-1.8707324,-2.2607324,-1.0507324,-0.49073243,0.06926758,0.89926755,0.70926756,-0.23073243,-0.6407324,-0.66073245
-1.9407325,-4.3807325,-5.0907326,-2.4907324,3.5992675,0.70926756,-1.3507324,-0.090732425,-0.30073243,0.4892676,0.47926757,-2.2307324,-0.3207324,-2.3207324,-0.97073245,-1.0607324,-0.99073243,0.2992676,2.7692676,2.2992675,1.5092676,1.7292676,-0.7807324,1.8592676,-0.79073244,-1.4407325,-1.4707325,-1.2407324,-1.3007324,-0.14073242,-0.2607324,0.19926758,0.28926757,0.6692676,4.9892673,4.4192677,0.6792676,3.1992676,1.8292676,-0.98073244,-1.0707325,-0.22073242,2.3192675,0.5992676,-0.22073242,-1.0407324,1.3092675,-1.8407325,-1.4607325,0.64926755,-1.1207324,1.0992676,0.5992676,0.21926758,-1.3207325,-2.3207324,-2.7607324
2.0792675,0.58926755,-2.5707324,-1.6707324,4.3292675,1.8292676,-2.6807325,-3.3107324,0.04926758,0.6792676,2.2692676,0.89926755,-1.8807324,-2.5607324,-2.5907323,-3.1807325,-2.0807323,-1.1007324,0.43926758,2.5092676,1.4692676,-1.2307324,-1.2307324,1.4892676,-0.4507324,0.75926757,-0.49073243,-0.5207324,1.2292676,0.76926756,2.4692676,1.1992676,1.3192676,6.3092675,4.9692674,3.6992676,2.8592675,1.1392676,1.9592676,-0.38073242,0.2992676,1.9192675,1.2592676,0.4592676,0.9792676,-0.19073242,-2.1407325,-2.3007324,-2.2207325,-0.7507324,-0.21073242,0.49926758,1.2492676,0.70926756,-1.4207324,-0.72073245,2.8092675
-0.18073243,2.3092675,3.2392676,-1.8507324,1.2992675,1.7492676,1.3992676,1.1992676,1.7192676,0.6192676,2.5392675,3.1492677,0.57926756,-2.3907325,-1.3507324,0.8592676,1.5892676,1.1992676,0.27926758,1.6492676,2.1192675,1.5392675,1.6092676,-1.3207325,-0.090732425,2.8492675,2.7392676,2.6792676,3.0692675,3.2992675,2.8692675,4.1592674,2.8292675,2.8492675,2.7192676,3.0192676,1.8392676,0.9392676,0.6292676,1.2392676,-0.7607324,-0.4507324,2.5992675,3.1692677,1.0092676,1.1492676,-1.3907324,-2.5307324,-1.5707325,-0.5907324,0.95926756,-0.74073243,-0.020732421,1.0692676,2.8992677,2.6392677,3.6192675
1.2392676,-0.21073242,-0.37073243,-0.030732421,0.12926757,3.6992676,5.2892675,2.2392676,0.10926758,2.9492676,2.0492675,0.95926756,1.8792676,-1.5907325,2.6292677,4.8792677,5.0392675,4.9992676,3.1092675,1.7692676,2.4692676,2.1692677,1.4692676,0.23926757,2.3992677,1.7292676,1.1792675,1.9792676,2.7592676,3.1492677,3.3392675,1.5992676,0.24926758,1.1592675,-0.6307324,1.6392676,-2.5307324,-1.0107324,-1.4707325,2.0292675,-2.0407324,0.8092676,0.2692676,3.4692676,1.6992676,-1.6207324,-1.7907324,-0.47073242,-1.9307324,0.28926757,1.5592675,-0.5607324,1.0192676,1.4392676,3.0892675,3.7992675,3.9092677
0.43926758,-2.2907324,0.5992676,1.4492676,0.34926757,4.3892674,2.6892676,1.5292675,0.15926757,2.4292676,-1.3907324,-0.7507324,2.9592676,5.4092674,5.0392675,6.4892673,6.3592677,6.3292675,6.6192675,2.7892675,2.0192676,2.0492675,2.3692675,2.0192676,0.64926755,1.2992675,3.2092676,1.9992676,0.8092676,2.8892677,1.8792676,0.9392676,-0.99073243,2.3092675,-0.49073243,-0.6307324,-2.3807325,-1.9207324,1.0692676,1.4892676,1.7992675,0.39926758,0.34926757,1.8992676,0.36926758,-0.25073242,-1.2407324,-0.80073243,-0.5207324,0.5592676,0.12926757,0.8792676,1.3592676,1.6692675,3.9692676,2.5692675,2.5192676
-0.3207324,-0.47073242,0.06926758,-0.5607324,0.8192676,1.3292676,5.1892676,3.3792677,3.7392676,1.8992676,-0.7007324,1.2192676,1.6792675,3.8292675,5.3492675,5.6892676,6.4392676,6.029268,5.3592677,4.8392677,2.5192676,2.6792676,3.6192675,3.0392675,2.8592675,1.8192676,0.7192676,-0.2907324,1.6292676,1.4092675,-0.86073244,1.4792676,0.47926757,0.8592676,-1.2707324,3.1292677,-3.1007323,-1.5907325,-1.2907324,0.6592676,0.36926758,1.5792676,1.0092676,-0.6207324,0.5692676,-0.46073243,1.7492676,-2.5107324,1.9692676,-0.18073243,1.1492676,0.9292676,1.1692675,2.1592677,2.0792675,1.6592675,2.2892675
2.0492675,0.49926758,1.0392675,1.3792676,2.3092675,0.7192676,2.0092676,4.2392673,2.0792675,1.4492676,0.94926757,0.8692676,1.6192676,3.2492676,5.029268,4.5592675,5.2492676,4.8892674,4.9992676,4.3992677,2.9092677,1.8992676,2.7492676,3.5592675,3.6292677,3.4492676,2.7592676,2.0792675,0.7892676,0.47926757,-0.16073242,-0.35073242,0.7492676,-0.80073243,0.019267578,-1.0907325,-0.73073244,-3.4207325,-0.86073244,-0.49073243,-0.74073243,0.37926757,0.38926756,-1.1407324,0.16926758,1.0992676,2.9592676,3.6092675,1.7292676,2.1292677,1.3392676,1.7592676,1.0092676,1.8492676,1.2992675,2.1192675,2.1992676
-1.3107324,-0.6307324,-1.0807325,-0.030732421,0.6292676,1.8292676,2.2792675,3.2792675,1.4192675,0.28926757,1.6092676,1.0092676,2.3992677,3.4592676,4.759268,3.1392677,3.5092676,4.4292674,4.4592676,4.4492674,3.8992677,4.1492677,2.3792677,2.4792676,2.5892675,2.7392676,2.5092676,2.5592675,2.2492676,0.8092676,-1.1807324,-2.4807324,-3.4007325,-4.5407324,-2.9907324,-2.2407324,-0.5607324,0.63926756,-0.9607324,0.10926758,-0.2607324,0.019267578,-0.41073242,-1.3707324,-0.10073242,1.6792675,0.9292676,1.3292676,-0.3907324,1.0492675,0.4292676,1.0492675,0.5692676,1.2692676,2.2192676,1.7092676,2.0792675
-1.2207325,-3.4307325,-4.1207323,-2.8107324,-0.030732421,2.2492676,3.6992676,4.9492674,5.5192676,6.1092677,5.2392673,5.9192677,3.4892676,3.7692676,3.9592676,3.3692675,2.1892676,1.9592676,2.5192676,2.5692675,4.009268,4.3292675,3.0892675,2.8692675,2.4592676,2.1692677,2.3592675,2.3492675,2.5592675,1.8892676,0.10926758,-1.1207324,-1.9107324,-2.5607324,-2.5907323,-2.1707325,-0.8307324,-0.98073244,-1.1007324,0.18926758,-0.97073245,-1.4807324,0.5992676,-1.2707324,-0.74073243,0.27926758,-1.1407324,-1.0007324,-0.27073243,-0.5007324,-0.67073244,-0.5007324,0.18926758,1.2192676,1.3692676,1.2092676,1.1492676
-2.0207324,-3.1707325,-0.7607324,-0.23073243,2.0192676,2.8992677,3.8392675,4.7692676,5.1392674,5.4092674,5.0192676,4.4392676,5.299268,5.2292676,5.5592675,3.1692677,2.7392676,0.6592676,2.5092676,1.6292676,2.6792676,2.8892677,2.7792675,1.8192676,1.2792675,1.3592676,1.7692676,1.6892676,1.8592676,-0.010732422,-0.92073244,-0.73073244,-0.86073244,-1.4607325,-1.6407324,-0.5807324,-0.5807324,-1.9407325,0.2992676,-0.79073244,-0.5807324,-1.3707324,-0.73073244,-1.5907325,-1.0707325,-0.050732423,-1.5507324,-0.73073244,-1.1707324,-2.0407324,-1.2207325,-0.38073242,0.27926758,0.89926755,0.70926756,0.9092676,0.9792676
0.5392676,0.77926755,-0.73073244,0.64926755,4.3892674,4.2392673,4.1792674,4.5692677,4.9292674,5.1192675,4.9392676,4.6492677,5.0592675,4.0792675,3.6892676,2.7192676,2.2092676,3.5092676,3.2092676,1.2892675,1.1692675,0.9992676,1.6292676,0.9692676,-0.24073242,1.4492676,-0.19073242,-0.4807324,-1.0707325,-0.7507324,-1.2907324,-1.2207325,-1.9307324,-2.4407325,-1.3907324,-0.6207324,-0.8907324,-1.3907324,0.57926756,0.5592676,-1.2907324,-0.54073244,-0.8707324,-1.6707324,-1.3307325,-1.2107325,-1.2907324,-0.5107324,-0.8807324,-0.55073243,-1.4007324,-2.9207325,-0.9507324,-0.86073244,-0.8807324,0.14926758,1.9392676
-2.2207325,0.2692676,4.0992675,5.9092674,5.7192674,4.8392677,4.4392676,4.3392677,4.5392675,4.5592675,4.529268,4.3692675,4.8692675,2.9992676,2.3792677,0.47926757,1.9292675,2.6192675,3.0092676,1.5992676,1.0192676,0.9292676,-1.3607324,-0.24073242,-0.8707324,-1.1407324,-0.06073242,-1.5507324,-0.6907324,-1.3007324,-1.0707325,-2.0907323,-2.7407324,-3.0207324,-3.1707325,0.31926757,1.2792675,-0.92073244,-0.18073243,0.27926758,-1.7707324,-1.7907324,-1.5207324,-1.4407325,-1.1007324,-1.2607324,-0.36073244,-1.1907325,-0.37073243,-0.6507324,-0.5707324,-1.9207324,-2.8407323,-2.9407325,-0.80073243,-0.23073243,-0.38073242
-1.3007324,0.27926758,2.3992677,4.9192677,5.1992674,4.8892674,4.4992676,4.4692674,4.2392673,4.1292677,4.4892673,4.5592675,3.6692677,4.0692677,1.3792676,0.37926757,2.1092675,3.9092677,2.1092675,1.5692676,1.9692676,-0.12073242,-1.0207324,0.20926757,-0.8807324,-0.4807324,0.23926757,1.0592675,-0.66073245,-3.2707324,-3.2107325,-2.7307324,-4.470732,-5.0107327,-4.7307324,2.1992676,-0.36073244,-2.0507324,-2.2507324,0.5992676,-1.0507324,-1.4807324,-1.0007324,-1.2007325,-0.8307324,-1.0007324,-0.6307324,-1.3107324,-0.8207324,-3.4107325,-2.7607324,-4.0207324,-4.7507324,-5.6807323,-5.1107326,-3.1807325,-1.5707325
-0.11073242,0.46926758,3.1292677,4.259268,4.7892675,4.9092674,4.4292674,4.1092677,3.9792676,3.6392677,4.4492674,5.0192676,2.9092677,2.8792677,3.5192676,2.0692675,1.9592676,2.7492676,0.3592676,0.9392676,1.8192676,1.2992675,0.69926757,1.3992676,0.64926755,0.119267575,0.33926758,-0.27073243,-1.0207324,-3.3007324,-2.9607325,-4.1807323,-6.3507323,-6.9607325,-7.5107327,-7.5007324,-6.9307323,-2.0607324,-1.4407325,-0.07073242,-2.2307324,0.18926758,-1.4107324,-0.38073242,-1.4807324,-0.6507324,-0.7607324,-1.1607324,-1.4407325,-1.9607325,-4.0807323,-3.1707325,-6.5707326,-6.0407324,-5.0307326,-4.2807326,-3.9007325
0.46926758,2.1492677,2.9792676,3.9492676,4.3392677,4.4492674,4.4692674,3.6992676,3.3592675,3.0792675,3.0092676,3.3892677,3.2492676,3.9492676,3.2292676,3.1592677,0.8492676,1.7692676,0.41926757,1.2592676,1.3092675,1.0792676,1.3292676,1.3292676,1.0392675,-0.5907324,-1.0107324,-0.18073243,-0.49073243,-1.0607324,-2.5507324,-5.0307326,-6.6807323,-8.950732,-10.750732,-11.330732,-11.190732,-4.6707325,-2.6107323,-1.4107324,-1.0407324,0.119267575,-0.5907324,-0.6507324,-0.74073243,-0.5207324,-0.67073244,-0.8107324,-2.5107324,-1.0507324,-5.2807326,-3.3007324,1.6092676,-2.7407324,-5.1707325,-5.5007324,-5.8807325
-0.21073242,0.9292676,1.7792675,3.1392677,4.2292676,4.8292675,4.7292676,4.1692677,3.1092675,2.9292676,2.9492676,2.9492676,2.6492677,3.0792675,3.0892675,3.4092677,-0.67073244,2.5992675,4.8292675,2.5692675,1.7392676,2.1192675,1.9292675,1.7192676,1.4292675,0.8192676,-2.3607323,0.10926758,0.28926757,-1.1107324,-2.6007323,-4.3107324,-6.6107326,-8.030732,-10.640733,-6.7307324,-3.4707325,-5.4107323,-2.2207325,-1.8707324,-1.1107324,-0.41073242,-1.5407324,-0.36073244,-1.7807324,-1.1307324,-2.6407325,-1.6107324,-0.9407324,-2.1707325,-4.8607326,-7.3207326,-6.6107326,-6.8807325,-5.6907325,-5.4407325,-6.200732
1.6092676,2.6592677,2.9992676,3.6192675,4.4192677,4.7692676,4.6692677,4.4492674,3.5892675,2.3592675,2.3292675,2.2792675,2.0392675,2.5392675,2.5192676,2.2592676,1.2092676,2.4592676,3.7092676,3.6592677,3.2092676,3.3192675,3.3292675,3.4292676,2.8192675,2.3392675,2.1592677,1.1192676,0.5592676,-0.38073242,-1.2507324,-1.3307325,-2.8107324,-5.1507325,-5.5007324,1.9892676,1.9892676,0.51926756,-1.4407325,-1.6707324,-0.40073243,-0.8807324,-0.4207324,-1.0307324,-0.5007324,-1.7307324,-1.6107324,-1.6307324,-0.5907324,-0.92073244,-3.6707325,-6.1207323,-6.3407326,-5.7307324,-5.7607327,-4.5507326,-4.4407325
3.7292676,3.4492676,2.9892676,2.4292676,3.3592675,4.0892677,4.4292674,4.3992677,3.6492677,2.2992675,0.41926757,0.47926757,0.95926756,1.7292676,2.6092675,2.6792676,3.3492675,2.5992675,4.6892676,5.529268,4.4792676,5.4692674,5.3192677,4.6892676,3.7892675,6.3892674,5.4692674,2.7392676,0.5992676,0.30926758,-1.0207324,-1.4007324,0.39926758,5.9692674,6.0792675,4.7392673,4.9292674,3.0792675,0.09926758,1.8292676,1.0992676,-0.85073245,0.5692676,1.1192676,-0.08073242,0.37926757,0.2692676,-0.5307324,-1.1807324,0.49926758,-1.2507324,-2.1107323,-5.700732,-5.1107326,-5.4807324,-4.4207325,-3.1407325
