raw-data/2018091512.json
{"header": { "discipline":0, "disciplineName":"Meteorological products", "gribEdition":2, "gribLength":74143, "center":7, "centerName":"US National Weather Service - NCEP(WMC)", "subcenter":0, "refTime":"2018-09-15T12:00:00.000Z", "significanceOfRT":1, "significanceOfRTName":"Start of forecast", "productStatus":0, "productStatusName":"Operational products", "productType":1, "productTypeName":"Forecast products", "productDefinitionTemplate":0, "productDefinitionTemplateName":"Analysis/forecast at horizontal level/layer at a point in time", "parameterCategory":2, "parameterCategoryName":"Momentum", "parameterNumber":2, "parameterNumberName":"U-component_of_wind", "parameterUnit":"m.s-1", "genProcessType":2, "genProcessTypeName":"Forecast", "forecastTime":0, "surface1Type":103, "surface1TypeName":"Specified height level above ground", "surface1Value":10.0, "surface2Type":255, "surface2TypeName":"Missing", "surface2Value":0.0, "gridDefinitionTemplate":0, "gridDefinitionTemplateName":"Latitude_Longitude", "numberPoints":65160, "shape":6, "shapeName":"Earth spherical with radius of 6,371,229.0 m", "gridUnits":"degrees", "resolution":48, "winds":"true", "scanMode":0, "nx":360, "ny":181, "basicAngle":0, "lo1":0.0, "la1":90.0, "lo2":359.0, "la2":-90.0, "dx":1.0, "dy":1.0 }, "data":
[rows 50 to 74 of 181, columns 174 to 231 of 360]
0.8163452,-0.7236548,0.34634522,1.4263452,2.3963451,2.1563451,1.9863452,1.6663452,1.2563453,0.7163452,0.6363452,1.4663452,-1.0536548,-1.3236548,-1.7636548,0.8263452,0.016345214,1.2663453,4.856345,3.9063451,3.5963452,3.5163453,3.1463451,2.9863453,3.3863451,3.3963451,3.8363452,4.1963453,4.146345,3.9763453,4.016345,4.266345,4.556345,4.916345,5.296345,5.126345,4.786345,4.836345,4.786345,4.6763453,4.0063453,3.436345,3.6463451,4.5263453,4.316345,3.9563453,3.6663451,3.3763452,4.556345,5.626345,5.6563454,5.4263453,4.976345,4.9863453,4.476345,4.036345,3.3363452,3.8163452
-0.31365478,0.33634523,0.37634522,0.53634524,0.6763452,0.016345214,0.20634522,-0.6936548,-1.1936548,-1.4936547,-2.3636549,-2.3936548,-3.1536548,-2.1636548,-0.52365476,1.7563453,3.8363452,2.5263453,2.8163452,2.3963451,2.6663451,2.4163451,2.1163452,1.8963453,2.0863452,2.3263452,2.7863452,3.1263452,4.0763454,4.5963454,3.5863452,3.2663453,3.0763452,2.3563452,2.2463453,2.8163452,3.5663452,3.926345,3.8063452,3.4563453,3.0663452,3.0563452,2.7163453,3.2363453,3.5563452,2.8063452,2.2863452,3.2463453,4.5763454,4.7363453,4.8463454,4.3863454,4.8263454,4.376345,3.6963453,4.016345,5.396345,3.9663453
-2.3036547,-1.6436548,-3.0236547,-2.8036547,-2.313655,-3.3736548,-3.4136548,-3.6136549,-3.6236548,-3.6536548,-4.1136546,-4.503655,-4.1136546,-1.0836548,1.3263452,1.5863452,1.9163452,1.5263453,1.4763452,1.4663452,0.66634524,-0.033654787,0.006345215,0.18634522,0.60634524,0.7063452,1.1363453,1.9863452,2.8163452,3.0263453,2.2063453,1.6763452,0.3863452,-0.32365477,0.2963452,1.7963452,2.2463453,2.0663452,2.2163453,2.2963452,2.1963453,1.9763452,2.0063453,2.6563451,2.5963452,2.0263453,1.7963452,3.6563451,4.126345,4.1763453,4.416345,3.426345,2.9563453,3.1663451,3.2163453,3.3663452,4.5063453,4.726345
-3.6736548,-3.2836547,-3.9236548,-3.9036548,-4.753655,-5.0136547,-5.333655,-5.503655,-5.6736546,-5.453655,-5.2236547,-5.0936546,-0.70365477,-1.0736548,-0.25365478,-0.3036548,-0.24365479,-0.3936548,-0.5536548,-0.2736548,-1.0936548,-1.4936547,-1.2236547,-1.1936548,-0.77365476,-0.9236548,-1.0336548,0.5263452,1.4363452,1.4763452,1.0863452,-0.113654785,-0.8436548,-0.96365476,-0.4636548,0.6763452,-0.13365479,-1.3736548,-0.8136548,0.106345214,0.39634523,0.78634524,1.4563452,2.3063452,2.0263453,1.5063453,3.0563452,3.6363451,3.8263452,3.8463452,4.1763453,2.7563453,2.4763453,2.8063452,4.336345,5.286345,4.0963454,4.306345
-5.6536546,-5.1736546,-5.2636547,-6.273655,-6.7436547,-6.9236546,-6.943655,-6.1336546,-5.963655,-6.483655,-3.7536547,0.4163452,-1.3936548,-1.6536548,-1.5536548,-1.3736548,-1.8736548,-2.0436547,-2.1036549,-1.4736547,-1.1436548,-2.4136548,-2.9336548,-3.1736548,-2.8036547,-1.5336548,-0.83365476,-0.5736548,-0.17365478,0.036345214,-0.9336548,-1.6836548,-1.2036548,-1.7036548,-1.3136548,-0.113654785,-1.2836548,-2.4236548,-2.1136549,-1.6336548,-0.5936548,0.8163452,1.3063452,0.9263452,1.5563452,2.936345,2.8763452,3.0363452,3.2063453,3.4963453,3.7863452,4.546345,4.166345,4.126345,4.8663454,4.0963454,4.0763454,3.926345
-6.833655,-6.9736547,-7.1336546,-7.623655,-7.2436547,-7.433655,-7.4036546,-6.963655,-3.4736547,0.21634522,-1.8136548,-1.7536548,-2.5036547,-2.9636548,-3.0536547,-3.4636548,-3.823655,-4.023655,-4.183655,-3.8536549,-3.2336547,-3.1036549,-2.5336547,-3.0836549,-3.563655,-2.563655,-2.3436549,-3.0836549,-3.1336548,-3.2436547,-3.0436547,-2.1736548,-2.1236548,-2.063655,-2.1236548,-1.7336547,0.2563452,-1.5836548,-1.0036548,-1.4036548,-1.0336548,-0.64365476,0.2563452,1.5763452,2.176345,2.0263453,2.5863452,2.7363453,2.6463451,3.5063453,3.426345,3.7463453,4.666345,5.9463453,4.806345,4.1963453,3.3163452,3.0263453
-9.063655,-8.033655,-7.273655,-7.733655,-7.3636546,-6.9936547,-6.293655,-2.8736548,-2.2836547,-2.7136548,-3.063655,-3.313655,-4.1136546,-4.603655,-4.833655,-4.963655,-5.193655,-5.563655,-5.3036547,-4.5936546,-3.5436547,-3.8936548,-3.9936547,-3.5136547,-3.3336549,-3.8736548,-4.7636547,-4.8836546,-4.833655,-4.0936546,-3.6536548,-3.3336549,-3.0336547,-2.9236548,-2.6736548,-2.9636548,-2.4836547,-1.0536548,-0.7436548,-1.0636548,-0.6936548,-0.08365478,0.5063452,0.30634522,0.39634523,0.27634522,0.7063452,1.2163452,2.6463451,3.6163452,4.9663453,6.296345,5.126345,4.0963454,3.5763452,3.7963452,3.6063452,3.0263453
-9.423655,-8.773655,-7.353655,-5.313655,-5.193655,-4.953655,-2.8436549,-2.823655,-4.003655,-4.313655,-4.1736546,-4.583655,-5.4036546,-6.003655,-6.483655,-6.8636546,-6.5536547,-6.3036547,-6.1536546,-5.703655,-5.4736547,-5.123655,-5.123655,-4.913655,-4.693655,-5.503655,-6.413655,-6.463655,-5.873655,-5.103655,-4.5336547,-4.163655,-3.6036549,-3.4736547,-3.563655,-3.563655,-3.4636548,-3.0236547,-2.5436547,-2.2936547,-1.6236548,-1.3736548,-1.0436548,-0.9936548,-0.71365476,0.37634522,0.3163452,0.8263452,3.6063452,3.7463453,3.2163453,2.2863452,1.9063452,1.8063452,1.7463452,2.4863453,3.1463451,3.3163452
-6.933655,-6.433655,-5.6536546,-5.0336547,-5.3236547,-4.453655,-2.8736548,-4.3036547,-5.123655,-5.0736547,-5.293655,-6.043655,-6.393655,-6.7836547,-7.8036547,-7.453655,-7.603655,-7.503655,-7.043655,-6.273655,-6.543655,-6.713655,-6.503655,-6.483655,-6.6536546,-6.9236546,-7.293655,-7.0536547,-6.4936547,-6.373655,-5.8636546,-4.943655,-4.123655,-4.5536547,-4.7436547,-3.7236547,-3.4436548,-3.3336549,-2.7936547,-2.2536547,-1.9836547,-1.6436548,-1.3636547,-0.58365476,-0.24365479,0.7163452,1.9463452,1.6563452,0.9063452,0.6563452,0.54634523,2.1263452,2.4163451,1.8463452,1.2663453,1.4163452,1.7363452,1.7563453
-7.7836547,-7.3236547,-6.983655,-6.2836547,-5.463655,-3.8836548,-4.6136546,-5.643655,-5.8236547,-5.913655,-6.643655,-7.043655,-6.873655,-6.713655,-7.4736547,-8.123654,-8.2136545,-8.123654,-8.203655,-8.193655,-7.813655,-7.8036547,-8.093655,-7.963655,-8.123654,-7.9036546,-7.6336546,-6.983655,-6.813655,-7.123655,-7.583655,-7.043655,-5.5136547,-4.0536547,-3.6936548,-3.323655,-3.063655,-3.5236547,-3.4336548,-2.9336548,-2.1836548,-1.4236548,-0.7336548,-0.2936548,0.13634521,-0.043654785,-1.1336548,-1.4036548,-1.4336548,-0.70365477,0.2863452,0.27634522,0.5163452,0.34634522,0.37634522,0.7063452,1.0163453,0.98634523
-6.853655,-6.543655,-6.0736547,-4.7636547,-4.943655,-5.3836546,-6.2436547,-6.5336547,-6.4236546,-7.0336547,-7.6336546,-7.893655,-7.5936546,-7.1536546,-7.2836547,-8.523655,-9.163654,-9.163654,-9.133655,-9.2136545,-9.323655,-9.123654,-8.833654,-9.033655,-9.203655,-8.7136545,-8.133655,-7.5536547,-6.953655,-6.3236547,-5.543655,-6.0936546,-6.3436546,-5.5936546,-4.703655,-3.8936548,-3.1036549,-3.2636547,-3.5936549,-2.0036547,-1.8736548,-0.8036548,-1.4936547,-0.4936548,-0.89365476,-1.6136547,-1.7736548,-2.323655,-1.7336547,-2.1036549,-2.1336548,-2.1636548,-2.2236547,-2.063655,-1.7836548,-1.0436548,-0.8236548,-0.47365478
-5.9936547,-5.8436546,-6.183655,-6.003655,-6.523655,-6.933655,-7.443655,-7.183655,-7.3236547,-7.643655,-8.293654,-8.643655,-8.403655,-8.173655,-8.523655,-9.123654,-9.663654,-9.843655,-9.933655,-9.973655,-10.223655,-10.193655,-9.9636545,-9.723655,-9.443655,-9.143655,-8.473655,-7.693655,-7.143655,-5.8036547,-5.953655,-5.9936547,-6.083655,-6.523655,-5.8836546,-4.753655,-3.9836547,-3.2936547,-3.5136547,-2.813655,-2.823655,-2.313655,-2.9336548,-3.0036547,-2.5136547,-2.0936549,-2.0336547,-2.1036549,-2.313655,-3.0136547,-3.5936549,-4.0536547,-4.1736546,-4.313655,-4.163655,-3.7836547,-3.1236548,-2.5436547
-5.4736547,-6.273655,-7.0336547,-7.4236546,-7.8236547,-8.053655,-8.173655,-8.033655,-7.9936547,-8.123654,-8.983655,-9.273655,-9.383655,-9.093655,-9.383655,-9.413654,-9.663654,-9.733655,-10.083654,-10.413654,-10.573655,-10.163654,-9.763655,-9.103655,-8.9636545,-9.493655,-9.023655,-8.523655,-7.6736546,-6.9036546,-6.393655,-6.2436547,-6.4736547,-7.443655,-6.683655,-5.583655,-4.8036547,-4.1136546,-3.7936547,-4.5336547,-3.9536548,-4.0936546,-4.083655,-3.7636547,-3.4236548,-2.9736547,-2.1736548,-2.8436549,-3.4236548,-3.9936547,-4.893655,-5.373655,-5.4736547,-5.543655,-5.503655,-5.043655,-4.433655,-3.7636547
-6.373655,-6.7236547,-8.203655,-8.013655,-8.313655,-7.7836547,-8.163654,-8.383655,-8.413654,-8.353655,-9.083654,-9.703655,-9.543654,-9.243655,-9.143655,-9.2136545,-9.643655,-9.793654,-9.693655,-9.813655,-9.803655,-9.983655,-9.9636545,-9.933655,-9.413654,-9.0036545,-8.403655,-8.4636545,-8.843655,-8.033655,-7.3836546,-6.663655,-5.913655,-5.2236547,-5.8836546,-5.5336547,-5.563655,-4.893655,-4.4736547,-4.7636547,-4.7436547,-4.1536546,-4.4936547,-4.373655,-3.9936547,-3.3536549,-3.563655,-4.6336546,-4.483655,-4.8836546,-5.683655,-6.083655,-6.373655,-6.4036546,-6.483655,-6.273655,-5.273655,-4.5336547
-6.693655,-7.213655,-8.223655,-8.223655,-7.663655,-8.133655,-9.673655,-9.4636545,-8.783655,-8.573655,-9.0036545,-9.433655,-9.183655,-8.543654,-8.853655,-9.7136545,-10.313655,-10.513655,-10.233655,-9.853655,-9.773655,-9.693655,-9.4636545,-9.733655,-9.563655,-10.173655,-9.933655,-9.5036545,-9.493655,-8.903655,-8.403655,-7.683655,-7.1336546,-6.5136547,-6.083655,-5.413655,-6.4036546,-5.6336546,-4.9936547,-4.563655,-5.333655,-5.443655,-4.9036546,-4.043655,-4.693655,-4.773655,-4.733655,-5.3036547,-5.1736546,-5.7636547,-6.2636547,-6.5736547,-6.623655,-7.1136546,-7.2836547,-6.703655,-6.1536546,-4.853655
-7.0736547,-8.153655,-8.523655,-8.153655,-7.3836546,-8.2136545,-8.603655,-9.603655,-8.943655,-8.4636545,-8.583654,-8.473655,-8.973655,-9.363655,-10.063655,-10.673655,-10.783655,-11.363655,-10.513655,-10.183655,-9.983655,-9.203655,-9.233655,-9.433655,-9.633655,-9.203655,-9.273655,-10.033655,-10.383655,-10.023655,-9.153655,-8.353655,-7.8436546,-7.3836546,-6.933655,-6.8036547,-6.583655,-5.7636547,-5.203655,-4.4036546,-4.7636547,-5.063655,-4.373655,-4.933655,-4.9236546,-5.043655,-5.563655,-5.1536546,-5.983655,-6.0536547,-6.183655,-6.4036546,-6.983655,-7.8836546,-8.593655,-7.563655,-6.873655,-5.7636547
-8.283655,-8.693655,-8.653655,-8.063655,-7.3636546,-7.083655,-8.563655,-8.9636545,-8.933655,-8.313655,-8.443655,-8.733655,-8.853655,-9.533655,-9.803655,-10.663654,-10.483655,-10.433655,-10.033655,-10.913654,-10.053655,-9.883655,-8.773655,-9.423655,-10.033655,-9.813655,-10.023655,-10.263655,-10.543654,-10.333654,-9.823655,-9.313655,-8.603655,-8.013655,-7.663655,-7.2636547,-6.873655,-6.4936547,-5.963655,-5.393655,-5.5136547,-5.4236546,-5.693655,-5.0536547,-5.583655,-5.443655,-5.4936547,-6.003655,-5.4036546,-5.5936546,-5.983655,-6.3836546,-7.483655,-8.523655,-9.433655,-8.693655,-7.7836547,-6.293655
-9.063655,-8.773655,-8.2136545,-8.393655,-8.173655,-7.9036546,-8.283655,-8.453655,-8.653655,-8.2136545,-8.443655,-8.413654,-8.573655,-8.793654,-9.493655,-10.103655,-10.203655,-10.013655,-10.423655,-10.433655,-11.183655,-10.453655,-9.643655,-9.573655,-9.033655,-9.653655,-9.923655,-10.573655,-11.283655,-11.373654,-10.573655,-9.143655,-7.9736547,-7.3036547,-7.043655,-6.963655,-6.753655,-6.773655,-6.453655,-6.0736547,-5.8436546,-5.9736547,-6.193655,-5.583655,-5.353655,-5.353655,-5.8436546,-4.813655,-4.6536546,-5.7436547,-5.313655,-5.733655,-7.3836546,-9.0036545,-10.013655,-9.973655,-8.4636545,-7.103655
-8.723655,-8.343655,-8.703655,-9.153655,-8.703655,-8.2136545,-8.603655,-8.383655,-8.063655,-8.203655,-8.103655,-7.7236547,-8.433655,-8.793654,-9.293654,-9.653655,-10.103655,-10.333654,-9.553655,-10.563655,-9.273655,-8.573655,-8.063655,-8.063655,-7.043655,-5.313655,-3.0936549,-8.023655,-9.583654,-10.323655,-11.373654,-10.953655,-9.513655,-8.413654,-7.693655,-7.063655,-6.5936546,-6.463655,-6.7436547,-6.483655,-6.753655,-6.523655,-6.693655,-6.023655,-5.8036547,-5.6136546,-4.913655,-4.0736547,-4.623655,-5.203655,-4.853655,-4.1736546,-4.683655,-5.983655,-8.543654,-9.623654,-8.563655,-7.4736547
-8.5036545,-9.293654,-8.453655,-9.163654,-8.683655,-7.9236546,-8.513655,-8.563655,-7.5536547,-7.643655,-7.8636546,-7.3236547,-7.163655,-8.143655,-8.173655,-9.333654,-9.193655,-8.403655,-7.103655,-8.743655,-8.383655,-8.663654,-8.203655,-8.403655,-8.873654,-8.423655,-7.233655,-7.233655,-7.083655,-4.5736547,-8.613655,-10.153655,-10.483655,-9.793654,-8.653655,-7.813655,-7.043655,-6.5136547,-6.2236547,-6.103655,-6.1136546,-6.4036546,-6.2636547,-6.353655,-5.6136546,-5.833655,-3.9436548,-4.2436547,-4.663655,-4.1136546,-3.7236547,-2.8336549,-3.7136548,-5.253655,-3.4436548,-6.6536546,-8.723655,-7.543655
-8.783655,-8.833654,-8.673655,-8.513655,-8.633655,-8.033655,-8.283655,-8.223655,-7.1136546,-6.793655,-7.163655,-6.3636546,-6.5536547,-6.7236547,-6.043655,-5.943655,-3.7336547,-5.0936546,-5.713655,-6.5536547,-6.3036547,-8.123654,-8.093655,-7.793655,-7.193655,-6.9736547,-5.3036547,-4.103655,-7.9736547,-8.403655,-2.1636548,-6.2436547,-8.993655,-9.733655,-9.263655,-8.553655,-7.9936547,-7.253655,-6.543655,-6.0936546,-6.1736546,-6.2636547,-6.233655,-6.1736546,-6.0536547,-4.7636547,-3.9836547,-4.733655,-3.4636548,-3.4636548,-2.1936548,-1.4036548,-1.2036548,-5.2436547,-3.1236548,-3.2036548,-6.603655,-7.7436547
-8.363655,-9.143655,-8.533655,-8.153655,-8.373654,-8.073655,-8.193655,-7.753655,-6.703655,-5.8236547,-5.8036547,-5.163655,-5.3236547,-5.413655,-4.2236547,-1.3936548,1.6063452,-1.6836548,-3.8436549,-5.293655,-6.0736547,-7.0336547,-7.8036547,-7.983655,-7.193655,-7.163655,-6.6736546,-4.5736547,-3.2436547,-3.9336548,-5.4736547,-8.643655,-8.913654,-9.123654,-8.983655,-8.853655,-8.433655,-7.943655,-6.953655,-6.753655,-6.543655,-6.453655,-6.3636546,-6.193655,-5.2436547,-3.9636548,-4.5336547,-4.693655,-3.4836547,-2.8036547,-1.5336548,-0.5336548,0.8063452,-0.25365478,-2.313655,-2.0236547,-2.2936547,-4.023655
-8.063655,-8.293654,-7.5536547,-7.523655,-7.4736547,-8.673655,-7.893655,-7.213655,-6.443655,-5.3036547,-5.1336546,-4.393655,-3.4436548,-3.3936548,-1.3136548,1.2563453,1.0663452,-1.7336547,-2.8336549,-4.023655,-5.7636547,-7.8236547,-7.393655,-8.013655,-8.343655,-8.243655,-7.8236547,-7.833655,-8.183655,-9.593655,-10.083654,-9.533655,-9.023655,-9.063655,-9.193655,-8.883655,-8.443655,-7.853655,-7.5736547,-7.333655,-7.1136546,-6.8036547,-6.353655,-5.733655,-4.963655,-4.5336547,-4.433655,-4.083655,-3.323655,-2.8536549,-2.573655,-1.1436548,-0.15365478,0.07634521,-1.7536548,-2.1136549,-1.9836547,-3.8636549
-7.8036547,-7.9936547,-7.753655,-7.2436547,-7.7236547,-8.033655,-8.173655,-7.5336547,-6.213655,-5.043655,-3.9136548,-3.0236547,-2.1436548,-0.95365477,-0.12365478,0.026345216,-0.6336548,-1.7836548,-2.7536547,-4.7836547,-6.003655,-6.7436547,-7.623655,-8.453655,-8.653655,-8.693655,-8.5036545,-8.193655,-9.093655,-9.7536545,-9.7136545,-9.403655,-8.923655,-8.633655,-9.413654,-9.323655,-8.453655,-8.163654,-7.8436546,-7.1736546,-7.123655,-6.833655,-6.3036547,-5.4936547,-5.2436547,-4.4736547,-3.8736548,-2.7836547,-2.5136547,-3.1736548,-2.7336547,-0.95365477,0.13634521,-0.51365477,-1.9436548,-2.0236547,-1.3136548,-4.203655
-7.333655,-7.1536546,-7.643655,-6.913655,-7.9036546,-7.463655,-8.423655,-7.7636547,-6.8636546,-6.2236547,-5.0936546,-4.103655,-3.0536547,-2.6536548,-1.8436548,-1.0136548,-1.8436548,-2.9136548,-4.4036546,-5.123655,-5.443655,-6.833655,-6.5336547,-7.793655,-8.353655,-8.533655,-8.433655,-8.483655,-8.893655,-9.363655,-9.313655,-8.743655,-8.623654,-8.9636545,-8.673655,-8.7536545,-8.663654,-8.403655,-7.963655,-7.313655,-7.1136546,-6.4936547,-5.8436546,-5.393655,-5.043655,-4.3636546,-4.043655,-2.8336549,-1.8336548,-0.70365477,-0.6936548,-0.37365478,-0.6936548,-1.5836548,-2.073655,-2.063655,-1.2236547,-4.943655
