raw-data/2018091712.json
{"header": { "discipline":0, "disciplineName":"Meteorological products", "gribEdition":2, "gribLength":74560, "center":7, "centerName":"US National Weather Service - NCEP(WMC)", "subcenter":0, "refTime":"2018-09-17T12:00:00.000Z", "significanceOfRT":1, "significanceOfRTName":"Start of forecast", "productStatus":0, "productStatusName":"Operational products", "productType":1, "productTypeName":"Forecast products", "productDefinitionTemplate":0, "productDefinitionTemplateName":"Analysis/forecast at horizontal level/layer at a point in time", "parameterCategory":2, "parameterCategoryName":"Momentum", "parameterNumber":2, "parameterNumberName":"U-component_of_wind", "parameterUnit":"m.s-1", "genProcessType":2, "genProcessTypeName":"Forecast", "forecastTime":0, "surface1Type":103, "surface1TypeName":"Specified height level above ground", "surface1Value":10.0, "surface2Type":255, "surface2TypeName":"Missing", "surface2Value":0.0, "gridDefinitionTemplate":0, "gridDefinitionTemplateName":"Latitude_Longitude", "numberPoints":65160, "shape":6, "shapeName":"Earth spherical with radius of 6,371,229.0 m", "gridUnits":"degrees", "resolution":48, "winds":"true", "scanMode":0, "nx":360, "ny":181, "basicAngle":0, "lo1":0.0, "la1":90.0, "lo2":359.0, "la2":-90.0, "dx":1.0, "dy":1.0 }, "data":
[rows 0 to 25 of 181, columns 290 to 347 of 360]
0.62370604,0.5837061,0.54370606,0.50370604,0.45370606,0.41370606,0.37370604,0.33370605,0.28370607,0.24370605,0.20370606,0.15370606,0.11370605,0.07370605,0.023706054,-0.016293945,-0.056293946,-0.10629395,-0.14629394,-0.18629394,-0.22629395,-0.27629393,-0.31629395,-0.35629395,-0.40629396,-0.44629395,-0.48629394,-0.52629393,-0.57629395,-0.61629397,-0.6562939,-0.69629395,-0.736294,-0.77629393,-0.81629395,-0.8562939,-0.9062939,-0.94629395,-0.986294,-1.016294,-1.056294,-1.0962939,-1.1362939,-1.176294,-1.2162939,-1.2462939,-1.286294,-1.326294,-1.3562939,-1.396294,-1.436294,-1.4662939,-1.5062939,-1.536294,-1.566294,-1.6062939,-1.6362939,-1.666294
-1.5062939,-1.556294,-1.6062939,-1.646294,-1.696294,-1.7362939,-1.776294,-1.826294,-1.8662939,-1.906294,-1.956294,-1.9962939,-2.036294,-2.086294,-2.126294,-2.1762938,-2.216294,-2.256294,-2.296294,-2.336294,-2.376294,-2.4162939,-2.456294,-2.506294,-2.546294,-2.586294,-2.626294,-2.6662939,-2.706294,-2.746294,-2.786294,-2.816294,-2.856294,-2.8962939,-2.9262938,-2.966294,-2.996294,-3.026294,-3.056294,-3.096294,-3.126294,-3.1662939,-3.1962938,-3.236294,-3.266294,-3.296294,-3.326294,-3.356294,-3.376294,-3.4062939,-3.4262938,-3.456294,-3.476294,-3.496294,-3.526294,-3.546294,-3.566294,-3.576294
-1.6062939,-1.666294,-1.7362939,-1.806294,-1.896294,-1.9762939,-2.076294,-2.1762938,-2.276294,-2.356294,-2.4462938,-2.536294,-2.616294,-2.6862938,-2.746294,-2.806294,-2.856294,-2.886294,-2.9062939,-2.8962939,-2.866294,-2.816294,-2.796294,-2.786294,-2.786294,-2.796294,-2.796294,-2.816294,-2.826294,-2.846294,-2.876294,-2.8962939,-2.9262938,-2.976294,-3.026294,-3.086294,-3.126294,-3.1962938,-3.276294,-3.386294,-3.456294,-3.506294,-3.546294,-3.576294,-3.616294,-3.6562939,-3.6862938,-3.716294,-3.756294,-3.786294,-3.786294,-3.746294,-3.706294,-3.706294,-3.706294,-3.726294,-3.726294,-3.716294
-2.296294,-2.336294,-2.3962939,-2.456294,-2.536294,-2.626294,-2.726294,-2.806294,-2.8962939,-2.976294,-3.046294,-3.126294,-3.1962938,-3.246294,-3.296294,-3.336294,-3.386294,-3.4162939,-3.4462938,-3.466294,-3.476294,-3.476294,-3.466294,-3.466294,-3.4462938,-3.4262938,-3.4062939,-3.4062939,-3.4262938,-3.4362938,-3.4462938,-3.456294,-3.466294,-3.456294,-3.4462938,-3.466294,-3.476294,-3.496294,-3.526294,-3.546294,-3.546294,-3.526294,-3.476294,-3.4162939,-3.3962939,-3.356294,-3.296294,-3.226294,-3.1462939,-3.036294,-2.9062939,-2.776294,-2.6462939,-2.516294,-2.3962939,-2.276294,-2.1762938,-2.086294
-3.9362938,-4.086294,-4.236294,-4.366294,-4.476294,-4.556294,-4.616294,-4.656294,-4.656294,-4.676294,-4.716294,-4.746294,-4.766294,-4.7962937,-4.806294,-4.8162937,-4.826294,-4.836294,-4.876294,-4.926294,-4.976294,-5.056294,-5.136294,-5.196294,-5.186294,-5.216294,-5.206294,-5.126294,-5.0462937,-4.946294,-4.846294,-4.756294,-4.686294,-4.646294,-4.616294,-4.576294,-4.536294,-4.496294,-4.446294,-4.396294,-4.336294,-4.266294,-4.186294,-4.106294,-4.016294,-3.9162939,-3.806294,-3.706294,-3.586294,-3.466294,-3.366294,-3.256294,-3.1562939,-3.076294,-3.006294,-2.9462938,-2.8962939,-2.856294
-4.956294,-4.926294,-4.926294,-4.956294,-5.0262938,-5.126294,-5.246294,-5.356294,-5.476294,-5.606294,-5.736294,-5.856294,-5.966294,-6.076294,-6.166294,-6.286294,-6.3162937,-6.396294,-6.536294,-6.666294,-6.746294,-6.806294,-6.866294,-6.896294,-6.906294,-6.846294,-6.7762938,-6.726294,-6.656294,-6.556294,-6.426294,-6.326294,-6.236294,-6.136294,-6.0462937,-5.956294,-5.866294,-5.7762938,-5.676294,-5.576294,-5.466294,-5.346294,-5.196294,-5.096294,-4.986294,-4.856294,-4.736294,-4.616294,-4.506294,-4.386294,-4.266294,-4.116294,-3.976294,-3.826294,-3.6662939,-3.506294,-3.366294,-3.236294
-3.736294,-3.476294,-3.1862938,-2.996294,-2.816294,-2.6862938,-2.606294,-2.556294,-2.536294,-2.536294,-2.556294,-2.596294,-2.6762938,-2.766294,-2.876294,-2.9262938,-3.036294,-3.1962938,-3.266294,-3.3962939,-3.586294,-3.736294,-3.956294,-4.216294,-4.446294,-4.706294,-4.956294,-5.206294,-5.456294,-5.716294,-5.956294,-6.166294,-6.3162937,-6.536294,-6.7962937,-7.016294,-7.226294,-7.396294,-7.396294,-7.436294,-7.3162937,-7.036294,-6.656294,-6.226294,-5.746294,-5.406294,-5.176294,-5.006294,-4.896294,-4.786294,-4.646294,-4.476294,-4.286294,-4.106294,-3.956294,-3.806294,-3.6662939,-3.516294
-0.546294,-0.016293945,0.12370606,0.033706054,0.103706054,0.42370605,0.79370606,0.98370606,0.93370605,0.703706,0.34370604,-0.10629395,-0.57629395,-0.93629396,-1.146294,-1.206294,-1.2162939,-1.2362939,-1.306294,-1.3762939,-1.3862939,-1.3462939,-1.286294,-1.2262939,-1.076294,-0.82629395,-0.68629396,-0.80629396,-0.8562939,-0.6662939,-0.51629394,-0.9762939,-2.066294,-2.806294,-3.106294,-2.976294,-1.8362939,-1.556294,-1.646294,-1.8562939,-2.136294,-2.316294,-2.586294,-2.576294,-2.476294,-2.286294,-2.206294,-2.566294,-3.106294,-3.516294,-3.8962939,-4.196294,-4.256294,-4.196294,-4.056294,-3.876294,-3.706294,-3.556294
0.63370603,0.16370605,-0.30629393,-0.49629393,-0.49629393,-0.57629395,-0.69629395,-0.7862939,-0.9062939,-0.9062939,-1.166294,-1.406294,-1.656294,-1.416294,-0.34629396,1.0237061,1.793706,1.583706,1.2737061,1.1237061,0.98370606,1.453706,2.5537062,3.163706,2.183706,0.013706055,-1.7562939,-2.256294,-1.766294,-0.92629397,-0.016293945,1.073706,1.483706,0.86370605,-0.546294,-1.296294,-0.88629395,0.17370605,0.6437061,-0.15629394,-1.656294,-2.4462938,-1.816294,-0.47629395,0.45370606,0.42370605,-0.22629395,-1.296294,-2.366294,-3.1462939,-3.4462938,-3.336294,-3.006294,-2.796294,-2.776294,-2.846294,-2.976294,-2.996294
0.36370605,0.80370605,1.203706,0.62370604,-1.1262939,-2.456294,-1.7262939,-0.43629396,0.11370605,-0.88629395,-2.316294,-2.276294,-0.47629395,1.6337061,2.883706,3.453706,3.773706,4.053706,4.4337063,4.843706,4.893706,4.313706,3.143706,1.983706,1.5137061,1.563706,1.443706,0.62370604,-0.38629395,-0.64629394,-0.18629394,0.28370607,0.39370605,0.11370605,-0.30629393,-0.27629393,0.45370606,1.3737061,1.7437061,1.4937061,1.183706,1.0037061,0.42370605,-0.64629394,-0.87629396,0.763706,2.493706,3.1037061,1.193706,0.14370605,0.44370607,1.193706,1.323706,0.68370605,-0.47629395,-1.076294,-1.176294,-1.3362939
-0.92629397,-2.1562939,-2.796294,-2.816294,-2.6762938,-2.616294,-2.356294,-2.4462938,-1.276294,-0.546294,-1.4962939,-2.9262938,-2.986294,-2.266294,-1.3562939,-0.49629393,-0.30629393,-0.55629396,-0.06629395,1.7737061,3.703706,4.543706,4.243706,3.443706,2.533706,1.6237061,0.8337061,1.0237061,2.653706,4.7037063,5.813706,6.113706,6.303706,6.153706,5.413706,4.313706,3.003706,1.543706,0.0037060548,-0.89629394,-0.76629394,-0.40629396,-0.26629394,0.13370605,0.97370607,1.323706,0.41370606,-0.9062939,-1.2262939,-0.37629396,0.09370606,-0.26629394,-0.44629395,-0.18629394,0.19370605,0.42370605,0.41370606,0.20370606
-0.18629394,0.88370603,1.7737061,2.0637062,1.4137061,0.25370607,-0.74629396,-0.87629396,-0.22629395,0.513706,0.66370606,0.12370606,-0.33629394,0.19370605,1.1637061,1.603706,1.4937061,1.5037061,1.603706,1.473706,1.223706,1.073706,1.1337061,1.313706,1.5037061,1.733706,2.243706,3.0637062,3.723706,3.993706,4.073706,4.253706,4.593706,4.943706,5.133706,5.2237062,5.443706,5.903706,6.193706,6.003706,5.623706,5.253706,4.7237062,4.083706,3.3137062,2.483706,2.0937061,2.0837061,1.203706,-0.16629395,-0.10629395,0.85370606,1.083706,0.25370607,-0.68629396,-1.4662939,-1.4762939,-1.316294
-0.47629395,-0.71629393,-0.736294,0.013706055,-0.95629394,-1.8862939,-1.166294,-0.38629395,-0.7262939,-1.906294,-3.1762938,-3.6962938,-3.506294,-2.866294,-1.9662939,-1.266294,-0.99629396,-0.77629393,-0.35629395,0.09370606,0.41370606,0.54370606,0.61370605,0.92370605,1.453706,1.9037061,2.233706,2.683706,3.393706,4.163706,4.593706,4.523706,4.493706,4.923706,5.273706,5.4537063,5.753706,5.9337063,6.143706,6.633706,7.173706,7.883706,8.523706,8.593706,8.353706,7.273706,4.913706,2.143706,-0.546294,-1.6362939,-0.14629394,0.103706054,0.043706056,0.87370604,1.813706,1.963706,1.593706,0.92370605
-2.066294,-2.016294,-0.74629396,0.57370603,0.37370604,-0.35629395,-1.036294,-1.666294,-2.226294,-3.376294,-5.306294,-6.976294,-7.426294,-6.956294,-7.016294,-7.466294,-6.7762938,-5.736294,-4.716294,-4.186294,-3.486294,-2.066294,-0.75629395,0.27370605,1.203706,1.943706,2.623706,3.183706,3.473706,3.693706,4.033706,4.503706,4.863706,5.013706,5.1837063,5.143706,4.903706,5.003706,5.393706,5.793706,6.013706,6.173706,6.253706,7.273706,10.223706,11.033706,4.993706,-1.706294,-2.6462939,0.67370605,2.233706,1.103706,1.303706,2.453706,2.5537062,2.173706,1.9137061,1.713706
-5.446294,-6.0662937,-4.606294,-2.806294,-3.546294,-3.806294,-4.156294,-4.686294,-3.966294,-2.206294,-2.1462939,-3.846294,-4.806294,-3.3962939,-3.336294,-3.866294,-3.496294,-3.006294,-2.306294,-1.776294,-1.946294,-2.1462939,-1.566294,-0.6562939,0.18370606,1.183706,2.013706,3.0637062,4.663706,6.063706,6.113706,5.143706,4.7037063,4.793706,4.9537063,5.043706,4.913706,4.4537063,4.603706,5.823706,6.233706,4.9337063,3.373706,2.513706,2.693706,2.003706,0.45370606,0.75370604,0.68370605,-0.41629395,-0.026293945,-0.63629395,-0.32629395,0.29370606,0.16370605,-0.016293945,-0.0062939455,0.103706054
-3.246294,-2.496294,-1.4662939,-0.24629395,1.1537061,1.673706,0.55370605,-1.6062939,-2.716294,-2.296294,-1.176294,-0.36629394,-1.266294,-3.576294,-5.916294,-5.366294,-4.556294,-4.406294,-3.796294,-3.006294,-2.836294,-2.806294,-2.106294,-1.696294,-1.4962939,-0.74629396,0.69370604,1.963706,3.163706,4.173706,4.7237062,5.343706,5.923706,5.663706,5.403706,5.373706,5.003706,4.693706,4.913706,4.923706,4.673706,3.993706,3.0537062,1.933706,1.0337061,1.323706,2.433706,1.8737061,-0.5362939,-0.546294,-1.036294,-1.2362939,-1.0862939,-2.266294,-3.096294,-3.296294,-2.866294,-2.466294
-0.14629394,-0.45629394,-0.6062939,-0.08629394,0.45370606,0.33370605,-0.0062939455,-0.056293946,-0.33629394,-0.6562939,-0.31629395,-0.016293945,-0.41629395,-0.6562939,-1.9762939,-4.386294,-5.836294,-6.236294,-5.706294,-4.986294,-4.076294,-4.586294,-5.606294,-5.666294,-4.486294,-2.9062939,-1.566294,-0.57629395,0.103706054,0.8437061,1.8837061,3.213706,4.383706,5.073706,5.553706,6.003706,5.583706,5.173706,5.503706,5.643706,6.103706,7.083706,7.893706,6.063706,4.133706,3.483706,2.8537061,2.953706,2.643706,1.0337061,0.11370605,-1.176294,-2.856294,-4.406294,-5.0662937,-4.376294,-4.196294,-4.736294
0.6537061,0.0037060548,-0.50629395,-0.56629395,-0.27629393,0.19370605,0.09370606,-0.736294,-1.2262939,-1.0962939,-0.35629395,0.16370605,-0.86629397,-1.666294,-1.1262939,-2.9362938,-5.956294,-5.876294,-6.146294,-6.436294,-6.126294,-6.746294,-6.606294,-6.5462937,-6.196294,-5.086294,-4.166294,-3.616294,-2.9262938,-1.8362939,-1.1162939,0.15370606,2.373706,4.083706,4.353706,4.463706,4.273706,4.153706,5.313706,5.363706,5.633706,3.123706,2.743706,1.823706,3.023706,1.1537061,0.44370607,2.723706,1.3937061,0.92370605,1.833706,1.5337061,-0.51629394,-2.326294,-3.306294,-4.256294,-5.156294,-5.706294
1.303706,0.33370605,-0.21629395,-1.016294,-1.4962939,-1.176294,-0.796294,-0.9162939,-1.456294,-1.5862939,-0.9062939,-0.38629395,-1.066294,-1.196294,-0.82629395,-0.94629395,-0.62629396,-2.6762938,-6.476294,-7.176294,-7.486294,-7.446294,-7.246294,-6.856294,-6.206294,-5.436294,-4.806294,-4.396294,-4.076294,-3.796294,-3.346294,-2.6762938,-1.4662939,0.6537061,2.5837061,4.2037063,4.963706,4.873706,5.003706,6.383706,6.913706,1.6337061,0.46370605,1.823706,0.9637061,0.25370607,-0.51629394,0.46370605,0.33370605,-0.77629393,-0.33629394,0.57370603,1.0237061,-1.036294,-3.326294,-4.016294,-4.396294,-4.736294
2.633706,1.713706,-0.18629394,-0.87629396,-0.8462939,-1.166294,-1.296294,-0.9162939,-1.326294,-1.3562939,-0.7862939,-1.406294,-2.746294,-3.6562939,-5.0662937,-4.0462937,-3.606294,-4.916294,-5.186294,-7.386294,-6.926294,-6.0262938,-7.556294,-6.556294,-5.966294,-5.5462937,-4.886294,-4.386294,-4.136294,-3.626294,-3.266294,-2.546294,-1.776294,-0.93629396,0.15370606,1.333706,2.153706,2.443706,3.5637062,4.913706,3.3237062,1.7737061,1.1337061,0.72370607,0.98370606,-1.6362939,1.1137061,1.203706,0.763706,0.8937061,-0.27629393,-0.50629395,0.19370605,-2.466294,-4.076294,-4.466294,-5.376294,-5.956294
2.8237062,3.3337061,1.0137061,-0.21629395,0.81370604,1.083706,-0.19629395,-0.46629393,-0.14629394,0.56370604,1.9137061,1.333706,-0.986294,-1.2262939,-0.30629393,0.19370605,-1.3562939,-1.906294,-2.286294,-1.2262939,-3.216294,-4.576294,-5.706294,-6.2762938,-5.746294,-5.126294,-4.906294,-4.686294,-4.336294,-4.096294,-4.166294,-3.9162939,-2.9262938,-2.206294,-2.236294,-1.9662939,-0.93629396,-0.12629394,1.7737061,3.523706,4.033706,3.523706,2.543706,0.9037061,0.87370604,0.20370606,1.173706,4.903706,5.103706,0.67370605,-1.1262939,-0.5362939,-3.1662939,-6.466294,-6.466294,-6.596294,-6.306294,-5.906294
1.203706,2.1037061,2.233706,1.8637061,2.203706,2.0637062,1.083706,1.1437061,1.3637061,0.81370604,0.5937061,1.553706,1.943706,1.4037061,0.16370605,-1.0862939,-1.946294,-3.096294,-2.306294,-0.9162939,-2.4262938,-5.286294,-4.856294,-5.996294,-5.886294,-5.136294,-4.846294,-4.5662937,-4.236294,-4.706294,-4.806294,-4.386294,-3.476294,-3.4262938,-0.62629396,2.1037061,1.323706,-4.286294,-5.986294,0.11370605,-1.9762939,1.043706,-1.016294,-1.526294,2.0537062,-0.67629397,-7.226294,-7.736294,-5.386294,-4.486294,-4.766294,-7.0662937,-8.476294,-8.446294,-8.896294,-9.136294,-9.216294,-9.126294
0.8337061,0.31370604,-0.27629393,1.6637061,1.813706,2.513706,4.353706,2.5837061,2.273706,3.133706,1.853706,0.82370603,1.5237061,1.5137061,-0.0062939455,-1.446294,-1.2462939,-0.43629396,-0.12629394,-0.52629393,-3.066294,-2.306294,-3.456294,-7.486294,-7.096294,-4.986294,-4.846294,-4.886294,-5.146294,-5.686294,-6.266294,-5.826294,-4.656294,-4.256294,-2.816294,-1.9762939,0.09370606,3.793706,3.423706,0.66370606,-0.32629395,-6.426294,-10.336294,-13.086294,-13.376294,-12.536294,-11.656294,-10.656294,-10.066294,-10.246294,-11.156294,-12.106294,-13.126294,-12.996294,-12.916294,-12.726294,-12.126294,-11.656294
0.07370605,-0.27629393,-0.62629396,-1.5962939,-2.316294,1.6337061,1.083706,2.733706,5.363706,7.073706,3.643706,0.26370606,-1.1362939,-1.946294,-3.216294,-2.756294,-1.446294,-1.5962939,-1.156294,-1.566294,-3.1962938,-6.076294,-5.506294,-6.196294,-6.2762938,-5.676294,-4.606294,-5.106294,-4.996294,-4.5262938,-5.226294,-5.716294,-5.766294,-8.026294,-8.116294,-7.286294,-0.986294,0.38370606,-0.026293945,-5.646294,-12.646294,-15.296294,-15.456294,-15.126294,-13.516294,-12.246294,-11.636294,-11.746294,-13.916294,-14.146294,-14.136294,-14.486294,-14.376294,-14.376294,-13.986294,-13.316294,-12.766294,-11.976294
3.683706,4.143706,3.3137062,2.743706,-0.70629394,-2.556294,-0.87629396,2.023706,2.113706,-0.42629394,0.73370606,-0.06629395,-1.776294,-2.516294,-2.556294,-1.666294,-0.18629394,-1.2562939,-1.666294,-0.58629394,-3.596294,-6.036294,-6.656294,-4.096294,-5.886294,-5.006294,-3.846294,-4.756294,-2.276294,-1.826294,-3.466294,-1.2562939,2.183706,-0.25629395,-4.256294,-9.236294,-7.856294,-7.626294,-9.966294,-12.816294,-17.356295,-17.576294,-16.726294,-15.8062935,-14.826294,-14.026294,-13.086294,-9.986294,-10.956294,-9.536294,-6.886294,-2.586294,-1.4962939,-2.376294,-4.036294,-4.146294,-5.726294,-6.626294
1.8937061,2.253706,2.8437061,3.3137062,6.423706,5.663706,1.103706,1.083706,-2.126294,-3.1662939,-2.086294,-1.816294,-2.056294,-2.576294,-2.566294,-2.096294,-2.236294,-3.036294,-3.036294,-1.826294,-4.426294,-5.346294,-6.166294,-7.516294,-6.0662937,-3.866294,-1.2462939,1.303706,-0.9762939,0.69370604,1.9137061,0.68370605,-1.1162939,-6.826294,-10.596294,-10.656294,-10.356294,-11.096294,-13.246294,-14.5562935,-14.086294,-13.746294,-12.176294,-10.126294,-8.3062935,-8.236294,-7.946294,-3.966294,-2.866294,-3.1762938,-5.806294,-6.456294,-5.726294,-3.996294,-6.126294,-5.496294,-3.706294,-5.926294
