raw-data/2018091906.json
{"header": { "discipline":0, "disciplineName":"Meteorological products", "gribEdition":2, "gribLength":74627, "center":7, "centerName":"US National Weather Service - NCEP(WMC)", "subcenter":0, "refTime":"2018-09-19T06:00:00.000Z", "significanceOfRT":1, "significanceOfRTName":"Start of forecast", "productStatus":0, "productStatusName":"Operational products", "productType":1, "productTypeName":"Forecast products", "productDefinitionTemplate":0, "productDefinitionTemplateName":"Analysis/forecast at horizontal level/layer at a point in time", "parameterCategory":2, "parameterCategoryName":"Momentum", "parameterNumber":3, "parameterNumberName":"V-component_of_wind", "parameterUnit":"m.s-1", "genProcessType":2, "genProcessTypeName":"Forecast", "forecastTime":0, "surface1Type":103, "surface1TypeName":"Specified height level above ground", "surface1Value":10.0, "surface2Type":255, "surface2TypeName":"Missing", "surface2Value":0.0, "gridDefinitionTemplate":0, "gridDefinitionTemplateName":"Latitude_Longitude", "numberPoints":65160, "shape":6, "shapeName":"Earth spherical with radius of 6,371,229.0 m", "gridUnits":"degrees", "resolution":48, "winds":"true", "scanMode":0, "nx":360, "ny":181, "basicAngle":0, "lo1":0.0, "la1":90.0, "lo2":359.0, "la2":-90.0, "dx":1.0, "dy":1.0 }, "data":
[rows 56 to 83 of 181, columns 0 to 61 of 360]
1.1300501,1.65005,-0.5699499,-0.78994995,-1.1599499,-1.95995,-0.22994995,0.31005004,0.79005,-0.45994994,1.8800501,4.0500503,3.9000502,3.33005,1.9600501,0.39005005,-1.0399499,-2.52995,-3.3299499,-3.8299499,-2.88995,-3.92995,-7.55995,-8.2099495,-4.48995,-4.07995,-4.60995,-5.10995,-7.72995,-4.32995,-2.19995,-1.7599499,-2.5899498,-2.95995,0.42005005,6.11005,-1.3899499,-1.9999499,-3.12995,-1.5199499,-2.94995,-0.6899499,-0.069949955,-2.0899498,3.08005,5.62005,3.47005,2.95005,2.88005,2.61005,2.4000502,0.94005007,0.23005004,-0.97994995,-0.31994995,-2.8099499,-0.9399499,0.8700501,0.28005004,1.56005,-2.67995,-12.52995
-1.06995,-0.67994994,-1.58995,-2.3199499,-2.26995,-1.80995,-1.1299499,0.49005005,2.55005,2.14005,1.33005,0.90005004,2.35005,2.85005,3.32005,0.47005004,-1.0299499,-2.21995,-3.0799499,-2.78995,-3.74995,-4.15995,-6.59995,-6.12995,-4.09995,-4.50995,-4.2199497,-3.28995,-7.45995,-5.45995,-3.66995,-3.16995,-3.3199499,-3.20995,-0.85994995,4.66005,1.55005,0.20005006,-2.39995,-0.88995,-1.47995,-1.3699499,-1.69995,-3.96995,5.5500503,5.89005,4.5700502,0.83005005,-0.67994994,0.030050049,1.44005,-0.47994995,0.9900501,-1.33995,0.38005006,-1.44995,-3.68995,0.26005006,-3.3099499,-2.97995,-7.11995,-12.64995
0.88005006,0.9300501,-0.98994994,-0.97994995,-2.51995,-0.22994995,2.47005,2.29005,2.6600502,2.05005,0.41005003,1.3600501,3.64005,2.79005,1.70005,0.22005005,-0.86994994,-1.7499499,-2.17995,-3.0899498,-5.09995,-6.16995,-5.45995,-5.89995,-2.68995,-3.00995,-1.69995,-3.90995,-6.39995,-5.45995,-4.45995,-3.52995,-3.0799499,-3.40995,-0.11994995,2.34005,-0.33994997,-2.51995,-0.59994996,-2.18995,-2.87995,-2.71995,-3.37995,0.24005005,4.79005,3.00005,2.6600502,1.81005,1.40005,0.54005,0.42005005,-1.21995,-0.90994996,-3.23995,-1.30995,-2.36995,-2.91995,-1.94995,-5.04995,-1.66995,-7.95995,-15.00995
0.78005004,-0.51995,-0.5099499,-1.31995,-1.98995,1.33005,1.79005,1.79005,1.92005,1.27005,1.7200501,1.64005,1.8600501,1.28005,0.20005006,-0.069949955,0.94005007,-0.55994993,-1.67995,-4.23995,-5.88995,-3.74995,-3.93995,-3.35995,-2.3199499,-2.19995,-2.22995,-4.61995,-5.35995,-5.16995,-3.14995,-1.91995,-1.08995,2.13005,0.92005,-0.76995,-1.18995,-3.46995,-3.93995,-2.8099499,-2.62995,-3.23995,-3.20995,4.62005,7.10005,3.50005,2.26005,1.9800501,2.00005,0.67005,0.39005005,-1.6599499,-2.96995,-2.42995,-1.1199499,-2.21995,-1.5399499,-3.90995,-2.20995,-2.27995,-5.97995,-13.52995
-2.45995,-2.3199499,-2.27995,-2.00995,1.32005,2.81005,1.92005,1.14005,0.84005004,0.6200501,1.3600501,2.45005,1.83005,0.13005005,-0.79994994,-0.83994997,-0.27994996,-1.5399499,-2.85995,-3.37995,-4.07995,-3.73995,-3.8099499,-3.43995,-2.49995,-1.8699499,-2.0899498,-2.96995,-3.0799499,-3.3299499,-2.88995,-3.01995,-1.0399499,-2.02995,-0.86994994,-2.73995,-1.9999499,-2.23995,-4.27995,-3.5599499,-2.24995,-1.80995,-2.73995,6.0300503,6.31005,4.97005,4.00005,1.79005,1.4800501,0.95005006,0.12005005,0.22005005,-0.94995,-0.6899499,-1.7699499,-1.69995,-4.03995,-2.3499498,-5.49995,-0.41994995,-3.94995,-7.55995
-4.11995,-3.23995,-2.04995,0.55005,2.55005,2.6800501,1.32005,1.03005,2.6600502,2.84005,2.4300501,1.3800501,1.1000501,0.33005005,-0.29994994,-0.09994995,0.28005004,-2.3299499,-3.0699499,-4.47995,-4.1999497,-4.38995,-4.10995,-2.65995,-1.96995,-0.8199499,-1.6499499,-2.74995,-2.8399498,-3.8199499,-4.05995,-4.36995,-1.32995,-6.18995,-2.50995,-3.8399498,-3.27995,2.05005,-2.88995,-4.63995,-2.5999498,-2.71995,-3.41995,5.77005,4.88005,4.24005,2.55005,0.22005005,-1.0099499,0.57005006,0.21005005,-1.3999499,-0.09994995,-0.48994994,-0.12994996,-1.96995,-0.8799499,-0.71994996,-3.75995,-4.95995,-3.96995,-7.78995
-5.33995,-2.46995,1.3600501,0.50005007,5.0048828E-5,-0.48994994,1.19005,1.40005,1.14005,1.43005,-0.009949951,-0.85994995,-0.82995,0.47005004,-0.21994995,-0.44994995,-1.4099499,-1.60995,-3.3299499,-4.75995,-4.51995,-4.68995,-2.67995,-1.66995,-1.91995,-0.14994995,-1.7799499,-3.46995,-3.11995,-3.46995,-4.20995,-5.55995,-2.95995,-4.78995,-3.5799499,-5.41995,-1.22995,-0.52994996,-1.07995,-3.28995,-0.37994996,-1.05995,0.69005007,3.30005,5.13005,3.87005,1.8700501,-0.88995,-1.7899499,-0.14994995,0.23005004,-1.05995,1.6300501,0.20005006,-0.05994995,0.58005005,-0.61994994,2.86005,1.5900501,-1.95995,-4.07995,-1.96995
-5.91995,-0.9399499,-2.16995,-1.35995,-1.05995,-0.19994995,1.02005,0.86005,1.03005,-0.01994995,0.37005004,0.29005006,-0.33994997,-0.99994993,-0.22994995,-0.37994996,-1.0099499,-2.24995,-4.68995,-4.72995,-4.41995,-3.19995,-2.16995,-2.29995,-3.02995,-2.95995,-2.90995,-2.45995,-1.91995,-3.48995,-4.4299498,-5.16995,-4.73995,-3.00995,-7.87995,-5.40995,-0.88995,0.44005004,-1.6599499,-2.35995,-2.8299499,0.10005005,3.08005,5.64005,4.36005,3.08005,0.91005003,-1.42995,-1.72995,-0.5699499,-0.85994995,0.69005007,1.80005,2.74005,2.05005,2.32005,0.64005005,2.55005,-2.21995,-1.0099499,-1.6499499,-2.5999498
-5.4299498,-2.95995,-1.19995,-0.97994995,-1.1499499,0.50005007,-0.91994995,0.57005006,2.03005,1.56005,0.77005005,0.31005004,1.4700501,-0.24994995,0.79005,0.28005004,0.010050049,-2.27995,-4.39995,-3.8399498,-4.22995,-3.0899498,-0.74994993,-1.1499499,-2.10995,-1.1199499,-2.16995,-3.8199499,-4.06995,-3.43995,-4.4699497,-5.37995,-3.54995,-2.13995,-0.37994996,-7.47995,-4.36995,0.22005005,-0.36994994,-1.2799499,-3.94995,0.05005005,-1.0199499,3.4400501,3.98005,2.12005,-0.03994995,-1.66995,-1.72995,-0.5099499,-1.04995,-0.19994995,0.23005004,3.01005,3.27005,4.59005,-0.069949955,5.31005,1.93005,1.30005,1.83005,2.35005
-5.33995,-3.99995,-2.0799499,0.41005003,-0.14994995,-1.32995,1.7200501,1.76005,-0.01994995,0.16005005,1.83005,0.42005005,-0.54994994,-1.08995,-0.24994995,1.42005,-0.96994996,-3.19995,-4.12995,-3.00995,-2.73995,-0.46994996,-1.20995,-3.0899498,-3.3099499,-0.86994994,-0.34994996,-1.23995,-3.0699499,-4.22995,-5.52995,-5.00995,-6.78995,-4.41995,-2.15995,-4.84995,-5.79995,-4.45995,-1.3699499,-0.89994997,-2.98995,0.48005006,-0.6299499,3.46005,1.92005,1.14005,-1.16995,-2.5799499,-0.39994994,5.0048828E-5,-0.29994994,-0.029949952,3.9000502,6.35005,7.64005,7.22005,0.58005005,1.3700501,0.10005005,0.26005006,1.91005,3.9200501
-4.63995,-3.77995,-3.21995,-0.98994994,2.36005,1.30005,2.46005,2.08005,0.9900501,0.47005004,-1.84995,0.75005007,-1.07995,-1.4999499,0.27005005,0.90005004,-0.54994994,-0.76995,-0.6899499,-0.47994995,-0.49994996,-0.86994994,-0.69995,-2.46995,-1.32995,-1.9099499,-0.83994997,-3.49995,-4.49995,-5.20995,-5.81995,-5.81995,-6.62995,-5.81995,-4.6999497,-0.5099499,-6.95995,-6.2199497,0.54005,0.28005004,-4.88995,0.9300501,3.6700501,3.4100502,2.13005,-0.19994995,-1.59995,-1.23995,-0.42994994,0.11005005,1.28005,4.66005,6.56005,5.85005,5.83005,6.88005,4.23005,-1.71995,-1.6499499,-0.11994995,4.85005,7.00005
-3.79995,-4.23995,-3.0599499,3.13005,3.82005,3.37005,-1.2499499,-1.2699499,0.20005006,0.08005005,-0.44994995,-2.19995,-1.08995,-1.1599499,-0.22994995,1.42005,0.98005,-0.14994995,-0.48994994,1.07005,-0.28994995,-1.32995,-3.77995,-3.38995,-1.46995,-0.28994995,-2.95995,-4.66995,-5.38995,-5.36995,-5.89995,-6.06995,-5.45995,-5.84995,-3.35995,-1.05995,-1.2899499,-2.98995,-2.18995,1.69005,-3.00995,-1.67995,0.41005003,1.6300501,0.030050049,-0.70995,-2.0999498,-2.5699499,-0.47994995,0.11005005,5.0500503,6.11005,6.51005,6.52005,5.41005,6.02005,6.0700502,1.9900501,2.26005,0.070050046,7.50005,7.7800503
-4.04995,-3.93995,-0.97994995,3.09005,2.1500502,1.3400501,-0.92994994,-0.9399499,-0.069949955,0.31005004,0.55005,-0.20994996,-1.96995,-0.94995,-2.5799499,-1.79995,-1.46995,-0.73994994,-0.8199499,1.3800501,-3.23995,-3.13995,-4.20995,-3.77995,-2.36995,-1.47995,-3.68995,-5.77995,-5.74995,-5.47995,-6.06995,-6.4699497,-5.30995,-7.12995,-4.25995,-0.91994995,-3.0999498,-5.83995,-4.49995,0.83005005,1.2300501,-2.8099499,-1.81995,1.7500501,1.52005,-0.84994996,-0.29994994,-1.2599499,-0.029949952,4.25005,6.2800503,5.59005,6.2800503,6.75005,5.83005,5.22005,4.52005,3.4300501,2.6900501,1.52005,6.26005,4.97005
-4.39995,-4.4699497,0.64005005,1.8800501,3.02005,0.66005003,0.27005005,-0.57995,1.32005,-0.85994995,-1.31995,-0.16994995,-2.0899498,-4.74995,-3.97995,-5.40995,0.71005005,0.58005005,-0.48994994,-1.22995,-4.53995,-4.45995,-4.52995,-4.2199497,-2.92995,-3.51995,-5.10995,-5.98995,-5.87995,-7.29995,-8.11995,-7.00995,-7.11995,-7.36995,-3.73995,-2.37995,-2.03995,-2.50995,-4.63995,-0.98994994,1.15005,-4.48995,-2.77995,1.20005,1.05005,-0.38994995,-1.95995,-2.14995,3.85005,5.70005,5.87005,4.56005,5.23005,5.71005,5.42005,4.8000503,4.67005,4.16005,4.06005,3.95005,3.14005,2.6900501
-4.99995,-3.10995,2.01005,1.4700501,-0.27994996,-0.66994995,-1.20995,0.43005005,0.26005006,-1.30995,-2.75995,-1.97995,-2.49995,-3.21995,-5.47995,-4.84995,4.43005,-0.89994997,-3.24995,-5.20995,-6.26995,-4.86995,-3.50995,-4.27995,-3.85995,-4.24995,-5.29995,-6.14995,-7.4499497,-8.64995,-8.63995,-7.63995,-7.14995,-7.38995,-3.74995,-2.5899498,-0.88995,-1.8899499,-3.44995,-0.48994994,1.3400501,1.3800501,-3.38995,-1.29995,-0.03994995,-0.83994997,1.3600501,2.46005,5.18005,5.50005,5.29005,4.41005,5.11005,4.52005,4.49005,5.06005,6.14005,5.58005,5.44005,3.82005,2.4000502,1.8500501
-3.46995,-3.26995,0.020050049,-0.05994995,-0.66994995,-1.5099499,-0.94995,-0.21994995,-0.96994996,-1.83995,-1.67995,-0.92994994,-0.88995,-2.0799499,-2.43995,-0.109949954,4.5300503,1.9600501,-1.6399499,-9.27995,-6.33995,-4.24995,-4.31995,-3.95995,-4.01995,-4.30995,-5.08995,-6.4299498,-7.53995,-7.48995,-6.82995,-6.79995,-7.55995,-7.31995,-1.54995,3.78005,0.45005006,-2.5699499,-4.08995,-1.45995,-0.69995,0.8700501,-0.07994995,-2.02995,-0.58994997,-0.41994995,2.33005,4.24005,3.80005,4.65005,5.50005,4.51005,4.38005,4.2800503,3.71005,4.65005,6.19005,6.3200502,4.71005,3.13005,2.07005,1.6000501
-4.70995,-2.89995,-0.13994995,-1.0199499,-1.1199499,-0.80994993,0.47005004,4.10005,1.7200501,1.64005,-0.25994995,3.4200501,3.27005,1.16005,-3.13995,-2.5899498,-1.23995,-1.95995,-5.2199497,-6.85995,-5.56995,-4.53995,-3.19995,-1.57995,-2.78995,-3.73995,-4.25995,-6.4299498,-7.38995,-7.39995,-6.47995,-5.60995,-6.27995,-6.77995,-1.72995,5.3000503,3.39005,0.85005003,-2.04995,-3.15995,-2.03995,-0.96994996,0.24005005,1.31005,0.96005005,0.65005004,4.79005,3.29005,4.51005,5.13005,5.62005,5.0500503,4.89005,3.80005,3.08005,0.77005005,7.63005,4.0700502,3.52005,2.79005,2.07005,1.66005
-1.55995,1.27005,0.6200501,-1.1399499,-0.78994995,1.80005,3.48005,2.96005,0.89005005,1.4900501,3.09005,2.11005,2.25005,0.15005004,-1.59995,-1.9999499,-1.95995,-2.8099499,-5.4299498,-5.40995,-5.93995,-4.54995,-2.01995,-2.61995,-3.97995,-3.38995,-3.22995,-4.14995,-5.57995,-6.68995,-6.74995,-5.16995,-3.17995,-1.71995,1.2300501,4.7800503,2.23005,1.1100501,0.86005,-2.21995,-1.92995,-2.04995,-2.02995,-0.39994994,1.28005,1.15005,5.38005,7.04005,4.75005,6.27005,5.64005,3.62005,4.11005,1.41005,3.14005,4.01005,4.5300503,3.58005,3.1700501,2.4200501,1.9600501,1.51005
2.85005,3.20005,2.4000502,3.06005,4.87005,5.95005,3.88005,4.08005,2.97005,2.1900501,2.27005,1.92005,0.16005005,-1.79995,-2.03995,-1.81995,-2.86995,-2.48995,-2.50995,-3.0699499,-4.23995,1.28005,-1.46995,-3.75995,-3.15995,-3.50995,-2.26995,-3.78995,-5.27995,-5.35995,-5.58995,0.97005004,5.13005,3.37005,4.48005,5.0700502,6.10005,3.88005,1.89005,-0.029949952,-1.73995,-2.8199499,-2.49995,-1.31995,-0.6299499,-0.85994995,4.00005,3.1600502,2.9000502,1.58005,-1.0099499,-0.22994995,0.05005005,1.8500501,2.6900501,4.23005,2.72005,3.72005,3.4100502,2.11005,1.08005,1.0000501
4.64005,5.00005,5.16005,5.70005,4.20005,3.20005,2.28005,2.74005,3.97005,3.39005,3.14005,2.4000502,1.02005,0.35005006,-0.43994996,0.09005005,1.42005,2.4400501,0.6200501,-2.26995,-3.21995,3.26005,-0.94995,-2.96995,-3.0699499,-1.6599499,-0.64994997,-4.34995,-4.33995,-0.91994995,4.8200502,4.74005,2.84005,4.40005,3.61005,4.26005,5.13005,2.63005,1.30005,0.50005007,-1.3699499,-3.10995,-2.20995,0.63005006,0.31005004,0.30005005,2.00005,3.4000502,3.77005,2.4000502,2.23005,0.40005004,-0.48994994,3.11005,4.71005,1.7400501,2.9000502,3.64005,4.59005,3.99005,2.63005,1.3800501
4.7800503,4.98005,4.45005,4.42005,3.80005,3.4000502,3.55005,3.45005,2.12005,3.06005,1.8800501,1.41005,1.41005,2.02005,2.00005,1.4800501,1.4900501,1.69005,1.3400501,0.37005004,1.91005,-0.31994995,-2.25995,-0.27994996,0.63005006,5.0048828E-5,2.1500502,4.76005,3.50005,3.1500502,2.31005,0.9300501,1.39005,0.70005006,2.57005,3.84005,3.82005,1.66005,0.28005004,0.10005005,-0.54994994,-0.73994994,2.9100502,7.5300503,-1.3699499,1.1000501,2.45005,2.06005,3.00005,-1.79995,-2.25995,-1.3799499,3.48005,5.49005,3.4400501,1.28005,4.54005,3.59005,3.26005,3.45005,2.39005,1.57005
3.34005,3.1800501,2.98005,2.87005,4.34005,3.32005,2.52005,3.02005,1.83005,2.60005,2.63005,2.27005,2.45005,2.1900501,2.30005,2.13005,2.32005,2.22005,2.4300501,1.66005,0.92005,0.98005,1.02005,2.30005,-1.4999499,0.8700501,4.56005,3.53005,1.7200501,0.41005003,-0.76995,0.48005006,-1.3699499,1.42005,2.07005,2.77005,2.63005,1.0000501,1.0900501,-0.69995,0.48005006,-1.5299499,-0.78994995,6.87005,2.63005,0.77005005,0.19005005,0.23005004,-0.19994995,-1.6299499,-2.89995,1.94005,7.94005,8.46005,1.43005,6.45005,4.86005,3.89005,3.47005,2.6700501,2.1900501,0.55005
3.01005,2.29005,2.1800501,2.95005,2.71005,2.6900501,2.24005,2.9200501,2.27005,2.53005,1.26005,3.83005,3.6600502,3.1700501,2.01005,2.1800501,2.98005,2.99005,1.91005,1.1200501,2.6800501,2.14005,2.62005,2.6700501,2.07005,3.21005,2.49005,-0.08994995,-1.29995,-0.86994994,-0.91994995,-0.74994993,0.58005005,2.52005,2.11005,2.24005,1.01005,0.64005005,-1.4099499,-0.43994996,-0.25994995,-0.76995,2.37005,2.23005,0.38005006,0.76005006,2.27005,1.4600501,-1.5199499,-3.20995,-2.8299499,1.2500501,10.83005,9.73005,3.11005,5.17005,5.15005,4.47005,4.50005,4.41005,2.21005,0.47005004
3.62005,1.8700501,2.34005,2.01005,1.92005,1.91005,1.76005,2.39005,2.51005,1.2200501,1.2400501,2.55005,2.30005,2.23005,1.2400501,1.51005,2.20005,1.68005,0.82005006,1.05005,2.08005,1.70005,0.6200501,0.060050048,0.78005004,0.53005004,-0.43994996,-0.95995,-1.60995,-1.10995,-1.2899499,-0.36994994,0.24005005,1.77005,0.88005006,1.31005,0.61005,-0.53994995,-0.54994994,-0.74994993,0.12005005,2.30005,1.8800501,0.9300501,2.29005,2.1700501,0.05005005,1.53005,-0.069949955,2.6700501,2.88005,5.77005,10.50005,7.84005,5.81005,5.38005,4.86005,4.44005,4.13005,2.82005,2.1900501,1.2400501
1.8600501,1.68005,1.93005,2.6800501,2.08005,2.23005,1.65005,1.7400501,1.56005,0.41005003,1.1100501,4.56005,2.01005,0.5600501,1.07005,2.4400501,1.31005,0.98005,0.16005005,0.30005005,0.76005006,-0.109949954,-0.13994995,1.31005,0.18005005,0.10005005,-0.6299499,1.0900501,0.37005004,0.34005004,0.20005006,-0.29994994,-0.25994995,-0.94995,-0.03994995,0.58005005,0.18005005,0.030050049,0.52005005,-0.74994993,-0.5699499,2.83005,2.1500502,2.1500502,4.69005,6.51005,7.68005,6.5300503,5.88005,5.29005,4.91005,8.63005,8.33005,5.46005,5.13005,4.67005,4.7800503,4.74005,4.01005,3.00005,2.45005,1.40005
1.32005,1.3800501,1.27005,1.40005,1.8600501,1.1300501,1.01005,0.45005006,0.51005006,0.16005005,2.20005,1.79005,1.03005,0.70005006,-0.19994995,0.44005004,1.33005,0.97005004,0.53005004,0.70005006,0.52005005,0.71005005,0.44005004,0.40005004,-0.20994996,-0.84994996,-0.53994995,-0.26994994,0.37005004,-0.34994996,-0.60994995,0.44005004,-0.24994995,-0.11994995,0.39005005,0.55005,0.45005006,0.78005004,-0.04994995,-0.029949952,2.20005,2.04005,2.51005,4.19005,5.92005,6.0700502,7.84005,5.5500503,4.0700502,5.84005,5.99005,8.46005,6.06005,5.66005,4.5300503,4.47005,4.87005,4.50005,3.9200501,3.57005,2.53005,0.76005006
1.01005,0.76005006,1.02005,1.3400501,1.4900501,2.26005,2.35005,1.29005,0.57005006,0.97005004,1.3600501,-0.16994995,-0.67994994,0.61005,1.1200501,0.79005,0.47005004,0.65005004,1.04005,0.8700501,1.0900501,0.8100501,0.57005006,-0.64994997,-0.52994996,0.04005005,-0.18994994,-0.32994995,-0.36994994,0.060050048,0.44005004,0.13005005,-0.40994996,0.51005006,-0.01994995,-0.67994994,0.57005006,0.26005006,0.45005006,0.14005005,0.25005004,0.20005006,4.90005,4.88005,5.86005,5.69005,6.63005,6.5300503,7.21005,6.18005,6.2800503,6.00005,5.75005,5.43005,4.74005,4.93005,4.90005,4.66005,4.44005,3.4200501,2.00005,0.69005007
0.04005005,0.21005005,0.92005,-0.13994995,-0.14994995,0.030050049,0.31005004,0.91005003,1.19005,2.1600502,0.43005005,0.11005005,-1.42995,-0.14994995,-0.27994996,0.85005003,0.51005006,0.8700501,0.48005006,0.64005005,0.77005005,0.36005005,0.030050049,-0.6899499,0.30005005,0.80005,0.80005,-0.029949952,-0.5699499,0.20005006,0.29005006,-0.39994994,-1.04995,-1.29995,-0.37994996,-0.29994994,-1.0199499,-0.38994995,1.77005,-1.82995,-0.71994996,5.06005,5.06005,5.59005,5.86005,6.17005,5.99005,5.76005,5.58005,5.3000503,5.97005,5.39005,6.10005,6.0700502,6.29005,6.0500503,6.11005,5.86005,4.2800503,2.26005,1.3400501,0.6800501
