raw-data/2018091706.json
{"header": { "discipline":0, "disciplineName":"Meteorological products", "gribEdition":2, "gribLength":74120, "center":7, "centerName":"US National Weather Service - NCEP(WMC)", "subcenter":0, "refTime":"2018-09-17T06:00:00.000Z", "significanceOfRT":1, "significanceOfRTName":"Start of forecast", "productStatus":0, "productStatusName":"Operational products", "productType":1, "productTypeName":"Forecast products", "productDefinitionTemplate":0, "productDefinitionTemplateName":"Analysis/forecast at horizontal level/layer at a point in time", "parameterCategory":2, "parameterCategoryName":"Momentum", "parameterNumber":3, "parameterNumberName":"V-component_of_wind", "parameterUnit":"m.s-1", "genProcessType":2, "genProcessTypeName":"Forecast", "forecastTime":0, "surface1Type":103, "surface1TypeName":"Specified height level above ground", "surface1Value":10.0, "surface2Type":255, "surface2TypeName":"Missing", "surface2Value":0.0, "gridDefinitionTemplate":0, "gridDefinitionTemplateName":"Latitude_Longitude", "numberPoints":65160, "shape":6, "shapeName":"Earth spherical with radius of 6,371,229.0 m", "gridUnits":"degrees", "resolution":48, "winds":"true", "scanMode":0, "nx":360, "ny":181, "basicAngle":0, "lo1":0.0, "la1":90.0, "lo2":359.0, "la2":-90.0, "dx":1.0, "dy":1.0 }, "data":
[rows 135 to 161 of 181, columns 59 to 117 of 360]
1.9503418,1.1803418,2.9703417,4.610342,5.290342,4.5703416,2.8703418,5.3903418,6.790342,8.030342,9.770342,10.860342,10.590342,8.310342,3.4703417,3.1803417,0.2103418,-15.209659,-14.759658,-12.649658,-12.919659,-13.339658,-13.159658,-12.919659,-12.699658,-12.379658,-12.039659,-11.699658,-11.779658,-12.229658,-12.039659,-11.559658,-10.759658,-9.439658,-8.639658,-7.7996583,-7.3596582,-7.0896583,-6.329658,-5.5296583,-4.789658,-3.6796582,-2.8996582,-2.0796583,-1.2096581,-0.0796582,1.3503418,2.8803418,3.8003418,4.4903417,4.8203416,4.670342,4.500342,3.4103417,3.7003417,6.310342,6.150342,6.480342,7.710342
3.3803418,0.9603418,1.5703418,2.990342,4.3203416,4.600342,1.7103418,2.1503417,3.5503418,5.5703416,6.330342,6.620342,6.3003416,6.130342,5.2803416,3.6403418,3.510342,2.9303417,4.580342,1.3603418,-6.2596583,-11.379658,-12.939658,-12.879658,-12.659658,-12.199658,-11.409658,-11.269658,-11.459659,-11.399658,-11.029658,-10.819658,-10.379658,-9.889658,-9.089658,-8.479658,-7.889658,-6.899658,-5.959658,-5.4296584,-4.9896584,-4.4896584,-3.9696581,-3.269658,-2.489658,-1.6396582,-0.3096582,1.7703418,2.990342,3.1803417,3.8403418,4.710342,4.000342,1.9903418,4.630342,5.5503416,6.100342,7.380342,8.470342
5.040342,3.4003417,2.0303419,1.8303418,2.5903418,3.2203417,0.8203418,-0.6996582,0.9503418,3.0303419,4.080342,3.740342,3.500342,3.990342,3.8203418,2.480342,0.7503418,-0.18965821,0.5603418,1.5603418,2.0203419,2.0803418,2.3303418,1.8503418,-1.8196582,-7.539658,-10.499659,-10.779658,-10.369658,-10.119658,-9.549658,-9.209659,-9.229658,-9.459659,-8.899658,-8.179658,-7.709658,-7.149658,-6.9496584,-7.169658,-6.599658,-5.9296584,-5.539658,-5.0296583,-4.0496583,-2.3796582,-1.0596582,0.2203418,1.1903418,1.7903419,3.0903418,3.8903418,2.3503418,1.9103417,3.7103417,5.230342,6.9303417,8.030342,9.230342
4.350342,3.2803419,3.230342,2.750342,2.6803417,2.2903419,0.5103418,-0.3096582,-0.6896582,1.0803418,1.7003418,1.1403418,1.4903418,0.5503418,0.7703418,0.4303418,0.0403418,-0.15965821,-0.4096582,-0.5496582,-1.1596582,-1.0896583,-0.2096582,0.4003418,0.4303418,0.3703418,0.5003418,-0.4196582,-3.989658,-7.0296583,-7.7196584,-7.499658,-7.4096584,-7.289658,-6.9896584,-6.7196584,-6.649658,-6.619658,-6.7196584,-6.919658,-7.0896583,-6.789658,-5.9096584,-5.119658,-4.5096583,-3.5496583,-2.3796582,-1.0196582,0.1603418,0.6703418,1.3303418,1.2803417,-0.5696582,0.3903418,2.8903418,5.100342,7.230342,8.790341,9.640342
3.6303418,0.7503418,1.9403418,1.6903418,1.3003418,0.7403418,0.2503418,-0.0796582,-0.3996582,-1.1296582,-0.1296582,-1.2596582,-0.6596582,-0.1796582,-1.2996582,-1.3396583,-1.1196582,-0.7496582,-0.61965823,-0.7196582,-0.9296582,-0.6896582,-0.7196582,-1.2896582,-1.0596582,-0.4996582,-0.3796582,-0.5996582,-1.1696582,-1.8996582,-2.1996582,-2.5596583,-3.3896582,-4.519658,-5.329658,-5.689658,-5.7996583,-5.9896584,-6.189658,-6.139658,-6.389658,-6.389658,-6.149658,-6.079658,-5.809658,-5.209658,-4.379658,-3.239658,-2.489658,-1.2796582,-0.009658203,-0.9296582,-3.4496582,-1.3696582,1.8603418,4.7403417,7.000342,8.450342,9.570342
4.290342,3.4603417,2.5203419,2.0803418,1.0703418,-0.019658202,-0.8996582,-1.2996582,-1.6396582,-2.2096581,-2.8196583,-2.519658,-1.6296582,-1.8596582,-2.239658,-2.749658,-2.3096583,-1.6296582,-1.0996583,-0.5596582,-0.4996582,-0.5496582,-0.47965822,-0.3996582,-0.1996582,0.4603418,0.5503418,0.4803418,-0.1296582,-0.5996582,-1.1796582,-1.7996582,-2.1296582,-2.5896583,-2.9296582,-3.0996583,-3.9096582,-4.5696583,-5.289658,-5.9696584,-6.1996584,-5.9496584,-6.0696583,-6.379658,-6.399658,-5.8196583,-5.1096582,-4.3596582,-3.2196581,-2.3996582,-2.3596582,-4.2996583,-5.139658,-2.3696582,0.8303418,4.020342,6.1403418,7.540342,8.720342
3.990342,3.8903418,3.7003417,2.9603417,2.0303419,0.8903418,-0.2396582,-1.5496582,-2.6896582,-3.0996583,-3.3696582,-3.239658,-2.9596581,-3.0296583,-3.0696583,-2.8796582,-2.8096583,-2.9196582,-2.4696581,-1.6996582,-1.4096582,-0.8496582,-0.5196582,-0.4396582,-0.3396582,-0.029658204,0.3903418,0.2203418,-0.029658204,0.3903418,0.5603418,0.3203418,-0.2296582,-1.0296582,-1.6796582,-1.8996582,-2.7296581,-3.5696583,-4.0696583,-4.4296584,-4.9296584,-5.519658,-6.149658,-6.369658,-6.1996584,-5.7596583,-5.099658,-4.499658,-4.269658,-3.8096583,-4.8596582,-7.539658,-6.519658,-3.3096583,0.20034179,3.1503417,4.860342,6.0903416,7.540342
4.060342,3.8203418,3.230342,2.9403417,2.6003418,1.8203418,0.4703418,-0.9096582,-2.5496583,-3.9696581,-4.579658,-4.8596582,-4.649658,-4.3396583,-4.1096582,-4.079658,-3.8596582,-3.3996582,-2.999658,-3.0696583,-3.3396583,-3.1996582,-2.5896583,-1.6496582,-0.7996582,-0.1796582,-0.5196582,-1.0196582,-0.9696582,0.3603418,0.63034177,0.020341797,-0.3396582,-0.61965823,-0.9396582,-1.6196582,-2.4196582,-3.3896582,-4.1596584,-4.4496584,-4.749658,-5.2996583,-5.9496584,-6.379658,-6.3596582,-6.1596584,-6.0896583,-5.889658,-5.749658,-5.6996584,-7.959658,-9.309658,-7.309658,-4.0896583,-0.7296582,1.7603418,3.1203418,4.7803416,5.8003416
3.5403419,3.4003417,3.5603418,3.0303419,2.3103418,1.7303418,1.1903418,0.3603418,-0.3296582,-1.4196582,-3.0796583,-5.149658,-6.5096583,-6.4896584,-5.6096582,-4.879658,-4.269658,-3.6996582,-3.019658,-2.8496583,-2.3796582,-2.8196583,-2.4396582,-1.7796582,-1.4396582,-0.86965823,-0.4096582,-0.3096582,-0.3996582,0.2803418,0.2503418,1.1103418,1.3203418,0.88034177,3.4179687E-4,-1.5496582,-2.6996582,-3.4296582,-3.9496582,-4.4296584,-4.889658,-5.4096584,-5.9496584,-6.5096583,-6.649658,-6.4496584,-6.5496583,-6.9696584,-7.3196583,-8.219658,-10.439658,-9.859658,-7.399658,-4.419658,-1.8396583,0.3403418,2.5603418,4.0103416,4.2803416
4.620342,4.100342,3.480342,2.6603417,1.8403418,1.2203418,0.6403418,0.3303418,-0.1496582,-0.8996582,-1.7196583,-2.6396582,-3.7896583,-5.419658,-6.4896584,-6.3596582,-5.649658,-4.639658,-3.9296582,-3.5596583,-3.1596582,-2.4396582,-1.3896582,-0.3996582,0.0903418,-0.069658205,-0.2896582,-0.2696582,-0.2396582,-0.3496582,-0.1496582,-0.1796582,0.4303418,0.8903418,0.49034178,-0.1196582,-1.0896583,-2.2096581,-3.269658,-4.2996583,-5.149658,-5.9296584,-6.6596584,-7.4696584,-8.099658,-8.399658,-8.269658,-8.3296585,-9.0796585,-11.169659,-11.889658,-10.099658,-7.599658,-5.2396584,-2.999658,-0.9796582,1.3303418,2.8003418,3.2903419
5.5703416,5.080342,4.460342,3.6403418,2.8903418,2.1103418,1.4703418,0.9503418,0.2403418,-0.61965823,-1.7296582,-2.999658,-4.129658,-5.0896583,-5.8196583,-6.1596584,-6.169658,-5.8396583,-5.349658,-4.8596582,-4.249658,-3.1896582,-1.6696582,-0.4196582,0.4003418,0.7403418,0.8003418,0.5703418,0.49034178,0.23034179,0.6403418,0.7903418,0.6603418,0.7803418,1.0903418,0.9103418,0.020341797,-1.3696582,-2.3896582,-3.1396582,-3.999658,-5.0096583,-6.4496584,-8.049658,-9.389658,-10.019658,-10.249659,-10.309658,-11.879658,-13.469658,-12.549658,-9.759658,-7.2796583,-5.829658,-4.769658,-3.0996583,-0.44965822,1.7403418,2.750342
5.630342,5.1403418,4.600342,4.060342,3.2103417,2.3103418,1.5603418,0.9303418,0.4603418,0.050341796,-0.5296582,-1.3796582,-2.3096583,-3.509658,-4.599658,-5.649658,-6.3396583,-6.4696584,-6.389658,-5.999658,-5.0496583,-3.8596582,-2.519658,-1.1296582,-0.029658204,0.7403418,1.2003418,1.1803418,0.9903418,0.9603418,0.7503418,0.8003418,1.0803418,1.4203418,1.7603418,1.6303418,0.7603418,-0.6296582,-1.7296582,-2.3396583,-2.8496583,-3.3796582,-4.689658,-7.459658,-9.769658,-11.179658,-11.949658,-12.249659,-14.459659,-14.619658,-12.469658,-9.8296585,-8.029658,-7.1796584,-6.619658,-4.939658,-2.2796583,0.49034178,2.0703418
5.040342,4.520342,4.020342,3.480342,2.8703418,2.0703418,1.2103418,0.3903418,-0.2696582,-0.6696582,-0.8796582,-1.1496582,-1.5296582,-2.0996583,-2.7996583,-3.7196581,-4.6596584,-5.4496584,-5.7796583,-5.709658,-5.2596583,-4.209658,-2.8196583,-1.5596582,-0.3696582,0.3903418,0.9303418,1.2603418,1.3003418,1.2503418,1.0703418,0.9803418,1.2203418,1.6803418,1.8603418,1.8503418,0.7003418,-0.9896582,-2.3596582,-2.749658,-2.3096583,-2.0596583,-2.989658,-5.789658,-8.5796585,-10.399658,-12.459659,-14.629658,-15.089658,-13.619658,-11.699658,-9.999659,-9.379658,-9.089658,-7.0096583,-5.639658,-3.1096582,-1.2596582,0.2903418
4.900342,4.630342,4.0103416,3.1703417,2.1703417,1.1203418,0.20034179,-0.4996582,-0.9796582,-1.4296582,-1.7196583,-1.8596582,-1.9296582,-2.1596582,-2.3396583,-2.5396583,-2.749658,-2.7896583,-3.1496582,-3.6496582,-3.4296582,-2.7196581,-1.8696582,-0.8396582,0.1903418,1.1403418,1.7503418,2.0603418,1.9103417,1.3703418,0.8903418,0.7003418,0.9003418,1.3303418,1.6603417,1.2403418,-0.3796582,-2.499658,-3.6996582,-3.3696582,-2.5396583,-2.1596582,-2.7096581,-5.2196584,-8.5796585,-11.419659,-13.509658,-14.309658,-13.429658,-12.049658,-10.939658,-10.759658,-10.649658,-9.559658,-8.029658,-6.309658,-4.869658,-2.8596582,-1.0696582
6.8003416,6.380342,5.4303417,4.560342,3.8703418,3.1203418,1.8003418,0.7403418,-0.0796582,-0.3596582,-0.8096582,-1.1096582,-1.1596582,-0.9596582,-0.7296582,-0.47965822,-0.4096582,-0.4596582,-0.7696582,-1.2296582,-1.7096581,-2.1096582,-2.0696583,-1.8496583,-1.5696582,-1.1996582,-0.9696582,-1.0296582,-1.3896582,-1.4296582,-0.9796582,-0.2996582,0.2603418,0.4803418,0.7003418,-0.1696582,-2.5596583,-4.169658,-4.329658,-3.6496582,-2.749658,-3.1596582,-5.7796583,-8.119658,-9.709659,-11.109658,-11.849658,-11.799658,-11.419659,-11.019658,-10.899658,-10.389658,-9.869658,-9.169659,-8.239658,-6.8596582,-5.079658,-3.7896583,-2.0996583
3.4503417,2.8603418,2.1103418,1.5403419,1.1803418,1.0003418,0.88034177,0.9603418,1.0803418,0.8703418,0.6503418,0.6403418,0.49034178,0.110341795,-0.4196582,-1.0996583,-1.8896582,-2.6096582,-3.2196581,-3.6996582,-4.0096583,-4.2196584,-4.2596583,-4.189658,-3.999658,-3.8196583,-3.6296582,-2.999658,-2.249658,-1.6096582,-0.9996582,-0.6396582,-0.44965822,-0.7396582,-1.0396582,-2.0296583,-4.2196584,-4.8596582,-4.119658,-3.519658,-4.039658,-5.9296584,-8.419659,-10.209659,-10.989658,-11.629658,-11.379658,-11.059658,-10.949658,-10.799658,-10.5796585,-10.399658,-9.739658,-8.619658,-7.3596582,-6.2996583,-5.309658,-3.6796582,-1.9096582
3.3603418,2.990342,2.5703418,1.8403418,0.8903418,0.110341795,-0.4196582,-0.8496582,-1.1496582,-1.3596582,-1.6596582,-2.1596582,-2.8196583,-3.3496583,-3.7096581,-4.079658,-4.5696583,-5.039658,-5.4696584,-5.959658,-6.399658,-6.689658,-6.7396584,-6.579658,-6.329658,-5.9296584,-5.389658,-4.689658,-3.8796582,-2.9296582,-2.249658,-1.7696582,-1.5896583,-1.7896582,-2.5396583,-3.5896583,-4.829658,-5.079658,-5.3196583,-5.149658,-5.8596582,-7.2796583,-8.559658,-9.619658,-9.569658,-9.319658,-9.069658,-9.049658,-9.419659,-9.479658,-9.199658,-7.999658,-7.1796584,-6.8396583,-6.2596583,-4.309658,-2.9396582,-2.1296582,-0.8996582
3.740342,3.7803419,3.4503417,2.6503417,1.4803418,0.3703418,-0.3196582,-0.9396582,-1.4496582,-2.1496582,-2.759658,-3.3496583,-4.2596583,-5.379658,-6.669658,-7.919658,-8.459659,-8.759658,-9.129658,-9.589658,-9.849658,-9.639658,-9.289659,-8.769658,-8.059658,-7.3396583,-6.4696584,-5.579658,-4.769658,-4.2996583,-3.8796582,-3.499658,-3.2796583,-3.239658,-4.4696584,-5.8596582,-6.689658,-6.459658,-6.7596583,-7.2596583,-7.539658,-8.029658,-8.409658,-8.509658,-8.369658,-8.589658,-7.789658,-8.029658,-8.739658,-8.749659,-8.029658,-7.169658,-6.669658,-5.889658,-3.999658,-2.6896582,-1.9896582,-0.9596582,0.2403418
6.0703416,6.790342,7.5503416,7.860342,7.920342,7.810342,7.7003417,7.850342,7.770342,7.170342,7.020342,6.9703417,6.190342,5.380342,3.4603417,0.1803418,-3.239658,-7.019658,-10.119658,-11.669659,-12.549658,-12.699658,-11.879658,-10.629658,-9.409658,-8.209659,-7.189658,-6.539658,-5.9896584,-5.479658,-4.9296584,-4.619658,-5.169658,-6.0496583,-6.9496584,-6.579658,-6.289658,-6.5096583,-6.399658,-6.309658,-7.189658,-7.869658,-8.059658,-7.579658,-6.7596583,-6.0496583,-5.2196584,-4.6996584,-4.7796583,-4.3396583,-3.6596582,-2.8696582,-2.2796583,-1.9496582,-1.5796582,-0.9196582,0.4503418,1.2803417,1.5003418
6.9703417,7.670342,8.380342,9.080341,9.460341,9.810342,10.530342,11.500341,12.340342,11.980342,11.440342,11.980342,11.640342,11.660342,11.180342,9.100342,7.2203417,2.6003418,-5.139658,-10.449658,-11.969658,-11.969658,-11.489658,-10.789659,-10.029658,-9.409658,-8.229658,-7.209658,-6.649658,-6.0296583,-5.499658,-5.119658,-4.939658,-4.849658,-4.5096583,-4.1596584,-3.6896582,-3.1696582,-3.0596583,-2.7196581,-2.2296581,-1.7796582,-1.5296582,-1.3796582,-1.0996583,-0.9596582,-1.1096582,-1.2496582,-1.4196582,-1.6696582,-1.7496582,-1.5196582,-0.7096582,0.30034178,1.2403418,1.6503417,1.8003418,1.8103418,1.6003418
6.4103417,7.2603416,7.980342,8.440342,9.160342,10.100342,10.620342,11.680342,13.630342,15.460341,15.270342,14.310342,14.820342,13.970342,13.040341,11.240342,7.860342,3.3403418,-1.1996582,-5.019658,-7.6596584,-8.979658,-9.179658,-8.619658,-7.7396584,-6.8596582,-5.7996583,-4.809658,-3.9296582,-3.5396583,-3.3696582,-3.0796583,-2.8296583,-2.1696582,-1.8496583,-1.8396583,-1.8496583,-1.5096582,-1.4296582,-1.5496582,-1.2196583,0.010341797,1.6203418,1.9003417,2.490342,2.3403418,2.0403419,1.5403419,0.6103418,-0.6096582,-1.0896583,-0.61965823,0.110341795,0.9003418,1.9903418,3.5503418,3.5703418,2.4203417,1.2403418
5.110342,5.7203417,6.4903417,6.940342,7.3003416,8.220342,9.990342,11.990342,13.660342,15.380342,17.640343,18.030342,15.610342,14.860342,12.880342,10.1703415,7.5103416,4.620342,1.9103417,-0.3396582,-2.0596583,-3.3296583,-4.0096583,-4.4296584,-4.519658,-4.189658,-3.4096582,-2.8296583,-2.5996583,-2.1496582,-1.5296582,-0.61965823,-0.009658203,0.2803418,0.1803418,-0.3296582,-0.3896582,0.3603418,1.1003418,0.27034178,-1.3996582,-4.579658,-4.6996584,1.1803418,3.1703417,1.1103418,2.8303418,3.9203417,3.2903419,1.6503417,-0.0796582,-1.5396582,0.9503418,1.9603418,1.7003418,1.6103418,5.5703416,3.8603418,0.6603418
4.0303416,3.250342,1.7803417,2.4203417,3.5403419,4.770342,7.0903416,10.810342,13.4203415,16.020342,18.770342,20.370342,19.400341,15.560342,12.450342,10.330341,6.980342,3.730342,1.2303418,-0.7196582,-2.5396583,-3.749658,-4.599658,-5.1096582,-5.5296583,-4.979658,-4.209658,-4.5296583,-4.079658,-3.759658,-3.2096581,-0.6696582,-0.3396582,-0.8896582,0.1403418,1.0903418,1.3303418,3.3803418,5.5703416,7.7203417,6.360342,2.3103418,2.1203418,-0.3596582,0.7403418,3.9503417,5.830342,6.3403416,7.7803416,8.310342,7.100342,8.100342,7.860342,3.2703419,2.490342,4.290342,4.400342,3.5703418,2.6803417
12.350342,13.1703415,13.000341,14.660342,15.850342,15.900342,17.640343,19.31034,20.660341,23.260342,25.290342,23.800343,19.830341,16.620342,14.440342,10.950342,7.770342,3.7803419,-0.7296582,-4.7596583,-6.3396583,-5.2596583,-4.499658,-4.019658,-3.4296582,-3.0796583,-2.6796582,-1.8196582,-1.6496582,-1.1296582,-0.7096582,-1.2296582,-1.2596582,-0.9696582,-0.2996582,0.5403418,1.4203418,3.480342,7.2803416,8.120342,5.250342,2.4003417,2.010342,2.3703418,3.260342,4.610342,5.9903417,6.9903417,7.7403417,8.790341,10.500341,11.690342,12.790341,12.980342,12.440342,11.850342,11.090342,9.780342,9.480342
10.530342,11.440342,11.150342,11.630342,12.440342,13.220342,14.800342,15.6703415,15.530342,14.790341,13.820342,15.450342,15.310342,13.210341,10.840342,8.150342,6.6403418,5.0303416,3.8503418,0.8103418,-1.7796582,-3.0596583,-3.8896582,-3.2796583,-2.4496582,-2.3196583,-2.7096581,-2.8096583,-2.0596583,-1.3996582,-0.9196582,-0.4596582,-0.1196582,0.4803418,1.3203418,2.0603418,2.9003417,4.110342,4.7803416,4.870342,6.020342,5.1403418,3.010342,2.1503417,2.250342,3.240342,4.2803416,5.7403417,6.360342,6.4903417,7.110342,8.180342,9.300342,10.270342,10.460341,10.270342,9.960341,9.560342,9.1703415
7.860342,9.040341,9.970342,11.290341,11.880342,11.350342,11.120342,11.440342,8.4203415,2.4203417,8.760342,14.150342,13.880342,10.980342,3.7103417,1.5403419,2.4603417,0.1603418,-0.9596582,-1.1096582,-1.1396582,-1.3896582,-1.7896582,-2.2896583,-2.5596583,-2.2196581,-1.7496582,-1.5496582,-1.4096582,-1.2696582,-1.1096582,-0.8196582,-0.5896582,-0.0896582,0.5603418,1.3603418,2.0803418,2.4403417,3.000342,3.9303417,4.4503417,4.2603416,3.980342,3.5903418,3.3003418,3.730342,4.5703416,5.830342,7.120342,7.4503417,7.8003416,8.110342,8.130342,8.400342,8.860342,8.840342,8.290341,8.030342,8.070342
5.1403418,5.2603416,5.400342,5.4103417,6.5703416,8.970342,10.430342,10.320342,9.760342,10.820342,12.140342,12.310342,10.450342,3.500342,-1.0496582,-1.4196582,-2.249658,-2.5696583,-2.5296583,-2.6096582,-3.0296583,-3.0796583,-2.6796582,-2.239658,-1.9496582,-1.7996582,-1.6196582,-1.4196582,-1.2496582,-1.1796582,-1.2996582,-1.5396582,-1.5396582,-1.4496582,-0.9196582,-0.029658204,0.8003418,1.5103418,2.0303419,2.4503417,3.1403418,3.6503417,3.7103417,3.6303418,3.6103418,3.6303418,3.9403417,4.600342,5.150342,5.500342,5.7003417,5.6803417,5.7203417,5.900342,6.060342,6.310342,6.600342,6.7603416,6.860342
