raw-data/2018100912.json
{"header": { "discipline":0, "disciplineName":"Meteorological products", "gribEdition":2, "gribLength":74538, "center":7, "centerName":"US National Weather Service - NCEP(WMC)", "subcenter":0, "refTime":"2018-10-09T12:00:00.000Z", "significanceOfRT":1, "significanceOfRTName":"Start of forecast", "productStatus":0, "productStatusName":"Operational products", "productType":1, "productTypeName":"Forecast products", "productDefinitionTemplate":0, "productDefinitionTemplateName":"Analysis/forecast at horizontal level/layer at a point in time", "parameterCategory":2, "parameterCategoryName":"Momentum", "parameterNumber":3, "parameterNumberName":"V-component_of_wind", "parameterUnit":"m.s-1", "genProcessType":2, "genProcessTypeName":"Forecast", "forecastTime":0, "surface1Type":103, "surface1TypeName":"Specified height level above ground", "surface1Value":10.0, "surface2Type":255, "surface2TypeName":"Missing", "surface2Value":0.0, "gridDefinitionTemplate":0, "gridDefinitionTemplateName":"Latitude_Longitude", "numberPoints":65160, "shape":6, "shapeName":"Earth spherical with radius of 6,371,229.0 m", "gridUnits":"degrees", "resolution":48, "winds":"true", "scanMode":0, "nx":360, "ny":181, "basicAngle":0, "lo1":0.0, "la1":90.0, "lo2":359.0, "la2":-90.0, "dx":1.0, "dy":1.0 }, "data":
[rows 78 to 103 of 181, columns 0 to 57 of 360]
2.8158104,2.7858105,2.2258105,2.7058105,2.8958106,2.5258105,0.87581056,-0.28418946,-1.0541894,-1.3041894,-1.3041894,-1.0541894,-1.2341895,-1.4641894,-2.9241896,-1.4141895,0.7958105,-0.024189454,-0.8341895,-0.074189454,-0.53418946,-0.60418946,-1.6041894,-1.5441895,-2.7641895,-3.8841894,-4.2641892,-3.5041895,-1.1941894,-1.2541895,-1.4141895,-1.4141895,-1.3041894,-1.7641895,-0.78418946,-1.9941895,-1.9441894,-0.65418947,-1.3341894,0.58581054,-0.34418947,0.20581055,1.1758106,2.3858106,2.3058105,1.5758106,-0.35418946,-1.9141895,-2.7041895,-2.6041894,-1.8041894,-3.8541894,-1.7241894,0.45581055,1.5858105,0.015810547,-3.0241895,-5.0241895
3.2758105,2.5058105,2.5558105,2.4758105,2.2158105,2.4258106,2.3158104,1.4858105,0.22581054,-1.0441895,-1.2741895,1.2258105,2.2458105,-1.1241895,-2.9241896,-0.53418946,-0.17418945,-0.024189454,0.58581054,-0.20418945,-0.014189453,-0.78418946,-1.1141895,-2.1441894,-2.4341896,-3.3341894,-3.5341895,-2.0941894,-1.1841894,-1.6941894,-1.3241894,-0.14418945,0.44581056,-0.18418945,-0.11418945,-0.49418944,-1.4841895,-1.1041894,-1.0741894,-0.18418945,-0.93418944,-1.3041894,-2.2941895,-1.3141894,-1.6541895,-2.5441895,-4.3041897,-3.7541895,-3.8241894,-4.3941894,-4.8741894,1.1958106,3.6058106,4.0858107,2.9358106,2.4958105,0.27581054,-1.3241894
2.2758105,2.0458105,2.4458106,2.3658106,2.2158105,2.4258106,2.2258105,1.3258106,1.2858106,-2.5741894,0.84581053,4.5658107,1.4858105,0.46581054,-1.5341895,-1.2941895,-0.79418945,-0.06418946,0.32581055,-0.044189453,-0.73418945,-1.1741894,-1.8141894,-1.7541895,-2.4541895,-1.8241894,-1.3141894,-2.0541894,-1.6841894,-0.81418943,-0.96418947,0.75581056,0.19581054,0.53581053,-0.54418945,-0.6941894,-0.12418945,0.12581055,0.45581055,-0.30418944,-2.5741894,-3.9541895,-3.8141894,-3.1841896,-5.6241894,-4.3641896,-3.8241894,1.3458105,3.2758105,-0.14418945,-3.4641895,8.045811,6.8058105,5.4158106,3.9658105,3.1958106,2.2158105,1.5458106
2.6758106,2.2958105,2.2758105,2.1158106,2.0258105,1.1858106,1.3358105,1.0058105,0.89581054,1.8658105,2.4258106,1.9558105,-0.5741894,-1.8441894,-0.86418945,-0.21418945,-0.08418945,0.13581055,0.035810545,-0.30418944,-1.3441894,-1.2041894,-1.4641894,-2.3641894,-1.6841894,-0.99418944,-1.7841895,-0.7041895,-0.6341894,-0.71418947,0.50581056,0.43581054,0.39581054,-0.23418945,-0.50418943,-1.6441895,0.06581055,-0.25418946,-0.054189455,-1.0341895,-5.5941896,-0.7041895,1.5158105,2.0858107,-5.8641896,-4.5641894,1.4158106,1.8858105,1.1558106,0.6058105,0.11581054,9.90581,6.8658104,5.0558105,3.9258106,3.8558106,3.6458106,3.4458106
1.5858105,2.4358106,1.9958105,1.9758105,2.0258105,1.3958106,1.1258105,0.9858105,0.83581054,1.0458106,1.0858105,-0.14418945,-0.21418945,-0.92418945,-2.0841894,-1.6041894,-1.2141894,0.32581055,-0.29418945,-0.61418945,-0.35418946,-0.62418944,-0.91418946,-0.54418945,-0.8341895,-0.23418945,-1.0641894,-1.6241895,-0.40418947,0.52581054,0.51581055,-0.03418945,0.6658105,1.3958106,1.0558106,0.8058106,0.09581055,0.31581056,0.9258106,-4.3141894,-2.0141895,-0.8941895,3.8958106,2.6858106,3.5058105,2.7158105,3.4458106,1.8258106,2.1658106,2.7958105,8.465811,7.0458107,6.1558104,4.7558107,4.1058106,3.6858106,4.1058106,4.0458107
1.5658106,1.0758106,-0.27418944,1.8758105,1.7158105,1.5658106,1.0858105,1.3458105,0.9158105,1.6158105,-0.71418947,-1.4841895,-0.97418946,-1.5041895,-1.9341894,-1.8841895,-0.60418946,-0.074189454,0.62581056,-0.28418946,-0.43418944,-0.024189454,0.81581056,0.88581055,0.77581054,1.9558105,1.8258106,0.41581056,-1.3941895,-0.014189453,-0.87418944,-0.08418945,0.20581055,1.4058106,1.4358106,0.22581054,1.0458106,0.5558106,1.4458106,-0.28418946,-2.3741894,4.4758105,1.8758105,3.8158104,3.5958107,3.1358106,1.9858105,2.7358105,1.9758105,4.2058105,7.9758105,6.1758103,4.9058104,4.2358108,3.9958105,3.5758104,3.6758106,3.7658105
1.8058106,3.1358106,3.3858106,1.2658105,1.3558105,1.5758106,0.71581054,1.2758106,1.7958106,0.105810545,-1.6741894,0.17581055,0.51581055,0.83581054,-0.03418945,-1.1341895,-0.03418945,0.21581055,0.88581055,0.59581053,0.08581055,0.05581055,0.36581054,-0.004189453,0.74581057,1.0458106,0.63581055,1.3658105,1.5358106,0.39581054,-0.32418945,-0.5241895,-0.23418945,1.3658105,1.4358106,1.8258106,1.5958105,2.5258105,3.4458106,3.1058106,3.6358106,5.8558106,5.5358105,4.2458105,4.0358105,2.4458106,2.7758105,1.8258106,2.6558106,8.81581,5.4758105,4.3458104,4.1558104,3.9158106,3.5158105,3.5858107,3.1558106,3.1458106
1.4358106,0.70581055,0.35581055,1.3058106,1.8058106,2.1958106,1.0658106,1.0558106,2.3258104,0.90581053,1.2758106,0.77581054,-0.25418946,-0.93418944,-0.32418945,0.17581055,0.015810547,0.71581054,0.6758106,0.8658106,-0.81418943,-0.43418944,-0.33418944,0.42581055,0.76581055,1.0258106,1.5258106,0.32581055,0.88581055,1.3558105,0.39581054,-0.9441894,-1.0141895,0.19581054,1.8958106,1.5158105,4.3758106,2.7758105,2.0058105,-1.6041894,5.6358104,6.215811,4.5758104,4.2058105,4.2758107,3.5558105,2.8658106,3.0058105,6.9958105,5.7658105,4.2258105,3.9158106,4.3558106,4.1358104,3.7158105,3.4958105,3.2258105,3.3358107
2.3258104,0.8658106,1.2958106,2.7858105,2.5858107,3.3358107,1.9158106,2.0858107,-1.0041895,-1.1941894,1.2258105,0.9158105,0.25581056,1.2458105,-0.11418945,0.33581054,0.7358105,-0.30418944,0.46581054,0.77581054,0.48581055,0.69581056,0.65581053,0.96581054,-0.23418945,0.69581056,0.95581055,0.9758105,0.20581055,0.83581054,1.5258106,0.23581055,-0.5741894,-0.044189453,-0.55418944,1.1358105,1.0758106,-0.81418943,2.2458105,5.1658106,4.465811,4.5658107,5.0458107,5.3258104,4.0258107,6.3858104,6.2858105,8.39581,6.9358106,4.6158104,4.5858107,4.3558106,3.9358106,3.9058106,3.8358107,3.8758106,4.4958105,4.7858105
4.3158107,4.8258104,4.2458105,3.7258105,4.5758104,4.3558106,3.8758106,3.3558106,0.045810547,1.1758106,-0.78418946,-0.41418946,0.5558106,0.6058105,0.31581056,0.88581055,1.0758106,1.5558106,2.0658104,1.5058105,1.6658106,1.6058105,0.96581054,0.88581055,1.5358106,1.0658106,0.31581056,0.78581053,0.87581056,0.43581054,0.31581056,0.14581054,1.2858106,0.48581055,-0.54418945,0.88581055,0.26581055,1.9458106,3.4758105,4.8358107,5.0058107,5.2858105,6.2258105,6.5358105,5.0058107,5.8358107,6.6158104,6.4158106,5.7058105,5.6358104,5.0758104,4.7458105,4.715811,4.9258103,4.9358106,5.1258106,5.1758103,5.0658107
4.3558106,6.3458104,6.9258103,6.9158106,6.1958103,5.8358107,6.4458103,4.1858106,3.5958107,2.6858106,-1.1241895,0.23581055,0.50581056,-0.09418945,0.6158106,1.4758105,2.0058105,1.7758106,2.1458106,1.5058105,1.3958106,1.9458106,1.9958105,1.1958106,1.1458106,0.75581056,0.93581057,0.35581055,1.0258106,0.62581056,-0.054189455,1.7658105,0.5558106,1.6258105,0.6658105,-2.5541894,-1.2141894,-0.16418946,4.215811,6.3158107,5.7358108,5.3758106,5.9358106,4.3558106,4.0758104,6.6858106,6.3058105,6.1458106,6.4558105,6.5458107,6.5658107,6.6458106,6.6258106,6.6858106,6.6258106,6.6958103,6.3558106,5.8358107
8.4958105,8.135811,7.8758106,8.14581,7.3358107,7.5258107,6.8558106,4.9958105,5.9358106,4.8058105,0.41581056,-0.46418944,-1.3241894,-0.81418943,0.47581056,1.3858105,1.4158106,1.5258106,1.4558105,1.9158106,2.0258105,2.0158105,1.4758105,1.6358105,0.8558105,0.52581054,0.48581055,-0.87418944,-0.6341894,-0.6441895,0.105810545,-1.1641895,0.52581054,0.65581053,2.1358106,0.58581054,-2.2541895,-0.5241895,5.3158107,7.7458105,6.9458103,5.7858105,5.4358106,4.8358107,7.1758103,6.7758107,6.465811,6.8158107,7.0558105,7.1658106,7.1158104,6.9958105,7.0558105,7.1358104,7.2258105,7.0658107,6.4958105,6.0058107
7.7758107,7.6358104,7.6258106,7.7458105,7.1258106,6.0258107,5.8258104,4.9858108,3.9658105,2.0658104,0.22581054,-0.24418946,0.29581055,-0.15418945,0.93581057,1.6858106,1.2758106,1.3858105,1.7358105,1.4658105,1.3558105,0.35581055,1.6058105,1.5858105,1.3158106,0.39581054,0.34581053,0.44581056,-0.13418946,0.50581056,0.8558105,0.9158105,3.3958106,4.4758105,2.2258105,1.2858106,-3.1941895,1.5258106,3.7858105,8.415811,7.4758105,5.9458103,5.1658106,7.9858108,7.4958105,7.3658104,7.5158105,7.7358108,7.8858104,7.9258103,7.9358106,7.8458104,7.6958103,7.4158106,7.2258105,6.6958103,6.1958103,5.9558105
6.9758105,6.965811,6.9258103,6.7558107,6.3258104,6.2058105,5.465811,5.1958103,4.2858105,2.2358105,-1.6241895,-0.98418945,-1.3841895,0.5558106,1.0258106,0.37581053,1.2258105,1.0158105,-0.56418943,0.36581054,1.3058106,1.0558106,1.4658105,1.5258106,0.81581056,0.33581054,-0.40418947,-0.17418945,0.17581055,0.40581053,0.44581056,1.8458105,3.8058105,2.6858106,-0.98418945,1.0258106,4.0758104,1.1058105,3.5458105,7.7858105,8.085811,5.6658106,6.715811,7.7858105,7.2358108,7.1958103,7.6658106,8.03581,8.14581,8.14581,8.005811,7.4858108,6.7658105,6.4158106,6.2758107,5.7958107,5.2658105,5.1758103
5.5758104,5.8658104,5.8858104,5.6658106,5.2858105,5.1758103,5.6358104,4.8758106,4.9858108,4.8258104,0.93581057,-1.0941894,-0.19418946,0.33581054,0.37581053,0.50581056,0.64581054,-0.55418944,0.53581053,-0.14418945,0.015810547,1.6358105,-0.5141895,-0.104189456,-0.84418947,-0.074189454,-0.33418944,-0.004189453,-0.014189453,0.38581055,0.51581055,1.0558106,1.3358105,2.1558106,0.29581055,0.12581055,0.36581054,1.7458105,4.0158105,7.2358108,8.295811,5.3558106,7.6658106,7.6058106,7.4258103,7.6158104,7.9058104,8.095811,8.19581,8.18581,8.015811,7.7758107,6.9458103,6.4558105,5.8658104,5.4258103,5.3858104,5.5958104
4.7458105,4.5658107,4.3158107,4.0758104,4.1458106,4.1358104,4.7758107,5.1458106,4.9958105,4.9558105,5.7358108,0.105810545,0.51581055,0.87581056,1.2458105,1.5058105,0.57581055,0.39581054,0.14581054,-0.53418946,-1.3341894,-1.7841895,-0.7741895,-0.98418945,-1.2341895,-1.1041894,-0.92418945,-0.29418945,0.31581056,0.84581053,1.4058106,0.88581055,0.045810547,1.7258105,2.4258106,2.5058105,4.1158104,2.6658106,6.2258105,7.7258105,6.6658106,7.3558106,7.465811,7.5658107,7.8358107,8.225811,8.32581,8.255811,8.28581,8.085811,7.7858105,7.4158106,7.3958106,6.7058105,6.0658107,5.3258104,5.6258106,5.5558105
3.4558105,3.0558105,3.3258104,3.4458106,3.3458107,3.2158105,3.5958107,3.5658104,3.6058106,3.8958106,3.8158104,4.8158107,2.3858106,0.88581055,0.7258105,0.46581054,0.99581057,1.5358106,-0.40418947,-0.81418943,-0.33418944,-1.5241895,-1.8841895,-1.4641894,-0.7641895,-0.85418946,-0.26418945,-0.21418945,0.09581055,1.3558105,2.9758105,0.23581055,-0.5141895,0.7958105,0.9158105,-1.4941895,2.0558105,2.8158104,1.5758106,5.6158104,7.1958103,7.3358107,7.6358104,7.6858106,7.8358107,8.23581,8.52581,8.44581,8.28581,7.9758105,7.3858104,7.0958104,6.6658106,6.2958107,6.215811,5.8058105,5.6058106,5.4058104
2.8258104,2.8158104,2.9458106,3.0358105,3.3958106,3.2758105,3.0658104,2.6458106,2.1158106,2.7958105,3.8058105,4.7258105,4.1158104,1.5958105,2.3558106,1.3258106,-0.72418946,-0.98418945,-0.13418946,-0.25418946,-1.2241894,-1.3841895,-1.4341894,-1.1341895,-1.0841894,-0.5241895,0.56581056,-0.26418945,1.8258106,0.49581054,2.0658104,2.5358105,2.4458106,1.0958105,1.4858105,1.7658105,-0.09418945,1.5558106,3.0758104,5.0258107,6.3258104,6.5058107,6.8258104,7.0258107,7.1758103,7.7558107,8.165811,8.255811,7.8758106,7.4158106,7.0958104,7.0858107,6.8358107,6.5758104,6.4158106,6.3658104,6.5258107,6.7958107
2.6458106,2.6458106,2.9458106,3.5358105,3.7058105,3.5958107,2.9858105,2.6058106,1.9358106,2.6058106,3.4058106,3.9058106,4.7958107,0.93581057,0.28581056,-0.08418945,-0.40418947,-1.1541895,-1.4941895,-2.8941894,-2.2341895,-0.8841894,-1.2941895,-0.5841895,0.8658106,2.3158104,1.2158105,0.9758105,0.9858105,0.48581055,0.96581054,-0.29418945,0.40581053,0.30581054,1.2358105,0.56581056,1.6858106,1.8958106,2.3858106,3.8158104,5.8058105,5.8858104,6.3358107,6.0158105,6.1158104,7.0758104,7.6058106,7.6958103,7.5658107,7.2558107,7.4958105,7.3158107,7.1658106,6.715811,6.715811,7.1158104,6.8758106,5.8458104
3.0658104,3.0958107,3.3258104,3.7758105,4.3758106,4.4258103,4.0358105,3.0558105,3.0158105,2.9558105,3.2758105,3.4458106,3.1158106,1.1158105,0.12581055,0.075810544,-1.0041895,0.5558106,0.09581055,0.49581054,0.0058105467,0.36581054,0.87581056,0.64581054,0.29581055,-1.5141895,0.46581054,0.105810545,-1.2941895,0.6658105,2.9658105,1.8058106,1.8458105,1.0558106,1.0458106,-0.074189454,1.5658106,1.5258106,2.7858105,3.2258105,5.2458105,5.8558106,5.4158106,5.1458106,5.3058105,6.4358106,7.0658107,7.1458106,7.1558104,6.9958105,7.2658105,7.9158106,7.4058104,7.3758106,7.4558105,7.8058105,7.1758103,6.4458103
3.8358107,3.9958105,4.3258104,4.715811,4.5858107,4.4558105,4.1358104,3.8658106,3.5858107,3.1358106,3.0358105,2.8458107,2.6058106,2.8858106,-0.23418945,0.56581056,-0.15418945,-0.61418945,-0.36418945,0.32581055,-0.36418945,-1.2441895,-0.72418946,-0.8241894,-1.3841895,-0.09418945,-1.3241894,-2.3741894,-2.4541895,-1.4441894,-0.96418947,-1.2841895,-0.59418947,2.1258106,1.2358105,0.95581055,1.8158106,0.37581053,0.53581053,1.8758105,4.3158107,4.8358107,4.9758105,4.4758105,4.2058105,5.1858106,6.2558107,6.8858104,7.0858107,6.5358105,6.715811,7.1158104,7.6158104,7.5858107,7.7858105,8.255811,8.345811,7.3358107
4.5358105,4.3358107,4.1558104,3.9358106,3.8058105,4.0758104,4.1358104,4.1658106,3.6558106,2.8458107,2.4058106,1.8658105,1.2058105,0.6758106,-0.38418946,0.39581054,0.8658106,0.09581055,0.6058105,-0.17418945,-0.13418946,0.53581053,0.30581054,-1.3641895,-2.2441895,-1.4441894,-2.4941895,0.05581055,0.8558105,-0.87418944,-1.3441894,-0.18418945,-1.1841894,1.0458106,2.8058105,2.2958105,-1.0441895,0.32581055,1.5758106,0.32581055,3.5058105,3.9658105,4.6458106,3.5858107,2.7558105,3.5058105,4.7858105,6.4758105,7.9758105,7.6858106,7.0058107,7.2558107,7.4958105,7.5858107,7.7458105,8.2458105,8.31581,7.5558105
4.4458103,4.4358106,4.2958107,3.9958105,3.6458106,3.2358105,3.0658104,3.0658104,3.0458105,2.2858105,1.5458106,0.82581055,0.21581055,-0.16418946,0.74581057,-1.7841895,-1.2941895,1.1358105,0.045810547,0.93581057,0.29581055,0.87581056,1.2258105,0.48581055,0.29581055,-0.90418947,0.09581055,-0.31418946,0.06581055,-0.16418946,0.89581054,1.3958106,-0.41418946,-0.6441895,5.5958104,0.50581056,0.39581054,0.70581055,1.6458106,0.09581055,0.83581054,3.9358106,3.7658105,2.8858106,1.2358105,1.5758106,3.0058105,4.7058105,6.6058106,7.4258103,8.015811,7.7758107,7.2958107,7.1258106,7.1658106,7.6058106,7.8858104,7.6558104
4.0758104,4.3158107,4.5058107,4.3258104,4.0158105,3.5558105,3.1558106,2.4858105,2.1758106,0.90581053,0.0058105467,-0.40418947,-1.1741894,-0.75418943,0.36581054,-1.4341894,-0.31418946,-0.45418945,1.4958105,1.1258105,1.7858106,1.3258106,0.82581055,1.1458106,0.52581054,0.08581055,-0.31418946,0.51581055,0.40581053,0.7358105,0.82581055,0.76581055,2.0058105,2.7958105,0.51581055,0.33581054,0.17581055,1.4258106,1.7758106,1.6558106,1.7358105,3.6158106,3.5458105,1.0658106,1.6158105,0.36581054,1.0258106,2.2258105,3.9758105,8.345811,7.6458106,8.205811,8.175811,7.4758105,6.4158106,6.7758107,6.9958105,6.7358108
4.1558104,4.2058105,4.5458107,4.715811,4.4058104,3.6958106,3.0358105,2.0058105,1.0158105,0.83581054,0.14581054,0.015810547,-0.5741894,0.8558105,-0.80418944,-1.4741894,-1.2941895,0.6158106,1.5058105,1.4758105,1.5658106,1.9858105,1.6558106,0.93581057,1.3358105,1.7358105,0.87581056,0.105810545,0.015810547,0.38581055,1.5358106,1.7858106,1.7958106,1.2658105,0.43581054,0.12581055,0.65581053,0.21581055,1.5658106,1.4858105,0.70581055,3.3558106,2.7758105,3.4158106,2.7758105,1.4858105,1.1358105,1.2558105,-0.48418945,3.8658106,9.715811,8.61581,7.9858108,7.5358105,6.9758105,6.3258104,5.9358106,5.7558107
4.3058105,4.3358107,3.9458106,3.6758106,3.8058105,3.4058106,2.4558105,1.6258105,1.0858105,0.77581054,0.87581056,0.88581055,0.7358105,-2.1641893,-1.9441894,-0.37418947,0.28581056,-0.5141895,0.99581057,1.4358106,1.4158106,1.9958105,3.3258104,2.2758105,1.1058105,0.87581056,1.1458106,1.5858105,0.8658106,1.1658106,2.4058106,1.8858105,0.9258106,0.08581055,0.26581055,1.2958106,1.4558105,1.6758106,1.6758106,2.2858105,0.44581056,3.1558106,2.5158105,2.5458105,2.3358107,2.4758105,1.6158105,-1.1141895,0.20581055,0.9258106,9.385811,8.805811,7.9758105,7.3158107,6.7258105,6.1558104,5.2958107,5.0958104
