raw-data/2018091506.json
{"header": { "discipline":0, "disciplineName":"Meteorological products", "gribEdition":2, "gribLength":74015, "center":7, "centerName":"US National Weather Service - NCEP(WMC)", "subcenter":0, "refTime":"2018-09-15T06:00:00.000Z", "significanceOfRT":1, "significanceOfRTName":"Start of forecast", "productStatus":0, "productStatusName":"Operational products", "productType":1, "productTypeName":"Forecast products", "productDefinitionTemplate":0, "productDefinitionTemplateName":"Analysis/forecast at horizontal level/layer at a point in time", "parameterCategory":2, "parameterCategoryName":"Momentum", "parameterNumber":3, "parameterNumberName":"V-component_of_wind", "parameterUnit":"m.s-1", "genProcessType":2, "genProcessTypeName":"Forecast", "forecastTime":0, "surface1Type":103, "surface1TypeName":"Specified height level above ground", "surface1Value":10.0, "surface2Type":255, "surface2TypeName":"Missing", "surface2Value":0.0, "gridDefinitionTemplate":0, "gridDefinitionTemplateName":"Latitude_Longitude", "numberPoints":65160, "shape":6, "shapeName":"Earth spherical with radius of 6,371,229.0 m", "gridUnits":"degrees", "resolution":48, "winds":"true", "scanMode":0, "nx":360, "ny":181, "basicAngle":0, "lo1":0.0, "la1":90.0, "lo2":359.0, "la2":-90.0, "dx":1.0, "dy":1.0 }, "data":
[rows 52 to 77 of 181, columns 177 to 235 of 360]
-3.4428442,-2.7328444,-2.7528443,-3.4528441,-4.282844,-4.662844,-5.0428443,-4.0628443,-4.952844,-2.0928442,-1.4028442,3.7371557,6.127156,5.1371555,4.3271556,3.8971558,3.2271557,2.6771557,2.3571558,2.0671558,1.3071557,0.5071558,-0.33284423,-0.76284426,0.30715576,1.3471558,0.9971558,0.06715576,-1.6028442,-3.5228443,-3.8528442,-3.3028443,-3.4728441,-6.9228444,-8.382844,-9.192844,-9.392844,-9.402844,-8.972844,-6.662844,-6.6928444,-7.4428444,-4.9628444,-3.9828444,-4.012844,-2.8928442,-2.9528441,-2.1728442,-2.1728442,-2.8228443,-2.3528442,1.6471558,0.95715576,-0.36284423,-1.9928442,-2.8828442,-4.592844,-4.782844,-5.492844
-3.0028443,-3.3928442,-4.2528443,-4.8828444,-5.512844,-5.572844,-5.202844,-4.9428444,-2.8128443,-2.2528443,6.0971556,4.9171557,4.447156,3.9871557,3.4471557,2.8571558,2.2071557,1.8471558,1.4571557,0.79715574,0.53715575,0.01715576,-0.73284423,-0.85284424,1.4971558,1.5571557,0.5571558,-1.0328442,-2.9028442,-3.8028443,-4.1128445,-3.7928443,-3.7528443,-6.992844,-7.952844,-8.292844,-8.372845,-7.5828443,-7.492844,-7.7528443,-7.782844,-5.122844,-4.932844,-4.7728443,-4.302844,-3.5428443,-2.2428443,-2.4128442,-2.9628441,-2.3228443,0.12715577,2.5871558,0.32715577,-1.4828442,-2.1128442,-3.5128443,-4.9428444,-5.7128444,-6.0828443
-4.072844,-4.722844,-5.602844,-5.762844,-5.1328444,-5.0828443,-4.3828444,-3.2728443,-1.6228442,6.627156,5.277156,4.277156,3.5871558,3.3971558,3.2471557,2.2971559,1.2771558,0.9371558,0.58715576,1.3071557,0.25715578,-0.49284422,-1.0428443,2.1271558,2.0071557,1.7071557,-0.052844238,-2.4228442,-3.6828442,-3.8228443,-3.9228442,-4.992844,-4.7728443,-5.282844,-7.4828444,-7.2128444,-7.682844,-8.0728445,-7.762844,-6.662844,-5.2128444,-5.4628444,-5.262844,-4.7328444,-3.5928442,-3.6728442,-2.2728443,-2.7728443,-1.9628443,-0.37284425,1.6171558,-0.04284424,-0.85284424,-2.2028441,-2.5028443,-3.2528443,-4.6128445,-5.6728444,-6.5428443
-5.4028444,-5.932844,-5.742844,-5.0828443,-3.9628441,-3.4428442,-2.3828442,2.8271558,4.897156,4.737156,3.8971558,3.0571558,3.7071557,3.7171557,2.6571558,1.7371558,0.7571558,0.36715576,0.97715575,0.39715576,0.60715574,0.82715577,0.8871558,0.90715575,1.7271558,0.13715576,-2.2728443,-3.3028443,-3.9428442,-4.032844,-4.552844,-5.372844,-5.992844,-6.1928444,-6.452844,-7.1328444,-7.2928443,-6.7928443,-6.5228443,-6.532844,-6.3828444,-6.0428443,-4.7728443,-4.202844,-4.242844,-2.7328444,-2.1828442,-2.7728443,-0.73284423,1.4571557,0.21715575,-1.1228442,-2.7428443,-2.7828443,-2.9828444,-3.4628441,-4.6128445,-5.2128444,-6.182844
-6.0828443,-6.372844,-2.3428442,-2.6828442,-4.1328444,2.0971558,4.237156,4.297156,3.7871559,3.2371557,2.4071558,3.0771558,2.8471558,2.3071558,1.7771558,1.1271558,0.04715576,0.17715576,0.26715577,0.7471558,0.84715575,0.04715576,1.1671557,2.0671558,0.34715575,-1.4828442,-2.4028442,-3.4428442,-4.1528444,-4.2528443,-5.182844,-5.822844,-6.372844,-6.532844,-6.852844,-7.2328444,-7.432844,-7.4428444,-7.1128445,-6.872844,-5.912844,-5.0228443,-4.742844,-2.6128442,-3.8928442,-2.3928442,-0.24284424,0.65715575,0.35715577,-0.0028442382,-1.0828443,-2.1728442,-2.5228443,-2.9728441,-3.6128442,-4.222844,-4.642844,-5.1528444,-6.1728444
-3.6428442,-1.3228443,-1.4228443,-3.6028442,1.2871557,4.197156,4.087156,3.4071558,2.5671558,1.2871557,2.2071557,2.0071557,1.4071558,0.8771558,0.6371558,0.66715574,0.6971558,0.38715577,0.6371558,1.2071557,1.1571558,0.73715574,1.3871558,0.31715575,-0.9928442,-2.1828442,-2.9828444,-3.5128443,-3.8028443,-4.372844,-4.762844,-5.622844,-5.9828444,-6.3328443,-6.8328443,-6.8628445,-6.992844,-6.8628445,-6.412844,-5.722844,-5.102844,-5.072844,-4.2328444,-2.2228441,-0.89284426,-0.26284423,-1.2928443,-1.5828443,-1.2428442,-1.1928443,-2.4528441,-2.5228443,-2.7528443,-3.9428442,-4.302844,-4.5828443,-4.9028444,-5.802844,-6.662844
-1.9428443,-1.3328443,-2.5028443,-0.60284424,3.6171558,4.467156,3.0171556,1.9271557,1.0471557,0.51715577,1.4171557,0.6971558,-0.21284424,-0.52284425,0.64715576,0.92715573,0.6371558,0.5671558,0.77715576,0.79715574,0.5571558,0.33715576,-0.022844238,-1.0128442,-2.4728441,-3.2628443,-3.5028443,-3.9028442,-3.9928443,-4.0028443,-3.8728442,-4.122844,-5.0028443,-6.012844,-6.4028444,-6.282844,-6.222844,-6.1728444,-5.6128445,-4.7728443,-5.2928443,-4.012844,-1.5928442,-2.3728442,-2.0928442,-2.6528442,-2.9228442,-2.1428442,0.6971558,-0.12284424,-1.8328443,-3.0928442,-3.5428443,-4.222844,-4.6528444,-4.912844,-5.572844,-6.3628445,-7.1328444
-1.3628442,-1.4828442,0.23715577,1.7871557,3.4571557,2.3871558,1.3671558,0.70715576,-0.29284424,0.07715576,0.10715576,-0.67284423,-1.1028442,0.22715576,1.2371558,1.1271558,0.72715575,0.98715574,1.0471557,0.83715576,0.17715576,-0.73284423,-1.0328442,-1.5728443,-2.6028442,-3.2228441,-3.5628443,-3.5928442,-3.6228442,-2.5428443,-2.8828442,-3.4828444,-4.392844,-5.242844,-5.932844,-6.3828444,-6.052844,-5.7728443,-3.6628442,-3.4628441,-3.6528442,-3.1028442,-3.9828444,-4.972844,-2.3328443,-3.1828442,-1.0928442,-0.7428442,-0.98284423,-1.4528443,-2.5328443,-3.4028442,-4.1128445,-4.5428443,-4.912844,-5.4428444,-6.072844,-6.7328444,-7.262844
-0.15284424,0.40715575,1.1071558,2.2171557,1.6371558,0.64715576,0.06715576,-0.8028442,-0.89284426,-0.22284424,-0.9928442,-1.7228442,-1.5428443,-0.06284424,0.95715576,0.8071558,0.71715575,1.0871558,1.0571557,0.51715577,-0.052844238,-0.6128442,-0.9328442,-1.6328442,-2.2328444,-2.7328444,-3.2328444,-3.3728442,-1.2628442,-1.9628443,-2.3428442,-2.6628442,-3.9228442,-4.642844,-5.102844,-5.4428444,-4.7528443,-5.2128444,-4.3628445,-4.0428443,-4.072844,-4.4028444,-4.8128443,-4.722844,-3.3028443,-2.5528443,-0.8828442,-1.3228443,-1.5528443,-1.9728442,-2.7528443,-3.6428442,-4.302844,-4.782844,-5.262844,-5.782844,-6.2928443,-6.7128444,-7.1528444
0.8771558,0.8871558,1.3471558,0.8171558,-0.052844238,-0.36284423,-0.85284424,-1.2328442,-1.0628443,-0.98284423,-1.7628442,-2.1428442,-2.2328444,-0.8728442,0.37715575,0.51715577,0.66715574,0.7471558,0.65715575,0.29715577,-0.31284425,-1.0428443,-1.5128442,-1.4928442,-1.6728443,-1.7728442,-1.0428443,-0.92284423,-1.3628442,-2.6028442,-3.1928442,-3.2928443,-4.1928444,-4.432844,-4.5428443,-4.702844,-5.302844,-4.742844,-4.202844,-4.092844,-4.4628444,-4.642844,-4.782844,-3.9028442,-3.7528443,-2.0428443,-2.2128441,-2.5528443,-2.3128443,-2.7628443,-3.3828442,-3.9328442,-4.5228443,-5.072844,-5.492844,-5.8328443,-6.122844,-6.5228443,-6.872844
0.31715575,0.6971558,0.027155763,-0.73284423,-0.9928442,-1.0528443,-0.97284424,-1.4728442,-1.7028443,-1.8928442,-2.3428442,-2.8828442,-2.7428443,-1.5028442,0.097155765,0.33715576,0.57715577,0.52715576,1.0571557,0.92715573,-0.13284424,-0.27284423,-0.53284425,-0.7428442,-1.0728443,-0.92284423,-0.7428442,-1.1028442,-1.7928443,-2.4628441,-3.0828443,-3.5628443,-3.9028442,-3.6028442,-3.8028443,-4.222844,-4.2928443,-4.0428443,-4.512844,-4.092844,-4.1528444,-4.222844,-4.262844,-3.9028442,-3.8828442,-3.4928443,-3.4928443,-3.4728441,-3.2228441,-3.5428443,-4.032844,-4.3328443,-4.552844,-4.8128443,-5.142844,-5.322844,-5.8328443,-6.142844,-6.572844
-0.39284423,-0.32284424,-1.2828442,-1.3228443,-1.6928443,-2.0828443,-1.9828442,-2.1728442,-2.3328443,-2.7628443,-2.6928442,-2.1528442,-1.9528443,0.037155762,0.38715577,0.84715575,0.8771558,1.1171558,0.83715576,0.66715574,0.38715577,0.07715576,-0.36284423,-0.35284424,-0.42284423,-0.17284423,-0.27284423,-0.8728442,-1.8328443,-2.6428442,-3.2028441,-3.4228442,-3.6028442,-3.4428442,-3.3828442,-4.492844,-4.8628445,-5.092844,-5.1728444,-4.762844,-4.7328444,-4.4028444,-3.7328444,-4.6528444,-4.3828444,-4.0428443,-4.2728443,-4.0628443,-3.8628442,-3.9028442,-3.7428443,-4.032844,-3.8328443,-3.6428442,-4.432844,-5.2528443,-5.6528444,-5.9628444,-6.302844
-0.31284425,-1.5228442,-2.0428443,-2.2328444,-3.0628443,-2.1228442,-2.1728442,-2.8128443,-3.2028441,-3.5928442,-2.8328443,-0.8828442,-0.25284424,-0.24284424,0.11715576,0.13715576,0.43715575,0.52715576,0.7571558,0.48715577,0.49715576,0.32715577,0.20715576,-0.35284424,-0.7428442,-0.98284423,-1.0928442,-1.6428442,-2.2828443,-2.7028441,-3.1528442,-3.5728443,-3.7428443,-3.5728443,-4.012844,-5.012844,-5.2528443,-5.5228443,-3.9928443,-4.2328444,-4.842844,-3.5528443,-4.782844,-4.822844,-4.472844,-4.972844,-4.992844,-4.1728444,-4.1128445,-4.512844,-4.392844,-3.8428442,-3.3628442,-3.3928442,-3.8928442,-4.5228443,-5.5228443,-5.9828444,-6.322844
-1.5528443,-2.3128443,-2.3628442,-2.9828444,-2.1528442,-1.1728443,-2.2628443,-3.0228443,-3.7028441,-3.9928443,-2.6028442,-1.1428442,-1.1428442,-0.82284427,-0.052844238,0.11715576,0.6871558,0.92715573,1.2571558,1.1071558,0.8171558,0.66715574,0.41715577,-0.15284424,-0.12284424,0.34715575,-0.23284423,-1.8128443,-2.8228443,-3.3928442,-3.7828443,-4.032844,-4.262844,-4.8328443,-4.912844,-4.8628445,-4.6328444,-4.142844,-4.0028443,-4.2928443,-4.1928444,-5.0028443,-4.872844,-5.5828443,-5.622844,-5.4628444,-5.352844,-5.722844,-5.842844,-5.8828444,-5.7128444,-4.5028443,-3.8028443,-3.6728442,-3.8228443,-4.872844,-5.5628443,-6.122844,-6.4028444
-1.8728442,-2.1328442,-2.6028442,-3.1128442,-1.3328443,-1.6928443,-2.3328443,-3.2928443,-4.2928443,-3.5428443,-2.1228442,-2.0828443,-1.7428442,-0.59284425,-0.42284423,0.17715576,1.4871558,2.1671557,2.7071557,1.9571557,0.34715575,0.01715576,-0.14284424,-0.35284424,-0.32284424,-1.0728443,-1.2128443,-1.1128442,-1.3728442,-2.3428442,-3.2428443,-3.5928442,-3.7228441,-3.0028443,-3.0528443,-3.7728443,-4.512844,-4.2328444,-4.842844,-4.5428443,-4.7728443,-5.242844,-5.682844,-5.2328444,-5.6528444,-6.092844,-6.532844,-6.9028444,-7.642844,-7.782844,-4.222844,-1.1428442,-1.6928443,-3.0528443,-4.202844,-5.102844,-5.8628445,-6.052844,-6.2328444
-2.0128443,-2.6228442,-3.1828442,-2.9428442,-1.9028442,-2.2628443,-2.8228443,-3.9228442,-4.852844,-4.602844,-3.7128441,-2.5428443,-2.2528443,-1.7128443,-1.0528443,0.037155762,2.5671558,3.4571557,2.4371557,0.27715576,0.97715575,-0.07284424,-0.7528442,-0.9428442,-1.3228443,-1.3528442,-0.98284423,-1.3928442,-1.9028442,-2.1828442,-2.4528441,-2.6428442,-3.0028443,-3.6128442,-3.4728441,-3.3028443,-4.3128443,-5.322844,-4.6328444,-5.0828443,-5.242844,-5.4828444,-5.472844,-5.892844,-6.2928443,-6.7128444,-7.4628444,-8.392844,-8.602844,-6.592844,-2.5328443,-1.8828442,-1.7628442,-2.1028442,-2.9028442,-3.9928443,-5.102844,-5.5828443,-5.682844
-2.6728442,-2.6528442,-2.5528443,-1.9628443,-1.7128443,-2.6228442,-3.4128442,-4.4628444,-4.4828444,-3.9728441,-2.7428443,-3.3028443,-2.8628442,-2.2828443,-0.97284424,1.1671557,2.8471558,4.447156,4.0971556,2.9271557,1.1471558,-0.41284424,-1.4328443,-0.84284425,-3.0328443,-1.2928443,-0.82284427,0.37715575,-0.43284425,-1.8928442,-2.8428442,-3.2628443,-3.3028443,-3.4428442,-3.8128443,-4.2528443,-4.3628445,-4.6528444,-5.0828443,-4.5028443,-4.7928443,-5.3128443,-5.5028443,-5.8828444,-6.2728443,-6.992844,-7.8628445,-8.492845,-8.672844,-5.4628444,-1.6528442,0.10715576,-0.51284426,-1.2228442,-2.3328443,-4.0028443,-4.5828443,-5.1128445,-5.842844
-3.2828443,-2.8128443,-2.1128442,-1.7128443,-2.6228442,-2.7328444,-3.8728442,-4.892844,-4.5228443,-3.3728442,-3.3428442,-3.4028442,-3.5728443,-3.3028443,-0.6328442,3.1571558,4.777156,4.447156,3.2271557,2.2171557,1.7371558,0.22715576,-1.3928442,-3.0528443,-2.7428443,-4.932844,-3.2528443,1.0071558,-0.17284423,-0.76284426,-1.5228442,-2.4328442,-3.2728443,-3.7728443,-4.202844,-4.182844,-4.1328444,-4.262844,-3.9428442,-4.282844,-4.802844,-5.092844,-5.592844,-5.742844,-6.762844,-7.2528443,-8.222844,-7.392844,-8.502844,-5.8828444,0.5571558,0.33715576,2.0771558,-0.41284424,-2.3728442,-4.032844,-5.122844,-5.592844,-6.2528443
-2.7128441,-2.8028443,-2.5328443,-2.9128442,-1.5628443,-2.8128443,-3.7928443,-4.642844,-4.642844,-4.142844,-3.6628442,-4.0628443,-4.2328444,-3.3928442,0.5671558,5.357156,6.8671556,5.877156,3.8571558,2.7571557,1.3271557,-0.27284423,-0.40284425,-2.1128442,-2.6628442,-1.7928443,-3.1628442,-3.6928442,0.9971558,-1.7028443,-1.8528442,-1.9828442,-2.0728443,-2.7328444,-3.0328443,-3.4128442,-3.8628442,-4.2928443,-4.472844,-4.642844,-4.992844,-5.6928444,-5.912844,-6.2128444,-7.162844,-7.822844,-8.052844,-7.5228443,-7.642844,-6.2328444,0.5571558,2.3271558,1.3671558,-0.36284423,-2.7428443,-3.3128443,-3.6128442,-4.5828443,-5.4228444
-1.9628443,-2.0928442,-2.1228442,-0.89284426,-1.9028442,-2.6728442,-3.2528443,-4.2128444,-4.222844,-3.6228442,-3.7528443,-4.202844,-3.8328443,-1.2728442,3.5571558,6.8071556,7.427156,6.317156,4.4371557,2.5771558,2.1371558,1.5071558,0.8871558,-0.052844238,-1.4328443,-0.70284426,1.5971558,0.45715576,-5.102844,-3.3228443,-3.1128442,-3.0528443,-2.7528443,-2.7128441,-3.1028442,-3.2328444,-3.8328443,-3.9528441,-4.4228444,-4.952844,-5.4628444,-5.892844,-5.952844,-6.5428443,-7.072844,-7.622844,-8.162845,-7.9628444,-6.492844,-5.032844,1.3171557,1.4671558,0.23715577,-1.0228442,-0.65284425,-2.7128441,-3.0028443,-3.2028441,-3.4928443
-1.1628442,-1.7728442,-2.0228443,-1.6828443,-1.7628442,-1.9128442,-1.9428443,-2.8428442,-3.3728442,-2.9828444,-2.5428443,-3.3128443,-1.9528443,0.85715574,5.2471557,7.5771556,7.527156,6.397156,4.7671556,2.8071558,1.4771558,1.2871557,0.64715576,0.097155765,-0.54284424,-1.3628442,-1.9028442,-3.2028441,-4.432844,-4.0428443,-3.7128441,-3.7228441,-3.5728443,-3.2928443,-2.9528441,-3.1128442,-3.3128443,-3.4828444,-4.162844,-4.5828443,-5.122844,-5.742844,-6.122844,-6.4028444,-6.872844,-7.342844,-8.032845,-6.782844,-5.2728443,-1.6028442,-0.42284423,-1.0528443,-1.1928443,-1.8828442,-1.1928443,-2.2828443,-3.3228443,-3.5928442,-3.4928443
-1.5528443,-1.6028442,-2.1228442,-1.6128442,-1.2928443,-1.8328443,-2.2528443,-2.2328444,-2.5328443,-2.2528443,-2.1228442,-1.9728442,-0.66284424,1.7871557,4.677156,7.1171556,7.027156,6.467156,4.907156,3.0971558,1.5771557,0.51715577,-0.37284425,-1.3428442,-2.0428443,-2.6828442,-3.7228441,-4.822844,-4.6728444,-3.8928442,-4.052844,-3.0928442,-2.7828443,-2.6728442,-2.9728441,-3.1828442,-3.4528441,-3.9028442,-4.1928444,-4.492844,-4.932844,-5.372844,-6.0228443,-6.552844,-6.7728443,-6.7128444,-6.092844,-4.242844,-3.4328442,-2.5828443,-2.3628442,-2.3728442,-2.5328443,-2.9728441,-2.3328443,-2.7328444,-3.3928442,-3.5328443,-3.5728443
-1.3328443,-1.6128442,-2.2928443,-1.6728443,-1.4928442,-1.7528442,-2.2028441,-1.9728442,-1.8828442,-2.1828442,-2.0828443,-1.3428442,-0.25284424,1.9371557,4.6371555,5.757156,6.0171556,5.3871555,4.0171556,2.9271557,2.0271559,0.8171558,-0.29284424,-1.7728442,-3.3928442,-4.1128445,-4.592844,-4.6928444,-3.6528442,-3.8328443,-2.8928442,-2.3828442,-2.4128442,-2.0228443,-2.4628441,-3.2428443,-3.4128442,-3.6628442,-4.122844,-4.372844,-4.602844,-5.4628444,-6.202844,-6.572844,-6.6328444,-6.412844,-6.162844,-5.3128443,-4.412844,-3.8328443,-3.3928442,-3.2128441,-3.4028442,-3.9528441,-3.9728441,-2.8628442,-2.8228443,-3.1128442,-3.3928442
-2.0128443,-1.4128442,-1.6528442,-1.5328442,-1.3828442,-1.6628442,-1.7428442,-2.0128443,-1.7128443,-1.7828442,-1.0528443,-0.012844238,0.72715575,1.7371558,4.467156,4.467156,4.407156,3.4471557,3.2971559,2.4371557,2.1571558,1.6371558,0.59715575,0.11715576,-1.7128443,-2.4728441,-2.5728443,-2.9128442,-1.7628442,-0.19284424,-0.25284424,-1.9828442,-1.0928442,-0.66284424,-1.4128442,-1.8528442,-2.0428443,-2.7828443,-3.3728442,-3.9128442,-4.4628444,-4.9028444,-5.492844,-4.9628444,-4.7328444,-5.302844,-4.9628444,-5.0028443,-4.8828444,-4.6728444,-2.8628442,-2.9628441,-3.8228443,-4.642844,-5.032844,-2.4928443,-0.72284424,-2.0028443,-2.8428442
-1.4428443,-2.0328443,-1.6728443,-1.2728442,-0.92284423,-0.31284425,-0.47284424,-0.64284426,-0.82284427,-0.26284423,-0.16284424,-0.25284424,0.6171558,2.5871558,3.1571558,3.3871558,3.7871559,3.7071557,2.8371558,2.3271558,2.4971557,2.0671558,0.7471558,-0.52284425,-1.0928442,-0.77284425,-0.66284424,1.3071557,2.3971558,2.1271558,1.3171557,0.97715575,-0.20284423,-1.6428442,-1.8628442,-1.7528442,-1.2228442,-2.0428443,-2.2428443,-0.97284424,-2.2928443,-3.3028443,-3.7328444,-3.1728442,-4.6528444,-4.7728443,-3.8628442,-3.8228443,-3.5828443,-1.5328442,0.15715577,0.15715577,-2.8728442,-5.0628443,-5.2728443,-4.222844,-2.1228442,-2.0428443,-2.7828443
-2.3328443,-1.8828442,-1.5528443,-1.5028442,-1.3228443,-0.90284425,-0.5528442,-0.13284424,0.18715577,0.60715574,1.0471557,1.6671557,1.8671558,1.9371557,2.1771557,2.5771558,3.6571558,4.107156,4.067156,3.5771558,2.2871559,2.0671558,1.7271558,0.71715575,0.33715576,1.1171558,2.4271557,2.5971558,2.9371557,2.9571557,2.6371558,1.6271558,0.46715575,0.35715577,0.42715576,0.48715577,-0.21284424,-1.4228443,-0.59284425,-1.3328443,-2.0128443,-2.9028442,-1.2228442,-1.2728442,-2.6128442,-2.6328442,-0.89284426,-0.37284425,-1.2128443,-1.1528442,-0.51284426,-1.4728442,-1.8228443,-2.5028443,-3.5228443,-3.8428442,-3.3028443,-3.6828442,-2.8028443
