raw-data/2018091818.json
{"header": { "discipline":0, "disciplineName":"Meteorological products", "gribEdition":2, "gribLength":75039, "center":7, "centerName":"US National Weather Service - NCEP(WMC)", "subcenter":0, "refTime":"2018-09-18T18:00:00.000Z", "significanceOfRT":1, "significanceOfRTName":"Start of forecast", "productStatus":0, "productStatusName":"Operational products", "productType":1, "productTypeName":"Forecast products", "productDefinitionTemplate":0, "productDefinitionTemplateName":"Analysis/forecast at horizontal level/layer at a point in time", "parameterCategory":2, "parameterCategoryName":"Momentum", "parameterNumber":2, "parameterNumberName":"U-component_of_wind", "parameterUnit":"m.s-1", "genProcessType":2, "genProcessTypeName":"Forecast", "forecastTime":0, "surface1Type":103, "surface1TypeName":"Specified height level above ground", "surface1Value":10.0, "surface2Type":255, "surface2TypeName":"Missing", "surface2Value":0.0, "gridDefinitionTemplate":0, "gridDefinitionTemplateName":"Latitude_Longitude", "numberPoints":65160, "shape":6, "shapeName":"Earth spherical with radius of 6,371,229.0 m", "gridUnits":"degrees", "resolution":48, "winds":"true", "scanMode":0, "nx":360, "ny":181, "basicAngle":0, "lo1":0.0, "la1":90.0, "lo2":359.0, "la2":-90.0, "dx":1.0, "dy":1.0 }, "data":
[rows 75 to 99 of 181, columns 171 to 227 of 360]
-2.0148096,-1.9348096,-2.2048097,-2.3448095,-2.1948097,-2.0348096,-2.1648095,-3.4648097,-3.3648095,-2.7748096,-3.3648095,-4.1348095,-3.6148095,-4.4648094,-5.2248096,-5.1748095,-5.8648095,-6.7448096,-6.5948095,-7.1248097,-6.7448096,-6.8248096,-6.5248094,-6.6748095,-7.1448097,-7.5048094,-7.4048095,-7.1948094,-7.3948097,-7.4248095,-7.6448097,-7.3548098,-6.8548098,-6.1948094,-5.6148095,-5.81481,-6.6148095,-6.9448094,-7.0548096,-7.2248096,-7.6548095,-7.9248095,-7.8748097,-8.744809,-10.034809,-10.704809,-10.464809,-10.68481,-10.32481,-9.704809,-9.22481,-8.84481,-8.73481,-8.664809,-8.15481,-7.6348095,-7.1848097
-3.1148095,-2.2848096,-2.3148096,-2.3148096,-2.1948097,-2.6048095,-2.7048097,-2.6148095,-3.8548095,-3.4448097,-3.7248096,-4.5548096,-4.4348097,-5.1748095,-5.4848094,-5.6748095,-6.1048098,-6.4848094,-6.1748095,-6.7048097,-6.5548096,-7.2148094,-6.7248096,-6.7248096,-7.0448093,-7.0448093,-6.7748094,-6.9248095,-7.7048097,-7.7648096,-7.7748094,-7.5448093,-6.7048097,-6.1248097,-6.0348096,-6.1248097,-5.7348094,-6.4048095,-6.5048094,-7.0748096,-7.8048096,-7.8948097,-7.58481,-9.164809,-9.834809,-10.11481,-10.32481,-10.05481,-9.82481,-9.32481,-8.954809,-8.59481,-8.22481,-7.7848096,-7.8248096,-7.3748097,-7.0948095
-3.1748095,-2.6148095,-2.4548097,-2.4148095,-2.4648097,-2.8148096,-2.9148095,-3.5248096,-3.5248096,-3.7148097,-3.8848095,-4.2548094,-4.9448094,-4.9648094,-5.5148096,-5.9048095,-5.8848095,-5.3948097,-5.6748095,-6.06481,-6.4548097,-6.31481,-6.6648097,-7.1048098,-6.4648094,-7.1648097,-6.83481,-7.1048098,-6.9948096,-6.8748097,-7.4748096,-7.4648094,-6.7348094,-6.1048098,-6.4648094,-5.6348095,-5.6148095,-5.6948094,-7.0548096,-7.33481,-7.7248096,-7.3048096,-7.9448094,-9.35481,-10.15481,-10.784809,-9.834809,-8.784809,-8.43481,-8.3848095,-8.464809,-8.26481,-8.06481,-7.7748094,-7.4848094,-7.06481,-6.4248095
-3.3048096,-3.0148096,-2.7148097,-2.6348095,-3.1148095,-3.4348097,-3.2548096,-3.3248096,-3.9448097,-3.8248096,-4.08481,-4.4548097,-4.6248097,-5.1748095,-5.3548098,-4.9548097,-4.1448097,-5.0748096,-6.06481,-5.9848094,-6.2248096,-6.7448096,-6.2848096,-6.6348095,-6.2648096,-6.2748094,-6.6148095,-6.8548098,-6.7748094,-7.2448096,-7.9648094,-7.58481,-6.6648097,-6.7448096,-6.2348094,-6.33481,-6.2448096,-6.7948093,-6.8548098,-6.7048097,-6.7048097,-7.0948095,-7.6548095,-9.76481,-9.64481,-8.624809,-6.9448094,-6.6048098,-6.2248096,-5.31481,-5.1448097,-5.1248097,-5.1748095,-5.4048095,-5.1448097,-5.3248096,-5.6148095
-3.1548095,-3.1048095,-3.2348096,-3.3948095,-4.0048094,-3.9948096,-3.8248096,-3.7948096,-3.9248095,-3.6848097,-4.6248097,-4.5148096,-5.33481,-4.2748094,-4.5948095,-3.7348096,-3.2548096,-4.2848096,-4.56481,-5.5548096,-5.7248096,-5.9748096,-5.58481,-5.2248096,-5.5348096,-5.7248096,-5.8748097,-6.7148094,-6.4448094,-6.56481,-6.8448095,-6.1548095,-5.8048096,-6.0548096,-5.9348097,-7.1248097,-8.294809,-7.3548098,-6.6448097,-5.7348094,-4.9348097,-6.83481,-6.6948094,-6.2748094,-4.9348097,-1.4448096,-1.7248095,-2.8848095,-3.7448096,-3.7548096,-3.1148095,-2.2248096,-1.4848095,-0.43480957,0.6551904,1.4151905,2.0951905
-3.3948095,-3.6548095,-3.9248095,-3.9048095,-4.1448097,-4.5748096,-4.2048097,-4.5048094,-4.1848097,-4.9348097,-5.0348096,-4.8848095,-4.9948096,-4.1048098,-3.7648096,-3.5648096,-3.1048095,-2.7148097,-2.4248095,-3.1648095,-3.6548095,-3.8648095,-4.1348095,-3.5448096,-2.7548096,-2.3948095,-1.9348096,-1.7748096,-1.2248095,-1.0648096,-1.0448096,-3.8348095,-4.31481,-5.0448093,-5.6448097,-5.7048097,-5.2648096,-3.5748096,-2.4148095,-1.5948095,-3.0848095,-4.0448093,-4.9048095,-2.6248095,0.30519044,1.3551904,0.04519043,-1.5648096,-2.9248095,-2.5748096,-1.9048096,-2.4348097,-1.3948096,-0.6648096,-0.32480958,-0.03480957,0.7751904
-3.8448095,-4.1448097,-4.2248096,-4.2148094,-4.1148095,-5.08481,-5.2548094,-5.6648097,-4.6148095,-5.3048096,-5.5148096,-4.3948097,-3.5248096,-3.3448095,-3.5748096,-2.9448097,-2.4348097,-2.3448095,-2.0748096,-2.8048096,-2.8948095,-2.9048095,-3.3748095,-2.8548095,-1.2448096,0.105190426,0.7251904,1.2051904,1.3051904,1.5951904,0.60519046,-1.1348096,-2.1248095,-3.6348095,-3.5048096,-1.6248096,0.32519042,-0.15480956,-1.1248096,-0.47480956,1.6951904,2.2651904,0.18519042,2.0251904,2.0251904,1.0751904,0.07519043,-1.2348095,-2.8448095,-3.1248095,-2.4748096,-2.0148096,-2.1748095,-2.2848096,-2.1248095,-1.6048095,-0.74480957
-3.9648097,-3.9748096,-4.0248094,-4.0748096,-4.4448094,-5.8448095,-6.2848096,-6.3448095,-5.7048097,-5.9948096,-5.4548097,-4.6048098,-4.0148096,-3.0148096,-3.1748095,-2.3748095,-3.1348095,-2.7048097,-2.6548095,-3.0148096,-2.4548097,-1.9248096,-3.4048095,-3.0348096,-2.1948097,-1.0448096,0.44519043,1.4351904,1.6551905,0.61519045,-0.9648096,-0.49480957,0.31519043,0.15519042,1.4851904,2.2551904,1.3651904,0.29519042,-0.26480958,-0.95480955,0.8851904,1.8951905,1.5751904,0.02519043,-0.33480957,-0.5248096,-0.7348096,-1.2248095,-3.0048096,-3.5648096,-3.1348095,-2.7648096,-3.0048096,-3.5948095,-3.2948096,-3.4748096,-2.7448096
-3.9548097,-3.0348096,-3.0148096,-3.8248096,-4.4448094,-6.2148094,-7.0348096,-6.8448095,-6.3448095,-6.06481,-5.0248094,-3.9648097,-3.7348096,-3.9248095,-3.2748096,-3.2748096,-2.8048096,-3.1048095,-2.7948096,-3.1448095,-2.5248096,-2.1348095,-1.7848096,-2.6448095,-3.0048096,-1.5448096,-0.10480957,1.0251905,0.34519044,0.7151904,0.105190426,0.38519043,0.74519044,1.1451905,1.7851905,1.2851905,1.2351904,1.4251904,0.12519044,-0.20480958,0.61519045,-0.6748096,-1.9748095,-2.3948095,-1.9548095,-1.7748096,-1.1748096,-1.9548095,-3.8848095,-4.3948097,-3.8748095,-3.7148097,-4.0348096,-4.7648096,-4.9248095,-4.5148096,-4.1048098
-4.0748096,-3.3348095,-2.3848095,-3.6048095,-2.1448095,-2.9748096,-4.0048094,-5.2848096,-3.7948096,-4.4948096,-3.4448097,-3.3448095,-3.2548096,-3.5248096,-4.06481,-3.2248096,-3.5348096,-3.6248095,-3.6148095,-3.1148095,-3.4048095,-2.8348095,-2.9348097,-2.8948095,-2.9048095,-2.1248095,-1.0048096,-0.7348096,-0.31480956,0.7051904,0.13519043,-0.12480957,0.18519042,0.105190426,0.5951904,-0.5348096,1.6951904,0.6351904,-0.89480954,-0.95480955,-1.0048096,-3.5448096,-3.9548097,-3.3848095,-3.2948096,-2.8648095,-1.7848096,-2.9548097,-4.7848096,-4.7748094,-4.9648094,-4.8048096,-5.2648096,-5.4648094,-5.56481,-5.4648094,-5.08481
-2.9948096,-3.9548097,-3.0548096,-3.3348095,-1.8248096,-2.4948096,-3.5248096,-3.4948096,-4.1648097,-3.4348097,-3.2548096,-3.0848095,-3.5348096,-4.3948097,-4.4548097,-4.0948095,-3.9048095,-3.6848097,-4.33481,-4.0748096,-4.0448093,-3.7548096,-3.6148095,-3.4448097,-3.4548097,-3.0348096,-2.2148097,-1.7748096,-0.83480954,-0.15480956,0.39519042,-0.9748096,-1.3148096,-1.4548095,-0.6648096,-0.8048096,-1.5248096,-1.4448096,-2.2548096,-1.4848095,-2.5548096,-4.2948093,-5.2748094,-4.1848097,-4.0548096,-3.6748095,-2.7948096,-3.2248096,-5.2348094,-5.0248094,-5.33481,-5.7748094,-6.2848096,-6.1848097,-6.2148094,-6.2648096,-5.9848094
-3.4048095,-3.6548095,-2.7048097,-2.7948096,-2.2348096,-2.4848096,-3.5248096,-3.3048096,-3.9748096,-3.6648095,-3.6548095,-3.7248096,-4.4948096,-4.9448094,-4.9548097,-4.1548095,-3.8848095,-4.5448093,-4.8448095,-4.7948093,-4.3648095,-4.2248096,-4.3448095,-4.2748094,-3.9048095,-3.5448096,-3.2648096,-2.4048095,-1.7648096,-1.4748095,-1.0948095,-1.2548096,-2.0048096,-2.3748095,-2.3748095,-2.7248096,-3.2348096,-2.7248096,-2.7248096,-2.6948097,-3.3948095,-4.9848094,-5.4948096,-4.6048098,-4.6148095,-4.5448093,-3.6948097,-4.06481,-5.58481,-5.3548098,-5.7248096,-6.4248095,-7.06481,-6.9348097,-6.8648095,-6.7148094,-6.6048098
-3.2348096,-4.06481,-3.3048096,-3.4648097,-3.2748096,-3.2348096,-3.9048095,-4.0248094,-4.5248094,-4.2748094,-3.9748096,-3.7348096,-5.1548095,-5.3748097,-5.4748096,-4.9948096,-4.8848095,-4.9348097,-5.1948094,-5.1048098,-4.9148097,-5.1048098,-4.8048096,-4.4648094,-4.56481,-4.3448095,-4.1148095,-3.4648097,-3.0148096,-2.3748095,-2.3748095,-2.8948095,-3.2048097,-3.2648096,-3.1348095,-3.6248095,-3.9148095,-3.6648095,-3.0548096,-3.4248095,-3.9048095,-5.5748096,-5.5548096,-4.7248096,-5.3948097,-5.5148096,-4.7748094,-4.9948096,-5.8048096,-5.7848096,-6.6248097,-7.1348095,-7.5948095,-7.5548096,-7.4748096,-7.2948093,-7.1648097
-4.1648097,-3.5448096,-3.3248096,-4.1148095,-4.0048094,-4.0448093,-4.4548097,-4.33481,-4.4148097,-4.4448094,-4.1748095,-4.2848096,-5.5248094,-5.7948093,-5.9648094,-5.7248096,-5.4248095,-5.4248095,-5.4648094,-5.3848095,-5.2448096,-5.3048096,-5.1748095,-5.0248094,-5.0248094,-5.1348095,-4.8648095,-4.3948097,-3.9348097,-3.5248096,-3.5948095,-3.9048095,-3.6148095,-3.8548095,-3.6348095,-3.9748096,-4.7848096,-4.5548096,-3.7048097,-3.4748096,-3.9648097,-5.4048095,-5.7948093,-5.4048095,-5.8048096,-6.56481,-5.8648095,-5.5948095,-6.0148096,-6.3748097,-7.2448096,-7.8448095,-8.124809,-8.1348095,-8.09481,-7.83481,-7.5448093
-4.3748097,-4.6848097,-4.3048096,-4.1248097,-4.0548096,-4.0448093,-4.1248097,-4.2848096,-4.4348097,-4.4348097,-4.1548095,-4.6448097,-5.4848094,-5.8948097,-6.0348096,-5.7948093,-5.7848096,-5.6648097,-5.7248096,-5.5148096,-5.3948097,-5.4048095,-5.2848096,-5.4548097,-5.6548095,-5.5748096,-5.3548098,-5.08481,-4.6748095,-4.5448093,-4.3248096,-4.2548094,-4.3548098,-4.4248095,-4.4148097,-4.2248096,-5.2048097,-5.5248094,-4.7448096,-3.4348097,-3.6248095,-4.6948094,-5.9548097,-5.7648096,-6.1348095,-7.31481,-6.5248094,-6.0548096,-6.2348094,-6.4348097,-6.9248095,-7.9548097,-8.14481,-8.36481,-8.32481,-8.10481,-7.7048097
-4.5148096,-3.7248096,-3.7748096,-3.6548095,-3.7348096,-3.8548095,-4.2448096,-4.33481,-4.4748096,-4.3548098,-4.4748096,-4.9748096,-5.5248094,-5.9048095,-5.7648096,-5.8048096,-5.7948093,-5.4548097,-5.6548095,-5.6948094,-5.4048095,-5.4148097,-5.4348097,-5.6448097,-5.9348097,-5.8448095,-5.7948093,-5.4548097,-5.2548094,-5.0548096,-4.8048096,-4.7448096,-4.8048096,-4.8748097,-4.9048095,-5.1448097,-5.4648094,-5.7448096,-5.6548095,-4.7848096,-4.1548095,-4.2648096,-5.1548095,-6.1048098,-6.6248097,-7.4048095,-7.1548095,-6.56481,-6.2248096,-6.3248096,-6.7848096,-7.7948093,-8.27481,-8.47481,-8.254809,-8.18481,-8.1348095
-3.9448097,-3.7648096,-3.3148096,-2.8548095,-3.3148096,-3.6648095,-4.2548094,-4.9048095,-4.6448097,-4.7048097,-4.6448097,-5.0248094,-5.7448096,-5.7948093,-5.7548094,-5.6648097,-5.3848095,-5.1348095,-4.8948097,-5.7348094,-5.4148097,-5.4748096,-5.4848094,-5.6748095,-5.9548097,-6.0148096,-6.0448093,-5.9648094,-5.7448096,-5.2548094,-5.0448093,-4.9748096,-5.0348096,-5.06481,-5.4648094,-5.9448094,-6.0348096,-5.8048096,-5.81481,-6.0348096,-5.5748096,-4.7548094,-4.5948095,-6.2648096,-6.5348096,-6.9548097,-7.4048095,-7.0548096,-6.5048094,-6.9448094,-7.4748096,-7.7448096,-7.6548095,-8.004809,-8.084809,-8.15481,-8.624809
-3.5448096,-3.7848096,-3.7048097,-3.2348096,-2.8448095,-2.6948097,-4.7448096,-4.6448097,-4.6848097,-4.7648096,-4.7648096,-5.3448095,-5.7548094,-5.9248095,-5.7048097,-5.4348097,-5.08481,-4.7848096,-5.3548098,-5.6648097,-5.4148097,-5.5148096,-5.7248096,-5.8248096,-5.9648094,-6.0348096,-6.1748095,-6.2148094,-5.9748096,-5.6048098,-5.2348094,-5.0948095,-5.06481,-5.1948094,-5.5348096,-5.9948096,-6.4148097,-6.3448095,-6.1148095,-6.2048097,-6.6348095,-6.0448093,-5.1048098,-6.2648096,-7.1648097,-6.3048096,-7.7648096,-7.4848094,-7.3448095,-7.4648094,-7.7548094,-8.034809,-7.7048097,-7.6348095,-7.3248096,-7.6748095,-8.93481
-3.1448095,-3.4048095,-3.0848095,-2.3148096,-3.7148097,-3.7748096,-4.1748095,-4.1948094,-4.4048095,-4.6348095,-4.6448097,-5.0548096,-5.9048095,-6.0248094,-5.7448096,-5.4648094,-4.9248095,-4.4448094,-5.7548094,-5.4548097,-5.3448095,-5.3948097,-5.58481,-5.7948093,-5.8948097,-5.9948096,-6.2048097,-6.3448095,-6.2548094,-6.1348095,-6.3848095,-6.3248096,-6.2448096,-5.83481,-5.7548094,-6.0748096,-6.2748094,-6.6648097,-6.4848094,-6.5248094,-6.81481,-7.1748095,-6.6048098,-6.3948097,-7.3748097,-6.4448094,-6.6148095,-8.214809,-7.5748096,-8.09481,-8.204809,-8.18481,-8.034809,-7.9948096,-7.9448094,-8.51481,-8.77481
-2.6348095,-2.2348096,-2.5548096,-2.5548096,-1.3148096,-3.7748096,-3.7048097,-3.7348096,-3.8548095,-3.8048096,-4.2948093,-4.8548098,-5.7048097,-5.7448096,-5.7648096,-5.4448094,-5.4048095,-5.3448095,-5.2248096,-5.1048098,-5.0248094,-5.1448097,-5.3048096,-5.3948097,-5.4248095,-5.4148097,-5.6548095,-5.9848094,-6.4148097,-6.7648096,-6.58481,-6.5448093,-6.4148097,-6.0948095,-5.4048095,-6.2148094,-6.3748097,-6.4848094,-6.6448097,-6.7648096,-7.1448097,-7.58481,-7.5148096,-7.2848096,-7.4248095,-7.0548096,-5.9148097,-7.0248094,-8.624809,-8.68481,-8.34481,-8.52481,-8.124809,-8.10481,-8.26481,-8.714809,-8.72481
-2.2748096,-2.0748096,-1.9648095,-1.8848096,-1.7148095,-3.2448096,-3.3848095,-3.5448096,-3.5548096,-3.9148095,-3.8148096,-4.6148095,-5.1448097,-5.3548098,-5.58481,-5.5748096,-5.1548095,-4.9648094,-4.7348094,-4.6948094,-4.6348095,-4.81481,-4.9548097,-4.7648096,-4.5048094,-4.4948096,-4.9048095,-5.5248094,-6.4248095,-6.8948097,-6.9648094,-6.8048096,-6.5348096,-6.3948097,-6.2548094,-6.3648095,-6.4248095,-6.4948096,-6.8548098,-6.9148097,-7.31481,-7.7348094,-8.05481,-7.7048097,-7.6048098,-7.7148094,-6.6448097,-6.7148094,-7.9348097,-9.254809,-8.57481,-8.40481,-8.01481,-7.9348097,-8.244809,-8.36481,-8.374809
-2.5148096,-2.0248096,-1.8948096,-1.9248096,-2.4948096,-2.5248096,-2.0148096,-2.7248096,-2.5648096,-2.7748096,-3.3448095,-4.3048096,-4.6248097,-4.7648096,-5.0548096,-5.1448097,-4.7048097,-4.5348096,-4.4348097,-4.2948093,-4.2048097,-4.2848096,-4.2648096,-3.7248096,-3.5848095,-3.3248096,-3.4348097,-5.1448097,-6.5348096,-7.7348094,-7.6848097,-7.4448094,-6.83481,-6.5448093,-6.5948095,-6.2948093,-6.4148097,-6.8648095,-7.0748096,-7.1448097,-7.2448096,-7.56481,-7.9748096,-7.9648094,-7.7048097,-7.58481,-7.4448094,-6.9448094,-7.9048095,-8.39481,-7.9248095,-8.1348095,-7.4448094,-7.5548096,-7.8448095,-8.494809,-8.27481
-2.4948096,-1.4148096,-1.0748096,-1.4348096,-2.1948097,-1.5848095,-2.1748095,-1.7948096,-1.5548096,-3.0648096,-2.8348095,-3.5748096,-3.4048095,-3.9548097,-4.4348097,-4.3448095,-4.0748096,-4.08481,-3.9148095,-4.08481,-4.0248094,-4.0148096,-3.7348096,-3.2448096,-2.8548095,-2.3948095,-2.5348096,-3.8648095,-6.0748096,-6.8548098,-7.8648095,-7.3748097,-7.3648095,-7.06481,-6.9348097,-6.7748094,-6.8048096,-6.7548094,-6.7248096,-7.6048098,-7.33481,-7.3648095,-7.6748095,-7.8248096,-7.5748096,-7.3748097,-7.4848094,-7.4148097,-7.9648094,-7.83481,-7.6848097,-7.9548097,-7.1748095,-7.6948094,-7.9148097,-7.4748096,-7.7048097
-0.9748096,-2.0048096,-0.5448096,-0.99480957,-2.3148096,-1.4948096,-2.1448095,-1.9148096,-3.6648095,-3.7148097,-4.2048097,-3.9348097,-3.1548095,-3.0548096,-2.9948096,-2.8348095,-2.9648097,-3.7248096,-4.83481,-3.8248096,-3.4248095,-3.0748096,-3.3048096,-3.3748095,-2.7148097,-2.4048095,-5.0448093,-6.5248094,-7.33481,-7.3948097,-7.5748096,-7.0948095,-7.1748095,-7.6748095,-7.5748096,-7.2748094,-6.9048095,-6.7648096,-6.8248096,-7.2248096,-6.9148097,-7.0748096,-7.4848094,-7.7648096,-7.4148097,-7.2248096,-7.4948096,-8.27481,-8.284809,-7.9748096,-7.2448096,-7.3848095,-7.4848094,-8.034809,-7.6648097,-7.7148094,-7.6348095
-2.2048097,-0.88480955,-1.2948096,-1.8948096,-2.7048097,-2.6848097,-3.5248096,-4.31481,-4.8548098,-4.4848094,-4.6848097,-4.4448094,-4.1348095,-3.5448096,-3.3448095,-2.8848095,-4.4248095,-5.8248096,-5.5548096,-5.6148095,-5.1548095,-4.9248095,-4.5948095,-4.31481,-4.8648095,-5.4348097,-5.9748096,-6.1148095,-7.0248094,-7.6248097,-7.0548096,-6.7648096,-6.9448094,-7.8048096,-7.8548098,-7.3748097,-7.1248097,-6.8848095,-6.81481,-6.8448095,-6.4948096,-6.3648095,-7.3648095,-7.8448095,-7.4048095,-7.0148096,-7.3048096,-7.8948097,-8.374809,-8.07481,-7.3848095,-7.5248094,-7.6848097,-7.81481,-7.5248094,-7.06481,-7.3048096
