raw-data/2018091812.json
{"header": { "discipline":0, "disciplineName":"Meteorological products", "gribEdition":2, "gribLength":75023, "center":7, "centerName":"US National Weather Service - NCEP(WMC)", "subcenter":0, "refTime":"2018-09-18T12:00:00.000Z", "significanceOfRT":1, "significanceOfRTName":"Start of forecast", "productStatus":0, "productStatusName":"Operational products", "productType":1, "productTypeName":"Forecast products", "productDefinitionTemplate":0, "productDefinitionTemplateName":"Analysis/forecast at horizontal level/layer at a point in time", "parameterCategory":2, "parameterCategoryName":"Momentum", "parameterNumber":3, "parameterNumberName":"V-component_of_wind", "parameterUnit":"m.s-1", "genProcessType":2, "genProcessTypeName":"Forecast", "forecastTime":0, "surface1Type":103, "surface1TypeName":"Specified height level above ground", "surface1Value":10.0, "surface2Type":255, "surface2TypeName":"Missing", "surface2Value":0.0, "gridDefinitionTemplate":0, "gridDefinitionTemplateName":"Latitude_Longitude", "numberPoints":65160, "shape":6, "shapeName":"Earth spherical with radius of 6,371,229.0 m", "gridUnits":"degrees", "resolution":48, "winds":"true", "scanMode":0, "nx":360, "ny":181, "basicAngle":0, "lo1":0.0, "la1":90.0, "lo2":359.0, "la2":-90.0, "dx":1.0, "dy":1.0 }, "data":
[rows 104 to 129 of 181, columns 236 to 294 of 360]
1.2977833,1.1277832,1.0577832,0.8277832,0.9677832,0.7377832,0.6177832,0.5477832,0.9277832,0.5577832,0.4977832,0.2577832,0.4777832,0.3677832,0.3777832,0.4477832,0.5177832,0.7377832,0.7477832,1.0077832,1.2777832,1.3577832,1.5777832,1.8477832,1.8377832,2.0577831,2.4877832,2.9277833,3.4477832,3.9077833,4.057783,4.2377834,4.5477834,4.847783,5.1477833,5.3777833,5.867783,6.1877832,6.577783,7.097783,7.5077834,7.867783,7.847783,7.787783,7.7377834,7.827783,8.267783,9.457783,3.077783,-0.1322168,0.0977832,0.5277832,0.027783204,0.9677832,-0.5422168,-0.9622168,-0.23221679,0.5777832,-0.8922168
-0.1622168,0.27778322,1.2777832,1.5177832,0.8477832,1.4577832,1.1477832,1.1277832,0.6477832,0.017783202,-0.1322168,0.33778322,0.4177832,0.3177832,-0.042216796,-0.0022167969,0.2577832,0.5277832,0.6877832,0.8177832,0.8677832,0.9977832,1.2377832,1.2877831,1.5977832,1.8777832,2.1877832,2.6077833,2.9277833,3.5177832,3.7877831,4.0277834,4.227783,4.6277833,5.117783,5.3377833,5.617783,5.867783,6.457783,6.887783,7.267783,7.537783,7.7377834,7.6477833,7.6277833,7.6477833,7.9177833,8.277783,8.847783,3.4977832,-3.7022169,-1.3922168,-0.2722168,0.1177832,-0.80221677,0.2677832,0.7777832,0.6777832,-0.23221679
-0.5022168,-1.3122168,-0.9822168,0.2077832,-0.2222168,-0.2222168,0.1477832,0.2177832,0.3577832,0.7877832,0.8077832,-0.062216796,0.1477832,-0.3322168,-0.2722168,-0.4022168,-0.2722168,0.0377832,0.2677832,0.3977832,0.4077832,0.7577832,1.1077832,1.2277832,1.4377832,1.6977832,1.9277833,2.2577832,2.7577832,3.1677833,3.4777832,3.7877831,4.0077834,4.2977834,4.787783,5.2377834,5.577783,5.967783,5.997783,6.407783,6.767783,7.0077834,7.2977834,7.477783,7.457783,7.4177833,7.347783,7.227783,7.387783,6.217783,3.6977832,0.8777832,-1.7022167,-1.3322167,0.4777832,0.8977832,-0.1622168,-0.3222168,0.4477832
-0.2622168,-1.5022168,-1.5122168,-0.2922168,0.1377832,0.06778321,-0.44221678,0.12778321,-0.9322168,-0.8122168,-0.8222168,-0.5722168,-0.5222168,-0.4022168,-0.5422168,-0.4522168,-0.022216797,0.15778321,0.2877832,0.3777832,0.30778322,0.4577832,0.7377832,1.1577832,1.4777832,1.6377832,1.7977833,2.4777832,2.6077833,2.9377832,3.2377832,3.5577831,3.847783,4.1477833,4.5277834,4.9177833,5.227783,5.617783,5.827783,6.0877833,6.3377833,6.617783,6.7577834,7.0277834,7.177783,7.197783,7.0477834,6.637783,6.2777834,5.717783,4.9377832,4.3377833,2.0377831,-0.5722168,2.317783,-3.1422167,0.0577832,-0.7722168,-1.1022168
1.4777832,-0.6822168,-1.2922168,-1.4622169,-1.0422168,-1.5922168,-0.4922168,-0.9422168,-0.1622168,-0.0322168,-0.1822168,-0.41221678,-0.6722168,-0.7322168,-0.9022168,-0.5322168,-0.1722168,0.1677832,0.047783203,0.12778321,0.1777832,0.0377832,0.30778322,0.7277832,1.1577832,1.5577832,2.0177832,2.1977832,2.4077833,2.6677833,2.9577832,3.2977831,3.5277832,4.0877833,4.4377832,4.727783,5.1277833,5.3777833,5.677783,5.7977834,5.997783,6.247783,6.447783,6.637783,6.927783,6.9377832,6.747783,6.3777833,5.867783,5.3577833,4.8977833,4.2577834,4.217783,0.8077832,0.4177832,1.5177832,-1.3922168,-1.0022168,-1.5622168
0.7077832,0.3777832,-1.3522168,-1.0222168,-0.6522168,-1.6122168,-0.1722168,0.8477832,0.4877832,0.2577832,0.007783203,-0.41221678,-0.1422168,-0.7222168,-0.8422168,-0.6122168,-0.3322168,-0.2122168,-0.0922168,-0.2022168,-0.3422168,-0.3422168,-0.0322168,0.4177832,0.7777832,1.3077832,1.8177832,2.0477831,2.2377832,2.3777833,2.7577832,3.2477832,3.4877832,3.837783,4.2977834,4.677783,4.9377832,5.197783,5.4877834,5.717783,5.7977834,5.957783,6.137783,6.347783,6.637783,6.957783,6.847783,6.5477834,6.137783,5.557783,5.2577834,4.617783,4.017783,3.8077831,-0.0022167969,0.9877832,-2.4422169,-2.0522168,-0.2022168
-1.1322168,0.2477832,-0.3622168,-2.432217,-1.1722168,-0.7022168,-0.1122168,1.0377831,1.6577832,1.8477832,0.5777832,-1.1022168,-0.7722168,-0.9122168,-0.9922168,-0.7022168,-0.6822168,-0.5922168,-0.6022168,-0.6122168,-0.5122168,-0.6522168,-0.4822168,-0.1422168,0.4077832,1.0977832,1.3277832,1.5677832,1.7877831,2.4377832,2.5477831,2.8577833,3.1677833,3.5577831,3.9277833,4.2577834,4.807783,5.1277833,5.367783,5.5477834,5.637783,5.747783,5.8977833,6.0877833,6.3777833,6.807783,7.0277834,6.927783,6.707783,6.477783,6.117783,5.517783,4.617783,4.347783,-0.1922168,-0.8322168,-0.7922168,-1.7322168,-0.23221679
-2.3122168,-1.8122168,-0.7722168,-1.7222168,-2.9422169,-2.5622168,-2.0222168,-1.0022168,-1.7722168,-1.3422168,0.1877832,-1.0022168,-1.5022168,-1.3922168,-1.7822168,-1.6822168,-1.5222168,-1.3722168,-1.2622168,-0.7822168,-0.1422168,-1.0122168,-1.0622168,-0.8522168,-0.062216796,0.047783203,0.3877832,0.7277832,1.3377832,1.4877832,1.8477832,2.3577833,2.7877831,3.1177833,3.6577833,4.097783,4.467783,4.907783,5.137783,5.3577833,5.497783,5.6877832,5.7777834,5.847783,5.967783,6.2377834,6.6277833,6.977783,7.0477834,6.887783,6.677783,6.3377833,5.697783,4.327783,0.94778323,0.33778322,1.7577832,-0.6322168,0.5977832
-3.2222168,-2.2122169,0.4977832,-1.8722168,-2.5022168,-2.402217,-1.5122168,0.5477832,0.6677832,0.4077832,-0.6422168,-0.9122168,-1.0722167,-0.2022168,-1.3122168,-2.2322168,-2.0822167,-2.1022167,-1.9122168,-1.7322168,-2.0722167,-1.7822168,-1.9122168,-1.4822168,-1.1722168,-0.7322168,-0.4522168,0.2877832,0.3677832,0.7177832,1.0477833,1.6077832,2.0077832,2.4177833,2.7777832,3.4177833,4.0877833,4.5277834,4.827783,5.057783,5.247783,5.5077834,5.457783,5.447783,5.2977834,5.6677833,5.907783,6.407783,6.6477833,6.977783,6.8777833,6.8377833,6.5277834,5.7977834,-0.1122168,-1.5722167,0.4077832,2.1077833,1.0777832
-3.3422167,-2.7422168,-1.7622168,-2.5922167,-2.3122168,-2.2822168,-2.4722168,-2.8522167,-0.3522168,1.1377832,0.3477832,-2.3922167,-2.0722167,-2.0322168,-1.3322167,-2.3722167,-2.2322168,-2.5822167,-2.662217,-2.7322168,-2.3722167,-2.8122168,-2.652217,-2.3722167,-1.8822168,-1.6622168,-1.1222168,-0.6322168,-0.1322168,0.1977832,0.5377832,0.8077832,1.3077832,1.9577832,2.4577832,2.7177832,3.2477832,3.7377832,4.157783,4.657783,5.267783,5.597783,5.657783,5.457783,5.247783,5.227783,5.477783,5.6277833,6.3577833,7.037783,7.3377833,7.747783,7.347783,6.697783,-1.1522168,-0.47221678,-0.9022168,-2.162217,2.6977832
-3.402217,-3.412217,-2.912217,-3.3222167,-3.8022168,-4.072217,-4.4522166,-5.3722167,-5.132217,-2.6922169,1.3877832,0.7577832,-3.5622168,-2.9922168,-1.7622168,-1.7322168,-2.672217,-2.8922167,-2.9822168,-3.182217,-3.3822167,-3.4622169,-3.6422167,-3.0322168,-2.8322167,-2.3722167,-1.9822168,-1.3622168,-0.41221678,-0.1622168,0.1177832,0.6677832,1.0777832,1.5777832,2.3877833,2.7977831,3.2377832,3.597783,3.8877833,4.1677833,4.2377834,4.1877832,4.7777834,5.2577834,5.177783,4.947783,4.6877832,5.137783,5.5477834,6.4377832,7.2577834,8.537784,8.527783,6.2377834,0.4777832,0.30778322,-1.8822168,-0.6122168,-1.0622168
-3.3022168,-2.4522169,-2.652217,-3.3022168,-2.8422167,-3.2922168,-4.3122168,-5.002217,-6.402217,-5.9122167,-4.2422166,0.4577832,1.0777832,-2.7922168,-3.6422167,-3.4822168,-3.2222168,-3.3822167,-3.4822168,-4.042217,-4.4322166,-4.4522166,-4.152217,-3.902217,-3.432217,-3.0522168,-2.4622169,-1.8922168,-1.3822168,-0.41221678,0.3477832,1.0677832,1.7177832,2.2877831,2.7677832,3.1277833,3.4377832,3.7877831,4.0677834,4.347783,4.407783,4.2977834,4.217783,4.427783,4.6477833,4.677783,4.4177833,4.727783,5.137783,5.6277833,6.557783,7.5877833,9.837783,9.887783,-2.4722168,-4.1622167,-0.5822168,-1.6922168,-1.7922168
-2.2522168,-3.2222168,-2.5922167,-2.152217,-2.8422167,-3.0922167,-2.3122168,-4.072217,-7.822217,-6.982217,-6.152217,-5.302217,-2.0822167,-1.3622168,-2.4522169,-4.172217,-3.5622168,-3.6322167,-4.1822166,-4.8522167,-5.032217,-5.172217,-4.8322167,-4.6022167,-4.072217,-3.7022169,-3.432217,-2.4922168,-1.6322168,-0.6622168,0.1777832,1.1077832,1.8577832,2.4077833,2.8077831,3.1977832,3.4677832,3.6977832,3.9677832,4.287783,4.427783,4.1277833,3.7277832,3.4177833,3.1977832,3.6077833,3.827783,4.0277834,4.787783,5.6277833,6.4877834,7.057783,9.847783,7.8977833,-0.41221678,-2.9622169,-1.1222168,-2.172217,-0.3022168
-3.4522169,-2.9522169,-2.0222168,-1.6122168,-1.5722167,-2.7022169,-3.5822167,-3.682217,-6.8122168,-7.8122168,-6.8122168,-5.8722167,-4.9322166,-4.1822166,-3.8522167,-3.5522168,-4.132217,-3.9422169,-4.8922167,-5.2422166,-5.732217,-5.842217,-5.5822167,-5.1022167,-4.652217,-3.9522169,-3.3122168,-2.6322167,-1.7622168,-0.7722168,0.23778321,0.9977832,1.4077832,1.6277832,2.1677833,2.5077832,3.0577831,3.7277832,4.2577834,4.727783,5.117783,5.1077833,4.7977834,3.9377832,2.6577833,2.597783,2.847783,3.6377833,4.367783,5.157783,5.887783,6.7777834,8.167783,6.207783,0.5077832,-5.052217,-5.982217,-8.582217,-3.6422167
-1.2422168,0.1177832,0.9877832,0.6677832,-0.1922168,-0.7522168,-2.8922167,-4.052217,-5.2622166,-6.4922166,-7.272217,-6.8922167,-6.482217,-5.882217,-4.9522166,-4.772217,-4.782217,-5.112217,-5.4322166,-6.362217,-6.712217,-6.4522166,-5.982217,-5.4922166,-4.792217,-4.252217,-3.7522168,-3.172217,-2.152217,-0.7022168,0.7777832,2.1377833,3.1577833,3.7977831,4.017783,4.0477834,3.9777832,4.0077834,4.327783,4.8577833,5.3377833,5.637783,5.6677833,5.4877834,4.997783,4.0477834,3.097783,2.827783,3.0477831,4.157783,4.717783,5.787783,8.027783,1.1977832,0.9577832,-8.072217,-5.212217,1.1677833,2.4477832
7.347783,5.4377832,5.707783,6.1077833,5.8977833,4.957783,2.5077832,-0.7622168,-4.042217,-5.572217,-5.982217,-6.532217,-6.902217,-7.072217,-6.6222167,-5.6422167,-5.9322166,-6.1222167,-6.212217,-6.942217,-7.3122168,-6.8122168,-6.2422166,-5.5822167,-5.112217,-4.822217,-4.362217,-3.3922167,-2.6422167,-1.2522168,0.1977832,1.3277832,2.087783,2.7077832,3.087783,3.3777833,3.567783,3.7377832,4.117783,4.6477833,5.097783,5.327783,5.387783,5.2977834,4.997783,4.6677833,4.0277834,3.9277833,4.0277834,3.4877832,2.9577832,3.817783,5.747783,0.7377832,-3.6022167,-8.942217,-6.192217,-1.3522168,2.4877832
6.637783,7.5877833,7.537783,7.967783,8.617784,8.767783,8.017783,6.7377834,3.8677833,-1.4222168,-4.282217,-6.752217,-7.112217,-7.1422167,-7.052217,-6.7422166,-6.522217,-7.3722167,-7.0822167,-7.442217,-7.422217,-6.6022167,-6.1222167,-5.792217,-5.592217,-5.302217,-5.6422167,-4.7622166,-3.432217,-2.0422168,-0.6722168,0.5177832,1.4377832,2.2677832,2.8977833,3.4677832,3.8577833,4.017783,4.1277833,4.287783,4.5077834,4.6277833,4.727783,4.707783,4.5677834,4.3977833,4.017783,3.1277833,2.5477831,2.2677832,1.9377832,1.9177833,2.597783,0.4677832,-1.2122169,-7.4122167,-9.192217,1.5977832,-4.1022167
5.887783,6.657783,7.287783,7.6877832,8.107783,8.497784,8.617784,8.927783,8.467783,6.6677833,2.7477832,-3.8922167,-7.5622168,-7.9722166,-8.062217,-7.792217,-7.4322166,-8.102217,-8.292217,-7.902217,-7.752217,-7.342217,-6.5822167,-5.802217,-4.982217,-6.192217,-5.862217,-5.112217,-4.112217,-2.7622168,-1.3322167,-0.1322168,1.0377831,2.0077832,2.6177833,3.067783,3.3577833,3.567783,3.6777833,3.7477832,3.9677832,4.177783,4.1277833,3.7677832,3.4077833,3.2177832,2.7677832,2.2277832,2.1677833,1.3677832,0.6577832,0.0977832,-1.2522168,0.23778321,-2.3822167,-4.052217,-1.5422168,-7.0822167,-9.682217
5.807783,6.0877833,6.327783,6.447783,6.7577834,7.177783,7.5677834,7.9177833,7.967783,7.677783,7.077783,4.807783,-1.1222168,-8.182217,-9.3422165,-9.332217,-8.772217,-8.8422165,-9.502216,-8.912217,-8.952217,-7.982217,-7.592217,-6.6622167,-7.2622166,-6.962217,-6.132217,-5.6622167,-4.792217,-3.3922167,-1.8922168,-0.8422168,0.3777832,1.2877831,2.097783,2.7477832,3.2477832,3.8877833,4.2777834,4.247783,4.177783,3.9777832,3.4377832,2.9077833,2.6177833,2.0277832,1.0577832,0.3577832,0.5077832,0.1877832,-0.23221679,-1.4522167,-3.1022167,-2.3922167,0.1377832,0.5577832,-9.352217,-4.6622167,-11.872217
5.5477834,5.997783,6.4377832,6.617783,6.517783,6.197783,6.0877833,6.3977833,6.637783,6.537783,6.327783,5.8977833,5.717783,1.7577832,-9.002216,-10.812217,-10.682217,-10.542217,-10.232217,-10.022217,-9.482217,-9.302217,-8.532217,-8.662217,-9.002216,-7.9122167,-6.862217,-6.362217,-5.282217,-3.7622168,-2.7922168,-1.3522168,0.15778321,1.1977832,2.2977831,3.1177833,4.0077834,4.3777833,4.637783,4.7377834,4.3577833,3.7877831,2.8777833,1.7777832,1.6477832,1.2977833,0.2477832,-0.6122168,-1.1922168,-1.3922168,-1.2422168,-1.2022167,-4.232217,-3.4422169,-1.8022168,-0.6522168,11.187783,-6.782217,-12.482217
7.177783,7.4377832,7.5677834,7.447783,7.097783,6.557783,5.997783,5.1677833,4.5677834,4.5277834,4.6277833,4.5877833,4.537783,4.4177833,4.387783,-9.232217,-12.242217,-12.192217,-11.722217,-11.032217,-10.202217,-9.962216,-9.322217,-9.522217,-9.432217,-8.562217,-7.7422166,-6.902217,-5.542217,-4.4122167,-3.0622168,-1.3422168,0.017783202,1.2877831,2.1577833,2.7977831,3.2877831,4.1877832,4.597783,4.6877832,4.707783,4.4877834,3.9677832,2.7777832,1.6877832,0.7377832,0.047783203,-0.7522168,-1.4222168,-2.3422167,-2.6322167,-1.7122169,-2.2722168,-3.7222168,-5.882217,1.8177832,2.7977831,7.0677834,3.2577832
6.8377833,6.847783,7.057783,7.077783,6.867783,6.367783,5.9177833,5.247783,4.077783,2.8877833,2.2377832,2.3877833,2.4977832,3.097783,2.7977831,5.1477833,-7.882217,-13.702217,-13.562217,-12.802217,-11.662217,-10.642217,-10.352217,-10.742217,-10.872217,-9.852217,-8.772217,-7.6222167,-5.802217,-3.9922168,-2.3022168,-0.8522168,0.1877832,0.8677832,1.7577832,2.5477831,3.6477833,4.117783,4.477783,4.6877832,4.497783,4.1277833,3.9377832,3.6277833,3.1977832,1.6477832,0.0877832,-1.1622168,-1.9222168,-2.3822167,-3.152217,-2.8822167,-1.2322168,-4.5122166,-4.5822167,-0.9822168,5.327783,7.447783,7.1277833
7.557783,7.5277834,7.747783,8.017783,7.8377833,7.2377834,6.1477833,4.5677834,3.0177832,2.0177832,0.9877832,0.077783205,0.017783202,0.7277832,1.4177833,1.5677832,2.6777833,-5.9922166,-15.472217,-14.252216,-12.982217,-12.072217,-12.172216,-11.882216,-11.782217,-10.622217,-8.902217,-6.802217,-4.542217,-2.932217,-1.9022168,-0.8622168,0.15778321,1.1777833,2.4077833,3.2777832,3.9377832,4.3977833,4.5677834,4.5077834,4.327783,4.177783,3.8977833,3.1577833,2.6677833,1.5377831,0.1877832,-0.6822168,-1.7322168,-2.432217,-3.0722167,-4.042217,-3.4522169,-3.7422168,-4.1622167,-3.7422168,1.6977832,7.6477833,4.4177833
7.747783,7.947783,8.187783,8.597783,8.507783,8.047783,7.097783,5.847783,4.5477834,2.6577833,0.9777832,-0.2522168,-1.3122168,-1.3822168,-0.55221677,0.1677832,-0.072216794,-0.2822168,-8.412217,-15.982217,-14.242217,-12.932217,-13.112217,-12.752216,-12.792217,-11.952217,-10.282217,-8.292217,-5.8522167,-3.5322168,-1.9222168,-0.1622168,1.2177832,2.097783,2.597783,3.2477832,3.7377832,4.017783,4.1877832,4.227783,4.157783,3.7777832,3.2777832,3.1377833,2.4877832,1.5377831,0.30778322,-0.9822168,-1.8222167,-2.0022168,-2.6422167,-1.8422168,-5.782217,-4.6022167,-3.6222167,-2.7022169,1.6677833,4.197783,4.827783
7.637783,8.037784,8.857783,9.507783,9.567783,9.047783,7.977783,6.727783,5.4177833,3.8877833,1.7377832,-0.2622168,-1.6722168,-2.5322168,-2.172217,-1.2422168,-0.4922168,-1.9122168,-2.9522169,-12.402217,-15.152217,-13.652217,-13.722217,-13.912217,-14.122217,-13.502216,-11.3422165,-8.602217,-5.382217,-3.0922167,-1.2222168,0.4877832,1.7277832,2.317783,2.8977833,3.4077833,3.817783,4.0477834,4.1077833,3.9677832,3.7377832,3.5277832,3.097783,2.7177832,2.0177832,1.0177832,-0.3422168,-2.0522168,-2.0422168,-1.7822168,-2.8922167,-1.7022167,-2.8522167,-2.5822167,-3.9922168,-0.6222168,1.7077832,-0.5922168,3.1777833
7.5477834,8.207783,9.137783,10.207783,10.257783,9.547783,8.087783,6.7377834,5.747783,4.3777833,2.6677833,0.3977832,-1.8322167,-2.9622169,-2.9622169,-2.1222167,-1.4422168,-1.5922168,-4.792217,-6.292217,-14.932217,-14.972217,-15.3422165,-15.012217,-13.872217,-12.242217,-10.202217,-7.282217,-4.9722166,-2.662217,-0.6222168,0.9677832,2.1277833,3.097783,4.037783,4.497783,4.637783,4.577783,4.2377834,3.587783,3.2177832,3.2277832,3.347783,2.3777833,1.6077832,0.5277832,-0.4022168,-1.9922168,-2.9522169,-1.4822168,-0.6622168,-1.3822168,-1.5522168,-2.1122167,0.3777832,6.467783,5.677783,-5.502217,-0.4222168
