raw-data/2018100812.json
{"header": { "discipline":0, "disciplineName":"Meteorological products", "gribEdition":2, "gribLength":75166, "center":7, "centerName":"US National Weather Service - NCEP(WMC)", "subcenter":0, "refTime":"2018-10-08T12:00:00.000Z", "significanceOfRT":1, "significanceOfRTName":"Start of forecast", "productStatus":0, "productStatusName":"Operational products", "productType":1, "productTypeName":"Forecast products", "productDefinitionTemplate":0, "productDefinitionTemplateName":"Analysis/forecast at horizontal level/layer at a point in time", "parameterCategory":2, "parameterCategoryName":"Momentum", "parameterNumber":2, "parameterNumberName":"U-component_of_wind", "parameterUnit":"m.s-1", "genProcessType":2, "genProcessTypeName":"Forecast", "forecastTime":0, "surface1Type":103, "surface1TypeName":"Specified height level above ground", "surface1Value":10.0, "surface2Type":255, "surface2TypeName":"Missing", "surface2Value":0.0, "gridDefinitionTemplate":0, "gridDefinitionTemplateName":"Latitude_Longitude", "numberPoints":65160, "shape":6, "shapeName":"Earth spherical with radius of 6,371,229.0 m", "gridUnits":"degrees", "resolution":48, "winds":"true", "scanMode":0, "nx":360, "ny":181, "basicAngle":0, "lo1":0.0, "la1":90.0, "lo2":359.0, "la2":-90.0, "dx":1.0, "dy":1.0 }, "data":
[rows 150 to 174 of 181, columns 0 to 56 of 360]
-2.3915234,-2.2815235,-2.1215234,-2.2115235,-2.3115234,-2.4215233,-2.4615235,-2.5815234,-2.5815234,-2.5115235,-2.4615235,-2.3715234,-2.3215234,-2.2515235,-2.2315235,-2.2115235,-2.1815233,-2.2215235,-2.2515235,-2.1615233,-1.7615235,-1.2715235,-0.98152345,-0.5915234,-0.25152344,-0.15152344,0.038476564,-1.2315234,-4.1215234,-5.6215234,-6.1515236,-6.2915235,-6.0415235,-5.6415234,-5.0615234,-4.5715237,-3.7215235,-2.5915234,-1.9915234,-1.2815235,-0.061523438,1.1484766,2.0384765,2.9484766,2.9184766,2.7284765,2.4184766,3.2584765,4.0184765,4.718477,4.968477,5.1784763,5.0984764,4.8084764,3.6984766,2.1584766,3.2484765
-2.8515234,-2.9215233,-3.0115235,-3.0315235,-3.0115235,-2.9815235,-2.8915234,-2.7515235,-2.7315235,-2.5615234,-2.2215235,-2.1115234,-2.2015235,-1.9515234,-1.2815235,-0.19152343,1.1484766,2.3784766,2.7584765,2.5584764,2.3584766,2.4084766,2.5584764,2.5784767,2.2684765,0.24847656,-2.7115235,-3.6515234,-4.2315235,-4.8715234,-5.0615234,-4.8615236,-4.5615234,-4.1915236,-3.4715235,-2.5815234,-1.8815235,-1.3315234,-0.69152343,0.39847657,1.3684765,2.0084765,2.5984766,2.8584766,2.8684766,2.9184766,3.0784767,3.3584766,3.6484766,3.4184766,2.9084766,2.1084766,0.7384766,-1.0615234,-3.4315233,-5.3215237,-7.7215233
-3.5515234,-3.6815233,-3.8415234,-3.9315233,-3.9215233,-3.9215233,-3.8915234,-3.8915234,-3.8615234,-3.7815235,-3.7115235,-3.6415234,-3.4915235,-3.2015235,-2.8915234,-2.5515234,-2.1915236,-1.9315234,-1.8215234,-1.7815235,-1.3315234,0.16847657,1.8484765,0.17847656,-1.6115234,-2.3015234,-3.0015235,-3.7515235,-4.2315235,-4.3715234,-4.3815236,-4.0915236,-3.5615234,-2.8315234,-1.9915234,-1.2315234,-0.54152346,0.24847656,1.2484765,1.9684765,2.3884766,2.7684765,3.0584764,3.1284766,3.1284766,3.1384766,3.2184765,3.2984765,2.9484766,2.3184767,1.4584765,0.44847655,-0.7615234,-2.0715234,-3.4515235,-4.9115233,-6.2415233
-4.2015233,-4.1915236,-4.2015233,-4.1415234,-4.1615233,-4.1015234,-4.1015234,-4.0115232,-3.9515235,-3.8415234,-3.7115235,-3.6015234,-3.4515235,-3.2215235,-3.0215235,-2.8215234,-2.6515234,-2.4615235,-2.2915235,-2.0915234,-2.0115235,-2.1815233,-2.4915235,-2.8615234,-3.1215234,-3.4815235,-4.0115232,-4.281523,-4.3315234,-4.1915236,-3.9015234,-3.5515234,-2.8615234,-2.0315235,-1.2215234,-0.43152344,0.37847656,1.2084765,1.8584765,2.3484766,2.7884765,3.0784767,3.1584766,3.1184766,3.0484765,2.9684765,2.9584765,2.7084765,2.4584765,2.1784766,1.5884765,0.89847654,0.17847656,-0.72152346,-1.6815234,-2.6315234,-3.3315234
-4.1915236,-4.1715236,-3.9315233,-3.8415234,-3.7815235,-3.7415235,-3.6415234,-3.6115234,-3.4815235,-3.3215234,-3.1615233,-2.9915235,-2.8215234,-2.7015235,-2.5415235,-2.3815234,-2.2315235,-2.1015234,-2.0215235,-2.0915234,-2.2215235,-2.4315233,-2.7815235,-3.1415234,-3.4415236,-3.7815235,-4.1615233,-4.2715235,-4.2215233,-4.0815234,-3.7215235,-3.1515234,-2.4415236,-1.7015234,-0.9515234,-0.23152344,0.46847656,1.1984766,1.8184766,2.2784765,2.5784767,2.7184765,2.8284767,2.8484766,2.7884765,2.7984765,2.8184767,2.8684766,2.9084766,2.8084764,2.4884765,2.1884766,1.9584765,1.3584765,0.29847658,-0.49152344,-1.0415235
-3.6215234,-3.4515235,-3.3615234,-3.2915235,-3.1615233,-2.9815235,-2.8415234,-2.7015235,-2.4715235,-2.2315235,-2.0115235,-1.8715234,-1.7315234,-1.6415235,-1.6215234,-1.6315235,-1.6915234,-1.7515235,-1.8615234,-2.0115235,-2.2315235,-2.4815235,-2.7615235,-3.0115235,-3.3015234,-3.6415234,-3.8815234,-3.9215233,-3.8015234,-3.5215235,-3.1215234,-2.6415234,-2.1115234,-1.5815234,-0.98152345,-0.35152343,0.30847657,0.9784766,1.5084766,1.8484765,2.0884767,2.2684765,2.4584765,2.6584766,2.8384767,3.0084765,3.0484765,3.0984766,3.1084766,2.9784765,2.8284767,1.5384766,0.26847658,-0.25152344,-1.3615234,-1.8915235,-2.2915235
-2.4215233,-2.2115235,-1.9715234,-1.7115234,-1.4415234,-1.2215234,-1.0415235,-0.91152346,-0.88152343,-0.9015234,-1.0015235,-1.1615235,-1.3115234,-1.5215235,-1.7115234,-1.8415234,-1.9515234,-2.0215235,-2.0715234,-2.1515234,-2.2215235,-2.3715234,-2.5415235,-2.7315235,-2.9615235,-3.1815233,-3.3115234,-3.2915235,-3.1615233,-2.9815235,-2.7615235,-2.4715235,-2.1215234,-1.6715235,-1.1415235,-0.61152345,-0.061523438,0.49847656,1.0484766,1.4784765,1.7984766,2.0984766,2.2884765,2.3784766,2.4084766,2.4684765,2.4184766,2.0684767,1.8084766,1.8484765,0.37847656,0.108476564,1.5084766,-1.1215234,-5.7915235,-7.3215237,-5.531523
-0.55152345,-0.061523438,0.38847655,0.69847655,0.83847654,0.7384766,0.42847657,0.028476562,-0.35152343,-0.8215234,-1.3915235,-1.7915235,-2.0415235,-2.1515234,-2.2715235,-2.6015234,-2.9215233,-3.1515234,-3.3115234,-3.4115233,-3.5415235,-3.5915234,-3.5615234,-3.4815235,-3.4815235,-3.4515235,-3.4415236,-3.4115233,-3.3015234,-3.1415234,-2.9015234,-2.5415235,-2.0815234,-1.5915234,-1.1015234,-0.53152347,0.11847656,0.75847656,1.2184765,1.4784765,1.6384766,1.8084766,1.9684765,1.8884766,1.2984766,1.0484766,1.0884765,1.2884766,1.7984766,2.6584766,4.5884767,2.9084766,-3.2315235,-6.8315234,-9.711523,-4.9615235,0.86847657
0.7884766,1.0984765,1.3684765,1.3584765,0.77847654,-0.021523438,-0.6415234,-1.0615234,-1.3415234,-1.6815234,-1.9015235,-1.8915235,-1.9215235,-2.1515234,-2.4815235,-2.7415235,-2.9215233,-3.0515234,-3.2415235,-3.4215233,-3.5915234,-3.8015234,-3.9215233,-3.9715235,-3.9815235,-3.7815235,-3.5115235,-3.2015235,-2.9115233,-2.6015234,-2.1415234,-1.7115234,-1.3415234,-0.63152343,0.19847657,0.6584766,0.9284766,1.0484766,1.0484766,1.0784765,1.1484766,1.1984766,1.7784766,0.42847657,-1.0015235,-3.5915234,-3.2315235,-4.5115232,-1.4615234,1.4384766,-2.5915234,-4.9315233,-4.9815235,-7.8415236,-8.651524,-5.2315235,-4.1715236
0.55847657,0.7284766,0.20847656,-0.98152345,-1.9815234,-2.5515234,-2.6115234,-2.4315233,-2.1715233,-1.8215234,-1.4415234,-1.0215235,-0.86152345,-1.0815234,-1.3615234,-1.4715234,-1.6315235,-1.8115234,-2.0715234,-2.4115233,-2.6715233,-2.8415234,-2.9415236,-2.9415236,-2.8015234,-2.6015234,-2.3515234,-2.0215235,-1.6815234,-1.3315234,-0.85152346,-0.26152343,1.4184766,-1.6615235,-2.3415234,-1.1615235,-0.56152344,-0.35152343,-0.55152345,-0.011523438,-0.99152344,-3.5315235,-5.3615236,-6.0615234,-6.9615235,-7.3515234,-7.2315235,-4.9415236,-3.7315235,-3.3015234,-3.3315234,-5.2715235,-7.8815236,-7.9015236,-5.9515233,-5.4715233,-6.7615232
-0.20152344,-1.3715234,-2.1715233,-2.5915234,-2.7815235,-3.1715233,-3.2515235,-2.7815235,-2.8215234,-2.5115235,-1.9615234,-1.8715234,-2.3015234,-2.6015234,-1.6015234,-1.6915234,-2.7315235,-2.1815233,-2.5615234,-2.8415234,-2.3815234,-2.1315234,-2.3915234,-1.8815235,-1.6415235,-1.8515234,-1.9315234,-1.9815234,-1.4115235,-0.67152345,0.48847657,1.0484766,1.3084766,-0.23152344,-7.2215233,-7.2115235,-8.161524,-6.1715236,-3.0515234,-0.5715234,-1.8715234,-4.2715235,-5.3515234,-6.5115232,-7.2415233,-7.1415234,-7.3315234,-6.9215236,-5.6915236,-5.3615236,-5.8615236,-6.2715235,-6.4015236,-6.2915235,-6.4715233,-6.6215234,-6.3615236
-1.3515234,-1.1515235,-1.6215234,-2.5215235,-2.7015235,-2.8015234,-2.4815235,-1.4615234,-1.0315235,-1.8015234,-3.0015235,-3.7115235,-3.6715233,-3.8915234,-4.4415236,-4.4815235,-4.6915236,-5.8115234,-6.3415236,-4.5415235,-4.8715234,-5.1315236,-5.5815234,-4.9815235,-3.9215233,-2.1615233,-1.7715235,-2.6715233,-2.8615234,-3.7715235,-5.9715233,-6.8315234,-7.5715237,-8.771523,-9.4815235,-10.321524,-10.831524,-9.811523,-7.9215236,-7.1315236,-7.3815236,-7.1915236,-7.0615234,-7.3415236,-7.6515236,-7.3815236,-7.0815234,-7.1015234,-7.1415234,-7.0615234,-7.1615233,-6.9215236,-6.6315236,-6.2315235,-5.8315234,-5.1415234,-3.8215234
-2.1115234,-1.3615234,-0.28152344,0.16847657,-0.071523435,-1.7615235,-2.9815235,-2.4615235,-2.3615234,-3.6215234,-3.4415236,-3.6815233,-5.4515233,-5.1015234,-5.3715234,-5.2215233,-7.551523,-7.2915235,-3.8215234,-1.6815234,0.38847655,1.6784766,1.7984766,-0.051523436,-3.6115234,-7.0815234,-7.7415233,-7.9715233,-8.861524,-8.091523,-7.1215234,-7.0915236,-6.8815236,-7.4815235,-9.291523,-12.521523,-13.431523,-11.201524,-9.961523,-9.531524,-9.141523,-9.081524,-8.991524,-8.771523,-8.331524,-7.7915235,-7.3315234,-7.3915234,-7.6115236,-7.4415236,-7.1715236,-6.4115233,-5.2915235,-3.8515234,-2.4215233,-1.1715235,-0.041523438
-3.1315234,-3.0215235,-3.7915235,-4.7215233,-5.1615233,-5.6515236,-6.0715237,-5.7915235,-5.6915236,-5.9015236,-6.3515234,-6.9715233,-7.5215235,-7.3515234,-6.5615234,-6.1015234,-6.7715235,-7.4715233,-8.191524,-8.911524,-9.311523,-9.721523,-10.391523,-11.031524,-12.221523,-12.721523,-9.571524,-7.0015235,-6.9915233,-6.8415236,-7.4915233,-9.381523,-9.621524,-9.391523,-10.641523,-11.821524,-11.611524,-10.751523,-10.061523,-9.531524,-9.301523,-8.991524,-8.631523,-8.021523,-7.4615235,-7.2615232,-7.1215234,-7.031523,-6.6415234,-5.9915233,-5.0615234,-3.8415234,-2.5915234,-1.5915234,-0.67152345,0.28847656,1.1984766
-3.9715235,-5.0115232,-6.0615234,-6.3815236,-6.2915235,-6.2915235,-6.1215234,-6.0015235,-6.0915236,-6.1915236,-6.1215234,-6.1115236,-6.2415233,-6.281523,-6.2715235,-6.4215236,-6.7315235,-7.1815233,-7.6015234,-8.061523,-8.521523,-8.871524,-9.121524,-9.331524,-9.401524,-9.071524,-8.311523,-7.7915235,-7.8415236,-7.8815236,-7.9015236,-8.611524,-9.601523,-9.7315235,-9.391523,-9.521523,-9.621524,-9.681523,-9.471523,-8.811523,-8.121524,-7.5415235,-7.2015233,-6.8815236,-6.4715233,-5.9615235,-5.4315233,-4.9715233,-4.4615235,-3.7215235,-2.9515235,-2.1715233,-1.3815235,-0.68152344,-0.041523438,0.51847655,1.1884766
-4.4215236,-4.531523,-4.6915236,-4.8715234,-5.1015234,-5.281523,-5.2715235,-5.2615232,-5.281523,-5.3915234,-5.2615232,-5.1315236,-5.0915236,-5.1315236,-5.2215233,-5.3715234,-5.6615233,-5.9315233,-6.1815233,-6.4515233,-6.7315235,-7.0415235,-7.2415233,-7.3215237,-7.281523,-7.1515236,-7.031523,-7.0115232,-7.1115236,-7.2515235,-7.4915233,-7.6515236,-7.8415236,-8.011523,-8.081524,-8.081524,-8.271523,-8.361524,-8.041523,-7.4215236,-6.8215237,-6.3115234,-5.781523,-5.3315234,-4.9315233,-4.5815234,-4.1415234,-3.7015235,-3.0915234,-2.4115233,-2.0415235,-1.4915234,-0.9515234,-0.45152342,-0.41152343,-0.6515234,-0.47152343
-3.8315234,-3.9815235,-4.0715237,-4.2215233,-4.4115233,-4.6015234,-4.6915236,-4.7015233,-4.6515236,-4.6515236,-4.6315236,-4.7215233,-4.6115236,-4.531523,-4.5915236,-4.7215233,-4.8815236,-4.9215236,-4.8815236,-4.9415236,-5.031523,-5.1415234,-5.2215233,-5.3215237,-5.4715233,-5.5715237,-5.6115236,-5.7215233,-5.8315234,-5.8715234,-5.9015236,-5.9115233,-5.9015236,-5.9315233,-6.0815234,-6.3515234,-6.5415235,-6.4315233,-6.1515236,-5.8115234,-5.6015234,-5.4515233,-4.9615235,-4.4015236,-4.1515236,-3.7315235,-3.2515235,-2.8815234,-2.6015234,-2.3115234,-1.9915234,-1.6015234,-1.7415234,-2.1215234,-2.1115234,-2.2115235,-2.5615234
-3.6815233,-3.5915234,-3.6715233,-3.7415235,-3.7215235,-3.8015234,-4.0115232,-4.2015233,-4.2015233,-4.0915236,-4.1415234,-4.3515234,-4.4515233,-4.3115234,-4.2515235,-4.3715234,-4.4115233,-4.4015236,-4.3815236,-4.3615236,-4.4015236,-4.4715233,-4.531523,-4.5115232,-4.4515233,-4.4215236,-4.4715233,-4.6415234,-4.8315234,-4.9015236,-4.8315234,-4.7715235,-4.7715235,-4.8315234,-4.9115233,-5.0015235,-5.0815234,-5.1715236,-5.1315236,-5.0615234,-4.8415236,-4.4715233,-3.9915235,-3.6215234,-3.3815234,-3.0915234,-2.7915235,-2.6015234,-2.5615234,-2.6215234,-2.7615235,-2.8615234,-2.9115233,-2.9915235,-3.0315235,-3.1815233,-3.4515235
-4.3415236,-4.2615232,-4.0815234,-4.0015235,-4.1115236,-4.0915236,-4.0115232,-4.031523,-4.1015234,-4.1615233,-4.2315235,-4.2315235,-4.2115235,-4.2215233,-4.1915236,-4.1415234,-4.2015233,-4.2115235,-4.0815234,-4.0815234,-4.1615233,-4.1515236,-4.1615233,-4.2115235,-4.2715235,-4.301523,-4.3315234,-4.4515233,-4.4715233,-4.4415236,-4.5915236,-4.6415234,-4.5115232,-4.5015235,-4.5715237,-4.6015234,-4.5915236,-4.5815234,-4.5615234,-4.5415235,-4.5415235,-4.4715233,-4.2215233,-3.9215233,-3.7515235,-3.5915234,-3.4815235,-3.5715234,-3.6915236,-3.6415234,-3.5215235,-3.5715234,-3.7215235,-3.8315234,-3.9515235,-4.1415234,-4.2915235
-4.6615233,-4.7115235,-4.7515235,-4.7515235,-4.801523,-4.781523,-4.7715235,-4.7215233,-4.5715237,-4.531523,-4.5915236,-4.5715237,-4.4515233,-4.3315234,-4.2915235,-4.2215233,-4.1115236,-4.0715237,-4.1415234,-4.281523,-4.3115234,-4.2615232,-4.2115235,-4.1815233,-4.2715235,-4.3315234,-4.301523,-4.281523,-4.301523,-4.3515234,-4.4215236,-4.4715233,-4.4915233,-4.4815235,-4.4415236,-4.4715233,-4.5415235,-4.551523,-4.4815235,-4.4615235,-4.5115232,-4.5815234,-4.7015233,-4.8315234,-4.9115233,-4.8715234,-4.801523,-4.7015233,-4.6115236,-4.5415235,-4.5215235,-4.551523,-4.5715237,-4.5615234,-4.531523,-4.5915236,-4.7415233
-4.9515233,-5.031523,-5.1715236,-5.1815233,-5.1015234,-4.9815235,-4.8315234,-4.7015233,-4.6615233,-4.6215234,-4.5115232,-4.3415236,-4.1915236,-4.1315236,-4.1615233,-4.2115235,-4.2315235,-4.1915236,-4.1415234,-4.1115236,-4.1115236,-4.1315236,-4.1515236,-4.1815233,-4.2415233,-4.2915235,-4.2915235,-4.3215237,-4.3815236,-4.4315233,-4.4015236,-4.3515234,-4.3415236,-4.3715234,-4.4115233,-4.4015236,-4.3615236,-4.3715234,-4.4215236,-4.4815235,-4.6115236,-4.801523,-5.0215235,-5.2215233,-5.3715234,-5.4715233,-5.5115232,-5.4715233,-5.3415236,-5.2215233,-5.1415234,-5.0915236,-5.0715237,-5.0415235,-5.0415235,-5.0915236,-5.2215233
-5.5615234,-5.7415233,-5.801523,-5.7615232,-5.6515236,-5.4915233,-5.2615232,-4.9715233,-4.6615233,-4.4115233,-4.2615232,-4.1515236,-4.0215235,-3.8715234,-3.7715235,-3.7215235,-3.6615233,-3.6315234,-3.5915234,-3.5315235,-3.4915235,-3.5415235,-3.6615233,-3.7215235,-3.6415234,-3.5415235,-3.4915235,-3.4915235,-3.5215235,-3.6615233,-3.8315234,-3.8815234,-3.8615234,-3.9515235,-4.1415234,-4.301523,-4.3815236,-4.4615235,-4.5815234,-4.6815233,-4.7415233,-4.7915235,-4.9015236,-5.0715237,-5.2415233,-5.3315234,-5.3115234,-5.2915235,-5.2915235,-5.2915235,-5.2615232,-5.2215233,-5.1815233,-5.1715236,-5.1815233,-5.2115235,-5.2615232
-8.521523,-8.641523,-8.541523,-8.421523,-8.4815235,-8.541523,-8.411524,-7.9615235,-7.3915234,-6.8315234,-6.3415236,-6.0215235,-5.8115234,-5.6515236,-5.4415236,-5.1915236,-4.9215236,-4.6715236,-4.4415236,-4.2015233,-3.9515235,-3.7315235,-3.6415234,-3.7315235,-3.9315233,-4.0815234,-4.1315236,-4.0715237,-3.9415236,-3.7915235,-3.6915236,-3.6915236,-3.7515235,-3.7915235,-3.8115234,-3.8815234,-4.1215234,-4.5615234,-5.031523,-5.3315234,-5.3115234,-5.1015234,-4.8515234,-4.7615232,-4.8115234,-4.9415236,-5.031523,-5.051523,-5.051523,-5.031523,-5.0415235,-5.0615234,-5.051523,-5.0015235,-4.9415236,-4.9115233,-4.9115233
-8.861524,-8.821524,-8.7315235,-8.551523,-8.311523,-7.9915233,-7.6515236,-7.301523,-6.9515233,-6.5615234,-6.2115235,-5.9315233,-5.7415233,-5.5715237,-5.4515233,-5.3815236,-5.3215237,-5.2715235,-5.2015233,-5.1315236,-5.0815234,-5.0615234,-5.0415235,-4.9915233,-4.8915234,-4.8315234,-4.8415236,-4.9415236,-5.0715237,-5.1615233,-5.2115235,-5.1815233,-5.1115236,-5.0115232,-4.9515233,-4.9815235,-5.1415234,-5.4415236,-5.7715235,-5.9215236,-5.8515234,-5.6015234,-5.2515235,-4.8915234,-4.5915236,-4.3915234,-4.2615232,-4.2015233,-4.1915236,-4.1915236,-4.1815233,-4.1515236,-4.0915236,-4.031523,-3.9415236,-3.8615234,-3.7815235
-6.9915233,-6.9715233,-6.9115233,-6.7915235,-6.5715237,-6.3315234,-6.1115236,-5.9115233,-5.7315235,-5.5815234,-5.4715233,-5.3815236,-5.301523,-5.2115235,-5.1015234,-4.9915233,-4.8715234,-4.7615232,-4.6815233,-4.6215234,-4.5915236,-4.5815234,-4.5915236,-4.5915236,-4.5715237,-4.5415235,-4.551523,-4.6215234,-4.7315235,-4.8415236,-4.8615236,-4.781523,-4.6115236,-4.4515233,-4.3615236,-4.3915234,-4.531523,-4.7215233,-4.9315233,-5.0915236,-5.1415234,-5.051523,-4.801523,-4.4415236,-4.051523,-3.7015235,-3.4115233,-3.1915236,-3.0115235,-2.8615234,-2.7215235,-2.5915234,-2.4715235,-2.3515234,-2.2215235,-2.0915234,-1.9515234
