raw-data/2018100912.json
{"header": { "discipline":0, "disciplineName":"Meteorological products", "gribEdition":2, "gribLength":74538, "center":7, "centerName":"US National Weather Service - NCEP(WMC)", "subcenter":0, "refTime":"2018-10-09T12:00:00.000Z", "significanceOfRT":1, "significanceOfRTName":"Start of forecast", "productStatus":0, "productStatusName":"Operational products", "productType":1, "productTypeName":"Forecast products", "productDefinitionTemplate":0, "productDefinitionTemplateName":"Analysis/forecast at horizontal level/layer at a point in time", "parameterCategory":2, "parameterCategoryName":"Momentum", "parameterNumber":3, "parameterNumberName":"V-component_of_wind", "parameterUnit":"m.s-1", "genProcessType":2, "genProcessTypeName":"Forecast", "forecastTime":0, "surface1Type":103, "surface1TypeName":"Specified height level above ground", "surface1Value":10.0, "surface2Type":255, "surface2TypeName":"Missing", "surface2Value":0.0, "gridDefinitionTemplate":0, "gridDefinitionTemplateName":"Latitude_Longitude", "numberPoints":65160, "shape":6, "shapeName":"Earth spherical with radius of 6,371,229.0 m", "gridUnits":"degrees", "resolution":48, "winds":"true", "scanMode":0, "nx":360, "ny":181, "basicAngle":0, "lo1":0.0, "la1":90.0, "lo2":359.0, "la2":-90.0, "dx":1.0, "dy":1.0 }, "data":
[rows 130 to 155 of 181, columns 116 to 173 of 360]
-2.9941895,-4.1441894,-4.6741896,-5.1941895,-5.1241894,-3.9341896,-2.9841895,-1.6741894,0.15581055,0.31581056,0.22581054,0.23581055,0.53581053,1.1358105,1.5358106,2.3558106,2.7658105,2.9258106,3.1258106,3.7058105,4.7858105,6.3958106,7.6758103,8.345811,8.86581,9.56581,10.81581,13.43581,5.7658105,8.725811,5.6258106,7.2958107,5.1958103,14.19581,14.955811,15.005811,15.40581,15.61581,14.90581,8.715811,5.3058105,1.3458105,-4.8941894,-10.324189,-11.05419,-10.824189,-11.654189,-11.404189,-10.334189,-9.10419,-7.8941894,-7.0941896,-6.5441895,-4.6541896,-2.7441895,0.32581055,2.5558105,2.5758104
-3.8341894,-4.6141896,-5.1441894,-5.5941896,-5.4841895,-4.6041894,-3.2641895,-1.8041894,-0.49418944,-0.54418945,-0.28418946,0.26581055,0.34581053,0.53581053,1.2158105,1.5858105,1.8558105,2.2958105,2.5858107,3.2558105,4.4358106,5.7758107,6.5458107,7.2458105,7.9758105,8.975811,10.085811,11.175811,12.14581,2.4358106,4.9558105,5.3858104,3.2958105,15.27581,14.98581,14.9958105,15.19581,14.31581,14.085811,13.90581,10.90581,4.4358106,-0.24418946,-7.9741893,-11.55419,-11.524189,-11.374189,-11.67419,-10.89419,-10.074189,-8.414189,-7.0641894,-6.1741896,-4.6941895,-1.7841895,1.6858106,3.6658106,1.7958106
-5.3041897,-5.4941893,-5.784189,-5.7041893,-5.4641895,-4.8641896,-3.8441894,-2.1241894,-1.4341894,-1.5841894,-2.0041895,-1.2141894,-0.98418945,-0.004189453,0.38581055,0.75581056,1.1458106,1.8858105,2.4358106,3.0658104,4.0958104,5.0958104,5.7958107,6.4958105,7.3858104,8.465811,9.4958105,10.39581,11.02581,9.635811,2.6658106,5.7258105,5.2358108,15.43581,15.375811,14.975811,15.045811,14.98581,13.975811,13.32581,13.07581,11.975811,4.0658107,-1.9041895,-10.454189,-12.414189,-12.55419,-11.68419,-11.274189,-11.14419,-9.654189,-7.7241893,-6.5741897,-5.0441895,-2.4741895,-0.004189453,0.26581055,-0.34418947
-6.3941894,-6.5741897,-6.4541893,-5.9841895,-5.5041895,-4.9741893,-3.9041893,-2.6241894,-2.2041895,-2.9241896,-4.2441893,-3.4441895,-2.6341894,-2.2341895,-1.2741895,-0.36418945,0.47581056,1.3858105,2.0858107,2.7558105,3.6158106,4.5258107,5.3058105,6.0458107,7.0758104,8.215811,9.265811,10.015811,10.39581,11.07581,2.2658105,2.8358107,10.57581,15.205811,15.43581,15.455811,15.165811,14.875811,14.31581,13.455811,13.215811,13.10581,12.005811,6.0358105,-3.1741896,-10.55419,-12.614189,-12.39419,-12.01419,-11.81419,-10.59419,-9.024189,-7.3041897,-5.5141892,-1.1641895,-0.6341894,-2.8641894,-3.2841895
-6.5841894,-6.3741894,-6.1441894,-5.9441895,-5.7241893,-5.2341895,-4.3341894,-3.2541895,-2.9441895,-3.4441895,-6.0141892,-5.4841895,-4.4641895,-3.5241895,-2.7541895,-1.8241894,-0.85418946,0.08581055,1.1358105,1.9958105,2.8658106,3.7958105,4.5358105,5.3258104,6.4158106,7.6358104,8.835811,9.725811,10.23581,10.415811,10.635811,11.65581,13.425811,14.69581,15.045811,15.055811,15.255811,15.055811,14.705811,14.135811,13.40581,12.89581,12.585811,10.94581,6.2658105,-6.0241895,-9.494189,-11.734189,-13.43419,-13.234189,-12.22419,-10.274189,-7.284189,-2.7341895,-5.8241897,-2.9841895,-3.9941895,-3.8541894
-7.2741895,-6.7641892,-6.3241897,-6.0141892,-5.6441894,-5.1941895,-4.6041894,-3.9841895,-3.7341895,-4.0741897,-7.2741895,-7.4741893,-6.5541897,-5.1141896,-4.2741895,-3.4841895,-2.5241895,-1.2041894,0.09581055,1.2158105,2.1158106,2.9258106,3.6458106,4.4058104,5.4558105,6.6558104,8.06581,9.2458105,10.135811,10.635811,11.085811,11.925811,12.77581,13.94581,14.635811,14.93581,15.10581,15.11581,14.89581,14.845811,14.425811,13.56581,12.545811,11.215811,9.61581,6.3158107,-7.1841893,-12.21419,-12.68419,-14.56419,-15.30419,-13.034189,-6.0441895,-4.1141896,-5.4541893,-1.8641895,-3.4541895,-8.60419
-7.6641893,-7.0241895,-6.3341894,-5.9341893,-5.7341895,-5.4241896,-4.8841896,-4.2741895,-4.6041894,-4.8541894,-6.5141892,-8.26419,-7.9241896,-6.784189,-5.7041893,-5.0441895,-4.1141896,-2.9241896,-1.3641895,0.045810547,1.1358105,1.9258106,2.6858106,3.3358107,4.3158107,5.4258103,6.8858104,8.2458105,9.465811,10.40581,11.015811,11.465811,12.02581,12.975811,14.14581,14.82581,14.845811,14.845811,15.055811,15.48581,15.43581,14.795811,13.90581,12.53581,11.165811,10.015811,6.9058104,-0.8341895,-16.594189,-16.21419,-18.89419,-5.6241894,-3.0841894,-3.2441895,-3.2041895,-5.5441895,-5.784189,-7.9341893
-8.06419,-7.3041897,-6.7541895,-5.9541893,-5.9341893,-6.1141896,-5.7341895,-5.3041897,-4.6641893,-5.0841894,-6.8441896,-8.55419,-8.874189,-8.10419,-6.9941893,-6.1741896,-5.4041896,-4.4541893,-2.8241894,-1.2841895,-0.18418945,0.59581053,1.4758105,2.2458105,3.1558106,4.1558104,5.4258103,6.8158107,8.19581,9.505811,10.44581,10.98581,11.305811,12.07581,13.385811,14.335811,14.595811,14.475811,14.205811,14.85581,15.31581,15.18581,14.505811,13.375811,12.60581,11.4958105,10.27581,7.8058105,4.5858107,-8.914189,-20.854189,-19.11419,-5.3541894,-9.68419,-10.47419,-8.89419,-9.114189,-9.994189
-8.47419,-7.8541894,-7.3741894,-6.8241897,-6.3741894,-6.4041896,-6.5141892,-6.3941894,-5.9641895,-5.8141894,-5.9941893,-8.084189,-9.534189,-8.864189,-7.7641892,-6.8241897,-6.0941896,-5.2541895,-4.3641896,-2.8441894,-1.5341895,-0.56418943,0.28581056,1.1958106,2.0458105,3.0258105,3.9758105,5.3558106,6.8458104,8.475811,9.77581,10.625811,11.005811,11.48581,12.43581,13.465811,14.03581,14.015811,13.73581,13.715811,13.9958105,14.205811,14.19581,13.845811,12.925811,12.07581,11.02581,9.555811,8.705811,4.8758106,0.53581053,-5.6341896,-12.64419,-10.774189,-8.524189,-7.9241896,-8.30419,-9.904189
-9.21419,-8.114189,-7.0941896,-6.3441896,-6.1041894,-5.7941895,-5.7241893,-5.7741895,-6.1541896,-6.6141896,-7.3741894,-7.4841895,-9.444189,-9.414189,-8.13419,-6.9741893,-6.2441893,-5.7641892,-5.0041895,-4.034189,-2.7341895,-1.6841894,-0.9441894,-0.13418946,0.87581056,1.8458105,2.7958105,3.9158106,5.3458104,7.0458107,8.81581,10.085811,10.68581,11.215811,12.095811,12.885811,13.265811,13.465811,13.23581,13.255811,12.545811,12.82581,13.015811,12.975811,12.86581,12.255811,11.255811,10.005811,8.65581,7.8258104,6.5258107,2.6358106,-0.44418946,-0.60418946,-5.7341895,-9.60419,-9.71419,-9.334189
-7.2341895,-8.404189,-8.284189,-7.784189,-7.1941895,-6.7141895,-5.7341895,-5.9441895,-6.2741895,-6.7441893,-7.7441893,-8.044189,-9.0041895,-8.944189,-7.7441893,-6.7041893,-6.4141893,-6.1941895,-5.5141892,-4.7441893,-3.8241894,-2.8241894,-2.0341895,-1.2241894,-0.25418946,0.65581053,1.7858106,2.7758105,4.0058107,5.6058106,7.6458106,9.32581,10.265811,10.915811,11.515811,12.165811,12.835811,12.93581,12.835811,12.965811,12.61581,12.555811,12.36581,11.82581,10.9958105,10.60581,10.265811,9.36581,8.675811,8.095811,6.965811,5.7658105,2.7958105,-1.8741895,-3.4641895,-3.3941894,-4.7241893,-7.4541893
3.9158106,0.52581054,-3.9741895,-5.6241894,-6.5941896,-7.3041897,-7.2041893,-6.9941893,-7.1341896,-7.0041895,-7.7241893,-9.06419,-9.234189,-8.534189,-8.154189,-7.2641892,-6.5841894,-6.4441895,-6.2741895,-5.7741895,-4.9941893,-3.8141894,-2.8941894,-2.3441894,-1.4041895,-0.6441895,0.27581054,1.1658106,2.4458106,4.1058106,6.0458107,7.9058104,9.32581,10.205811,10.705811,11.125811,12.045811,12.61581,12.65581,12.755811,13.31581,13.2458105,13.11581,11.795811,10.165811,8.86581,7.7758107,7.4058104,8.2458105,8.32581,7.9558105,6.3258104,3.4658105,0.93581057,-2.0341895,-4.9841895,-6.1841893,-6.3041897
0.16581054,0.48581055,0.48581055,-0.62418944,-2.5841894,-4.5741897,-6.3541894,-7.5741897,-8.084189,-7.9241896,-7.4841895,-8.074189,-9.30419,-9.524189,-8.59419,-7.8241897,-6.7641892,-6.1341896,-6.2041893,-6.0841894,-5.9041896,-4.8241897,-3.9741895,-3.2941895,-2.7441895,-2.1741896,-1.3341894,-0.45418945,0.90581053,2.5858107,4.3358107,6.3158107,8.055811,8.85581,9.68581,10.43581,11.14581,11.625811,12.14581,12.675811,13.52581,14.175811,13.885811,12.255811,9.835811,7.9858108,7.7858105,7.7258105,8.205811,9.455811,10.19581,9.585811,5.7458105,1.2858106,-1.1941894,-2.9541895,-4.6841893,-5.784189
0.09581055,-0.48418945,-0.6441895,-0.7041895,-0.81418943,-1.2441895,-2.3541894,-3.9541895,-5.6441894,-6.7541895,-7.7641892,-8.71419,-9.5041895,-9.904189,-9.544189,-8.864189,-7.9741893,-7.6941895,-7.5641894,-7.2041893,-6.9741893,-6.4541893,-5.6041894,-4.2541895,-3.4641895,-2.7141895,-2.5541894,-1.9141895,-1.1241895,0.27581054,1.8758105,4.1458106,6.0958104,7.2458105,8.4958105,9.555811,10.255811,10.705811,11.095811,11.925811,13.085811,14.07581,13.505811,11.18581,9.11581,7.6558104,6.1358104,8.68581,10.39581,11.715811,13.045811,14.11581,13.93581,11.85581,6.1458106,-1.0941894,-4.5141892,-5.2241893
-0.53418946,-1.4241894,-1.3041894,-1.3141894,-1.3241894,-1.2341895,-1.3241894,-1.7441895,-2.2541895,-3.1241894,-4.6041894,-6.034189,-7.6241894,-9.244189,-10.164189,-10.47419,-10.0041895,-9.584189,-8.904189,-8.154189,-7.6941895,-7.3941894,-7.1141896,-6.6941895,-5.5141892,-3.7741895,-3.3241894,-2.9241896,-2.4941895,-2.0441895,-1.2641895,1.2558105,3.5758104,5.2958107,6.8958106,8.23581,9.165811,9.635811,9.965811,10.73581,11.965811,12.955811,12.015811,8.925811,4.8858104,4.4258103,5.9958105,8.335811,10.665811,11.475811,11.82581,12.455811,12.875811,13.02581,12.48581,11.77581,11.57581,11.675811
-3.4141893,-2.3741894,-1.7441895,-2.1941895,-2.2841895,-2.0541894,-1.9441894,-2.0841894,-2.2141895,-2.2441895,-2.4941895,-2.4741895,-3.6141894,-5.3241897,-7.0541897,-8.81419,-9.664189,-9.80419,-9.694189,-9.47419,-9.13419,-8.824189,-8.38419,-7.9041896,-7.0641894,-6.1741896,-5.0141892,-3.9841895,-3.7241895,-3.5341895,-2.5541894,-1.4941895,0.70581055,2.6758106,4.6558104,6.2758107,7.7058105,8.9958105,9.595811,9.915811,10.64581,11.31581,10.515811,7.3158107,1.0058105,1.8358105,3.0858107,5.6858106,8.475811,10.36581,11.165811,11.375811,11.045811,10.61581,10.165811,10.045811,10.015811,9.885811
-4.0441895,-4.2641892,-4.5241895,-4.4841895,-3.8341894,-3.1141894,-2.8241894,-2.7741895,-2.8941894,-2.7641895,-2.5241895,-2.4441895,-2.6141894,-2.5441895,-2.7241895,-4.4841895,-6.5241895,-7.7041893,-8.574189,-9.244189,-9.914189,-10.204189,-10.024189,-9.64419,-8.994189,-8.01419,-6.4941893,-5.4141893,-5.0241895,-4.1241894,-3.1241894,-2.7841895,-0.78418946,0.81581056,2.3358107,4.1058106,5.8058105,7.0258107,8.005811,8.44581,8.795811,9.095811,9.385811,7.6958103,4.0858107,-0.024189454,2.7958105,4.0158105,5.8658104,7.7958107,9.57581,9.60581,8.68581,8.36581,8.4958105,8.665811,8.715811,8.57581
-4.6041894,-4.8241897,-4.9241896,-4.9141893,-4.7141895,-4.4941893,-4.4341893,-4.4341893,-4.3441896,-4.1541896,-3.7341895,-3.1941895,-2.7841895,-2.8341894,-3.0741894,-2.9641895,-2.6241894,-3.2641895,-5.5441895,-7.3541894,-8.92419,-10.334189,-11.114189,-11.484189,-11.334189,-10.294189,-8.96419,-7.4541893,-6.2441893,-5.4641895,-4.1341896,-3.6041894,-2.3441894,-0.7041895,0.63581055,2.1658106,3.7658105,5.2858105,6.2358108,6.6658106,6.6958103,6.3358107,6.2558107,5.7258105,4.6758103,3.2558105,4.5458107,4.9458103,5.2958107,6.5258107,7.5258107,7.4458103,6.5858107,6.1558104,6.6558104,7.1758103,7.4058104,7.3958106
-3.8641894,-4.2641892,-4.534189,-4.7041893,-4.784189,-4.8741894,-4.9841895,-5.2041893,-5.2741895,-5.1941895,-4.9241896,-4.5541897,-4.1141896,-3.7441895,-3.4241896,-3.0641894,-2.8541894,-2.5841894,-2.3341894,-3.1041894,-5.534189,-7.9141893,-10.05419,-11.874189,-13.074189,-13.09419,-12.22419,-10.60419,-8.914189,-7.5141892,-6.1041894,-4.6641893,-2.9941895,-1.7241894,-0.30418944,0.95581055,2.2358105,3.4758105,4.6558104,5.4858108,5.715811,5.3258104,4.4258103,3.4058106,2.3458107,1.4858105,1.6058105,2.5058105,3.9258106,5.3858104,6.3158107,6.4058104,6.4858108,6.8658104,7.2558107,7.4158106,7.3158107,7.1158104
-3.3941894,-3.7341895,-3.9741895,-4.284189,-4.4141893,-4.7441893,-5.0741897,-5.2241893,-5.4641895,-5.7341895,-5.7741895,-5.6541896,-5.3941894,-5.0441895,-4.6541896,-4.1941895,-3.5941894,-2.8441894,-2.3741894,-2.1841896,-2.3941894,-3.9341896,-7.3641896,-9.97419,-12.05419,-13.46419,-13.47419,-12.60419,-11.43419,-10.21419,-9.024189,-6.8741894,-4.5641894,-2.6541893,-1.1541895,0.045810547,1.2658105,2.4158106,3.5658104,4.4758105,4.9858108,5.1158104,4.6758103,3.4158106,1.5858105,0.34581053,0.08581055,0.42581055,1.9258106,3.3458107,4.0358105,4.7858105,5.6858106,6.5258107,6.965811,7.1558104,7.2058105,7.1758103
-3.0241895,-3.3041894,-3.5041895,-4.5541897,-4.4441895,-5.0641894,-5.2041893,-5.3541894,-5.5741897,-5.7541895,-5.8541894,-5.8341894,-5.7941895,-5.6341896,-5.4641895,-5.1341896,-4.7541895,-4.2041893,-3.5141895,-2.7941895,-2.2741895,-2.7241895,-4.2441893,-7.0641894,-10.244189,-12.26419,-13.294189,-13.534189,-13.31419,-12.35419,-10.68419,-8.46419,-6.0241895,-3.7841895,-1.7641895,-0.26418945,0.90581053,1.8458105,2.9258106,3.7858105,4.3158107,4.4858108,4.3858104,4.0858107,2.8958106,0.20581055,-2.4941895,-2.4841895,-0.5241895,0.40581053,1.5258106,2.7458105,3.8158104,4.5558105,5.0658107,5.6658106,6.0958104,6.3558106
-4.0041895,-4.6941895,-5.1641893,-5.7641892,-6.2741895,-6.4141893,-6.1141896,-6.284189,-6.3041897,-6.1141896,-6.5441895,-6.5841894,-6.2941895,-6.0141892,-5.9041896,-5.3941894,-4.784189,-4.4241896,-3.9341896,-3.3941894,-2.9541895,-2.6141894,-2.7041895,-4.4841895,-7.8141894,-10.72419,-12.64419,-13.42419,-13.43419,-12.864189,-11.51419,-9.284189,-6.7441893,-4.3641896,-2.3441894,-0.6341894,0.7358105,1.8258106,2.5358105,3.2558105,4.0858107,4.0958104,4.6458106,4.5258107,4.2558107,3.8058105,1.5558106,-3.7241895,-4.8141894,-3.4441895,-0.93418944,1.0258106,1.9458106,2.9158106,3.9758105,5.0158105,5.9958105,6.5558105
-5.4141893,-6.0041895,-6.2441893,-6.4941893,-6.7941895,-6.9941893,-7.3941894,-7.6941895,-7.7041893,-7.7341895,-7.7441893,-7.4041896,-7.0841894,-6.5141892,-6.5441895,-6.0841894,-5.4841895,-5.0741897,-4.4541893,-3.4641895,-3.3841894,-3.0641894,-2.3541894,-2.4341896,-5.1841893,-8.38419,-10.34419,-10.92419,-10.944189,-10.26419,-8.994189,-7.2541895,-5.3141894,-3.4841895,-2.1441894,-0.81418943,-0.6941894,-0.7641895,-0.45418945,0.30581054,1.2858106,2.4258106,2.8458107,2.8358107,2.6858106,2.0958107,2.2358105,-0.074189454,-2.6241894,-2.5241895,-1.7541895,-0.24418946,1.2758106,2.5058105,3.6958106,4.8158107,5.3258104,5.3458104
1.0658106,-1.6741894,-4.7441893,-7.8141894,-9.26419,-9.14419,-8.874189,-8.64419,-8.46419,-8.39419,-8.30419,-8.124189,-7.9341893,-7.7041893,-7.2441893,-6.5441895,-5.7941895,-5.2941895,-4.8441896,-4.2741895,-3.8541894,-3.4741895,-3.0241895,-3.2741895,-5.6341896,-8.234189,-9.124189,-9.324189,-8.484189,-7.284189,-6.1741896,-5.284189,-3.7741895,-2.6441894,-2.1141894,-1.9741894,-1.3641895,-1.1041894,-0.8841894,-0.31418946,-0.24418946,0.45581055,1.7158105,2.9158106,1.6558106,-1.9141895,-2.1041894,-1.3641895,-1.2841895,-1.0741894,-0.90418947,-0.30418944,0.29581055,0.9758105,1.8158106,2.4858105,3.2358105,3.8558106
10.045811,5.8858104,0.24581055,-3.7241895,-5.784189,-7.034189,-8.0041895,-8.274189,-7.9941893,-7.7641892,-7.6341896,-7.4541893,-7.2341895,-6.9341893,-6.4241896,-5.8941894,-5.7241893,-5.8441896,-6.0541897,-6.0241895,-5.5541897,-4.7441893,-4.2241893,-3.9641895,-3.4141893,-3.0241895,-2.2941895,-1.9741894,-2.3041894,-2.9241896,-3.0141895,-2.8541894,-2.5641894,-2.3641894,-2.1141894,-1.8441894,-1.7241894,-1.6341895,-1.4341894,-1.1941894,-0.91418946,-0.48418945,0.22581054,1.4458106,0.62581056,-0.97418946,-1.0341895,-1.2641895,-1.3541894,-1.2341895,-0.8841894,-0.61418945,-0.35418946,-0.12418945,0.21581055,0.52581054,0.9758105,0.6058105
11.095811,9.465811,7.0558105,5.6358104,4.6658106,3.4858105,2.2158105,1.2958106,0.84581053,0.18581055,-0.97418946,-1.4641894,-0.75418943,0.56581056,1.7258105,2.2358105,2.3958106,2.2458105,1.7358105,1.3858105,1.3558105,1.5058105,1.4358106,1.2458105,0.7358105,-0.16418946,-1.0941894,-1.5741894,-1.5141895,-1.5641894,-1.8641895,-2.0741894,-2.0541894,-2.0541894,-2.1141894,-2.1741896,-2.1941895,-2.1441894,-1.9841895,-1.7241894,-1.3541894,-0.84418947,-0.36418945,-0.21418945,-0.44418946,-0.8241894,-1.2041894,-1.4141895,-1.4441894,-1.3441894,-1.1541895,-0.92418945,-0.67418945,-0.34418947,-0.024189454,0.08581055,-0.09418945,-0.80418944
