raw-data/2018091606.json
{"header": { "discipline":0, "disciplineName":"Meteorological products", "gribEdition":2, "gribLength":74127, "center":7, "centerName":"US National Weather Service - NCEP(WMC)", "subcenter":0, "refTime":"2018-09-16T06:00:00.000Z", "significanceOfRT":1, "significanceOfRTName":"Start of forecast", "productStatus":0, "productStatusName":"Operational products", "productType":1, "productTypeName":"Forecast products", "productDefinitionTemplate":0, "productDefinitionTemplateName":"Analysis/forecast at horizontal level/layer at a point in time", "parameterCategory":2, "parameterCategoryName":"Momentum", "parameterNumber":3, "parameterNumberName":"V-component_of_wind", "parameterUnit":"m.s-1", "genProcessType":2, "genProcessTypeName":"Forecast", "forecastTime":0, "surface1Type":103, "surface1TypeName":"Specified height level above ground", "surface1Value":10.0, "surface2Type":255, "surface2TypeName":"Missing", "surface2Value":0.0, "gridDefinitionTemplate":0, "gridDefinitionTemplateName":"Latitude_Longitude", "numberPoints":65160, "shape":6, "shapeName":"Earth spherical with radius of 6,371,229.0 m", "gridUnits":"degrees", "resolution":48, "winds":"true", "scanMode":0, "nx":360, "ny":181, "basicAngle":0, "lo1":0.0, "la1":90.0, "lo2":359.0, "la2":-90.0, "dx":1.0, "dy":1.0 }, "data":
[rows 78 to 103 of 181, columns 0 to 58 of 360]
2.2558496,1.7458496,1.6358496,2.1758497,2.2758496,2.2458496,1.6558496,2.3058496,2.7758496,2.6058495,2.4458497,3.2658496,3.1658497,2.3258495,1.8258497,1.3258497,1.8658496,2.5158496,2.1858497,0.6758496,2.7658496,1.6358496,1.0458496,-0.6741504,-0.22415039,1.7758496,1.9058496,1.3758496,1.6758496,2.0958495,1.0158496,0.08584961,2.5158496,2.6058495,2.0558496,2.1958497,1.0858496,1.5258496,-1.2541504,-0.4041504,-0.01415039,-1.1841503,1.1158496,0.9258496,-0.06415039,-0.3741504,-0.8741504,-0.4141504,-0.5741504,-1.5241504,-2.3941505,1.2158496,12.03585,10.025849,3.7358496,6.1558495,6.1058497,5.7358494,5.0358496
1.2458496,1.1958497,1.3858496,1.1858497,0.9958496,1.0458496,1.0358496,1.3958496,2.0158496,1.3758496,1.5958496,2.1558497,2.6158495,1.8558496,1.2858496,1.9358497,1.9258496,1.7258496,0.9258496,1.0458496,1.3158497,0.5558496,-0.6641504,-0.9141504,-0.8741504,-0.3741504,0.4658496,-0.1541504,-0.7941504,-1.4441504,-0.5041504,0.7058496,1.1858497,2.0258496,0.7358496,1.6258496,1.1058496,0.2358496,-0.48415038,-0.8641504,0.07584961,1.6158496,0.8758496,0.6858496,-0.22415039,-1.2741504,-0.9141504,2.6058495,-0.3341504,2.4758496,2.3458495,6.9458494,10.855849,8.38585,6.6158495,6.3658495,6.1758494,5.7858496,5.0958495
1.3958496,1.1658496,1.4158496,2.0458496,1.0158496,1.2758496,0.65584964,0.7958496,1.4958496,-0.01415039,0.06584961,3.1258497,1.7958496,0.5458496,0.9258496,3.0658495,1.6758496,1.5358496,-0.06415039,0.24584961,1.0558496,1.5158496,1.1258496,0.5758496,0.07584961,-0.3141504,-0.35415038,-0.6041504,-0.13415039,0.16584961,-0.26415038,-0.42415038,0.08584961,1.3058496,0.9458496,1.2258496,0.7458496,0.26584962,0.7558496,-0.65415037,0.71584964,3.4558496,1.0558496,2.5158496,3.0958495,4.8958497,6.3058496,6.0558496,6.02585,5.9558496,4.8858495,8.20585,9.12585,7.04585,6.6858497,6.58585,6.4158497,5.56585,4.54585
1.6158496,0.6758496,0.9158496,0.4958496,1.2058496,0.90584964,0.3158496,-0.13415039,-0.8041504,-1.0141504,1.7058496,1.8558496,0.7958496,0.3758496,0.6858496,1.0058496,1.7458496,0.8958496,0.7758496,0.7258496,1.3258497,1.1558496,0.7658496,0.3458496,-0.17415039,-0.4141504,0.2058496,0.24584961,1.1058496,0.7058496,-0.7341504,-0.9341504,-0.5041504,0.17584962,-0.9241504,0.6258496,0.42584962,1.0458496,-0.094150394,0.10584961,2.9158497,1.8158497,3.4158497,4.8058496,5.3658495,5.9458494,7.0758495,5.7658496,4.4458494,5.6558495,6.2058496,9.88585,8.34585,6.9958496,5.79585,5.8058496,5.9958496,5.1658497,4.3558497
1.2558496,-0.06415039,1.1358496,1.3158497,1.3458496,1.1858497,0.8158496,0.42584962,-0.01415039,0.6758496,1.3958496,0.015849609,-0.26415038,0.71584964,1.3858496,1.0358496,1.0858496,0.7958496,0.8758496,0.9358496,0.015849609,-1.5941504,-1.1641504,-0.8841504,-0.05415039,0.04584961,-0.14415039,-0.4341504,-0.42415038,-0.8541504,-1.6741503,-0.96415037,-0.07415039,1.0658497,0.2558496,-0.2741504,-0.35415038,0.03584961,1.2658496,0.7658496,0.26584962,0.8158496,5.5358496,5.4658494,6.02585,5.4158497,6.4658494,6.5158496,7.25585,7.5958495,7.4558496,8.3658495,7.7458496,7.6758494,8.16585,6.6358495,6.2258496,5.2058496,3.9658496
-0.42415038,0.3658496,0.6158496,0.11584961,-0.24415039,-0.11415039,0.14584962,0.96584964,1.1658496,2.6458497,0.5858496,0.005849609,-1.3541504,-0.7241504,-1.0741504,0.8858496,0.3658496,0.65584964,0.7658496,0.5858496,0.5558496,0.6758496,0.7358496,0.09584961,-0.6241504,-1.1341504,-0.8841504,-0.84415036,-0.6941504,-0.7441504,-0.5241504,-0.3741504,-0.45415038,-1.1641504,0.8358496,0.19584961,-0.12415039,-0.1541504,2.8658495,-0.59415036,-0.19415039,5.33585,6.0558496,6.2258496,6.1258497,6.0158496,5.79585,5.8758497,5.7658496,5.4658494,8.225849,7.9858494,7.9858494,8.21585,7.25585,6.8758497,6.3058496,4.6258497,2.8158495
0.1858496,0.59584963,1.0758497,1.0658497,0.90584964,0.1258496,0.10584961,0.9858496,1.3858496,0.015849609,0.17584962,-0.3641504,-0.21415038,-0.02415039,-0.8341504,-1.0741504,-0.65415037,-0.13415039,-0.01415039,-0.2841504,-0.3041504,0.10584961,-0.3641504,-0.5841504,-0.11415039,-0.5241504,-0.8141504,-0.9741504,-1.0041504,-0.3741504,-0.42415038,-0.5441504,-0.5841504,-0.5041504,3.0158496,2.2558496,-1.6141504,0.84584963,1.7658496,0.8858496,1.8258497,4.33585,7.2658496,6.3958497,5.3458495,6.0358496,6.2658496,6.6858497,6.4858494,8.41585,7.3858495,8.00585,8.225849,8.315849,7.6158495,6.6158495,5.54585,3.7158496,1.5158496
-0.4941504,-0.42415038,0.8558496,2.1658497,2.3358495,1.7358496,1.0658497,0.7758496,-0.2541504,-0.5841504,-0.6741504,0.19584961,0.3358496,-0.17415039,-0.8541504,-1.2141504,-1.2741504,-1.7941504,-1.3041503,-0.6641504,-0.4941504,-0.71415037,-0.7441504,-0.45415038,-0.6441504,-0.5541504,-0.19415039,-0.29415038,-0.8541504,-0.14415039,-0.4641504,-0.4041504,-0.39415038,-0.3641504,3.4458497,1.9858496,3.3158495,0.53584963,0.8558496,1.7258496,2.9558496,6.1858497,6.9758496,6.9658494,5.3858495,5.75585,6.7458496,6.9158497,7.0958495,6.9358497,7.5558496,7.4458494,8.05585,8.025849,7.1958494,5.8558497,4.50585,3.0958495,1.7658496
0.53584963,0.7258496,1.5858496,0.84584963,0.015849609,-0.9441504,0.1858496,0.025849609,0.08584961,-1.6841503,-0.07415039,0.6358496,-0.42415038,-0.2541504,-0.8541504,-0.07415039,-0.26415038,0.3458496,0.025849609,0.16584961,-0.53415036,-0.8741504,-0.6841504,-0.7741504,-0.59415036,-0.5541504,-0.32415038,-0.3441504,0.4358496,0.3458496,0.8858496,-0.7241504,0.4458496,-0.8841504,-1.0441504,2.8358495,2.2658496,4.7058496,6.0158496,6.1058497,5.56585,5.7358494,6.0758495,6.8758497,5.7858496,7.4658494,6.9958496,6.8958497,7.0358496,6.31585,7.27585,7.2058496,7.2158494,6.7858496,5.6758494,4.9858494,4.2158494,2.1458497,-0.4141504
3.0558496,3.8958497,2.4758496,3.1358497,1.1158496,2.7058496,2.4858496,2.2358496,2.0958495,1.8758496,1.4658496,-0.22415039,-0.4141504,-0.3841504,-0.16415039,-0.16415039,0.03584961,0.1858496,-0.17415039,-0.07415039,-0.6041504,-0.8141504,-0.5641504,-0.29415038,-0.6141504,0.2358496,-0.1541504,0.3058496,0.7258496,1.0558496,1.1258496,-0.05415039,-0.7741504,-1.1241504,-0.6941504,-0.32415038,1.8758496,6.2858496,4.2058496,6.1058497,6.3258495,6.77585,7.8958497,7.0358496,5.08585,5.8658495,5.3458495,6.2658496,6.4158497,6.81585,6.6458497,6.4258494,6.1758494,5.9958496,5.1158495,4.7858496,4.08585,3.6158495,1.1958497
5.2858496,6.2358494,6.0558496,4.6658497,4.83585,4.6458497,4.2658496,3.5958495,3.1258497,3.9258497,0.7558496,-0.12415039,-0.5241504,-0.6441504,-0.4041504,-0.2541504,-0.3641504,-0.90415037,-1.0241504,-0.9541504,-0.6441504,-0.8141504,-0.6241504,-0.3641504,-0.5841504,-0.11415039,0.26584962,0.32584962,0.4658496,0.6158496,0.1858496,1.2558496,-0.13415039,-0.4741504,-0.06415039,0.13584961,2.9658496,1.1358496,3.7758496,7.0158496,6.8858495,6.4758496,6.4058495,5.3658495,3.8658495,5.4558496,5.5758495,6.0558496,6.1758494,6.00585,5.6758494,5.6658497,5.2058496,5.0958495,4.8758497,4.4158497,3.7858496,2.5558496,0.1858496
5.2358494,4.5958495,4.3458495,4.6858497,5.83585,5.52585,4.6058497,2.7558496,4.3958497,4.1958494,0.6458496,-0.12415039,-0.4741504,-0.35415038,0.17584962,-0.3041504,-0.7441504,-0.9241504,-1.0141504,-0.6341504,-0.094150394,-0.9341504,-0.6341504,-0.094150394,0.10584961,-0.13415039,0.10584961,0.6858496,0.4058496,0.3658496,-0.4141504,0.24584961,-0.3741504,0.42584962,0.1258496,-1.1641504,2.3058496,0.6458496,4.3858495,7.9658494,7.2458496,6.3858495,5.77585,3.3058496,5.8758497,5.7458496,5.77585,6.1158495,5.4958496,5.1458497,4.9558496,5.1158495,5.6258497,5.1858497,4.75585,4.2858496,3.6058495,2.3858497,0.03584961
3.9858496,4.0558496,4.4558496,3.6558497,3.6858497,3.8458495,4.0558496,4.50585,3.2158496,3.0158496,0.7958496,0.7358496,-0.2741504,-0.14415039,-0.11415039,0.2358496,-0.01415039,0.2358496,0.3658496,-0.2841504,-0.6841504,-0.08415039,-0.1841504,-0.4741504,-0.5741504,-0.5841504,-0.10415039,-0.2341504,0.3758496,-0.1541504,0.11584961,-0.4641504,-0.3641504,-1.9941504,-0.04415039,-1.1441504,1.3158497,1.4158496,2.6558497,7.6358495,7.54585,6.3658495,3.9558496,6.3058496,6.1458497,5.7158494,5.7058496,5.5758495,4.7858496,4.7158494,5.0958495,5.3258495,5.1258497,5.04585,4.7158494,4.5958495,3.3558495,1.6058496,0.96584964
3.3458495,3.3658495,3.2958496,3.4158497,3.4158497,3.5658495,3.5358496,3.8658495,4.04585,2.1858497,1.0558496,0.04584961,0.90584964,-0.21415038,0.35584962,0.6658496,0.35584962,-0.094150394,-0.3041504,-0.17415039,-0.29415038,0.14584962,-0.42415038,-0.59415036,-0.5841504,-0.26415038,-0.7441504,0.09584961,0.45584962,0.21584961,-0.1541504,0.10584961,-3.0241504,-0.4341504,0.9258496,0.3358496,1.4458497,-0.08415039,3.3958497,6.54585,6.8658495,4.3658495,5.3758497,6.2358494,6.00585,5.3258495,5.25585,4.6958494,4.6058497,4.4858494,4.58585,5.1458497,5.4358497,5.5358496,5.3658495,4.9658494,3.9358497,2.1758497,1.0358496
3.0658495,3.0058496,3.1558497,3.2858496,3.6158495,3.7958496,4.00585,3.2558496,3.1358497,2.6658497,0.53584963,0.6158496,0.1858496,1.2758496,1.9958496,2.0258496,1.2658496,-0.24415039,-0.13415039,-0.1541504,-0.4041504,-0.5441504,-0.2741504,-0.7641504,-0.13415039,-0.2041504,-0.6241504,-0.8741504,-0.2541504,1.9258496,0.14584962,0.3358496,-1.4441504,-0.7041504,0.4658496,0.78584963,0.3458496,1.4758496,2.1358497,5.8858495,6.1358495,4.4058495,6.4558496,6.0958495,5.7158494,5.5358496,4.4958496,4.2058496,4.56585,4.2858496,5.1058497,4.8658495,4.9258494,5.3658495,4.9358497,4.2158494,4.6158495,3.5258496,2.0058496
2.7058496,2.9458497,3.1358497,3.4258497,3.6158495,3.4358497,2.8658495,2.5958495,2.8058496,2.1158495,2.3158495,-0.17415039,1.0358496,0.9558496,0.8858496,1.3558496,1.1258496,0.5858496,-0.13415039,0.005849609,-0.6741504,-1.2341504,-0.9741504,-0.8041504,-1.3741504,-1.5441504,-1.2141504,-1.0941504,-0.4741504,0.06584961,0.6058496,1.2658496,0.22584961,-0.1541504,0.4458496,0.39584962,3.6458497,0.8958496,3.5858495,6.0958495,4.9358497,6.1758494,6.3658495,6.2258496,6.0358496,5.6858497,5.00585,4.9758496,5.2358494,5.9058495,5.4258494,5.8958497,5.1858497,5.9558496,5.6558495,4.4058495,4.9858494,4.9158497,3.9558496
3.1458497,3.4858496,3.7458496,3.7258496,3.5558496,3.1358497,2.6658497,2.1658497,1.6158496,1.4358497,1.9558496,1.6658496,0.9158496,0.3358496,0.055849608,0.6758496,1.2058496,1.1958497,0.71584964,-0.9341504,-0.7441504,-1.1641504,-1.4441504,-1.3641504,-1.5341504,-2.4741504,-2.0541503,-1.6641504,-1.1441504,-2.4441504,1.3358496,0.5758496,1.1558496,0.32584962,-0.65415037,-0.7741504,0.4758496,2.3458495,1.0858496,3.5558496,5.7458496,5.5158496,5.56585,5.8658495,6.2458496,6.33585,5.58585,5.5358496,6.3658495,6.1058497,6.1358495,6.2858496,6.2258496,5.7458496,6.1658497,5.02585,5.2058496,5.8058496,4.9058495
3.6458497,3.5958495,3.9058497,3.9658496,3.8658495,3.4158497,2.8258495,2.3758497,1.9958496,1.9658496,1.9658496,2.7858496,2.2658496,0.5458496,1.4758496,1.6458496,0.65584964,0.45584962,-0.10415039,-1.1441504,-1.3341504,-1.3441504,-0.9441504,-1.3941504,-1.4341503,-2.3441503,-2.4341505,-1.9841504,-0.9841504,-0.2541504,0.03584961,0.2058496,0.35584962,0.6258496,1.2658496,0.3058496,-1.5041504,0.7558496,1.9058496,3.1458497,4.2358494,4.8958497,4.9758496,4.75585,5.31585,5.8958497,5.5758495,5.4658494,6.00585,6.3958497,6.8058496,6.8458495,7.0358496,7.0158496,6.9958496,6.0758495,5.7858496,5.3558497,5.1258497
4.02585,4.1958494,4.3458495,4.1958494,4.00585,3.6858497,3.2858496,2.9558496,2.8258495,2.9258497,2.7958496,2.8458495,3.2658496,1.2758496,0.11584961,1.1358496,0.59584963,-0.3141504,0.025849609,-0.8541504,-1.4641504,-1.0641503,-0.9841504,-1.2541504,-1.5341504,-2.0841503,-2.5441504,-2.4541504,-1.5441504,0.2758496,0.025849609,0.08584961,0.5858496,0.14584962,1.5158496,-0.5441504,0.2758496,0.9758496,1.0558496,2.7758496,3.5358496,3.8158495,4.2058496,4.0558496,4.1058497,4.56585,5.1958494,5.1858497,5.4958496,6.3458495,6.7058496,6.9758496,7.1758494,6.79585,7.0158496,6.52585,4.8558497,5.2158494,5.2258496
4.4958496,4.7658496,4.9758496,4.9058495,4.9958496,4.6758494,3.9758496,3.5358496,3.2758496,3.1158495,2.8058496,2.8658495,2.9858496,1.5858496,1.4458497,0.8658496,0.4958496,-0.3841504,-0.21415038,-0.11415039,-0.13415039,-1.1141504,-1.4441504,-0.8341504,-1.0141504,-0.42415038,-1.4341503,-1.9241503,-0.7341504,-0.8641504,-0.4141504,0.3858496,0.8958496,0.8158496,0.09584961,-0.26415038,0.17584962,-0.4941504,0.4058496,0.8058496,2.5258496,3.2958496,3.5958495,3.4458497,3.4358497,3.8358495,3.7858496,3.7258496,3.9558496,4.75585,5.2658496,5.2458496,5.3458495,5.8658495,5.77585,6.1658497,5.6058497,5.0758495,5.2058496
5.1058497,5.2458496,5.1558495,5.06585,5.00585,5.0558496,4.4258494,3.9858496,3.6558497,3.4858496,3.3658495,3.0458496,2.6658497,2.3958497,0.3858496,0.5458496,0.7358496,-0.5241504,-1.2441504,-0.6141504,-0.2741504,-0.06415039,-0.32415038,0.11584961,0.6058496,-0.2541504,0.7658496,0.32584962,0.6758496,0.14584962,0.5258496,-0.3441504,1.6058496,0.6458496,1.0558496,0.2358496,1.2758496,-0.6741504,-0.5441504,0.3058496,1.2358496,1.9858496,2.7258496,3.2058496,3.3958497,3.7258496,4.2458496,4.9358497,5.1658497,4.2358494,4.3758497,4.1158495,3.9658496,4.0158496,4.3858495,4.7358494,5.00585,4.8558497,4.9958496
5.5758495,5.4358497,5.27585,5.1058497,4.9858494,5.00585,4.8658495,4.56585,4.1258497,3.6958497,3.5158496,3.0558496,2.5758495,2.3558495,0.07584961,0.3658496,0.8258496,1.5958496,-1.2841504,-1.0941504,-0.01415039,-0.094150394,0.1858496,0.055849608,0.6958496,0.9358496,0.2358496,1.7758496,2.2358496,0.9958496,1.5558496,0.4758496,-0.71415037,1.0758497,1.5058496,0.7058496,-1.9241503,-1.4141504,0.17584962,-0.19415039,0.21584961,0.6058496,1.3258497,2.0358496,2.5658495,3.0858495,3.3958497,4.4458494,5.5358496,4.6058497,4.27585,3.8658495,3.6158495,3.8058496,3.9758496,4.2258496,4.4758496,4.52585,4.5958495
5.8958497,5.6858497,5.4358497,5.1458497,5.1958494,5.3658495,5.6058497,5.3058496,4.6958494,4.1658497,3.3858497,2.3458495,1.8558496,1.5258496,0.11584961,0.06584961,0.005849609,-0.14415039,0.7358496,0.1258496,0.015849609,0.32584962,0.6458496,1.0558496,1.0558496,1.1658496,1.2358496,1.8758496,2.3858497,1.0658497,1.1758496,0.4158496,-0.35415038,-0.2841504,3.0458496,-2.5441504,-1.4941504,-1.2441504,-0.7541504,-0.6341504,-1.1341504,-0.4941504,-0.05415039,0.4458496,0.9858496,1.8458496,3.4158497,4.9358497,5.9758496,6.02585,4.8258495,4.8658495,3.8158495,2.7658496,3.1858497,3.3558495,3.6958497,3.8058496,3.5058496
5.9758496,5.83585,5.7358494,5.6758494,5.4958496,5.4758496,5.29585,4.9058495,4.2458496,3.7458496,3.1958497,2.2158496,0.9558496,0.35584962,-1.1141504,0.16584961,0.8858496,0.5658496,-0.7041504,0.29584962,1.1458496,0.78584963,0.2558496,1.3558496,1.0258496,0.8758496,0.8058496,1.6058496,0.8158496,1.4258496,1.1658496,0.35584962,2.2258496,0.9958496,-1.7341504,-0.6841504,-2.3741503,-1.5641503,-1.3041503,-0.8241504,-1.0841504,-1.3441504,-0.6641504,-0.29415038,-1.3541504,-0.2041504,1.9758496,3.4958496,5.4958496,7.0958495,7.4758496,6.9758496,5.3558497,4.6558495,2.3958497,2.3158495,2.2358496,2.5058496,2.1558497
5.6658497,5.8558497,6.00585,6.08585,5.9358497,5.75585,5.6258497,5.1158495,4.2658496,3.1058495,2.3858497,2.6858497,2.4658496,1.5858496,-0.2741504,0.7958496,0.45584962,-0.16415039,0.7458496,0.5058496,0.7958496,3.3658495,2.1058495,0.8158496,1.6258496,1.1958497,1.0858496,0.65584964,0.9558496,0.07584961,0.4458496,1.9758496,-0.10415039,0.1558496,-0.02415039,-0.7541504,-1.0541503,-1.1541504,-1.2741504,0.025849609,-1.3641504,-1.9841504,-0.6141504,1.2758496,-0.3441504,-0.8041504,1.1158496,2.2658496,2.4358497,4.00585,7.9258494,7.8058496,7.1058497,5.4358497,4.6558495,2.6258497,1.9158496,1.4258496,1.6958497
5.4458494,5.6358495,5.9258494,6.1958494,6.29585,6.31585,6.3558497,6.4258494,5.9158497,5.1558495,4.27585,2.9858496,2.3558495,0.1558496,1.0158496,0.65584964,0.4058496,0.45584962,0.4158496,0.45584962,1.1958497,2.2458496,2.9958496,0.14584962,-0.17415039,0.21584961,1.1558496,0.5758496,0.2758496,0.71584964,1.0658497,-0.19415039,-0.2741504,-0.6241504,-0.3041504,-0.3841504,-0.8941504,-1.2041504,-1.0741504,-1.0341504,-1.2041504,-2.2241504,-1.1141504,-0.39415038,0.8258496,2.2258496,2.0158496,1.1058496,-0.3341504,1.5258496,8.475849,7.3758497,6.7658496,6.5158496,4.8858495,4.1558495,3.6858497,1.3858496,1.4258496
