raw-data/2018100812.json
{"header": { "discipline":0, "disciplineName":"Meteorological products", "gribEdition":2, "gribLength":74667, "center":7, "centerName":"US National Weather Service - NCEP(WMC)", "subcenter":0, "refTime":"2018-10-08T12:00:00.000Z", "significanceOfRT":1, "significanceOfRTName":"Start of forecast", "productStatus":0, "productStatusName":"Operational products", "productType":1, "productTypeName":"Forecast products", "productDefinitionTemplate":0, "productDefinitionTemplateName":"Analysis/forecast at horizontal level/layer at a point in time", "parameterCategory":2, "parameterCategoryName":"Momentum", "parameterNumber":3, "parameterNumberName":"V-component_of_wind", "parameterUnit":"m.s-1", "genProcessType":2, "genProcessTypeName":"Forecast", "forecastTime":0, "surface1Type":103, "surface1TypeName":"Specified height level above ground", "surface1Value":10.0, "surface2Type":255, "surface2TypeName":"Missing", "surface2Value":0.0, "gridDefinitionTemplate":0, "gridDefinitionTemplateName":"Latitude_Longitude", "numberPoints":65160, "shape":6, "shapeName":"Earth spherical with radius of 6,371,229.0 m", "gridUnits":"degrees", "resolution":48, "winds":"true", "scanMode":0, "nx":360, "ny":181, "basicAngle":0, "lo1":0.0, "la1":90.0, "lo2":359.0, "la2":-90.0, "dx":1.0, "dy":1.0 }, "data":
[rows 26 to 51 of 181, columns 118 to 176 of 360]
1.3072778,1.5172778,1.0472778,0.61727786,-0.50272214,-0.74272215,-0.67272216,-0.8227222,-1.1127222,-0.92272216,-1.6527221,-1.8227222,-3.6127222,-2.912722,-2.7327223,-4.8627224,-4.792722,-4.062722,-3.2627223,-3.3427222,-1.5227221,-0.50272214,-0.37272218,-0.27272215,-0.082722165,0.31727782,-0.33272216,0.37727782,-0.12272217,0.07727783,-0.19272217,0.43727782,-0.8427222,-1.9027221,-1.9327222,-2.5127223,-2.2927222,-2.962722,-4.122722,-3.3627222,-2.2827222,-2.3227222,-2.5627222,-1.9627222,-2.0827222,-3.972722,-2.942722,-1.7227222,-1.7327222,-2.8727221,-3.722722,-4.242722,-5.5027223,-4.8827224,-2.2627223,-2.672722,-3.8027222,-3.1327221,-3.942722
0.49727783,0.15727784,-0.5327222,-1.2327222,-2.3427222,-1.1027222,-0.98272216,-1.6027222,-0.9727222,-0.99272215,-0.9027222,-0.9027222,-0.81272215,-0.41272217,-0.50272214,-0.5827222,-1.0527222,-1.4727222,-2.222722,-1.6327221,-0.80272216,0.15727784,-0.8427222,0.63727784,-0.38272217,0.5372778,1.6872778,0.067277834,-1.6027222,-1.1927222,-0.27272215,-1.8927221,-1.8127222,-2.192722,-4.452722,-4.1527224,-3.462722,-3.3227222,-3.5627222,-3.212722,-3.3727221,-4.162722,-5.162722,-3.2327223,-6.352722,-4.762722,-4.662722,-3.0427222,-3.0227222,-5.822722,-5.562722,-4.432722,-1.5827222,-2.3127222,-3.6427221,-3.8127222,-4.1927223,-3.4027221,-2.2527223
-0.38272217,-0.68272215,-1.2627221,-1.5827222,-1.5327221,-1.5827222,-1.4227222,-1.3927221,-1.3127222,-1.2127222,-1.1327221,-0.9527222,-0.9627222,-0.93272215,-1.2327222,-1.2227222,-1.1527221,-1.2427222,-1.1527221,-0.36272216,0.46727782,-1.6327221,-1.0527222,-0.5227222,-3.452722,-0.5327222,-1.9227222,-1.6627221,-2.212722,-1.6427221,-0.9127222,-1.7627221,-2.5827222,-2.662722,-4.1327224,-3.682722,-3.5327222,-3.1127222,-4.072722,-3.1127222,-4.9227223,-4.3627224,-4.572722,-1.9327222,-2.1327221,-3.3527222,-7.062722,-2.682722,-3.2827222,-5.492722,-4.082722,-1.9827222,-2.422722,-3.1327221,-2.8627222,-3.432722,-3.3327222,-4.1527224,-4.302722
-0.9527222,-0.9627222,-1.3627222,-1.5827222,-2.0427222,-1.9627222,-2.4027221,-1.6927222,-1.0027221,-0.5327222,-0.22272217,-0.44272217,-0.5127222,-0.9027222,-1.0427222,-1.1827222,-1.4227222,-1.9527222,-1.8327222,-2.0727222,-1.3627222,-1.5027221,-0.7727222,0.28727782,-0.9127222,-1.1727222,-0.85272217,-3.3527222,-2.9027221,-4.4427223,-3.7627223,-3.2427223,-1.5727222,-2.7727222,-3.0227222,-3.3027222,-4.472722,-2.9927223,-2.7427223,-7.642722,-6.512722,-9.102722,-3.3127222,-0.052722167,-6.072722,-9.192722,-6.7527223,-4.682722,-4.702722,-2.8127222,-1.7827221,-2.5927222,-2.6227221,-1.6627221,-4.662722,-9.652722,-8.012722,-6.872722,-4.892722
-1.0627222,-0.5727222,-0.5927222,-0.87272215,-1.4627222,-1.0927222,-1.2327222,-0.9027222,-0.34272218,-0.19272217,-0.40272218,0.007277832,0.14727783,-0.48272216,-0.9727222,-1.6027222,-1.2527221,-1.0927222,-1.2127222,-0.5827222,-1.1227221,-0.73272216,-0.6627222,0.9072778,-0.44272217,-0.80272216,-0.6427222,-2.8027222,-3.2727222,-3.8727221,-2.6027222,-1.4727222,-2.2927222,-2.8627222,-2.172722,-3.0327222,-3.9027221,-5.742722,-4.9227223,-7.0227222,-7.512722,-7.6727223,-0.17272216,-1.5427222,-1.3327222,-2.0127223,-7.052722,-4.242722,-7.282722,-5.582722,-5.912722,-3.3327222,-3.1427221,-8.572722,-8.852722,-7.2527223,-6.302722,-5.202722,-5.662722
0.22727783,0.11727783,-0.61272216,-1.3127222,-0.35272217,-0.25272217,-0.5927222,0.39727783,0.5372778,-0.052722167,0.07727783,-0.49272215,-0.94272214,-0.6627222,-0.19272217,-0.7627222,-1.3227222,-1.0327221,-1.2827221,-1.1427221,-1.1227221,-1.5027221,-1.0227221,-0.23272216,-1.8327222,-1.7627221,-2.472722,-2.5927222,-5.332722,-3.922722,-2.1327221,-2.9827223,0.16727783,0.56727785,0.007277832,-2.0727222,-2.8727221,-2.1427221,-4.1727223,-5.472722,-7.1527224,-5.992722,-1.8727221,-1.0427222,-1.7327222,-5.4227223,-7.912722,-9.372723,-7.052722,-5.302722,-4.372722,-7.6327224,-9.442722,-7.7527223,-7.332722,-6.6127224,-7.312722,-8.7427225,-9.072722
1.2872778,-0.04272217,0.7272778,-0.31272218,-1.1427221,-1.9127221,-0.18272217,-0.61272216,-1.7327222,-0.67272216,-2.0727222,-1.2827221,-3.0627222,-1.4027221,-1.0527222,-0.5927222,-0.9627222,-1.0427222,-1.6827222,-0.9027222,-1.1027222,-2.432722,-1.0327221,-0.5827222,0.16727783,-0.48272216,-0.81272215,-1.3927221,-3.8227222,-3.942722,-2.0327222,-1.7527221,-1.9627222,-0.48272216,2.1072779,-0.30272216,-0.7027222,-2.6027222,-4.812722,-6.302722,-5.532722,-2.6027222,-0.022722168,-1.4127221,0.38727784,-5.332722,-9.702723,-9.9927225,-8.502722,-6.392722,-7.2127223,-10.132722,-9.342722,-7.872722,-8.4927225,-9.112722,-10.562722,-11.762722,-12.512722
-2.0327222,-0.49272215,-1.9127221,-0.92272216,-1.0227221,-2.3227222,-0.54272217,-2.6127222,-1.6627221,-2.7827222,-4.4227223,-3.222722,-2.9927223,-1.5727222,-0.7027222,-1.3127222,-1.4427222,-1.5227221,-1.7627221,-1.9527222,-2.5427222,-3.1127222,-1.5927222,-0.0027221679,-0.112722166,-0.26272216,-1.7227222,-2.702722,-3.472722,-3.3027222,-1.6127222,-0.04272217,-1.2227222,-0.79272217,1.4472778,0.81727785,-2.172722,-4.912722,-5.832722,-3.3427222,-3.1127222,-1.4027221,-1.9727222,-0.69272214,-0.36272216,-4.6327224,-9.402722,-10.002722,-8.562722,-7.552722,-9.152722,-11.212722,-10.402722,-9.512722,-10.092722,-11.402722,-13.012722,-14.712722,-13.092722
-3.5327222,-1.6527221,-2.1227221,-2.0827222,-1.5027221,-2.5827222,-2.8827221,-5.452722,-2.7527223,-3.182722,-2.962722,-1.7727221,-3.0627222,-3.0727222,-2.0227222,-3.3127222,-5.012722,-4.202722,-3.8127222,-2.2427223,-5.572722,-3.3227222,-2.5627222,-1.4227222,-0.30272216,-0.28272218,-0.61272216,-0.5727222,-0.18272217,0.21727782,0.27727783,-0.41272217,-1.1027222,-0.75272214,0.44727784,-2.5327222,-5.1927223,-6.122722,-4.4427223,-2.692722,0.20727783,-1.6427221,-0.61272216,-0.9627222,-1.0427222,-4.372722,-9.512722,-9.862722,-8.822722,-8.422722,-9.622723,-10.842722,-11.322722,-10.692722,-11.172722,-12.202723,-14.132722,-16.032722,-11.702723
0.12727784,-0.32272217,-0.7227222,-1.1927222,-1.2727221,-1.9227222,-2.3627222,-2.0327222,-2.0127223,-2.8527222,-2.952722,-2.6027222,-1.6027222,-2.1127222,-2.5227222,-2.7727222,-2.712722,-2.7427223,-4.452722,-4.222722,-3.3127222,-3.3027222,-2.412722,-1.4527222,-1.3727221,-0.67272216,0.5972778,1.2172779,1.0072778,0.35727784,-0.5727222,-1.2527221,-1.9827222,0.27727783,-1.9627222,-4.602722,-5.9427223,-6.822722,-3.8527222,0.14727783,-0.29272217,-0.04272217,-0.67272216,-1.6227221,-1.9727222,-7.182722,-9.9927225,-9.922722,-7.9427223,-8.522722,-9.412723,-11.162723,-11.792722,-10.592722,-11.002722,-11.502722,-13.422722,-15.302722,-11.512722
-0.7827222,-1.3227222,-1.8327222,-1.7527221,-0.8927222,-2.162722,-3.172722,-1.8027222,-3.2427223,-2.6027222,-1.5127221,-1.2027222,-0.7727222,-1.6327221,-0.74272215,-2.962722,-2.5227222,-1.4827222,-3.8127222,-7.7327223,-6.1527224,-2.5827222,-0.46272218,0.82727784,0.93727785,1.7872778,3.3772779,3.2372777,2.4072778,1.4772779,0.75727785,-0.28272218,-0.12272217,-0.73272216,-2.6427221,-3.7627223,-5.432722,-6.492722,-3.442722,0.9272778,-0.74272215,-1.3727221,-3.662722,1.8472779,-0.07272217,-7.262722,-9.612722,-10.002722,-9.842722,-9.772722,-10.702723,-11.172722,-11.112722,-10.2427225,-9.952723,-9.982722,-11.442722,-13.342722,-12.522722
0.057277832,-0.07272217,-1.0927222,-1.5727222,-1.8427222,-3.0427222,-3.0827222,-2.4927223,-2.6227221,-2.1527221,-2.3327222,-1.8627222,-2.9027221,-1.7727221,-2.2427223,-2.202722,-0.87272215,-2.7427223,-3.672722,-2.3627222,-1.6927222,-1.3027222,-1.7327222,2.3472779,2.8972778,3.5072777,4.197278,4.377278,3.6772778,2.6572778,2.3972778,1.8072778,0.6772778,-0.9527222,-2.3527222,-3.5527222,-4.7327223,-5.162722,-4.1327224,2.4072778,0.46727782,1.3572779,2.8572779,2.6872778,-2.2327223,-5.642722,-8.552722,-9.802722,-10.212722,-10.272722,-10.972722,-11.012722,-10.652722,-9.652722,-8.612722,-6.9427223,-8.732722,-8.912723,-9.702723
0.20727783,-0.33272216,-0.9127222,-0.79272217,-0.44272217,-0.99272215,-0.74272215,-3.0827222,-2.5627222,-2.8927221,-3.182722,-1.4127221,-1.1027222,-0.32272217,0.19727783,0.7372778,1.0172778,-0.5827222,-1.5627222,0.31727782,0.89727783,-0.5827222,1.7172779,1.7072778,2.837278,4.1172776,8.417278,6.6172776,5.4772778,4.177278,2.827278,2.4872777,1.0372778,-0.34272218,-1.8627222,-3.2427223,-3.7427223,-3.442722,-2.8227222,2.2072778,0.23727784,4.5772777,1.4072778,-0.93272215,-4.122722,-5.892722,-7.7327223,-9.302722,-10.102722,-10.632722,-10.7427225,-10.202723,-9.552722,-8.012722,-7.092722,-7.242722,-5.302722,-5.8827224,-4.4227223
-1.0927222,-1.6127222,-1.4427222,-1.5027221,-1.3127222,-0.8427222,-0.85272217,-2.3727221,-2.7327223,-1.7327222,-1.8527222,-1.4727222,0.15727784,0.44727784,-0.45272216,0.61727786,-0.34272218,0.9072778,-0.0027221679,-0.8927222,-0.69272214,1.1972778,0.99727786,-2.1527221,5.3272777,2.4372778,8.067278,7.087278,6.297278,4.507278,3.7472777,2.287278,1.4372778,-0.25272217,-0.94272214,-2.5727222,-2.922722,-2.3427222,-1.4427222,-0.40272218,3.557278,2.1372778,-0.9727222,-3.1327221,-4.932722,-6.062722,-7.372722,-8.802722,-9.962722,-10.692722,-10.572722,-9.542722,-8.092722,-6.9627223,-6.9827223,-6.242722,-4.782722,-5.102722,-4.822722
-1.7927222,-1.6427221,-1.7527221,-1.5127221,-0.79272217,-0.7227222,-0.50272214,-0.99272215,-0.8427222,-0.50272214,-1.3327222,-0.8327222,0.15727784,0.13727783,0.28727782,-0.012722168,-1.0427222,-0.6527222,-0.50272214,0.30727783,1.9472778,0.68727785,0.12727784,-0.052722167,0.7272778,1.1072779,3.2572777,7.407278,6.9972777,4.937278,4.1372776,2.7472777,0.94727784,-0.5727222,-1.2027222,-1.9827222,-2.962722,-2.3827221,0.9672778,0.007277832,-0.07272217,0.50727785,-2.172722,-3.8627222,-5.792722,-6.642722,-7.392722,-8.202723,-9.2427225,-9.482722,-9.142722,-8.922722,-7.572722,-6.432722,-6.912722,-6.7327223,-5.092722,-4.992722,-5.4027224
-1.5327221,-1.2427222,-0.7727222,0.32727784,-0.73272216,-0.21272217,-0.5327222,-1.2027222,-1.5927222,-1.4527222,-0.12272217,0.7272778,1.0572778,0.8372778,-1.1127222,-1.0427222,0.7172778,1.7772778,2.1572778,2.2672777,1.6872778,0.8472778,-0.25272217,-5.0227222,2.0072777,5.2272778,6.677278,5.437278,6.047278,5.4972777,4.8072777,3.077278,2.557278,1.4972779,-0.5327222,-1.7827221,-2.5227222,-1.6227221,-0.7127222,0.57727784,-0.7227222,-0.7627222,-2.672722,-4.162722,-6.242722,-7.182722,-7.1727223,-7.352722,-7.812722,-8.332722,-8.362722,-7.9827223,-7.052722,-5.762722,-6.342722,-7.052722,-5.702722,-4.822722,-5.3827224
-1.1527221,-0.63272214,0.39727783,-0.75272214,-0.61272216,-1.2527221,-0.60272217,-0.85272217,-1.0927222,-1.1627221,0.37727782,1.3372779,0.80727786,-0.5227222,-0.04272217,1.0572778,1.4072778,1.8572779,2.4572778,1.4872779,0.27727783,-0.22272217,-2.3527222,-6.202722,2.297278,8.777278,7.3872776,7.007278,7.187278,6.707278,5.877278,4.957278,2.9472778,2.1772778,0.10727783,-1.6927222,-1.9727222,-2.5127223,-1.1427221,-0.61272216,-1.8427222,-1.0627222,-2.442722,-3.932722,-5.262722,-6.662722,-7.102722,-7.032722,-7.062722,-7.6327224,-8.052722,-6.932722,-6.1327224,-6.142722,-6.832722,-7.162722,-5.932722,-3.7627223,-2.6327221
-0.6427222,-1.0727222,-1.9327222,-1.0327221,-1.7627221,-1.5927222,-0.80272216,-1.0727222,-0.62272215,0.26727784,1.5772778,1.2372779,1.1772778,1.2672778,1.1572778,1.4772779,0.89727783,0.50727785,0.81727785,0.37727782,0.30727783,-2.1027222,-1.2827221,-3.1027222,-2.1127222,2.087278,5.0172777,4.7272778,6.987278,6.857278,5.0172777,3.6572778,3.9872777,1.7272779,0.18727784,-1.1827222,-2.1127222,-2.692722,-2.2427223,-1.3327222,-2.452722,-1.7227222,-2.0727222,-3.6427221,-4.9027224,-5.992722,-6.8627224,-7.4427223,-7.622722,-7.9427223,-7.872722,-7.2127223,-6.9827223,-7.122722,-7.102722,-6.3827224,-4.722722,-2.4027221,-0.15272216
-1.5027221,-1.6627221,-1.5627222,-1.5627222,-1.4427222,0.14727783,1.0872779,0.82727784,0.74727786,0.9772778,1.3772779,1.7872778,1.7872778,0.41727784,-0.23272216,-1.2527221,-0.18272217,0.69727784,0.8572778,0.69727784,-1.7027222,-2.1127222,1.4672779,-0.75272214,-1.7027222,-0.082722165,5.6172776,5.167278,7.3872776,8.687278,6.817278,7.1372776,2.9372778,2.787278,0.08727783,-1.1427221,-2.0027223,-2.7827222,-2.7727222,-2.172722,-2.672722,-2.8227222,-1.9427222,-3.5427222,-4.6127224,-5.2727222,-6.1327224,-6.8827224,-7.392722,-7.762722,-7.812722,-7.4227223,-6.842722,-6.032722,-4.9827223,-3.472722,-1.6427221,-0.25272217,0.87727785
-1.2627221,-1.1727222,-1.5627222,-1.2227222,-1.7927222,0.39727783,1.1772778,0.5272778,0.30727783,-0.40272218,0.7372778,0.017277831,0.28727782,0.19727783,-1.5827222,-1.1827222,-0.29272217,0.37727782,-0.8327222,-2.0827222,2.4972777,2.7272778,1.3072778,-0.17272216,0.5272778,1.4572778,3.8472779,4.797278,7.3672776,7.587278,5.237278,5.797278,4.447278,2.2072778,-0.21272217,-0.7127222,-1.7827221,-2.6227221,-2.5827222,-2.5627222,-3.3527222,-3.2327223,-2.0827222,-3.3727221,-4.512722,-4.492722,-5.092722,-6.1127224,-6.912722,-7.162722,-7.1127224,-6.9227223,-6.302722,-5.342722,-4.5027223,-3.452722,-2.5327222,-1.5827222,-0.63272214
-1.7527221,-1.9627222,-2.8827221,-2.8527222,-2.0427222,-0.87272215,-0.56272215,-0.15272216,-0.20272216,0.08727783,-1.6327221,0.82727784,-0.33272216,0.14727783,-0.0027221679,0.7772778,1.1072779,-0.7127222,-2.5127223,3.1272779,3.027278,1.5272778,0.82727784,0.18727784,0.69727784,1.7272779,1.9572778,2.1872778,4.687278,5.9772778,7.0372777,5.607278,2.9372778,0.70727783,-0.5727222,-1.0927222,-0.8427222,-1.1427221,-2.0727222,-2.9927223,-3.672722,-3.682722,-3.0527222,-3.442722,-3.7827222,-3.7827222,-4.822722,-5.842722,-6.5027223,-6.9627223,-7.2527223,-7.432722,-7.082722,-6.572722,-5.722722,-4.832722,-3.962722,-3.3327222,-3.1227221
-0.88272214,-2.5327222,-3.8727221,-1.9427222,-2.1427221,-2.3527222,-1.2627221,-0.13272217,-1.0427222,-0.25272217,-0.7727222,-0.80272216,-2.0427222,-1.8427222,-2.2427223,-0.41272217,-0.88272214,-2.4927223,0.74727786,2.6672778,1.5772778,-0.22272217,-0.012722168,1.0672778,-0.36272216,-0.94272214,-0.49272215,1.8172778,2.6472778,5.197278,5.567278,3.4372778,1.1872778,-0.9527222,-2.0527222,-1.3727221,-1.0527222,-1.5827222,-2.6427221,-3.192722,-3.7427223,-3.952722,-3.5427222,-3.712722,-4.242722,-4.322722,-4.6327224,-5.6927223,-6.4827223,-6.9827223,-7.352722,-7.552722,-7.4227223,-6.9227223,-6.372722,-6.182722,-5.872722,-4.602722,-3.5827222
-0.81272215,-2.7627223,-1.7127222,-2.462722,-2.0627222,-1.9127221,0.067277834,-0.052722167,-0.55272216,-1.0427222,-1.2627221,0.9272778,-4.162722,-2.8627222,3.8972778,1.5772778,-0.9527222,-2.422722,-1.1827222,-0.6427222,-1.0027221,-0.73272216,-0.41272217,-1.6327221,-3.4027221,-1.6027222,0.57727784,3.5072777,3.8972778,5.3072777,2.827278,0.48727784,-1.3427222,-1.6827222,-2.202722,-1.8727221,-2.212722,-2.1327221,-2.7627223,-3.2627223,-3.6527221,-3.962722,-4.1727223,-4.4227223,-4.6327224,-4.832722,-5.1127224,-5.5027223,-6.1927223,-6.972722,-7.542722,-7.9827223,-8.082722,-8.052722,-7.6127224,-6.7727222,-6.102722,-5.892722,-4.8827224
-2.182722,-1.2627221,-1.5627222,-0.86272216,-0.36272216,0.21727782,-1.5827222,-2.1127222,-0.5227222,1.0372778,0.35727784,-2.3127222,3.6972778,5.0172777,3.3672779,0.13727783,-2.6327221,-4.322722,-5.262722,-4.392722,-0.5327222,2.4372778,2.4072778,0.26727784,3.0172777,2.6172779,1.7472779,2.3572779,3.337278,2.4472778,1.4672779,-1.3727221,-3.212722,-3.172722,-2.3827221,-2.202722,-2.0427222,-2.452722,-2.922722,-3.222722,-3.5327222,-3.7527223,-4.0227222,-4.432722,-4.7727222,-5.182722,-5.432722,-5.9027224,-6.332722,-6.832722,-7.342722,-7.542722,-7.802722,-7.9227223,-8.182722,-8.2427225,-7.992722,-6.6127224,-4.602722
-0.8427222,-0.99272215,-0.99272215,0.81727785,-0.7127222,-2.1327221,-2.5927222,0.62727785,0.7872778,-1.2527221,-2.6127222,-0.6427222,5.107278,3.277278,0.43727782,-2.2527223,-4.242722,-5.5227222,-7.392722,0.34727782,2.9272778,2.287278,0.94727784,1.1772778,2.6472778,0.44727784,-0.44272217,1.1372778,1.9072778,0.5872778,-2.952722,-4.9227223,-2.9927223,-3.1227221,-3.3227222,-3.6227221,-3.8127222,-3.8227222,-3.972722,-4.062722,-4.082722,-3.932722,-3.8927221,-4.202722,-4.542722,-4.932722,-5.392722,-5.822722,-6.262722,-6.6727223,-7.182722,-7.7127223,-8.122723,-8.782722,-9.342722,-9.082722,-8.182722,-7.432722,-7.2727222
-1.2527221,1.1572778,-1.6227221,-1.2227222,1.7072778,5.6172776,5.237278,5.177278,1.4672779,1.3072778,3.037278,2.4172778,1.8772779,-1.0827222,-2.9027221,-4.292722,-4.582722,-4.832722,-5.242722,3.037278,2.3472779,0.9872778,1.2472779,0.6672778,2.5072777,2.9372778,-0.29272217,0.22727783,-0.63272214,-2.8527222,-4.972722,-6.262722,-2.722722,-4.342722,-4.332722,-4.9827223,-5.312722,-5.262722,-5.2727222,-5.4227223,-5.782722,-5.562722,-5.2127223,-5.1927223,-5.302722,-6.1727223,-6.1127224,-6.2327223,-6.322722,-6.8627224,-7.4227223,-8.022722,-8.512722,-8.912723,-9.262722,-9.642722,-10.312722,-10.702723,-10.162723
