raw-data/2018091712.json
{"header": { "discipline":0, "disciplineName":"Meteorological products", "gribEdition":2, "gribLength":74560, "center":7, "centerName":"US National Weather Service - NCEP(WMC)", "subcenter":0, "refTime":"2018-09-17T12:00:00.000Z", "significanceOfRT":1, "significanceOfRTName":"Start of forecast", "productStatus":0, "productStatusName":"Operational products", "productType":1, "productTypeName":"Forecast products", "productDefinitionTemplate":0, "productDefinitionTemplateName":"Analysis/forecast at horizontal level/layer at a point in time", "parameterCategory":2, "parameterCategoryName":"Momentum", "parameterNumber":2, "parameterNumberName":"U-component_of_wind", "parameterUnit":"m.s-1", "genProcessType":2, "genProcessTypeName":"Forecast", "forecastTime":0, "surface1Type":103, "surface1TypeName":"Specified height level above ground", "surface1Value":10.0, "surface2Type":255, "surface2TypeName":"Missing", "surface2Value":0.0, "gridDefinitionTemplate":0, "gridDefinitionTemplateName":"Latitude_Longitude", "numberPoints":65160, "shape":6, "shapeName":"Earth spherical with radius of 6,371,229.0 m", "gridUnits":"degrees", "resolution":48, "winds":"true", "scanMode":0, "nx":360, "ny":181, "basicAngle":0, "lo1":0.0, "la1":90.0, "lo2":359.0, "la2":-90.0, "dx":1.0, "dy":1.0 }, "data":
[rows 130 to 155 of 181, columns 232 to 289 of 360]
12.793706,12.563706,12.013706,11.283706,10.803706,10.383706,10.023706,10.423706,7.653706,5.943706,5.673706,5.483706,4.983706,5.073706,5.353706,5.553706,5.773706,6.363706,7.513706,7.913706,8.643706,9.613706,10.293706,10.833706,11.523706,11.843706,12.333706,12.773706,12.423706,12.533706,12.393706,11.983706,12.183706,12.213706,11.983706,12.313706,12.213706,11.393706,11.393706,12.083706,12.273706,11.703706,11.463706,11.113706,10.663706,9.673706,9.393706,9.643706,8.313706,7.043706,6.713706,6.313706,5.503706,5.323706,3.363706,-0.64629394,0.91370606,6.603706
13.263706,12.423706,11.923706,11.103706,10.253706,9.493706,8.923706,9.403706,8.403706,6.623706,5.303706,5.033706,4.7237062,4.563706,5.103706,5.463706,5.783706,6.693706,8.023706,8.4437065,9.123706,10.143706,11.293706,11.9437065,11.993706,12.253706,12.703706,12.643706,12.703706,12.4437065,12.4437065,12.6937065,12.573706,12.343706,11.4437065,11.973706,12.373706,12.063706,11.993706,12.183706,12.933706,12.833706,11.713706,10.213706,9.253706,9.113706,9.333706,10.863706,8.723706,7.013706,6.9737062,6.2237062,5.913706,4.823706,2.693706,-0.47629395,1.933706,5.493706
13.433706,12.453706,11.253706,10.813706,10.023706,8.933706,7.603706,7.583706,8.293706,6.403706,5.363706,4.673706,4.213706,4.2037063,4.773706,5.303706,6.003706,6.833706,7.733706,8.833706,9.783706,10.273706,10.993706,12.013706,12.623706,12.593706,12.503706,11.953706,12.103706,12.813706,11.733706,10.903706,11.003706,10.263706,10.493706,10.713706,11.703706,12.6937065,12.973706,13.183706,12.923706,12.733706,12.073706,10.873706,9.863706,9.483706,9.033706,8.403706,7.583706,8.513706,7.643706,6.833706,6.263706,5.753706,2.793706,0.43370605,1.713706,2.493706
11.653706,11.253706,10.473706,9.823706,9.163706,7.663706,7.353706,6.6837063,7.323706,6.6837063,5.773706,4.623706,2.863706,3.293706,4.323706,5.013706,5.843706,6.913706,7.693706,8.763706,10.243706,11.093706,11.533706,12.293706,12.653706,12.553706,12.043706,12.603706,11.093706,10.113706,9.483706,8.303706,6.063706,6.653706,8.853706,10.713706,12.063706,12.883706,13.223706,13.1937065,12.973706,13.003706,12.9437065,12.003706,10.703706,9.793706,9.413706,8.863706,8.283706,9.423706,8.223706,6.963706,6.7037063,6.313706,1.7637061,1.2737061,2.513706,1.6337061
6.443706,8.033706,8.343706,7.583706,7.553706,7.313706,7.153706,7.813706,6.593706,4.383706,4.363706,1.983706,2.453706,3.763706,4.093706,4.853706,6.043706,7.493706,8.353706,9.383706,10.353706,11.083706,11.4437065,11.673706,11.9437065,11.883706,11.273706,8.993706,8.913706,4.553706,-1.8862939,-0.80629396,0.8337061,3.293706,5.4337063,7.123706,8.803706,10.283706,11.183706,11.663706,12.233706,12.123706,11.863706,11.253706,10.033706,9.463706,9.583706,9.363706,9.223706,8.733706,7.053706,6.9737062,7.073706,6.983706,5.633706,1.9937061,2.903706,3.903706
1.1137061,3.493706,5.113706,5.7237062,6.793706,6.963706,7.373706,6.803706,4.113706,1.813706,-0.21629395,1.963706,3.173706,3.533706,4.233706,5.813706,6.9737062,7.773706,8.413706,8.783706,9.023706,9.013706,9.903706,9.363706,7.523706,6.873706,3.183706,-2.036294,-5.826294,-6.3162937,-5.3162937,-3.026294,-1.4962939,1.563706,3.933706,5.4337063,6.863706,7.9337063,9.003706,9.713706,10.163706,10.293706,9.913706,9.383706,8.583706,7.2037063,6.983706,8.503706,8.773706,8.723706,9.113706,8.4437065,8.333706,7.883706,1.673706,1.313706,2.3037062,12.883706
4.813706,5.333706,6.623706,7.553706,7.273706,6.673706,5.603706,3.453706,2.483706,0.08370605,0.42370605,1.463706,2.243706,3.3537061,4.803706,6.063706,7.423706,7.663706,6.693706,6.963706,6.923706,5.613706,2.8537061,-0.076293945,-2.606294,-5.916294,-8.606294,-8.446294,-7.396294,-6.0262938,-4.786294,-2.566294,-0.16629395,1.6137061,2.0737062,3.443706,5.043706,7.063706,8.703706,8.433706,8.153706,7.943706,8.143706,8.153706,8.233706,7.093706,5.9337063,5.983706,5.293706,5.793706,6.543706,6.963706,7.163706,5.1837063,0.5837061,2.883706,2.183706,4.993706
-0.93629396,-1.6062939,1.073706,1.573706,2.673706,2.613706,3.003706,0.23370606,-3.6762938,-3.036294,-1.026294,1.0037061,3.173706,4.6837063,5.613706,5.863706,5.913706,5.6837063,5.793706,4.653706,-0.046293944,-2.536294,-5.416294,-8.186294,-9.216294,-8.906294,-7.986294,-7.2962937,-6.756294,-5.466294,-3.876294,-2.836294,-2.556294,-2.706294,-2.1862938,-0.74629396,1.223706,4.653706,6.4337063,3.743706,1.4937061,3.5737062,2.703706,2.0537062,4.523706,3.243706,3.8537061,4.863706,5.543706,6.143706,6.043706,6.573706,7.333706,4.663706,-4.606294,-2.816294,1.433706,6.073706
-2.9362938,-4.246294,-9.596294,-10.856294,-10.076294,-9.356294,-7.746294,-6.136294,-4.086294,-1.456294,1.1437061,3.173706,4.613706,4.7037063,5.873706,4.853706,4.373706,3.513706,-1.2562939,-5.3162937,-7.326294,-8.106294,-8.726294,-8.376294,-8.116294,-7.826294,-7.396294,-6.726294,-6.106294,-5.536294,-4.426294,-4.706294,-5.5462937,-5.656294,-4.476294,-4.386294,-4.306294,-4.376294,-6.0662937,-5.596294,-11.386294,-14.466294,-15.396294,-13.706294,-13.516294,-12.456294,-10.616294,-8.956294,-7.396294,-5.876294,-3.506294,0.27370605,5.103706,3.933706,1.953706,1.953706,4.033706,1.213706
-1.816294,-4.956294,-6.646294,-6.266294,-5.786294,-5.5262938,-4.0662937,-1.7262939,0.93370605,3.363706,4.783706,5.413706,4.903706,4.643706,4.243706,2.933706,2.3137062,-4.196294,-7.846294,-8.626294,-8.196294,-8.336294,-7.886294,-7.386294,-7.016294,-6.656294,-6.746294,-6.636294,-6.406294,-5.976294,-5.626294,-6.196294,-6.2762938,-6.196294,-6.346294,-6.846294,-7.946294,-9.726294,-13.046294,-14.266294,-14.216294,-15.526294,-14.986294,-13.846294,-12.686294,-11.446294,-10.346294,-8.396294,-6.586294,-5.086294,-2.976294,-0.37629396,2.0937061,2.0537062,-2.386294,3.203706,9.963706,9.603706
-0.69629395,-3.366294,-3.026294,-2.876294,-3.106294,-2.706294,0.08370605,2.703706,4.9737062,4.833706,3.5737062,2.123706,1.603706,1.0037061,1.453706,0.28370607,-4.536294,-8.026294,-7.996294,-8.486294,-7.7762938,-7.336294,-6.706294,-6.966294,-6.856294,-6.886294,-7.726294,-7.706294,-7.3162937,-6.956294,-6.876294,-6.636294,-6.166294,-6.206294,-6.5662937,-7.2762938,-8.696294,-10.286294,-11.8062935,-13.266294,-13.406294,-13.586294,-13.136294,-12.206294,-11.146294,-10.516294,-9.606294,-8.336294,-6.746294,-5.106294,-3.336294,-0.75629395,2.8037062,6.253706,-0.5962939,-1.7262939,-0.70629394,0.08370605
-1.056294,-0.81629395,-0.14629394,-0.34629396,-0.8562939,0.21370606,0.8937061,0.79370606,-0.8462939,-3.386294,-2.4162939,-1.3362939,-0.51629394,0.063706055,-2.036294,-4.946294,-8.486294,-8.466294,-8.446294,-8.076294,-7.086294,-6.146294,-6.256294,-6.516294,-6.626294,-7.706294,-7.646294,-7.416294,-7.086294,-6.836294,-6.5462937,-6.416294,-6.456294,-6.2762938,-6.076294,-6.366294,-7.2762938,-8.536294,-9.896294,-10.706294,-10.916294,-11.096294,-10.876294,-10.416294,-9.996294,-9.526294,-8.916294,-7.976294,-6.736294,-5.456294,-4.5262938,-3.536294,-1.3362939,1.1637061,0.44370607,-1.7462939,-1.916294,-1.646294
1.853706,1.0337061,1.793706,2.663706,2.373706,1.813706,1.963706,2.213706,0.31370604,-1.036294,-1.946294,-2.1762938,-2.1562939,-4.626294,-7.0462937,-8.786294,-8.316294,-8.096294,-7.506294,-6.736294,-5.5262938,-5.286294,-5.366294,-5.366294,-5.576294,-6.076294,-6.396294,-6.5262938,-6.3162937,-5.876294,-5.196294,-4.646294,-4.646294,-4.856294,-5.236294,-5.676294,-6.186294,-6.446294,-6.7962937,-7.206294,-7.476294,-7.386294,-7.176294,-6.8162937,-6.366294,-6.006294,-5.856294,-5.806294,-5.8162937,-5.7962937,-5.446294,-5.376294,-5.966294,-4.286294,-3.1862938,-1.776294,-2.076294,-2.9262938
3.283706,3.5837061,3.0737062,2.3037062,2.263706,2.3137062,3.0637062,3.533706,0.99370605,-1.326294,-2.1662939,-3.726294,-5.126294,-6.576294,-7.426294,-7.5662937,-6.786294,-5.956294,-5.426294,-4.726294,-4.2762938,-3.856294,-3.596294,-3.586294,-3.876294,-4.016294,-4.446294,-4.806294,-4.3162937,-3.316294,-2.366294,-2.316294,-2.4462938,-2.836294,-3.326294,-3.576294,-4.306294,-4.466294,-4.2962937,-4.496294,-4.726294,-4.856294,-4.7962937,-4.606294,-4.466294,-4.226294,-3.526294,-2.786294,-3.576294,-4.596294,-5.016294,-5.746294,-6.326294,-7.756294,-4.606294,-1.7262939,0.49370605,-0.27629393
3.793706,4.093706,3.453706,2.243706,1.823706,2.263706,2.503706,1.1537061,-0.35629395,-1.666294,-2.336294,-3.1862938,-4.216294,-4.666294,-4.8162937,-4.5462937,-3.866294,-3.136294,-2.4262938,-2.206294,-1.546294,-1.326294,-1.3362939,-1.396294,-1.646294,-1.436294,-2.1962938,-2.026294,-1.3662939,-0.74629396,-2.016294,-2.486294,-1.406294,0.043706056,0.61370605,-0.86629397,-1.576294,-2.4362938,-2.506294,-2.276294,-2.206294,-2.1562939,-1.896294,-1.516294,-1.146294,-1.1162939,-1.2162939,-0.9062939,-1.276294,-2.6862938,-3.536294,-3.746294,-4.586294,-5.416294,-6.486294,-6.676294,-0.58629394,1.7737061
3.273706,2.6037061,1.963706,0.41370606,1.1337061,1.2637061,1.1137061,0.63370603,0.61370605,-0.20629394,-0.99629396,-1.6362939,-1.556294,-1.796294,-1.816294,-1.426294,-1.176294,-0.06629395,-0.15629394,0.053706054,0.19370605,0.80370605,1.093706,0.93370605,1.1337061,1.043706,1.203706,0.763706,0.9037061,-0.38629395,-1.056294,-1.446294,-1.8762939,-1.266294,-1.696294,-0.9162939,1.543706,2.413706,1.063706,-0.42629394,-1.2462939,-1.2562939,-1.076294,-0.26629394,0.39370605,0.61370605,0.7737061,0.61370605,-0.06629395,-0.06629395,0.103706054,-0.9762939,-1.326294,-1.9762939,-3.076294,-3.9062939,-4.596294,-5.156294
3.143706,2.283706,2.203706,1.983706,-0.06629395,-0.8562939,-0.64629394,-0.20629394,1.5237061,2.0637062,1.5137061,1.213706,1.0337061,1.1137061,0.953706,1.333706,1.2437061,1.943706,2.613706,2.043706,1.8937061,2.233706,2.5637062,3.613706,3.693706,4.253706,4.023706,3.973706,4.003706,3.653706,2.913706,2.013706,1.673706,1.1537061,0.40370604,0.103706054,0.8337061,1.1537061,2.513706,3.033706,2.0637062,0.953706,-0.57629395,-0.26629394,-0.016293945,0.21370606,0.54370606,1.0037061,1.353706,1.3837061,1.203706,1.093706,0.97370607,0.93370605,0.38370606,-0.21629395,-0.6662939,-1.286294
3.223706,2.633706,1.7837061,0.8937061,1.173706,0.42370605,-0.37629396,-0.35629395,0.033706054,1.8837061,3.863706,3.693706,3.3537061,3.213706,3.383706,3.043706,2.793706,4.173706,4.7237062,4.083706,3.883706,3.963706,4.553706,5.053706,6.193706,6.813706,6.993706,6.9737062,7.193706,7.083706,6.6837063,6.2237062,5.523706,5.173706,4.023706,2.723706,2.383706,2.3237062,2.013706,2.3137062,3.673706,2.653706,2.3137062,2.0937061,1.6337061,1.3837061,1.553706,1.713706,1.5337061,1.443706,1.543706,1.943706,2.3237062,2.3437061,2.233706,2.443706,2.773706,2.943706
5.123706,4.4337063,2.933706,2.273706,1.733706,1.9037061,2.173706,1.933706,1.1637061,0.79370606,1.7437061,4.363706,5.663706,5.293706,4.713706,4.313706,4.2037063,4.753706,5.833706,5.9337063,5.553706,5.763706,6.283706,7.403706,7.9337063,8.463706,8.903706,8.563706,8.853706,9.573706,9.553706,9.273706,8.783706,8.173706,7.383706,6.663706,5.823706,5.233706,4.753706,4.043706,3.623706,3.513706,3.463706,3.413706,3.3537061,3.3137062,3.3537061,3.0537062,2.973706,3.183706,3.023706,2.673706,2.613706,2.493706,2.523706,2.753706,2.983706,3.523706
6.383706,5.913706,5.073706,3.0937061,2.6037061,2.163706,3.113706,3.623706,3.423706,3.3337061,2.613706,2.423706,3.763706,6.153706,6.613706,6.093706,5.303706,5.873706,6.233706,6.633706,6.773706,7.023706,7.533706,8.833706,9.763706,10.273706,9.903706,9.983706,9.883706,10.513706,11.073706,11.073706,10.763706,10.213706,9.313706,8.383706,8.143706,7.663706,6.443706,5.893706,5.253706,4.623706,4.493706,3.923706,3.863706,3.993706,4.043706,3.8237062,3.373706,3.0937061,2.893706,2.953706,2.983706,2.703706,2.253706,0.12370606,-0.83629394,-0.44629395
6.863706,6.153706,5.4737062,4.783706,2.973706,2.723706,2.623706,4.353706,4.083706,3.8337061,3.793706,3.8137062,3.463706,3.663706,5.403706,7.303706,7.813706,7.613706,7.663706,7.513706,7.323706,7.493706,8.203706,8.793706,10.033706,11.283706,11.643706,11.353706,11.123706,11.123706,11.083706,11.263706,11.173706,10.883706,10.573706,10.313706,9.383706,8.963706,8.223706,7.9537063,6.783706,6.523706,6.173706,5.293706,4.853706,4.623706,4.493706,4.403706,4.273706,4.273706,4.393706,4.123706,3.203706,2.0937061,-0.38629395,-0.93629396,0.5237061,1.2637061
7.363706,7.293706,7.303706,7.283706,6.393706,3.383706,3.283706,4.843706,4.903706,4.713706,4.923706,3.883706,4.033706,3.5737062,3.183706,4.603706,7.033706,8.853706,9.183706,9.143706,8.883706,8.673706,8.4437065,9.533706,10.653706,12.233706,12.333706,12.253706,12.023706,11.883706,11.933706,11.903706,11.703706,11.373706,10.763706,10.753706,10.533706,9.903706,9.323706,8.923706,8.473706,8.763706,8.253706,7.673706,7.293706,6.763706,6.173706,6.1837063,6.123706,6.353706,5.173706,3.613706,2.943706,1.3737061,2.003706,2.793706,3.193706,3.693706
7.733706,7.303706,7.123706,6.923706,6.9337063,6.073706,6.413706,6.743706,6.493706,6.173706,5.913706,5.963706,6.6837063,7.403706,7.503706,6.1837063,4.983706,5.913706,8.043706,9.203706,9.483706,9.263706,9.793706,10.343706,10.573706,11.353706,11.933706,12.293706,12.553706,12.773706,12.933706,12.743706,12.203706,11.483706,11.023706,10.583706,10.283706,9.913706,9.243706,8.983706,9.543706,10.663706,10.503706,10.553706,9.883706,8.273706,7.413706,7.563706,7.623706,7.113706,6.653706,4.673706,2.713706,4.393706,4.513706,4.303706,3.903706,3.363706
5.073706,4.913706,6.043706,7.063706,5.463706,3.673706,6.383706,7.763706,8.073706,8.423706,4.843706,6.2237062,7.943706,7.693706,7.673706,7.573706,6.643706,6.213706,5.753706,5.753706,7.163706,8.393706,8.843706,9.543706,10.613706,11.053706,11.6937065,12.373706,13.083706,13.263706,13.233706,12.813706,12.113706,11.333706,10.733706,10.433706,9.973706,9.533706,9.263706,9.203706,9.523706,10.643706,11.173706,11.333706,10.353706,7.753706,6.443706,7.163706,7.283706,7.943706,6.093706,2.503706,3.743706,3.693706,3.8037062,3.673706,2.733706,2.513706
3.683706,3.463706,3.493706,3.473706,3.523706,3.413706,2.893706,3.963706,4.503706,5.513706,5.033706,5.423706,5.613706,4.493706,5.603706,6.783706,6.7237062,7.193706,6.853706,5.393706,3.783706,3.393706,3.793706,4.823706,5.443706,6.733706,8.083706,8.793706,9.6937065,11.783706,12.073706,11.963706,11.923706,11.383706,10.983706,10.423706,8.503706,7.7237062,7.4537063,9.303706,9.673706,9.853706,10.723706,8.833706,4.423706,3.143706,3.743706,4.393706,5.4537063,4.883706,2.163706,2.393706,-0.21629395,0.98370606,3.3537061,1.813706,0.8337061,2.013706
2.1037061,2.473706,3.363706,4.113706,3.663706,3.863706,4.773706,5.233706,4.693706,4.793706,6.403706,6.233706,3.703706,3.433706,3.943706,4.543706,6.743706,7.303706,6.123706,5.533706,5.033706,4.2037063,3.8037062,3.8537061,4.273706,4.993706,5.743706,6.253706,6.413706,6.823706,6.803706,6.733706,7.053706,7.373706,7.483706,7.083706,6.773706,7.023706,8.183706,9.453706,8.743706,4.143706,-0.016293945,-0.16629395,1.2837061,2.123706,0.513706,-1.406294,-2.116294,-2.9362938,-2.6862938,-1.956294,-1.576294,0.55370605,1.453706,-0.14629394,1.0237061,2.873706
