raw-data/2018091418.json
{"header": { "discipline":0, "disciplineName":"Meteorological products", "gribEdition":2, "gribLength":48614, "center":7, "centerName":"US National Weather Service - NCEP(WMC)", "subcenter":0, "refTime":"2018-09-14T18:00:00.000Z", "significanceOfRT":1, "significanceOfRTName":"Start of forecast", "productStatus":0, "productStatusName":"Operational products", "productType":1, "productTypeName":"Forecast products", "productDefinitionTemplate":0, "productDefinitionTemplateName":"Analysis/forecast at horizontal level/layer at a point in time", "parameterCategory":2, "parameterCategoryName":"Momentum", "parameterNumber":3, "parameterNumberName":"V-component_of_wind", "parameterUnit":"m.s-1", "genProcessType":2, "genProcessTypeName":"Forecast", "forecastTime":0, "surface1Type":103, "surface1TypeName":"Specified height level above ground", "surface1Value":10.0, "surface2Type":255, "surface2TypeName":"Missing", "surface2Value":0.0, "gridDefinitionTemplate":0, "gridDefinitionTemplateName":"Latitude_Longitude", "numberPoints":65160, "shape":6, "shapeName":"Earth spherical with radius of 6,371,229.0 m", "gridUnits":"degrees", "resolution":48, "winds":"true", "scanMode":0, "nx":360, "ny":181, "basicAngle":0, "lo1":0.0, "la1":90.0, "lo2":359.0, "la2":-90.0, "dx":1.0, "dy":1.0 }, "data":
[rows 52 to 77 of 181, columns 295 to 353 of 360]
-3.4042084,-4.0042086,-4.8042083,-5.404208,-5.904208,-6.1042085,-6.2042084,-6.5042086,-6.904208,-6.8042083,-6.7042084,-6.5042086,-6.2042084,-6.3042083,-5.904208,-6.6042085,-1.8042084,-1.1042084,-2.3042083,-3.7042084,-4.5042086,-4.2042084,-3.3042083,-2.4042084,-1.0042083,-1.0042083,0.9957916,2.4957917,2.4957917,3.1957917,4.2957916,5.1957917,5.4957914,5.8957915,6.1957917,6.3957915,6.1957917,3.9957917,6.3957915,6.4957914,6.095792,5.2957916,4.1957917,3.0957916,2.3957915,0.09579162,-1.2042084,-2.5042083,-4.7042084,-4.8042083,-5.5042086,-6.2042084,-6.904208,-7.1042085,-6.6042085,-5.6042085,-2.5042083,-1.9042084,2.4957917
-4.6042085,-4.5042086,-5.2042084,-5.904208,-6.1042085,-6.0042086,-5.8042083,-6.0042086,-6.0042086,-5.8042083,-5.7042084,-5.7042084,-5.904208,-6.5042086,-5.5042086,-5.3042083,-2.3042083,-2.4042084,-3.0042083,-3.6042085,-3.6042085,-4.0042086,-3.6042085,-2.9042084,-3.4042084,-2.6042085,0.29579163,-0.30420837,-0.20420837,2.3957915,4.1957917,5.595792,6.2957916,6.595792,6.8957915,6.4957914,5.8957915,5.4957914,5.8957915,5.8957915,5.595792,4.7957916,4.6957917,3.2957916,1.6957916,0.09579162,-2.1042085,-3.8042083,-5.1042085,-4.404208,-5.0042086,-5.3042083,-5.3042083,-5.404208,-5.1042085,-4.6042085,-3.8042083,1.6957916,2.3957915
-3.7042084,-4.0042086,-5.904208,-6.404208,-6.6042085,-6.5042086,-6.2042084,-6.1042085,-5.8042083,-5.404208,-5.2042084,-5.2042084,-6.0042086,-6.404208,-6.5042086,-4.0042086,-4.3042083,-4.0042086,-3.3042083,-3.6042085,-3.9042084,-3.6042085,-3.4042084,-4.3042083,-4.404208,-2.2042084,-4.3042083,-4.7042084,-2.3042083,0.89579165,4.3957915,6.7957916,7.595792,7.6957917,7.095792,6.3957915,5.8957915,5.3957915,5.095792,4.7957916,4.9957914,4.8957915,4.2957916,3.5957916,1.3957916,-0.40420836,-1.8042084,-3.2042084,-3.8042083,-3.5042083,-3.8042083,-3.6042085,-4.0042086,-4.5042086,-5.0042086,-5.3042083,-5.0042086,-2.3042083,-0.7042084
-4.2042084,-5.1042085,-6.0042086,-6.6042085,-7.1042085,-7.404208,-6.5042086,-3.8042083,-2.4042084,-2.6042085,-4.3042083,-4.7042084,-5.404208,-5.3042083,-3.3042083,-4.404208,-6.2042084,-5.0042086,-4.8042083,-4.6042085,-4.2042084,-3.4042084,-3.4042084,-4.404208,-3.3042083,-5.1042085,-8.004209,-9.904208,-3.1042085,5.095792,9.395792,10.395792,10.095792,8.895792,7.6957917,6.4957914,5.3957915,5.095792,5.1957917,5.095792,4.7957916,4.6957917,4.595792,3.8957915,1.3957916,-1.0042083,-2.5042083,-3.5042083,-4.1042085,-3.9042084,-3.2042084,-3.0042083,-3.8042083,-4.7042084,-5.6042085,-6.0042086,-6.3042083,-4.6042085,-2.9042084
-4.5042086,-5.0042086,-5.7042084,-6.1042085,-6.6042085,-7.2042084,-5.0042086,0.29579163,1.2957916,-2.6042085,-5.0042086,-5.404208,-5.6042085,-4.6042085,-3.9042084,-6.2042084,-7.404208,-6.8042083,-6.0042086,-5.404208,-4.5042086,-3.6042085,-1.2042084,-3.0042083,-3.9042084,-6.5042086,-13.504209,-19.204208,0.4957916,18.695791,17.495792,14.995791,12.495791,9.995791,8.095792,6.3957915,5.4957914,5.4957914,4.3957915,4.1957917,4.595792,4.8957915,4.1957917,3.2957916,1.7957916,-0.40420836,-2.3042083,-3.8042083,-4.7042084,-4.5042086,-2.8042083,-3.0042083,-4.2042084,-5.404208,-6.2042084,-6.5042086,-6.2042084,-4.904208,-2.7042084
-5.1042085,-5.0042086,-5.6042085,-5.2042084,-4.7042084,-3.7042084,-3.4042084,1.1957916,0.6957916,-2.0042083,-3.6042085,-4.3042083,-4.6042085,-4.904208,-6.0042086,-7.5042086,-8.404208,-8.904208,-8.004209,-6.7042084,-4.904208,-1.4042084,1.3957916,2.3957915,0.19579163,-4.8042083,-9.204208,-13.804209,6.6957917,23.695791,17.295792,15.795792,13.795792,10.695791,8.595792,6.7957916,5.8957915,5.595792,7.1957917,7.7957916,6.3957915,5.095792,3.8957915,2.5957916,0.7957916,-0.40420836,-1.8042084,-3.5042083,-3.9042084,-3.8042083,-3.2042084,-4.6042085,-3.9042084,-5.6042085,-6.5042086,-6.904208,-6.1042085,-5.8042083,-6.0042086
-4.7042084,-4.904208,-4.5042086,-3.4042084,-2.6042085,-0.20420837,-0.004208374,0.59579164,-1.4042084,-3.1042085,-3.8042083,-4.5042086,-5.1042085,-5.8042083,-6.904208,-7.904208,-9.304209,-10.704208,-10.404208,-9.004209,-6.8042083,1.3957916,4.6957917,4.7957916,3.6957917,0.19579163,-3.2042084,-2.0042083,5.1957917,12.895792,12.395792,13.595792,13.895792,11.295792,8.895792,6.595792,5.6957917,4.8957915,7.595792,6.6957917,5.6957917,4.095792,3.1957917,2.0957916,0.7957916,-0.20420837,-1.7042084,-2.9042084,-1.8042084,-4.0042086,-4.7042084,-2.5042083,-3.2042084,-5.5042086,-7.2042084,-9.204208,-8.604208,-7.7042084,-1.8042084
-5.2042084,-5.1042085,-4.404208,-2.0042083,1.2957916,1.3957916,-0.20420837,-0.7042084,-2.2042084,-3.3042083,-3.9042084,-4.404208,-5.1042085,-5.8042083,-6.6042085,-7.3042083,-9.304209,-10.404208,-10.504209,-9.404208,-4.904208,4.3957915,7.095792,6.8957915,5.9957914,2.6957917,1.6957916,1.6957916,4.3957915,7.4957914,7.9957914,10.695791,10.595792,11.395792,9.195791,7.095792,5.1957917,4.1957917,7.1957917,6.095792,4.095792,3.1957917,2.4957917,2.0957916,0.9957916,-0.10420837,-0.90420836,-1.1042084,-2.1042085,-3.9042084,-4.7042084,-4.7042084,-4.3042083,-5.404208,-6.1042085,-11.404208,-3.8042083,-2.3042083,-3.5042083
-5.3042083,-5.1042085,-4.404208,1.3957916,2.1957917,0.09579162,-0.60420835,-2.1042085,-2.6042085,-3.2042084,-3.7042084,-4.3042083,-4.904208,-5.5042086,-5.904208,-6.5042086,-8.104208,-8.104208,-7.904208,-6.0042086,-1.8042084,3.2957916,5.7957916,6.095792,7.2957916,4.8957915,2.7957916,2.6957917,3.7957916,4.7957916,6.4957914,7.1957917,8.995791,9.595792,9.095792,6.8957915,4.7957916,3.9957917,5.595792,4.3957915,2.9957917,2.4957917,2.2957916,1.3957916,0.59579164,0.09579162,-0.60420835,-1.3042084,-2.5042083,-3.9042084,-4.6042085,-4.8042083,-5.3042083,-6.3042083,-4.904208,-0.20420837,-1.3042084,-3.3042083,1.2957916
-5.1042085,-5.2042084,-2.5042083,1.9957917,0.89579165,-0.5042084,-1.9042084,-3.1042085,-2.9042084,-3.4042084,-3.9042084,-4.2042084,-4.8042083,-5.6042085,-5.904208,-6.1042085,-6.904208,-6.404208,-5.0042086,-3.1042085,-0.7042084,1.7957916,3.7957916,5.3957915,6.7957916,4.9957914,4.8957915,4.095792,4.2957916,4.595792,5.4957914,6.4957914,6.8957915,7.6957917,8.495791,6.4957914,4.595792,3.1957917,4.3957915,3.2957916,2.5957916,2.4957917,1.5957916,0.4957916,-0.30420837,-1.2042084,-2.2042084,-1.6042084,-3.5042083,-4.404208,-4.7042084,-4.7042084,-5.2042084,-5.5042086,-3.4042084,-2.6042085,-4.5042086,2.1957917,-0.10420837
-5.3042083,-5.6042085,-2.0042083,1.1957916,-0.40420836,-1.9042084,-2.7042084,-1.9042084,-1.8042084,-1.6042084,-2.4042084,-3.8042083,-4.904208,-5.2042084,-5.5042086,-5.404208,-5.404208,-4.8042083,-2.5042083,-1.8042084,-0.60420835,0.9957916,2.5957916,5.095792,5.4957914,4.4957914,5.9957914,4.4957914,4.1957917,4.4957914,4.8957915,5.095792,5.6957917,6.095792,7.3957915,5.6957917,4.095792,2.7957916,2.6957917,2.3957915,2.4957917,2.3957915,1.6957916,0.7957916,0.4957916,0.19579163,-0.40420836,-2.1042085,-0.004208374,-5.904208,-5.0042086,-0.90420836,-4.7042084,-5.0042086,-6.904208,-5.904208,-4.0042086,-0.60420835,0.4957916
-4.7042084,-5.2042084,-2.0042083,-0.20420837,-1.7042084,-2.5042083,-3.1042085,-2.9042084,-1.2042084,-1.5042083,-1.9042084,-2.6042085,-3.6042085,-4.0042086,-4.3042083,-4.404208,-3.9042084,-3.0042083,-1.9042084,-1.4042084,-1.4042084,0.7957916,3.3957915,5.095792,4.2957916,4.8957915,5.2957916,3.8957915,4.1957917,4.6957917,3.9957917,4.595792,4.7957916,4.6957917,6.2957916,4.7957916,3.4957917,1.8957916,-0.10420837,2.1957917,2.8957915,2.3957915,1.7957916,1.4957917,1.1957916,0.89579165,0.09579162,-0.8042084,-1.5042083,-2.0042083,-4.7042084,-6.6042085,-7.2042084,-6.6042085,-7.8042083,-6.6042085,-5.5042086,-3.3042083,-2.3042083
-3.7042084,-3.2042084,-0.60420835,-0.8042084,-2.0042083,-4.3042083,-2.2042084,-0.30420837,0.89579165,-1.1042084,-1.8042084,-2.3042083,-3.3042083,-3.6042085,-3.3042083,-3.4042084,-2.9042084,-1.2042084,-1.0042083,-0.60420835,0.39579162,2.2957916,3.4957917,3.2957916,3.2957916,5.2957916,4.095792,3.5957916,3.8957915,3.6957917,3.7957916,3.5957916,3.9957917,3.9957917,5.2957916,3.7957916,2.8957915,0.09579162,-2.0042083,1.6957916,2.6957917,2.4957917,2.0957916,1.5957916,0.9957916,0.39579162,-0.20420837,-1.2042084,-2.6042085,-4.6042085,-7.0042086,-7.6042085,-4.2042084,-4.0042086,-5.404208,-4.7042084,-4.3042083,-3.2042084,-2.8042083
-2.8042083,-2.9042084,-1.8042084,-1.5042083,-2.4042084,-2.3042083,-2.1042085,-1.1042084,-0.5042084,-1.3042084,-1.8042084,-2.4042084,-2.9042084,-3.1042085,-3.1042085,-2.7042084,-2.0042083,-1.8042084,-1.5042083,-0.7042084,0.4957916,1.4957917,2.0957916,2.3957915,4.3957915,3.8957915,3.6957917,3.2957916,2.7957916,3.0957916,3.0957916,3.3957915,3.0957916,3.3957915,4.095792,2.8957915,2.1957917,-1.4042084,-0.40420836,1.0957916,2.0957916,2.0957916,1.5957916,1.2957916,0.59579164,-0.40420836,-1.1042084,-2.0042083,-3.3042083,-5.3042083,-7.6042085,-3.4042084,-5.0042086,-4.404208,-4.3042083,-3.9042084,-3.9042084,-4.404208,-4.5042086
-1.9042084,-2.4042084,-2.3042083,-2.1042085,-2.3042083,-2.8042083,-2.9042084,-2.1042085,-1.2042084,-0.10420837,-0.20420837,-0.40420836,-0.8042084,-2.6042085,-3.0042083,-2.9042084,-2.6042085,-1.4042084,-0.8042084,-0.60420835,-0.10420837,1.6957916,2.9957917,3.9957917,3.4957917,3.0957916,3.0957916,3.2957916,3.0957916,2.5957916,2.5957916,2.8957915,2.6957917,2.4957917,2.7957916,1.9957917,1.0957916,-2.4042084,0.7957916,0.39579162,0.89579165,1.1957916,0.6957916,0.19579163,-0.20420837,-1.3042084,-2.2042084,-3.2042084,-4.8042083,-6.6042085,-7.5042086,-4.404208,-4.0042086,-4.404208,-4.8042083,-5.1042085,-5.404208,-5.1042085,-4.7042084
-1.0042083,-0.60420835,-0.90420836,-1.3042084,-1.2042084,-0.30420837,-0.7042084,-0.30420837,0.29579163,0.4957916,0.19579163,-0.30420837,-0.20420837,-2.1042085,-2.7042084,-3.0042083,-2.7042084,-1.6042084,-1.7042084,0.09579162,2.4957917,3.4957917,3.2957916,2.6957917,2.4957917,2.3957915,2.8957915,3.2957916,2.8957915,2.3957915,2.1957917,2.1957917,1.6957916,1.8957916,1.1957916,0.7957916,0.09579162,-2.7042084,-0.8042084,-0.8042084,-0.10420837,0.29579163,-0.5042084,-1.0042083,-1.5042083,-2.4042084,-3.0042083,-4.2042084,-6.1042085,-8.404208,-4.7042084,-4.404208,-3.6042085,-4.6042085,-3.6042085,-5.2042084,-6.8042083,-6.3042083,-6.2042084
-0.30420837,-0.004208374,0.39579162,0.39579162,0.29579163,-0.20420837,-0.40420836,-0.10420837,0.4957916,0.7957916,0.7957916,0.09579162,-2.4042084,-2.6042085,-2.9042084,-2.9042084,-1.2042084,1.3957916,1.7957916,2.0957916,1.7957916,2.1957917,2.2957916,1.4957917,1.2957916,1.7957916,3.2957916,3.1957917,2.8957915,1.9957917,1.7957916,1.3957916,0.09579162,1.6957916,0.19579163,-0.40420836,-0.90420836,-3.3042083,-1.0042083,-1.6042084,-0.8042084,-0.8042084,-1.0042083,-1.8042084,-2.0042083,-2.7042084,-3.8042083,-6.1042085,-7.8042083,-4.904208,-3.6042085,-2.7042084,-2.4042084,-3.2042084,-5.8042083,-6.6042085,-5.6042085,-6.7042084,-5.5042086
0.09579162,0.6957916,0.6957916,0.9957916,1.2957916,1.7957916,0.89579165,0.29579163,0.7957916,0.89579165,0.7957916,0.39579162,-0.30420837,-0.10420837,0.39579162,1.0957916,1.2957916,1.3957916,1.1957916,1.2957916,1.6957916,1.2957916,1.2957916,0.9957916,0.19579163,2.5957916,3.0957916,2.8957915,2.9957917,2.0957916,1.2957916,0.39579162,-0.7042084,0.59579164,-0.60420835,-1.4042084,-1.4042084,-3.4042084,-0.20420837,-0.90420836,-0.60420835,-1.0042083,-1.6042084,-2.0042083,-2.3042083,-2.9042084,-4.404208,-6.5042086,-8.604208,-1.7042084,-2.2042084,-1.7042084,-4.5042086,-5.404208,-4.7042084,-5.6042085,-7.2042084,-4.8042083,-4.5042086
0.29579163,0.7957916,1.0957916,1.6957916,1.9957917,2.3957915,2.1957917,2.1957917,2.1957917,1.7957916,1.2957916,0.6957916,-0.20420837,-0.5042084,-0.40420836,-0.004208374,0.4957916,0.39579162,0.19579163,0.59579164,0.7957916,0.29579163,0.39579162,0.89579165,1.5957916,1.9957917,2.2957916,3.2957916,2.4957917,1.6957916,0.4957916,-0.8042084,-1.0042083,-0.10420837,-1.1042084,-1.9042084,-1.5042083,-3.1042085,-0.60420835,-0.7042084,-0.8042084,-1.2042084,-1.7042084,-1.9042084,-2.5042083,-2.7042084,-4.0042086,-5.3042083,-6.7042084,-3.5042083,-2.7042084,-0.40420836,-0.8042084,-3.3042083,-4.0042086,-5.8042083,-4.404208,-4.8042083,-5.3042083
0.9957916,1.0957916,1.1957916,2.1957917,3.2957916,3.3957915,2.7957916,2.4957917,2.5957916,2.1957917,1.6957916,0.9957916,0.39579162,-0.30420837,-0.30420837,-0.004208374,0.09579162,-0.004208374,-0.8042084,0.19579163,-0.30420837,0.19579163,0.09579162,0.39579162,1.5957916,1.6957916,1.8957916,1.8957916,1.6957916,0.7957916,-0.5042084,-1.6042084,-1.5042083,-0.30420837,-1.6042084,-2.1042085,-1.4042084,-2.5042083,-2.4042084,-0.90420836,-1.3042084,-1.7042084,-2.0042083,-1.9042084,-1.9042084,-1.8042084,-3.0042083,-4.3042083,-4.1042085,-3.8042083,-1.1042084,-1.5042083,-2.3042083,-3.6042085,-3.7042084,-2.9042084,-4.3042083,-4.0042086,-3.4042084
2.8957915,1.6957916,1.9957917,3.8957915,4.3957915,4.1957917,3.2957916,2.7957916,2.6957917,2.2957916,1.7957916,1.2957916,0.4957916,0.09579162,-0.004208374,-0.10420837,-0.40420836,-0.40420836,-0.5042084,-0.5042084,-0.5042084,0.59579164,-0.30420837,0.59579164,0.89579165,0.6957916,1.1957916,0.9957916,0.59579164,0.29579163,-1.3042084,-2.2042084,-0.5042084,-0.60420835,-1.5042083,-2.2042084,-1.6042084,-1.2042084,-3.2042084,-1.2042084,-1.6042084,-2.0042083,-2.0042083,-1.7042084,-1.6042084,-1.6042084,-2.7042084,-3.8042083,-3.5042083,-2.3042083,-1.3042084,-1.5042083,-2.6042085,0.09579162,-1.5042083,-2.6042085,-3.2042084,-3.0042083,-3.4042084
4.1957917,5.4957914,6.1957917,3.9957917,5.7957916,4.8957915,3.4957917,2.9957917,2.2957916,2.2957916,1.8957916,1.2957916,0.6957916,0.19579163,0.09579162,-0.10420837,-0.5042084,-0.7042084,-0.8042084,-0.30420837,0.09579162,-0.10420837,-0.10420837,-0.004208374,-0.10420837,0.4957916,0.19579163,0.29579163,0.6957916,-0.30420837,-1.5042083,-2.7042084,-0.30420837,-0.40420836,-1.9042084,-2.6042085,-2.0042083,-1.3042084,-2.0042083,-2.7042084,-2.5042083,-0.004208374,-0.004208374,-0.5042084,-1.2042084,-1.9042084,-2.8042083,-3.4042084,-3.7042084,-4.5042086,-2.2042084,-1.6042084,-1.3042084,-2.2042084,-3.7042084,-2.2042084,-3.3042083,-3.7042084,-0.8042084
6.4957914,7.595792,8.095792,7.4957914,6.6957917,5.595792,3.5957916,2.8957915,2.3957915,2.6957917,2.0957916,1.0957916,0.4957916,-0.10420837,-1.0042083,-1.1042084,-0.8042084,-0.90420836,-0.90420836,-0.7042084,-0.60420835,-0.7042084,-0.60420835,-0.8042084,-0.60420835,-0.30420837,0.7957916,0.09579162,-0.30420837,-0.8042084,-1.4042084,-2.5042083,-0.5042084,-0.40420836,-2.1042085,-2.8042083,-2.5042083,-1.8042084,-1.6042084,-1.2042084,-1.0042083,0.29579163,0.6957916,-0.20420837,-0.8042084,-2.2042084,-3.6042085,-4.3042083,-5.1042085,-2.3042083,-0.40420836,-1.2042084,-1.8042084,-2.9042084,-2.8042083,-3.1042085,-3.1042085,-1.1042084,0.39579162
8.695791,8.695791,8.395792,7.2957916,5.2957916,5.095792,3.6957917,2.6957917,1.9957917,1.3957916,1.0957916,0.89579165,0.39579162,-0.004208374,-1.0042083,-1.8042084,-1.9042084,-1.5042083,-1.4042084,-1.1042084,-0.8042084,-1.0042083,-1.0042083,-0.90420836,0.29579163,0.6957916,0.09579162,-0.90420836,-1.3042084,-1.2042084,-2.1042085,-1.2042084,0.29579163,-0.5042084,-1.9042084,-3.1042085,-3.1042085,-2.5042083,-2.0042083,-2.8042083,-2.8042083,0.7957916,-0.60420835,-0.7042084,-0.90420836,-1.7042084,-2.7042084,-4.3042083,-6.1042085,-1.6042084,0.29579163,-0.10420837,-1.4042084,-1.8042084,-0.60420835,-1.4042084,-1.5042083,-0.004208374,2.1957917
7.8957915,7.4957914,7.3957915,5.7957916,3.9957917,3.3957915,2.9957917,1.9957917,1.4957917,0.6957916,0.19579163,0.19579163,-0.10420837,-0.30420837,-1.0042083,-1.4042084,-1.7042084,-1.7042084,-1.0042083,-1.0042083,-1.9042084,-2.0042083,-1.1042084,-0.7042084,-0.60420835,-0.40420836,-0.8042084,-1.6042084,-1.9042084,-2.4042084,-2.1042085,-0.30420837,0.09579162,-1.1042084,-2.5042083,-3.7042084,-3.8042083,-2.9042084,-2.9042084,-3.9042084,-0.8042084,-0.90420836,-1.0042083,-0.10420837,-0.40420836,-0.7042084,-1.3042084,-2.2042084,-4.1042085,0.29579163,-0.7042084,0.29579163,-0.30420837,-1.7042084,-0.7042084,-1.2042084,0.4957916,0.6957916,-0.004208374
6.2957916,5.6957917,6.2957916,5.1957917,3.1957917,3.4957917,2.7957916,2.0957916,0.9957916,0.4957916,0.29579163,-0.004208374,-0.10420837,0.19579163,-0.004208374,-0.40420836,-0.8042084,-1.1042084,-1.3042084,-1.3042084,-1.3042084,-0.90420836,-1.4042084,-1.4042084,-1.5042083,-1.5042083,-1.8042084,-2.0042083,-2.6042085,-3.2042084,0.4957916,0.4957916,0.19579163,-1.3042084,-3.2042084,-4.2042084,-4.3042083,-3.5042083,-2.8042083,-3.2042084,-2.7042084,-1.2042084,-1.4042084,-0.004208374,0.7957916,0.09579162,-0.10420837,-1.3042084,-2.6042085,0.4957916,0.6957916,0.39579162,-0.7042084,-1.2042084,-1.2042084,-1.3042084,-1.2042084,-2.1042085,-0.40420836
