raw-data/2018091706.json
{"header": { "discipline":0, "disciplineName":"Meteorological products", "gribEdition":2, "gribLength":74208, "center":7, "centerName":"US National Weather Service - NCEP(WMC)", "subcenter":0, "refTime":"2018-09-17T06:00:00.000Z", "significanceOfRT":1, "significanceOfRTName":"Start of forecast", "productStatus":0, "productStatusName":"Operational products", "productType":1, "productTypeName":"Forecast products", "productDefinitionTemplate":0, "productDefinitionTemplateName":"Analysis/forecast at horizontal level/layer at a point in time", "parameterCategory":2, "parameterCategoryName":"Momentum", "parameterNumber":2, "parameterNumberName":"U-component_of_wind", "parameterUnit":"m.s-1", "genProcessType":2, "genProcessTypeName":"Forecast", "forecastTime":0, "surface1Type":103, "surface1TypeName":"Specified height level above ground", "surface1Value":10.0, "surface2Type":255, "surface2TypeName":"Missing", "surface2Value":0.0, "gridDefinitionTemplate":0, "gridDefinitionTemplateName":"Latitude_Longitude", "numberPoints":65160, "shape":6, "shapeName":"Earth spherical with radius of 6,371,229.0 m", "gridUnits":"degrees", "resolution":48, "winds":"true", "scanMode":0, "nx":360, "ny":181, "basicAngle":0, "lo1":0.0, "la1":90.0, "lo2":359.0, "la2":-90.0, "dx":1.0, "dy":1.0 }, "data":
[rows 81 to 107 of 181, columns 186 to 247 of 360]
-6.38302,-5.25302,-5.58302,-3.73302,-5.17302,-5.18302,-5.47302,-6.24302,-5.42302,-3.69302,-2.40302,-1.49302,-1.7330201,-1.45302,-1.49302,-1.64302,-1.49302,-0.75302005,-0.27302003,-0.44302002,-0.20302002,-0.50302005,-0.36302003,-0.02302002,0.04697998,1.3869799,2.5869799,3.04698,3.37698,3.85698,4.52698,3.92698,3.41698,3.86698,3.76698,3.74698,4.10698,3.15698,1.72698,0.53698,0.36698,1.41698,1.24698,0.71698,1.03698,2.00698,2.31698,2.41698,1.96698,2.0869799,3.59698,4.25698,3.77698,3.87698,4.27698,4.04698,3.0769799,1.47698,1.85698,1.6469799,1.97698,3.06698
-4.67302,-4.88302,-6.21302,-5.30302,-5.07302,-4.09302,-4.07302,-3.32302,-2.82302,-2.09302,-1.99302,-2.32302,-2.40302,-2.47302,-2.53302,-2.31302,-2.02302,-1.74302,-1.6030201,-1.44302,-1.18302,-1.15302,-0.99302,-0.64302003,-0.26302,0.29698,1.75698,1.37698,2.24698,2.37698,2.77698,2.98698,2.54698,2.72698,2.03698,1.72698,1.79698,1.0269799,0.70698,-0.17302002,0.016979981,0.35697997,-0.02302002,-0.63302004,0.13697998,-0.02302002,0.38697997,0.59698,0.44697997,0.46697998,1.11698,1.56698,1.59698,1.95698,1.8869799,1.59698,0.72698,0.82698,0.43697998,0.77698,1.19698,1.60698
-3.50302,-2.36302,-2.60302,-4.49302,-4.12302,-2.57302,-3.50302,-3.56302,-4.08302,-3.19302,-2.76302,-2.87302,-3.13302,-3.35302,-3.24302,-3.22302,-3.05302,-2.80302,-2.74302,-2.6630201,-2.79302,-2.53302,-1.91302,-1.42302,-0.84302,-0.34302002,0.77698,1.55698,1.06698,0.88698,0.96698,1.10698,1.16698,0.68698,-0.11302002,0.65698,0.55697995,0.10697998,-0.57302004,-1.12302,-1.31302,-1.51302,-1.71302,-1.90302,-1.92302,-1.40302,-1.28302,-0.95302004,-1.24302,-1.19302,-1.1130201,-0.34302002,-0.04302002,0.22697999,0.42698,-0.20302002,-0.54302,-0.73302,-0.52302,-0.44302002,0.17697997,1.09698
-4.16302,-2.27302,-3.75302,-3.63302,-3.93302,-3.87302,-4.62302,-4.70302,-4.52302,-4.01302,-3.64302,-3.71302,-3.69302,-3.77302,-4.17302,-4.00302,-3.87302,-3.55302,-3.46302,-3.56302,-3.24302,-3.28302,-3.28302,-2.44302,-1.57302,-0.81302,-0.31302002,0.03697998,-0.43302003,-0.89302003,-0.53302,-0.21302003,-0.45302,-0.29302,-0.39302003,-0.81302,-0.91302,-1.29302,-1.55302,-1.81302,-2.44302,-2.63302,-2.72302,-3.25302,-3.11302,-3.19302,-3.25302,-2.78302,-2.28302,-2.49302,-2.94302,-2.36302,-1.62302,-0.99302,-0.99302,-1.7330201,-1.89302,-2.08302,-1.80302,-1.40302,-0.74302,0.42698
-4.42302,-4.66302,-4.44302,-4.37302,-4.41302,-5.02302,-5.05302,-4.80302,-4.85302,-4.70302,-4.0430202,-3.89302,-4.59302,-4.36302,-4.25302,-4.77302,-4.72302,-4.55302,-4.52302,-4.26302,-4.18302,-4.15302,-3.90302,-3.1630201,-2.1730201,-1.62302,-1.55302,-1.88302,-1.83302,-2.20302,-1.79302,-1.55302,-1.68302,-1.45302,-1.49302,-1.57302,-1.82302,-2.40302,-2.54302,-2.97302,-3.44302,-3.32302,-3.59302,-3.83302,-3.99302,-4.27302,-4.19302,-4.17302,-4.10302,-4.07302,-3.99302,-3.4230201,-2.85302,-2.37302,-2.32302,-2.99302,-3.47302,-3.31302,-3.01302,-2.52302,-1.92302,-0.77302
-5.50302,-5.59302,-5.45302,-5.39302,-5.23302,-5.18302,-5.47302,-5.12302,-4.99302,-4.82302,-4.57302,-4.03302,-4.85302,-5.26302,-5.07302,-5.02302,-5.28302,-5.17302,-5.21302,-5.26302,-5.00302,-4.89302,-4.22302,-3.83302,-3.44302,-2.49302,-3.22302,-3.52302,-2.95302,-2.77302,-2.74302,-2.96302,-2.95302,-2.61302,-2.45302,-2.52302,-2.84302,-3.33302,-3.44302,-3.97302,-3.99302,-4.16302,-4.09302,-4.23302,-4.80302,-5.16302,-5.09302,-5.07302,-4.96302,-4.97302,-5.09302,-4.67302,-4.2930202,-4.00302,-3.73302,-4.07302,-4.47302,-4.5430202,-4.33302,-3.84302,-2.83302,-2.99302
-6.23302,-6.18302,-6.00302,-5.75302,-5.75302,-5.64302,-5.81302,-5.58302,-5.67302,-5.43302,-5.30302,-5.10302,-5.48302,-5.86302,-6.2930202,-6.18302,-5.52302,-5.50302,-5.59302,-5.71302,-5.56302,-5.7930202,-5.28302,-4.84302,-4.92302,-4.81302,-4.21302,-3.78302,-3.79302,-3.88302,-3.9130201,-3.93302,-3.85302,-3.63302,-3.43302,-3.51302,-3.69302,-4.23302,-4.31302,-4.76302,-4.78302,-4.71302,-4.57302,-4.89302,-5.35302,-5.70302,-5.64302,-5.80302,-5.76302,-5.59302,-5.7930202,-5.63302,-5.42302,-4.88302,-4.77302,-4.98302,-5.52302,-5.50302,-5.25302,-4.78302,-4.31302,-4.99302
-6.61302,-6.48302,-6.33302,-6.00302,-5.73302,-5.93302,-6.17302,-6.06302,-6.10302,-5.90302,-5.96302,-6.10302,-6.53302,-6.69302,-6.75302,-6.77302,-6.16302,-5.49302,-5.77302,-5.71302,-6.00302,-5.81302,-5.68302,-5.65302,-5.67302,-5.45302,-5.10302,-4.85302,-4.87302,-4.92302,-4.83302,-4.64302,-4.47302,-4.39302,-4.12302,-4.34302,-4.69302,-5.02302,-5.02302,-5.26302,-5.56302,-5.5430202,-5.2930202,-5.26302,-5.48302,-6.25302,-6.35302,-6.52302,-6.32302,-6.14302,-6.44302,-6.37302,-5.92302,-5.84302,-5.61302,-5.64302,-6.11302,-6.31302,-6.39302,-6.28302,-5.85302,-6.38302
-7.10302,-6.76302,-6.49302,-6.37302,-6.28302,-6.16302,-6.25302,-6.64302,-6.44302,-6.36302,-6.51302,-6.92302,-7.16302,-7.23302,-7.10302,-7.06302,-6.73302,-6.20302,-6.16302,-6.30302,-6.45302,-6.17302,-5.97302,-6.05302,-6.0430202,-5.94302,-5.75302,-5.74302,-5.58302,-5.86302,-5.66302,-5.25302,-4.78302,-5.0430202,-4.76302,-5.10302,-5.0430202,-5.49302,-5.31302,-5.23302,-5.87302,-5.77302,-5.41302,-5.49302,-5.7930202,-6.46302,-6.75302,-6.78302,-6.51302,-6.56302,-6.85302,-6.84302,-6.46302,-6.11302,-5.92302,-6.27302,-6.59302,-6.87302,-7.01302,-7.11302,-6.77302,-6.5430202
-7.34302,-7.03302,-6.65302,-6.61302,-6.51302,-6.63302,-6.41302,-6.64302,-6.99302,-6.58302,-6.72302,-7.23302,-7.39302,-7.50302,-7.49302,-7.28302,-7.11302,-6.93302,-6.60302,-6.63302,-6.91302,-6.69302,-6.36302,-6.32302,-6.2930202,-6.23302,-6.28302,-6.23302,-6.20302,-6.32302,-6.0430202,-5.40302,-5.13302,-4.90302,-5.17302,-4.87302,-5.41302,-5.2930202,-5.35302,-4.94302,-5.66302,-6.01302,-5.76302,-5.26302,-5.49302,-6.41302,-6.72302,-6.22302,-6.33302,-6.46302,-6.96302,-6.84302,-6.63302,-5.99302,-5.93302,-6.08302,-6.68302,-7.14302,-7.01302,-6.46302,-6.23302,-5.66302
-7.64302,-7.32302,-6.95302,-6.83302,-6.78302,-6.89302,-7.11302,-6.90302,-7.15302,-6.88302,-6.87302,-7.21302,-7.32302,-7.80302,-7.68302,-7.63302,-7.47302,-7.25302,-7.08302,-6.90302,-7.19302,-7.24302,-6.97302,-6.84302,-6.87302,-6.7930202,-6.69302,-6.83302,-6.86302,-6.92302,-6.69302,-6.03302,-5.43302,-5.24302,-5.47302,-5.58302,-5.42302,-5.57302,-5.65302,-5.63302,-5.33302,-6.38302,-6.17302,-5.85302,-4.71302,-5.13302,-6.00302,-6.11302,-6.19302,-6.21302,-6.73302,-7.17302,-7.03302,-6.93302,-6.32302,-6.18302,-6.69302,-7.12302,-7.37302,-6.95302,-6.67302,-6.02302
-7.81302,-7.62302,-7.27302,-7.09302,-7.10302,-7.30302,-7.50302,-7.51302,-7.23302,-6.98302,-6.86302,-7.49302,-8.17302,-7.82302,-7.51302,-7.56302,-7.73302,-7.37302,-7.38302,-7.31302,-7.34302,-7.39302,-7.28302,-7.22302,-7.26302,-7.12302,-6.95302,-6.83302,-6.81302,-6.97302,-7.01302,-7.00302,-6.69302,-5.90302,-5.36302,-5.78302,-5.85302,-5.87302,-6.20302,-6.45302,-6.32302,-6.26302,-6.59302,-6.60302,-5.81302,-5.36302,-5.76302,-5.98302,-6.14302,-6.40302,-6.87302,-7.77302,-7.95302,-7.90302,-7.32302,-7.32302,-7.68302,-7.72302,-7.83302,-7.75302,-7.44302,-6.88302
-7.98302,-7.7930202,-7.33302,-6.96302,-7.50302,-7.94302,-7.89302,-7.88302,-7.53302,-7.33302,-7.48302,-8.0530205,-7.99302,-7.5430202,-7.41302,-7.66302,-7.81302,-7.5430202,-7.53302,-7.58302,-7.58302,-7.53302,-7.44302,-7.41302,-7.33302,-7.24302,-7.15302,-7.00302,-6.83302,-6.99302,-6.98302,-7.08302,-7.36302,-7.06302,-6.16302,-5.83302,-5.39302,-6.31302,-6.43302,-6.66302,-7.12302,-6.82302,-6.66302,-6.68302,-6.63302,-6.01302,-5.90302,-6.03302,-6.10302,-6.65302,-7.55302,-8.00302,-8.69302,-8.57302,-8.36302,-8.34302,-8.40302,-8.46302,-8.35302,-7.94302,-7.97302,-7.78302
-7.92302,-7.72302,-7.62302,-7.68302,-7.61302,-8.02302,-8.41302,-8.41302,-8.20302,-8.16302,-8.17302,-8.16302,-8.02302,-7.87302,-7.67302,-7.77302,-7.68302,-7.73302,-7.80302,-6.91302,-7.88302,-7.81302,-7.53302,-7.42302,-7.37302,-7.51302,-7.24302,-6.90302,-6.81302,-7.11302,-7.09302,-7.24302,-7.33302,-7.41302,-6.76302,-6.24302,-6.20302,-6.50302,-6.39302,-6.48302,-7.23302,-7.16302,-6.96302,-6.81302,-6.66302,-6.47302,-6.63302,-6.51302,-6.65302,-6.90302,-7.75302,-8.60302,-9.08302,-9.00302,-8.82302,-8.88302,-8.70302,-8.61302,-8.50302,-8.07302,-8.33302,-7.99302
-7.99302,-7.75302,-7.72302,-7.63302,-7.87302,-8.02302,-8.34302,-8.63302,-8.53302,-8.43302,-8.48302,-8.41302,-8.17302,-7.94302,-7.63302,-7.83302,-7.76302,-7.52302,-7.72302,-8.04302,-7.80302,-7.64302,-7.58302,-7.44302,-7.64302,-8.28302,-7.95302,-7.46302,-7.00302,-7.28302,-7.18302,-7.20302,-7.42302,-7.60302,-7.24302,-6.66302,-6.63302,-6.53302,-6.60302,-6.25302,-6.24302,-7.01302,-6.81302,-6.76302,-7.12302,-6.80302,-6.80302,-6.86302,-6.93302,-7.48302,-7.88302,-8.64302,-9.01302,-9.07302,-9.21302,-9.06302,-8.8030205,-8.81302,-8.67302,-8.35302,-8.13302,-8.28302
-7.69302,-7.90302,-7.53302,-7.07302,-7.17302,-7.20302,-8.54302,-8.71302,-8.40302,-8.36302,-8.39302,-8.21302,-8.08302,-7.81302,-7.65302,-7.67302,-7.88302,-7.67302,-7.35302,-7.73302,-7.83302,-7.43302,-7.35302,-7.66302,-7.81302,-7.98302,-8.17302,-7.60302,-7.25302,-7.47302,-7.33302,-7.20302,-7.40302,-7.64302,-7.49302,-7.07302,-7.0430202,-6.86302,-6.73302,-6.14302,-5.99302,-5.96302,-6.94302,-7.0430202,-6.99302,-7.35302,-7.35302,-7.23302,-7.19302,-7.76302,-8.35302,-8.66302,-8.75302,-8.99302,-9.0530205,-8.88302,-9.01302,-9.12302,-8.74302,-8.65302,-8.47302,-8.11302
-7.2930202,-7.15302,-7.46302,-7.49302,-7.14302,-6.93302,-6.92302,-7.91302,-8.38302,-8.32302,-8.12302,-7.97302,-7.63302,-7.32302,-7.22302,-7.06302,-7.11302,-7.5430202,-7.62302,-7.7930202,-7.77302,-7.64302,-7.19302,-7.23302,-7.73302,-7.69302,-7.55302,-7.5430202,-7.28302,-7.31302,-7.25302,-7.06302,-7.22302,-7.64302,-7.46302,-7.22302,-7.17302,-7.06302,-6.66302,-6.11302,-6.09302,-6.02302,-6.67302,-7.45302,-7.30302,-7.45302,-7.40302,-7.15302,-7.40302,-8.10302,-8.71302,-8.8030205,-8.53302,-8.45302,-8.44302,-8.68302,-9.12302,-9.21302,-8.97302,-8.89302,-8.64302,-8.31302
-7.95302,-7.74302,-7.73302,-7.35302,-7.82302,-7.90302,-7.78302,-6.89302,-7.31302,-7.77302,-7.96302,-7.63302,-7.11302,-6.98302,-7.27302,-6.76302,-6.52302,-6.71302,-7.05302,-6.98302,-7.26302,-7.33302,-7.11302,-7.05302,-7.40302,-7.39302,-7.53302,-7.31302,-7.23302,-7.23302,-7.15302,-6.96302,-7.08302,-7.31302,-7.47302,-7.25302,-7.11302,-6.84302,-6.81302,-6.65302,-6.36302,-6.76302,-7.60302,-7.44302,-7.84302,-7.67302,-7.55302,-7.59302,-7.85302,-8.50302,-8.84302,-8.74302,-8.36302,-8.07302,-8.28302,-8.57302,-8.84302,-8.90302,-8.98302,-8.95302,-8.69302,-8.44302
-8.69302,-8.46302,-8.83302,-8.84302,-8.64302,-8.69302,-8.54302,-7.7930202,-7.17302,-7.30302,-7.06302,-7.24302,-7.37302,-7.89302,-7.50302,-7.76302,-7.20302,-7.22302,-7.15302,-7.38302,-7.43302,-7.16302,-7.21302,-7.14302,-7.27302,-7.71302,-7.57302,-7.36302,-7.21302,-7.02302,-6.92302,-6.72302,-6.92302,-7.08302,-7.47302,-7.42302,-6.99302,-7.01302,-7.27302,-6.94302,-6.66302,-7.74302,-7.94302,-7.87302,-7.82302,-7.97302,-7.75302,-7.84302,-8.42302,-8.90302,-8.98302,-8.91302,-8.44302,-8.23302,-8.09302,-8.57302,-8.73302,-8.88302,-8.78302,-8.85302,-8.68302,-8.54302
-8.49302,-9.08302,-9.15302,-9.04302,-8.77302,-8.35302,-8.34302,-8.52302,-8.40302,-7.81302,-8.00302,-8.47302,-8.59302,-8.11302,-8.64302,-9.33302,-8.88302,-9.45302,-9.12302,-8.89302,-7.77302,-7.28302,-7.65302,-7.30302,-7.44302,-7.61302,-7.48302,-7.46302,-7.19302,-6.91302,-6.74302,-6.70302,-6.83302,-6.92302,-7.43302,-7.64302,-6.7930202,-7.21302,-7.23302,-6.68302,-7.57302,-7.89302,-8.18302,-8.29302,-8.13302,-7.93302,-7.92302,-8.14302,-8.57302,-8.93302,-9.0530205,-8.87302,-8.37302,-8.08302,-8.39302,-8.92302,-8.68302,-8.51302,-8.66302,-8.65302,-8.52302,-8.62302
-8.65302,-9.51302,-9.11302,-9.44302,-8.74302,-8.64302,-8.57302,-8.93302,-9.32302,-9.29302,-8.61302,-9.26302,-9.02302,-8.5530205,-9.0530205,-9.13302,-9.07302,-9.33302,-9.31302,-9.12302,-8.84302,-8.60302,-7.98302,-7.57302,-7.59302,-7.66302,-7.49302,-7.17302,-6.74302,-6.44302,-6.18302,-6.33302,-6.70302,-6.48302,-6.75302,-7.15302,-6.56302,-6.97302,-7.43302,-7.97302,-7.93302,-7.66302,-8.01302,-8.32302,-8.23302,-7.88302,-7.88302,-8.35302,-8.66302,-8.79302,-8.85302,-8.68302,-8.28302,-8.46302,-8.70302,-8.65302,-8.28302,-8.34302,-8.51302,-8.75302,-8.86302,-8.74302
-9.22302,-9.44302,-9.47302,-8.88302,-8.42302,-8.62302,-8.77302,-9.25302,-9.44302,-9.19302,-9.35302,-9.25302,-9.02302,-8.86302,-8.69302,-8.88302,-8.78302,-8.59302,-8.48302,-8.47302,-8.20302,-7.90302,-7.31302,-7.23302,-7.48302,-7.69302,-7.21302,-6.78302,-6.15302,-5.99302,-5.96302,-5.83302,-5.80302,-6.2930202,-6.97302,-6.61302,-6.34302,-6.92302,-7.53302,-7.94302,-7.47302,-7.63302,-7.92302,-8.19302,-8.07302,-8.03302,-7.92302,-8.08302,-8.35302,-8.57302,-8.67302,-8.41302,-8.33302,-8.90302,-9.10302,-8.58302,-8.3030205,-8.44302,-8.65302,-9.01302,-8.98302,-9.02302
-8.89302,-9.52302,-8.68302,-8.33302,-8.46302,-9.16302,-9.35302,-9.54302,-9.37302,-9.57302,-9.68302,-9.42302,-9.44302,-9.3030205,-8.82302,-8.38302,-8.42302,-8.22302,-8.3030205,-8.06302,-7.87302,-7.5430202,-6.99302,-6.43302,-6.51302,-6.67302,-6.91302,-6.34302,-5.57302,-5.39302,-5.58302,-5.67302,-5.45302,-5.81302,-6.27302,-6.08302,-6.00302,-6.36302,-6.77302,-7.02302,-7.0430202,-7.55302,-7.73302,-7.68302,-7.88302,-7.72302,-7.82302,-8.13302,-8.3030205,-8.41302,-8.31302,-8.14302,-8.5530205,-9.25302,-8.99302,-8.57302,-8.64302,-8.88302,-9.00302,-9.22302,-9.42302,-9.34302
-8.69302,-8.86302,-7.83302,-8.08302,-8.5530205,-8.95302,-9.26302,-9.08302,-9.18302,-9.47302,-9.72302,-9.83302,-9.70302,-9.37302,-8.98302,-8.95302,-8.65302,-8.01302,-7.97302,-7.31302,-7.34302,-7.02302,-6.98302,-6.57302,-5.89302,-5.76302,-6.14302,-5.76302,-5.44302,-5.30302,-5.19302,-5.14302,-5.05302,-5.51302,-5.66302,-5.84302,-5.27302,-5.99302,-6.52302,-6.39302,-6.62302,-7.08302,-7.17302,-7.31302,-7.2930202,-7.27302,-7.24302,-7.59302,-8.06302,-8.29302,-8.50302,-8.36302,-9.17302,-8.64302,-8.82302,-8.91302,-9.10302,-8.87302,-9.13302,-9.28302,-9.59302,-9.72302
-9.35302,-9.17302,-8.63302,-8.33302,-8.57302,-9.16302,-9.53302,-9.74302,-9.68302,-9.65302,-9.72302,-9.79302,-9.65302,-9.5530205,-9.35302,-9.01302,-8.71302,-8.25302,-7.74302,-6.92302,-6.75302,-6.88302,-6.52302,-6.22302,-5.60302,-5.21302,-4.63302,-4.96302,-6.03302,-4.87302,-5.2930202,-4.69302,-4.24302,-6.06302,-5.0430202,-5.64302,-6.42302,-6.78302,-6.16302,-6.23302,-6.46302,-6.57302,-6.71302,-6.46302,-6.33302,-6.09302,-6.26302,-7.15302,-7.59302,-8.00302,-8.07302,-8.32302,-9.3030205,-9.20302,-9.33302,-9.51302,-9.5530205,-8.78302,-9.07302,-9.47302,-9.8030205,-9.87302
-10.15302,-9.94302,-9.50302,-9.42302,-9.34302,-9.57302,-9.70302,-9.85302,-9.97302,-10.17302,-10.23302,-10.28302,-10.03302,-10.22302,-10.36302,-10.25302,-9.84302,-9.24302,-8.53302,-7.19302,-6.83302,-6.03302,-5.26302,-5.58302,-5.47302,-4.76302,-4.51302,-4.80302,-5.0430202,-4.67302,-5.07302,-4.70302,-4.52302,-5.19302,-4.67302,-4.39302,-5.30302,-5.95302,-5.28302,-5.22302,-5.5430202,-5.50302,-5.73302,-6.22302,-6.14302,-5.67302,-5.64302,-6.62302,-7.08302,-7.90302,-7.62302,-8.70302,-9.47302,-9.52302,-9.41302,-9.06302,-8.70302,-9.40302,-10.09302,-10.23302,-9.93302,-9.66302
-10.51302,-10.51302,-10.15302,-10.35302,-9.84302,-9.57302,-9.52302,-9.71302,-9.5530205,-9.82302,-9.99302,-10.14302,-9.91302,-9.91302,-10.10302,-10.01302,-10.00302,-10.07302,-10.06302,-9.76302,-8.51302,-7.16302,-5.93302,-4.88302,-5.36302,-4.68302,-4.41302,-4.32302,-4.15302,-4.06302,-4.91302,-4.34302,-4.26302,-4.49302,-4.27302,-4.33302,-4.31302,-4.78302,-4.00302,-3.94302,-4.13302,-4.12302,-4.67302,-5.2930202,-5.35302,-5.7930202,-5.07302,-7.01302,-7.38302,-7.32302,-7.50302,-8.77302,-9.21302,-9.33302,-8.85302,-8.79302,-8.33302,-9.10302,-9.60302,-9.94302,-9.65302,-9.21302
