raw-data/2018100806.json
{"header": { "discipline":0, "disciplineName":"Meteorological products", "gribEdition":2, "gribLength":74936, "center":7, "centerName":"US National Weather Service - NCEP(WMC)", "subcenter":0, "refTime":"2018-10-08T06:00:00.000Z", "significanceOfRT":1, "significanceOfRTName":"Start of forecast", "productStatus":0, "productStatusName":"Operational products", "productType":1, "productTypeName":"Forecast products", "productDefinitionTemplate":0, "productDefinitionTemplateName":"Analysis/forecast at horizontal level/layer at a point in time", "parameterCategory":2, "parameterCategoryName":"Momentum", "parameterNumber":2, "parameterNumberName":"U-component_of_wind", "parameterUnit":"m.s-1", "genProcessType":2, "genProcessTypeName":"Forecast", "forecastTime":0, "surface1Type":103, "surface1TypeName":"Specified height level above ground", "surface1Value":10.0, "surface2Type":255, "surface2TypeName":"Missing", "surface2Value":0.0, "gridDefinitionTemplate":0, "gridDefinitionTemplateName":"Latitude_Longitude", "numberPoints":65160, "shape":6, "shapeName":"Earth spherical with radius of 6,371,229.0 m", "gridUnits":"degrees", "resolution":48, "winds":"true", "scanMode":0, "nx":360, "ny":181, "basicAngle":0, "lo1":0.0, "la1":90.0, "lo2":359.0, "la2":-90.0, "dx":1.0, "dy":1.0 }, "data":
[rows 100 to 124 of 181, columns 114 to 170 of 360]
-3.5438476,-2.9438477,-3.0638475,-2.7338476,-1.9038477,-0.043847658,-0.57384765,-1.7638477,-0.31384766,3.4261522,-7.243848,-2.9338477,-1.4138477,-1.1538477,-2.5438476,-2.7138476,-2.3838477,-2.8838477,-4.2538476,-5.4338474,-6.0938478,-6.493848,-6.8438478,-6.9138474,-6.803848,-6.9138474,-7.2738476,-7.7938476,-8.193848,-6.9338474,-6.0638475,-6.2738476,-7.1538477,-8.083848,-3.2938476,-0.50384766,-4.7738476,-1.4338477,-2.0338476,-2.1138477,-1.8538476,-1.9438477,-4.4038477,-4.5238476,-4.9638476,-5.783848,-4.9638476,-4.2138476,-5.013848,-4.453848,-4.0838475,-4.6338477,-5.3538475,-5.993848,-4.6138477,-5.243848,-4.8338475
-3.1338477,-2.6338477,-2.6338477,-2.3038476,-1.6738477,-1.1138476,-0.053847656,0.086152345,-0.48384765,-1.8938477,-2.1638477,-0.76384765,0.28615233,0.26615235,-0.82384765,-1.9638476,-2.2638476,-1.9438477,-3.7538476,-5.2338476,-5.473848,-5.573848,-5.573848,-5.7138476,-5.723848,-5.9238477,-5.3538475,-5.1938477,-8.783848,-6.8438478,-6.4138474,-6.453848,-6.9038477,-7.2538476,-6.783848,-5.3638477,-4.9138474,-3.4638476,-3.4738476,-2.2538476,-2.3938477,-2.3438478,-3.8738477,-4.473848,-5.823848,-6.1838474,-5.823848,-5.9338474,-4.5938478,-4.7738476,-4.973848,-4.703848,-5.053848,-5.493848,-5.7738476,-5.243848,-4.703848
-2.6438477,-2.1138477,-1.9638476,-1.9638476,-1.5938476,-1.3838477,-0.94384766,-0.49384767,-0.5438477,-1.3638476,-0.89384764,0.34615234,1.2361523,1.3161523,0.9461523,0.35615236,1.8561523,-5.1838474,4.276152,-4.283848,-3.7038476,-4.9138474,-3.9038477,-4.0938478,-4.7338476,-4.8438478,-3.5138476,1.5761523,-3.3438478,-5.2338476,-6.5638475,-6.303848,-6.5038476,-6.493848,-6.1538477,-5.473848,-4.6938477,-4.203848,-4.4238477,-3.6338477,-2.4538476,-2.8938477,-4.0438476,-5.5938478,-5.3138475,-5.9638476,-5.723848,-5.4238477,-4.6138477,-4.473848,-4.9038477,-4.803848,-5.243848,-5.243848,-6.0238476,-5.8638477,-4.8938475
-1.9938476,-1.3938477,-1.3238477,-1.1038476,-1.0538477,-1.3538476,-1.2638477,-0.7938477,-0.37384766,-0.29384765,-0.28384766,0.56615233,1.5961523,1.7661524,1.7761524,1.8661523,4.2461524,-4.1138477,-3.4338477,-6.0438476,-4.6138477,-4.5938478,-4.5838475,-4.1638474,-3.2938476,-3.7538476,-2.3438478,4.3161526,-2.2838476,-5.6838474,-5.803848,-6.223848,-5.9638476,-5.8538475,-5.7338476,-5.3838477,-4.9338474,-4.493848,-5.1138477,-4.5638475,-3.4238477,-3.8138475,-4.5938478,-6.4338474,-6.973848,-6.8538475,-6.0938478,-5.6538477,-4.8338475,-4.0438476,-4.9438477,-4.723848,-4.2938476,-6.013848,-6.0938478,-6.3138475,-5.8338475
-1.1038476,-0.5538477,-0.38384765,-0.29384765,-0.28384766,-0.95384765,-1.1938477,-0.8538477,-0.07384766,1.1061523,1.4161524,1.8261523,2.4861524,1.8361523,1.1461524,2.3961523,2.6561522,-2.6038477,-3.6038477,-5.6838474,-4.6138477,-5.4838476,-3.3638477,-4.263848,-1.3138477,-1.4638476,-1.3138477,4.3961525,-1.2638477,-5.8738475,-5.8338475,-5.803848,-5.763848,-5.303848,-5.223848,-5.1838474,-5.1138477,-5.073848,-5.573848,-5.1538477,-4.7538476,-4.5838475,-5.4638476,-6.6538477,-7.0038476,-6.6538477,-6.823848,-6.4238477,-5.8138475,-4.9038477,-4.4638476,-5.0438476,-6.2138476,-4.9038477,-5.9238477,-6.0238476,-6.3138475
-0.6638477,0.20615235,0.44615233,0.60615236,0.5161523,-0.30384767,-0.56384766,-0.5538477,0.5261524,1.8661523,3.2661524,5.966152,1.1961523,-0.7238476,-3.9538476,1.2761524,7.0361524,-3.0438476,-3.1538477,-4.263848,-4.6838474,-6.7738476,-2.3338478,-3.2938476,-1.0538477,-0.27384767,0.046152342,3.7061524,0.60615236,-3.1838477,-2.7738476,-3.6238477,-5.3538475,-4.6838474,-4.8438478,-4.973848,-5.2738476,-5.6238475,-5.9038477,-5.6138477,-5.0038476,-5.3638477,-6.1238475,-6.823848,-6.3738475,-5.9138474,-5.8538475,-5.783848,-5.9338474,-5.953848,-5.3538475,-4.1538477,-1.2838477,-2.6438477,-7.013848,-6.3138475,-6.743848
-0.43384767,0.75615233,1.2761524,1.4261523,1.1961523,0.10615234,0.40615234,0.60615236,2.4961524,2.2361524,5.3061523,0.09615234,1.5161524,-0.76384765,-1.9738476,-1.4138477,-0.8638477,-1.8038477,-2.7438476,-3.1538477,-3.4538476,-3.4638476,-3.5738478,-1.2538476,-0.093847655,0.49615234,0.59615237,3.2061524,-0.26384765,-0.123847656,-3.1938477,-4.263848,-3.4538476,-4.073848,-4.3738475,-4.703848,-5.2538476,-5.703848,-6.1738477,-6.1138477,-5.6738477,-5.4438477,-5.743848,-5.9238477,-5.6938477,-5.4638476,-5.3438478,-5.2338476,-4.7138476,-5.0438476,-5.763848,-6.493848,-6.1538477,-4.323848,-6.263848,-6.1038475,-7.073848
-0.36384764,0.97615236,1.9661523,2.3361523,1.7661524,0.35615236,1.0661523,1.9561523,5.2661524,-3.0738478,1.0161524,-2.2138476,2.2161524,0.016152345,-0.27384767,0.5161523,-1.2538476,-1.5638477,-1.2238476,-2.6938477,-3.5838478,-3.9838476,-3.7238476,-4.8738475,-1.8038477,1.1661524,-1.0738477,4.006152,-1.3738476,0.25615233,2.4561524,-4.5838475,-2.7738476,-3.5038476,-3.6938477,-4.4338474,-4.9838476,-5.303848,-5.7338476,-5.9238477,-5.703848,-5.5938478,-5.493848,-5.453848,-5.2738476,-5.2338476,-4.823848,-4.4038477,-4.013848,-4.453848,-4.9438477,-6.1738477,-6.6938477,-6.8138475,-7.3738475,-7.1938477,-7.3138475
-0.21384765,0.97615236,2.1761522,2.9961524,2.1261523,0.50615233,0.9461523,3.1361523,5.3561525,0.86615235,-3.7438476,-0.08384766,-1.6738477,2.3061523,1.1561524,0.9561523,-0.033847656,-0.9838477,0.116152346,-2.2138476,-2.4638476,-2.8538477,-3.6038477,-5.1138477,-4.4638476,-3.4938476,-0.13384765,4.486152,0.32615235,0.5861523,3.5161524,-2.8938477,-2.6338477,-3.3638477,-3.2438476,-4.0038476,-4.7338476,-5.0038476,-5.1938477,-5.2338476,-5.1738477,-4.9438477,-4.9238477,-4.8338475,-4.6338477,-4.493848,-4.4338474,-3.8538477,-3.2338476,-4.1538477,-4.803848,-5.3838477,-6.263848,-5.9238477,-6.1038475,-6.823848,-6.6638474
0.026152344,1.1061523,2.1061523,2.9461524,2.3961523,1.4561523,2.1061523,3.5661523,1.7861524,0.90615237,-3.6838477,6.196152,-2.1438477,3.3061523,2.1161523,2.3561523,1.5461524,-0.21384765,0.7761524,-0.10384765,-2.3338478,-1.9438477,-2.1238477,-3.8838477,-4.033848,-4.533848,-1.9538476,0.81615233,1.0961523,1.7561524,0.98615235,-0.9838477,-4.3638477,-2.6538477,-2.8238478,-3.7638476,-4.6138477,-4.8938475,-4.8938475,-4.8738475,-4.5938478,-4.1338477,-3.8738477,-3.7738476,-3.7238476,-3.5838478,-3.7738476,-3.4638476,-3.1238477,-3.8638477,-4.9138474,-5.513848,-5.6438475,-5.5938478,-5.1738477,-5.303848,-5.7738476
0.56615233,1.8561523,3.3561523,3.1261523,4.9961524,6.736152,5.1161523,3.7661524,2.0161524,0.62615234,-0.15384765,0.19615234,1.0761523,1.6461524,3.0561523,1.8761524,-2.4738476,5.506152,2.0761523,1.9661523,-0.52384764,-1.0938476,-1.6338477,-2.6238477,-3.2138476,-4.1238475,-3.2838476,-1.3038477,0.50615233,1.3361523,2.3061523,-2.8938477,-3.4238477,-3.4638476,-2.3038476,-3.4138477,-4.1338477,-4.3538475,-4.5038476,-4.5038476,-4.323848,-3.6438477,-2.9838476,-2.8138475,-2.6138477,-2.9738476,-2.9838476,-3.0838478,-2.7738476,-1.7238476,-1.6738477,-5.323848,-4.8738475,-5.493848,-5.1338477,-5.4238477,-5.3938475
2.3361523,4.5161524,7.446152,4.676152,4.6461525,4.6861525,5.8761525,5.6061525,3.6861525,2.4361525,1.5261524,0.7761524,0.8261523,-0.84384763,0.026152344,0.5761523,0.06615234,6.8761525,4.6661525,4.1461525,2.7961524,0.27615234,-0.39384764,-1.9338477,-2.3638477,-3.7538476,-3.4138477,-2.0138476,-0.49384767,1.2261523,1.9761523,1.0961523,-1.2438476,-1.2638477,-2.6338477,-2.8038476,-3.2438476,-3.7838476,-3.8638477,-3.8638477,-3.6338477,-3.1138477,-2.4638476,-1.9938476,-2.2638476,-2.4738476,-2.7838476,-2.8338478,-2.7338476,-2.2938476,-1.8738476,-0.8538477,-5.473848,-4.0438476,-5.1938477,-4.1638474,-4.8638477
5.0961523,4.2261524,3.2361524,5.6161523,5.946152,4.3261523,5.526152,5.9161525,6.446152,3.8461523,3.5261524,3.5061524,1.4161524,-0.13384765,0.8861523,-1.8438476,3.3161523,4.0361524,5.1561522,5.1361523,5.0661526,2.5061524,0.27615234,-1.4638476,-2.2838476,-3.0838478,-3.4338477,-1.6438477,0.19615234,1.4561523,1.0161524,-0.023847656,-1.4238477,-0.16384766,-1.8738476,-3.1238477,-2.7538476,-2.3638477,-2.4738476,-2.9138477,-2.7738476,-2.3538477,-1.7138476,-1.4238477,-1.8938477,-2.4638476,-2.7438476,-3.4638476,-3.6238477,-3.7838476,-4.1738477,-4.973848,-3.6938477,-4.0238476,-4.3538475,-4.0938478,-3.9538476
6.1461525,2.7061524,2.7961524,2.9361525,4.4961524,5.466152,3.9461524,4.5861526,5.6461525,5.176152,6.0561523,5.546152,3.9161522,4.1861525,1.2061523,0.60615236,2.1661522,1.8161523,5.216152,5.6561522,7.9561524,2.5161524,-0.123847656,0.38615236,-1.9738476,-2.5838478,-2.6638477,-2.2138476,0.45615235,1.5061524,0.85615236,-2.4938476,0.93615234,0.23615235,0.29615235,-3.6138477,-0.35384765,-3.6138477,-1.2038476,-1.8938477,-1.9938476,-1.3538476,-1.2338476,-1.0138477,-1.7238476,-2.9038477,-3.6538477,-4.0438476,-4.2538476,-4.493848,-5.013848,-4.973848,-5.1638474,-4.7538476,-5.0038476,-5.3138475,-5.0238476
1.2761524,1.7961524,2.6961524,3.7161524,2.4261522,2.6761522,4.1061525,3.5261524,4.2861524,4.446152,5.8561525,6.7261524,6.2461524,5.6461525,5.796152,5.296152,3.7861524,1.9661523,4.216152,1.7861524,-0.81384766,1.7061523,-0.8538477,-1.5338477,0.056152344,-1.6938477,-1.4638476,-1.4338477,-0.56384766,0.86615235,1.0561523,-1.4638476,1.4961524,2.9061522,0.21615234,0.61615235,-1.7838477,-1.5338477,-1.0938476,-1.6438477,-1.6138476,-1.2638477,-0.36384764,-0.46384767,-2.2538476,-3.1738477,-3.7638476,-3.9638476,-4.033848,-4.2738476,-4.5038476,-4.4138474,-4.1338477,-3.8338478,-3.6938477,-3.7538476,-3.3438478
4.1061525,1.4461523,2.2061524,1.5161524,2.1061523,1.8561523,0.68615234,0.41615236,1.1761523,2.4361525,3.4061522,5.3061523,6.046152,7.716152,7.9361525,7.8661523,4.736152,6.216152,4.0761523,-1.7438476,0.7061523,-2.0338476,-2.3238478,-4.473848,-2.7438476,0.32615235,3.7561524,0.06615234,-0.5538477,0.5761523,1.2961524,1.1061523,1.0961523,2.3261523,0.6461523,-0.22384766,1.9561523,-0.44384766,-0.78384763,-0.59384763,-2.1338477,-0.84384763,-0.34384766,-0.23384766,-2.4838476,-3.6038477,-4.033848,-4.723848,-4.9638476,-5.1938477,-4.8438478,-4.513848,-3.7538476,-3.6938477,-4.283848,-4.6538477,-3.5938478
7.236152,0.9561523,0.99615234,-0.31384766,-0.46384767,-1.1138476,-2.2038476,-2.4538476,-2.0038476,-1.2238476,-0.6038477,0.97615236,1.8661523,4.0961523,6.8161526,9.486153,7.1661525,6.5361524,7.6161523,5.9361525,3.1061523,4.526152,2.1161523,-0.36384764,-2.1538477,1.9461523,3.8861523,1.7861524,0.43615234,0.22615235,0.27615234,0.84615237,0.6461523,0.72615236,2.8161523,-0.093847655,0.006152344,1.6761523,-1.4338477,-2.4638476,-2.7438476,-1.4038477,-0.94384766,-1.2938477,-2.3638477,-4.0238476,-5.0838475,-5.6938477,-5.9638476,-5.803848,-6.2538476,-6.2938476,-6.1838474,-6.3338475,-6.0638475,-5.9838476,-4.8638477
4.3461523,-0.57384765,-2.3738477,-2.7338476,-3.0138476,-3.9138477,-3.6938477,-3.9738476,-4.053848,-3.7138476,-4.453848,-3.2438476,-3.6138477,-3.5538476,-2.5538476,0.7061523,0.85615236,2.3861523,4.6061525,4.196152,4.176152,2.9761524,0.026152344,-0.45384765,-0.6038477,1.6861523,3.8861523,2.0061524,1.2161523,0.16615234,-0.123847656,-0.65384763,0.40615234,-0.16384766,-0.94384766,0.40615234,2.3461523,2.4961524,-1.2638477,-2.1838477,-3.1238477,-2.1838477,-2.4438477,-2.6038477,-3.5138476,-5.1038475,-5.3938475,-5.9238477,-5.9638476,-6.2538476,-6.6538477,-6.953848,-6.703848,-6.7138476,-6.8138475,-5.8438478,-5.3538475
2.5161524,0.32615235,-2.7738476,-3.5038476,-4.053848,-4.6638474,-4.5038476,-4.513848,-4.5638475,-4.4238477,-4.203848,-4.4338474,-4.7138476,-4.6838474,-4.8638477,-4.7138476,-3.3538477,-2.1338477,-2.0438476,0.15615234,1.0561523,2.4361525,2.3561523,1.5161524,1.5661523,4.1361523,2.6261523,1.6061523,0.016152345,-0.29384765,-0.87384766,-2.0038476,-1.7638477,-0.83384764,1.0561523,1.3661523,1.9761523,2.4561524,-0.08384766,-2.7638476,-3.7338476,-2.8238478,-4.1038475,-4.7938476,-3.8738477,-5.513848,-6.0438476,-5.953848,-5.9238477,-6.3738475,-6.6738477,-6.473848,-6.323848,-6.2538476,-5.993848,-5.7938476,-5.5838475
1.6461524,3.3561523,-0.83384764,-3.4838476,-4.303848,-4.5238476,-4.203848,-4.303848,-3.6438477,-3.9538476,-2.7638476,-2.8038476,-2.4638476,-2.6438477,-3.1638477,-3.4038477,-2.8738477,-0.90384763,-0.44384766,0.026152344,-0.62384766,0.54615235,-0.38384765,2.4961524,2.9061522,4.7061524,2.9461524,1.9061524,-1.0538477,0.55615234,-0.35384765,-1.3438476,-0.83384764,0.5261524,1.0161524,2.2361524,3.6261523,1.9361523,0.38615236,-3.2738476,-3.6638477,-3.7638476,-5.013848,-5.513848,-3.4138477,-5.993848,-6.1338477,-6.283848,-6.0238476,-5.823848,-6.0238476,-5.9638476,-5.7538476,-5.6438475,-5.9838476,-5.6138477,-5.4038477
2.0861523,4.3561525,-1.1838477,-3.4938476,-3.1138477,-3.9338477,-4.723848,-5.1438475,-4.453848,-4.0938478,-3.3338478,-2.3338478,-1.8038477,-2.0838478,-1.5938476,-1.7438476,-1.3038477,-0.56384766,0.25615233,0.84615237,2.1861525,2.6761522,1.7561524,1.2761524,4.046152,3.6461523,0.026152344,3.8461523,0.40615234,1.1361524,-0.48384765,-0.19384766,1.2161523,-0.33384764,-0.17384766,2.3961523,1.8161523,0.92615235,0.8861523,-2.3538477,-4.8638477,-3.5038476,-4.1038475,-4.1638474,-3.2338476,-5.7738476,-6.2738476,-6.053848,-5.8438478,-5.993848,-6.3538475,-6.223848,-5.993848,-6.223848,-6.4238477,-5.7538476,-4.9138474
-0.83384764,1.2161523,-2.1238477,-2.9538476,-2.9638476,-3.1138477,-3.4938476,-3.1638477,-3.2838476,-3.5138476,-2.3838477,-2.0338476,-2.8338478,-3.4738476,-2.4338477,-2.0638475,-1.0238477,-0.41384766,1.4661523,2.1361523,2.4861524,2.4261522,1.2961524,1.3961524,1.4061524,2.0561523,-2.3838477,10.096152,2.1661522,1.1961523,0.32615235,2.1661522,1.7261523,-1.0838476,0.5161523,2.5861523,-1.5838476,0.8261523,-0.8638477,-3.8738477,-4.453848,-2.2938476,-2.3038476,-3.6638477,-3.1438477,-5.9038477,-6.513848,-6.203848,-6.1538477,-6.1638474,-6.3138475,-6.4638476,-6.743848,-6.4138474,-5.9038477,-5.5238476,-5.2738476
-4.2738476,-2.3438478,-1.5838476,-2.6738477,-2.4638476,-2.0738478,-2.6138477,-2.6738477,-2.1838477,-2.6838477,-3.4338477,-4.5438476,-3.8238478,-3.5038476,-2.6938477,-1.3538476,-0.7338477,-0.06384765,0.54615235,1.6061523,2.9961524,3.6861525,2.1661522,3.0161524,3.8761523,3.5061524,6.506152,10.136152,2.6761522,0.20615235,0.61615235,0.28615233,0.22615235,1.0161524,1.3561523,1.0261524,-0.053847656,0.9461523,-2.0638475,-3.9138477,-2.8838477,-2.0638475,-1.6938477,-4.1138477,-4.1138477,-6.1238475,-6.8138475,-6.2338476,-6.5238476,-6.3438478,-6.4138474,-6.6738477,-6.8938475,-6.493848,-5.743848,-5.703848,-4.9138474
-6.1338477,-3.2038476,-2.2138476,-3.8538477,-3.2738476,-2.5438476,-2.1338477,-0.63384765,1.0361524,-1.2238476,-4.8738475,-5.553848,-4.3438478,-3.2838476,-2.3238478,-1.3138477,-0.9138477,-0.48384765,-0.13384765,0.65615237,1.6361524,2.9561524,3.1161523,6.2461524,1.7461524,2.3861523,6.5361524,10.566153,0.61615235,0.60615236,-1.7938477,-0.77384764,-0.41384766,0.80615234,0.17615235,-0.95384765,0.53615236,-1.6038476,3.9461524,5.486152,-0.39384764,-2.1838477,-2.1738477,-4.7338476,-6.9138474,-7.0838475,-5.9038477,-6.203848,-6.323848,-6.2938476,-6.723848,-6.953848,-6.6638474,-6.2938476,-6.1838474,-5.953848,-5.5938478
-4.053848,-0.6138477,-1.5738477,-2.1038477,-2.3238478,-2.3038476,-2.5238476,-1.0838476,0.09615234,-1.6138476,-5.6338477,-5.073848,-3.7038476,-3.2638476,-1.7538476,-1.7938477,-2.5438476,-2.6238477,-2.8538477,-2.5938478,-1.6238476,0.84615237,3.4061522,2.2561524,3.1661522,3.6661522,7.0961523,9.826153,1.8461523,-1.0738477,-0.8538477,-1.0538477,-0.32384765,0.45615235,-0.42384765,-1.7238476,-1.9938476,0.10615234,4.9361525,0.75615233,-1.3338476,-2.2038476,-3.6438477,-7.5938478,-7.6538477,-6.3338475,-6.7138476,-6.0638475,-6.2138476,-6.8538475,-7.0938478,-6.513848,-6.3538475,-6.0238476,-5.283848,-4.8438478,-3.9738476
