raw-data/2018100912.json
{"header": { "discipline":0, "disciplineName":"Meteorological products", "gribEdition":2, "gribLength":74852, "center":7, "centerName":"US National Weather Service - NCEP(WMC)", "subcenter":0, "refTime":"2018-10-09T12:00:00.000Z", "significanceOfRT":1, "significanceOfRTName":"Start of forecast", "productStatus":0, "productStatusName":"Operational products", "productType":1, "productTypeName":"Forecast products", "productDefinitionTemplate":0, "productDefinitionTemplateName":"Analysis/forecast at horizontal level/layer at a point in time", "parameterCategory":2, "parameterCategoryName":"Momentum", "parameterNumber":2, "parameterNumberName":"U-component_of_wind", "parameterUnit":"m.s-1", "genProcessType":2, "genProcessTypeName":"Forecast", "forecastTime":0, "surface1Type":103, "surface1TypeName":"Specified height level above ground", "surface1Value":10.0, "surface2Type":255, "surface2TypeName":"Missing", "surface2Value":0.0, "gridDefinitionTemplate":0, "gridDefinitionTemplateName":"Latitude_Longitude", "numberPoints":65160, "shape":6, "shapeName":"Earth spherical with radius of 6,371,229.0 m", "gridUnits":"degrees", "resolution":48, "winds":"true", "scanMode":0, "nx":360, "ny":181, "basicAngle":0, "lo1":0.0, "la1":90.0, "lo2":359.0, "la2":-90.0, "dx":1.0, "dy":1.0 }, "data":
[rows 26 to 51 of 181, columns 285 to 341 of 360]
5.13439,3.3943896,2.0643897,1.1743896,1.5943897,2.4543896,1.4143896,0.99438965,3.7743897,5.46439,4.3743896,6.5843897,6.8743896,6.8743896,7.2243896,8.75439,9.92439,9.89439,8.68439,7.0643897,6.5143895,4.7943897,-1.1756103,-3.7156103,-1.7656103,-0.80561036,-2.9756103,-3.0756104,-2.1556103,-0.8556104,0.37438965,3.2643898,5.2043896,4.0843897,2.0743897,-0.81561035,0.34438965,-4.11561,-4.1856103,-4.6056104,-4.3156104,-4.8556104,-4.5256104,-4.6756105,-5.5856104,-5.74561,-5.24561,-5.1356106,-5.01561,-4.7256103,-3.9856102,-4.07561,-6.0456104,-5.4256105,-2.7056103,-2.8556104,-4.6656103
8.16439,9.63439,7.0643897,2.0043898,-0.40561035,0.16438965,1.3343897,2.8943896,5.7943897,4.6143894,4.2943897,7.6043897,8.29439,9.46439,10.91439,11.68439,11.654389,11.2843895,10.72439,10.05439,9.13439,8.09439,7.6143894,0.98438966,-4.9456105,-2.0956104,-3.1156104,-2.1856103,-2.7056103,-1.1256104,-0.11561035,1.2743896,2.3043897,1.3143897,-0.7256104,-0.09561035,-2.1956103,-2.8056104,-2.3156104,-2.3556104,-2.5156105,-2.3556104,-1.8356104,-2.1656103,-2.5756104,-3.3556104,-4.5456104,-6.3756104,-7.30561,-6.1456103,-4.61561,-4.1956105,-3.7556105,-1.7156104,0.37438965,-0.68561035,-0.13561036
6.1143894,5.9343896,9.20439,10.97439,11.154389,11.66439,12.75439,11.33439,9.21439,6.1643896,7.6143894,8.154389,9.34439,11.37439,11.45439,11.25439,10.97439,10.55439,10.25439,9.904389,9.24439,8.80439,8.404389,8.0343895,4.17439,-4.6956105,-3.1556103,-3.4856102,-2.3356104,-2.1556103,0.064389646,3.6043897,4.17439,1.3443897,0.19438964,0.8343896,-2.8056104,-2.5456104,-0.63561034,-0.56561035,-0.8456104,-0.5356104,0.16438965,0.81438965,0.75438964,-0.5956104,-2.6256104,-2.7456102,-0.9156104,0.6443896,1.7543896,2.3643897,2.5043898,1.3643897,1.4143896,2.8043897,3.8243897
4.0943894,5.2243896,6.1143894,7.13439,7.94439,9.88439,11.26439,11.63439,10.83439,10.74439,10.49439,10.95439,11.33439,12.51439,12.364389,11.70439,11.354389,10.854389,10.17439,9.904389,9.91439,9.694389,9.46439,9.08439,8.42439,6.65439,1.2643896,-1.3456104,0.18438965,-1.3556104,-1.7256104,1.3443897,0.31438965,-0.30561036,1.0743897,1.1843896,-1.0056103,-0.9756104,-0.09561035,0.98438966,1.5743897,1.7143897,2.7843897,4.5843897,5.8943896,7.3543897,8.88439,10.274389,9.37439,7.2243896,6.1843896,6.0443897,5.50439,4.8643894,4.6043897,4.6043897,4.9743896
8.024389,7.0443897,7.0543895,6.8643894,7.8243895,8.09439,11.024389,10.87439,10.574389,10.354389,10.16439,11.59439,11.074389,11.42439,10.234389,11.194389,11.08439,11.12439,11.104389,11.114389,10.93439,10.604389,10.29439,9.984389,9.92439,9.49439,8.80439,7.0143895,4.1143894,5.7443895,3.7443895,1.6443896,0.5943897,0.7743896,2.0343897,4.0343895,2.0443897,0.56438965,1.6943897,3.1143897,4.5943894,5.8943896,6.5943894,6.92439,7.6843896,8.774389,9.74439,10.064389,9.83439,8.314389,7.2843895,6.88439,7.40439,6.6843896,6.4343896,7.1143894,7.0943894
5.17439,5.7443895,5.3143897,5.88439,5.71439,5.5343895,9.64439,9.944389,9.604389,10.71439,9.34439,4.9543896,0.61438966,4.3743896,5.98439,7.5143895,9.274389,10.404389,11.0343895,11.13439,11.17439,11.05439,10.97439,10.694389,10.34439,10.17439,10.17439,9.93439,9.42439,6.0843897,4.5743895,7.2943897,6.8043895,5.25439,3.8843896,4.7243896,6.4343896,6.8243895,4.1843896,2.9043896,4.1443896,5.23439,5.9543896,6.4943895,7.23439,8.29439,9.21439,9.99439,9.614389,8.944389,8.614389,8.64439,8.0343895,7.5943894,7.7443895,7.8043895,7.19439
7.7743897,7.4943895,6.9943895,7.5143895,7.4143896,6.4343896,6.0243897,6.2843895,6.38439,6.3343897,7.5243897,8.76439,5.4343896,9.34439,9.12439,7.3143897,8.30439,8.16439,8.7843895,9.154389,9.45439,9.41439,9.71439,10.13439,10.38439,10.34439,10.24439,10.16439,10.074389,10.37439,9.42439,6.7943897,6.48439,6.8343897,7.2743897,7.0643897,6.8543897,7.1043897,8.66439,10.734389,10.814389,11.29439,12.70439,13.29439,13.18439,12.614389,12.09439,11.444389,10.64439,9.92439,9.47439,8.83439,8.45439,8.55439,8.0343895,7.2843895,7.00439
5.6143894,4.8743896,5.0943894,5.2443895,5.3143897,5.5643897,4.3343897,4.38439,4.88439,4.17439,3.5943897,6.7743897,6.7743897,4.4343896,5.5843897,7.90439,8.62439,7.7643895,9.24439,9.51439,9.824389,9.66439,9.30439,8.614389,8.354389,8.79439,9.42439,9.91439,10.154389,10.314389,10.38439,10.46439,8.654389,7.46439,7.1643896,7.8743896,8.99439,9.38439,9.194389,8.99439,8.83439,8.96439,9.51439,9.88439,10.2843895,10.564389,10.47439,10.324389,10.104389,9.024389,7.6143894,8.404389,8.93439,8.41439,7.7043896,7.4743896,7.42439
3.6143897,6.1243896,5.1043897,6.2743897,5.3143897,7.3143897,3.2243896,4.71439,4.5943894,4.3143897,4.4743896,5.96439,4.1143894,5.7943897,7.7743897,8.5343895,9.524389,7.5543895,6.5443897,8.49439,9.364389,9.864389,9.574389,9.54439,9.12439,8.76439,8.45439,8.604389,9.17439,9.99439,10.324389,10.5343895,10.72439,9.42439,8.55439,8.21439,8.364389,8.33439,8.17439,8.38439,8.88439,9.29439,9.24439,9.04439,8.80439,8.72439,8.33439,8.00439,7.00439,8.64439,9.43439,9.01439,8.62439,7.9343896,7.8443894,7.63439,6.67439
4.8543897,5.2743897,7.6643896,4.5543895,5.3343897,6.2243896,5.8343897,5.7843895,5.9743896,5.67439,5.90439,5.6243896,7.3543897,8.09439,7.1843896,8.46439,8.26439,7.71439,8.76439,7.98439,6.8343897,8.00439,10.46439,10.88439,11.074389,11.08439,10.72439,10.354389,9.984389,9.7843895,9.99439,10.12439,10.30439,10.324389,9.00439,8.37439,8.22439,8.484389,8.734389,8.47439,7.8443894,8.064389,8.614389,8.93439,8.89439,9.234389,9.604389,10.18439,9.984389,9.41439,9.074389,8.234389,7.44439,7.5343895,6.73439,5.5143895,4.94439
2.2243896,1.4443897,1.8443897,1.4143896,1.7543896,3.1043897,3.1243896,3.2343895,4.7843895,5.4743896,6.2943897,6.96439,6.4543896,7.3343897,4.7843895,5.3343897,6.0543895,5.46439,6.8043895,7.5843897,8.70439,7.8143897,8.99439,10.50439,11.29439,11.59439,11.71439,11.59439,11.324389,10.83439,10.00439,9.76439,9.71439,9.694389,9.54439,8.71439,8.33439,8.524389,8.80439,7.9943895,7.5743895,7.9943895,8.18439,8.154389,7.90439,8.114389,8.71439,9.00439,8.99439,8.29439,7.3343897,6.4543896,6.3743896,5.4743896,4.1243896,3.0143898,1.3043896
-0.64561033,-0.6556103,-0.30561036,0.03438965,0.17438965,0.40438965,1.2043897,1.5443896,1.7743896,2.4543896,2.9543896,3.2143896,3.2843897,3.5843897,3.6143897,4.1243896,5.0543895,5.15439,5.1843896,5.0143895,8.25439,8.064389,9.064389,9.97439,10.2843895,10.58439,11.09439,11.34439,11.43439,11.364389,10.604389,9.75439,9.38439,9.25439,9.13439,9.08439,8.154389,8.564389,8.71439,8.404389,7.71439,7.8943896,7.25439,7.6243896,8.2843895,8.104389,7.7843895,7.2643895,6.7043896,6.1043897,5.3243895,5.1043897,4.2643895,3.4943895,-0.09561035,0.67438966,-0.15561035
-1.0456103,-1.4356103,-1.4656104,-1.1256104,-1.0756104,-1.0256103,-0.7256104,-0.17561035,0.03438965,0.85438967,1.3843896,1.5743897,2.7743897,1.9743897,3.5543897,3.1943896,3.6043897,3.8243897,6.1643896,6.5143895,6.1143894,7.1043897,8.154389,8.864389,9.47439,9.50439,10.104389,10.22439,10.194389,11.21439,10.814389,9.70439,8.91439,9.17439,8.944389,8.72439,8.54439,8.314389,7.8443894,8.05439,7.13439,7.1643896,6.98439,6.2243896,5.3643894,4.8043895,4.3743896,3.5543897,3.3043897,2.5643897,2.3543897,2.1543896,1.1943897,-1.1456103,0.85438967,-1.9056103,-2.5456104
-0.73561037,-1.4656104,-1.1756103,-1.2956103,-1.5856104,-0.98561037,-0.68561035,-1.2256104,-0.7856104,-0.6556103,-0.26561034,0.43438965,0.85438967,0.85438967,1.0443896,2.0243897,4.6043897,7.7943897,7.3143897,4.0643897,7.65439,7.3243895,8.25439,8.604389,8.67439,8.854389,8.64439,9.024389,9.41439,10.39439,10.63439,9.75439,8.47439,8.22439,7.6643896,7.19439,7.4343896,6.6043897,7.6043897,6.5743895,5.9743896,5.2843895,4.5643897,3.1143897,1.7943896,0.68438965,0.26438963,-0.015610351,-0.5356104,-1.2256104,-1.3356104,-2.1256104,-1.1656103,0.30438966,-2.5956104,-2.5756104,-2.8956103
0.03438965,-0.17561035,-0.37561035,-0.80561036,-0.81561035,-1.0256103,-1.3656104,-1.5156103,-2.3656104,-5.6456103,-4.82561,-2.6656103,-1.3056103,0.37438965,2.6043897,4.5543895,5.0443897,5.69439,5.7943897,3.9243896,6.5443897,6.9143896,5.92439,6.3643894,8.114389,8.00439,7.7743897,8.05439,8.59439,9.904389,10.33439,9.41439,9.05439,7.38439,7.5143895,7.0243897,5.1243896,5.2843895,5.5143895,5.2043896,4.92439,3.8743896,2.5143898,0.104389645,-1.4956104,-2.1856103,-2.8756104,-3.1556103,-3.3756104,-3.7556105,-5.07561,-3.7756104,-2.1156104,-3.8856103,-2.7856104,-2.4456103,-3.9256103
1.4243896,1.5443896,-0.55561036,-0.9756104,1.8343897,-0.5956104,-0.99561036,-3.8056104,-2.2756104,-0.48561037,-0.045610353,1.1743896,1.7643896,2.0043898,2.4043896,3.6243896,4.3143897,1.8143897,4.15439,2.5643897,2.4943895,2.9543896,6.5543895,6.5943894,6.8743896,7.3643894,7.1843896,6.4743896,8.16439,9.14439,10.17439,9.88439,9.21439,7.65439,7.92439,6.2743897,4.44439,4.67439,3.9943895,3.6443896,3.2443895,2.4443896,1.6643896,1.2743896,-0.5956104,-3.9656103,-3.8956103,-4.5056105,-6.07561,-7.1756105,-6.0856104,-4.5656104,-5.6756105,-3.2956104,-4.2356105,1.6943897,2.5343897
5.15439,4.8243895,2.1943896,3.8543897,3.9143896,0.42438966,0.11438965,0.5243896,-1.2756103,-2.4556103,0.5343897,0.99438965,0.92438966,1.6243896,2.7743897,2.9943895,1.8943896,3.0143898,2.7943897,3.2443895,3.7043896,2.8143897,4.2843895,5.4943895,6.0443897,6.5743895,6.7243896,6.7643895,6.44439,8.45439,9.54439,10.05439,9.734389,9.234389,8.96439,6.9343896,4.71439,3.8143897,3.0243897,3.2243896,2.9743896,2.8343897,3.1443896,3.5243897,2.7143896,0.43438965,-0.74561036,-2.6356103,-4.07561,-4.0056105,-4.1556106,-5.6056104,-4.1356106,-4.0856104,4.21439,2.2843897,2.2543898
4.2743897,5.5443897,1.8543897,0.7743896,2.4243896,5.2643895,3.2643898,0.35438964,2.2043896,1.8843896,1.1943897,0.99438965,1.9943897,2.4443896,4.0743895,1.7743896,3.9743896,5.3343897,5.3143897,4.5443897,4.8643894,3.9543896,3.3443897,4.5343895,4.73439,4.73439,5.5843897,6.7743897,6.8343897,6.9943895,8.26439,9.64439,9.97439,9.89439,9.25439,7.9543896,5.7243896,3.7243896,4.3043895,3.6343896,3.5543897,4.5443897,6.3443894,7.5143895,6.9343896,6.2743897,6.7743897,6.8943896,5.2243896,-0.89561033,-1.9856104,-4.4356103,3.3043897,2.3243897,3.6643896,3.4643896,2.3843896
3.6943896,5.5243897,3.7443895,2.4343896,3.9143896,4.3943896,1.2143897,2.6643896,2.8543897,2.2843897,2.2643898,2.5243897,1.8343897,2.0043898,-0.50561035,1.6743896,5.2843895,4.8043895,5.3743896,4.8943896,4.9143896,5.23439,5.5743895,6.0543895,6.9543896,6.5543895,5.4143896,5.8343897,6.5143895,7.2943897,7.25439,8.21439,8.89439,9.24439,9.55439,8.49439,7.1843896,4.8243895,5.8543897,4.75439,5.5743895,6.13439,7.21439,7.8643894,8.21439,7.6243896,7.1643896,6.8643894,5.3743896,2.7343895,-1.5456103,6.2843895,2.6743896,4.3243895,4.0243897,3.7243896,2.3543897
4.88439,4.8243895,-0.27561036,0.57438964,2.0843897,0.34438965,2.0743897,2.6343896,3.9043896,7.3643894,2.8543897,0.7143896,0.36438966,1.5243896,2.4543896,2.9043896,4.7643895,5.1443896,4.1643896,4.21439,4.0343895,4.8343897,5.7943897,6.2743897,7.1043897,7.5143895,6.7643895,5.75439,5.4143896,6.5943894,6.7943897,7.17439,7.5443897,7.6143894,8.71439,8.944389,8.21439,7.0243897,6.63439,6.5343895,7.38439,8.25439,9.04439,8.38439,7.19439,5.9343896,5.40439,4.7243896,4.00439,0.55438966,7.25439,4.42439,5.1643896,3.4443896,3.3943896,3.3443897,2.9243896
1.9443897,1.5043896,1.1143897,-1.4156103,0.99438965,2.5443897,4.9143896,4.8343897,5.5443897,2.0143898,2.4343896,6.1143894,4.9943895,3.2343895,2.2443895,1.5443896,2.0743897,2.5643897,2.7843897,3.2943897,3.1043897,4.0343895,4.8643894,5.3343897,5.3543897,4.98439,4.1443896,4.23439,4.21439,4.42439,5.5343895,6.4743896,6.3043895,7.3343897,7.5543895,7.6243896,9.12439,9.42439,9.13439,9.39439,9.68439,9.324389,9.26439,8.45439,6.7443895,4.1243896,3.5143898,3.4343896,-0.15561035,7.88439,5.00439,5.48439,4.19439,3.0043898,3.0643897,3.0443897,2.9543896
1.3143897,-0.45561036,1.6343896,2.5843897,2.1743896,6.0943894,7.4343896,5.5143895,4.2843895,4.6643896,5.8743896,4.98439,4.2643895,2.7943897,2.5743897,1.1743896,0.50438964,0.81438965,0.41438964,0.43438965,1.0743897,1.4343896,1.9343896,2.2543898,2.2743897,2.3543897,1.8043896,2.3543897,2.6643896,3.2543898,4.2943897,5.3943896,5.63439,6.71439,7.1143894,7.7943897,8.774389,9.404389,9.67439,10.89439,11.45439,11.774389,9.71439,7.2443895,6.4743896,4.46439,3.3443897,0.57438964,7.9743896,5.0343895,5.6243896,5.0743895,2.6543896,2.7743897,2.5443897,2.8543897,2.7243896
0.76438963,1.3443897,2.2543898,2.3143897,1.5143896,3.2243896,5.42439,4.88439,3.0343897,3.7243896,4.2443895,3.6443896,1.5343896,1.1643896,1.9743897,0.74438965,0.014389648,-0.13561036,-0.44561034,-0.98561037,-0.6656104,-0.9156104,-0.64561033,-0.7856104,-0.19561034,-0.38561034,-1.0356103,0.32438964,1.4443897,1.9743897,2.8743896,4.2043896,5.3343897,6.3543897,7.13439,8.604389,9.234389,10.17439,10.83439,10.99439,11.0343895,10.75439,9.364389,7.8043895,6.3643894,4.48439,3.0543897,7.7743897,5.5643897,5.2843895,5.0543895,2.8243897,2.8043897,2.3143897,2.2343895,2.2743897,1.9643897
0.57438964,0.49438965,0.41438964,1.5443896,1.1043897,1.2343897,1.9943897,2.0043898,2.0443897,1.6743896,1.1343896,0.40438965,-0.51561034,-0.16561036,-0.69561034,-1.0356103,-0.68561035,-1.0656104,-1.4056103,-1.4656104,-1.8856103,-2.0356104,-2.0256104,-2.3356104,-1.7956103,-2.2556105,-2.4556103,-1.2356104,0.20438965,0.7743896,1.4243896,2.0343897,3.5043898,4.92439,5.88439,7.4743896,8.92439,9.654389,10.114389,9.42439,9.614389,9.16439,8.37439,7.2443895,5.5843897,4.25439,11.43439,6.5743895,5.9543896,4.96439,3.4243896,3.2743897,2.8343897,1.6443896,2.0143898,1.4443897,1.3243897
-0.15561035,-0.46561036,-1.8556104,-1.4356103,0.014389648,0.18438965,-0.51561034,0.17438965,0.024389649,-0.57561034,-0.8456104,-1.3856103,-1.9856104,-1.9456104,-2.2456102,-1.9256103,-1.3956103,-1.4556104,-2.5556104,-2.6356103,-2.3956103,-4.01561,-2.9456103,-3.1256104,-3.3456104,-3.6956103,-3.5856104,-2.1056104,-1.4756104,-0.68561035,-0.045610353,0.29438964,0.81438965,2.8243897,4.2243896,5.3643894,6.65439,7.3543897,7.7843895,7.9143896,7.6643896,7.5843897,6.8143897,5.73439,4.42439,11.41439,7.5843897,7.0543895,5.3143897,3.9743896,3.6043897,3.1643896,2.2643898,1.1343896,1.8543897,1.1243896,0.48438966
-2.1956103,-4.1856103,-3.7056103,-3.6456103,-3.4556103,-2.6156104,-2.7256103,-2.7356102,-2.5256104,-1.9856104,-1.5156103,-1.5556103,-1.4956104,-1.0756104,-2.1156104,-2.0856104,-1.3356104,-2.1356103,-3.2056103,-3.6256104,-3.4156103,-4.11561,-4.1956105,-4.6356106,-4.99561,-5.1956105,-4.34561,-3.3456104,-3.0656104,-2.1756103,-1.5856104,-1.2956103,-0.82561034,0.37438965,1.5443896,2.8143897,3.7343895,4.40439,4.7243896,5.0643897,5.1143894,4.6643896,4.8243895,3.3343897,11.43439,8.274389,7.88439,4.3243895,3.0543897,2.9943895,2.9543896,2.4343896,1.3743896,0.54438967,1.3343897,0.74438965,-0.0056103515
