raw-data/2018100700.json
{"header": { "discipline":0, "disciplineName":"Meteorological products", "gribEdition":2, "gribLength":74610, "center":7, "centerName":"US National Weather Service - NCEP(WMC)", "subcenter":0, "refTime":"2018-10-07T00:00:00.000Z", "significanceOfRT":1, "significanceOfRTName":"Start of forecast", "productStatus":0, "productStatusName":"Operational products", "productType":1, "productTypeName":"Forecast products", "productDefinitionTemplate":0, "productDefinitionTemplateName":"Analysis/forecast at horizontal level/layer at a point in time", "parameterCategory":2, "parameterCategoryName":"Momentum", "parameterNumber":3, "parameterNumberName":"V-component_of_wind", "parameterUnit":"m.s-1", "genProcessType":2, "genProcessTypeName":"Forecast", "forecastTime":0, "surface1Type":103, "surface1TypeName":"Specified height level above ground", "surface1Value":10.0, "surface2Type":255, "surface2TypeName":"Missing", "surface2Value":0.0, "gridDefinitionTemplate":0, "gridDefinitionTemplateName":"Latitude_Longitude", "numberPoints":65160, "shape":6, "shapeName":"Earth spherical with radius of 6,371,229.0 m", "gridUnits":"degrees", "resolution":48, "winds":"true", "scanMode":0, "nx":360, "ny":181, "basicAngle":0, "lo1":0.0, "la1":90.0, "lo2":359.0, "la2":-90.0, "dx":1.0, "dy":1.0 }, "data":
[rows 52 to 77 of 181, columns 290 to 347 of 360]
-3.1697216,-3.9497216,-4.719722,-5.849722,-6.9197216,-7.9197216,-9.089722,-10.149722,-10.799722,-11.859722,-13.199721,-15.009722,-16.689722,-18.699722,-18.249722,-15.139722,-7.3797216,11.120278,18.770279,17.630278,15.850278,13.720279,12.690278,11.560278,11.010279,10.490278,9.310278,8.030278,7.5402784,7.260278,5.550278,3.6102784,1.5302783,0.17027833,-1.2697216,-2.5497217,-3.3697217,-3.8297217,-4.8797216,-7.0497217,-7.6497216,-6.7797217,-6.0797215,-3.5497217,-2.3797216,-0.47972167,0.2602783,0.6902783,0.6202783,0.57027835,0.38027832,-0.19972168,-1.0997217,-2.2897217,-3.6897216,-5.2097216,-6.6097217,-8.329721
-4.0097218,-4.2497215,-5.099722,-6.2597218,-6.5797215,-7.699722,-8.719722,-9.679722,-10.239721,-10.829721,-11.699721,-12.989721,-14.069721,-15.559722,-14.889722,-12.309722,-10.059722,9.540278,22.420279,19.270279,17.010279,14.780278,13.490278,11.740278,10.990278,9.810278,8.310278,6.880278,6.9602785,6.2702785,4.050278,1.6102784,-0.23972169,-1.4397217,-2.8297217,-3.8197217,-4.119722,-4.699722,-6.1497216,-8.089722,-9.7897215,-8.379722,-4.6897216,-3.2997217,-2.5197217,-0.9597217,0.5502783,1.5502783,1.8402783,1.2402784,0.52027833,-0.2997217,-1.1497216,-2.0897217,-3.4897218,-4.9797215,-6.449722,-7.7697215
-3.7597218,-4.219722,-4.8097215,-5.5497217,-6.6297216,-7.2297215,-7.7797217,-8.7897215,-9.079721,-9.799722,-9.619721,-9.519722,-9.959722,-10.449721,-10.469722,-7.489722,-1.2197217,12.840279,20.340279,18.380278,16.430279,14.250278,12.910278,11.280278,10.350278,9.100278,7.320278,6.010278,5.6402783,4.880278,2.4802783,0.46027833,-1.3497217,-2.6597216,-3.9897218,-4.349722,-4.9997215,-5.469722,-6.5597215,-9.2897215,-12.229722,-9.919722,-3.5697217,-1.3997216,-2.3297217,-0.7497217,1.7802783,3.4502783,3.5302782,2.3702784,1.6302783,0.7202783,-0.3897217,-1.7797217,-3.1697216,-4.389722,-5.619722,-6.5597215
-3.5197217,-4.0097218,-4.639722,-5.5597215,-5.909722,-6.699722,-6.659722,-7.409722,-7.6297216,-8.159721,-7.5497217,-7.8397217,-8.189722,-6.5197215,-3.4697218,-1.1397216,6.380278,14.610278,14.890278,15.620278,14.220279,12.980278,11.840279,10.4602785,9.110278,7.900278,5.9502783,4.380278,3.8402784,3.6102784,1.2502784,-0.5797217,-2.2497218,-3.4897218,-4.4797215,-4.8797216,-5.429722,-5.7497215,-7.5897217,-10.449721,-12.969722,-11.729722,-3.7597218,-0.11972168,-2.0197217,0.04027832,2.8702784,3.5602784,4.510278,3.8802783,2.9602783,2.0302782,0.4502783,-1.2897217,-2.7897217,-3.9697218,-4.5397215,-4.2697215
-3.4997218,-3.6597216,-4.0597215,-4.7697215,-5.679722,-5.8397217,-5.7697215,-5.8297215,-6.429722,-6.4997215,-6.1297216,-5.949722,-5.5297217,-4.2497215,-1.8697217,3.0102782,7.0402784,9.990278,12.090279,12.160278,11.470279,10.9602785,10.390278,9.270278,7.860278,6.6202784,4.4202785,2.6402783,2.3302784,2.2002783,0.19027832,-1.5597217,-2.8797216,-3.8797216,-4.5297217,-4.9797215,-5.3797216,-6.179722,-8.129722,-10.679722,-12.089722,-11.579721,-7.9197216,-2.4697218,-2.4697218,-0.34972167,3.3102784,4.4802785,4.5602784,5.2102785,4.280278,2.9102783,1.6402783,-0.30972168,-2.0697217,-3.1997216,-3.0497217,-2.5997217
-3.2097216,-2.8497217,-3.0697217,-3.3497217,-3.8997216,-4.0197215,-3.6997216,-3.7397218,-4.469722,-4.659722,-4.4597216,-3.5297217,-2.4197216,-1.1197217,0.77027833,3.3502784,6.050278,8.180279,9.450278,9.290278,8.940278,9.070278,9.230278,7.7502785,6.570278,5.110278,2.8502784,1.1702783,0.9802783,0.4802783,-0.7197217,-2.0397217,-3.1997216,-3.9797218,-4.4997215,-4.7897215,-5.6097217,-7.0597215,-8.369721,-10.369721,-11.049722,-10.219722,-9.179722,-6.099722,-5.139722,0.5602783,2.1502783,3.4502783,3.7402782,4.070278,6.590278,4.8502784,3.0402784,1.3002783,-0.27972168,-1.7397217,-2.2497218,-2.7997217
-2.9597216,-2.1197217,-2.3997216,-2.4997218,-2.6597216,-2.7397218,-3.0897217,-3.3797216,-3.6197217,-3.4297216,-2.8397217,-1.7697216,-0.8297217,0.3602783,2.1302783,3.8402784,5.6602783,6.7002783,6.820278,7.030278,7.2302785,7.7202783,7.7002783,6.4902782,5.1602783,3.4502783,1.2202783,-0.04972168,-0.5897217,-0.98972166,-1.7597216,-2.1997216,-3.0197217,-4.099722,-4.719722,-5.4597216,-6.389722,-7.3597217,-8.749722,-9.709722,-9.799722,-8.959722,-8.089722,-7.989722,-6.7297215,2.0602784,4.9602785,3.4602783,4.3502784,8.230278,7.3302784,5.4502783,3.9302783,2.2602782,1.2002783,0.12027832,-1.3197217,-0.91972166
-2.3597217,-2.9097216,-1.8097217,-1.2097217,-1.2097217,-1.3597217,-1.5097216,-1.1797217,-0.9697217,-1.2697216,-1.1297216,-0.46972167,0.34027833,1.4502783,2.4402783,3.2502782,4.1702785,4.3502784,4.880278,5.4102783,6.2102785,6.3102784,6.110278,4.7902784,3.4202783,1.8802783,0.15027831,-1.0397217,-1.5197216,-2.1297216,-2.4797218,-2.7697217,-2.9697218,-4.119722,-5.0497217,-5.9997215,-7.119722,-7.659722,-7.989722,-8.149722,-7.989722,-7.5097218,-6.989722,-6.2297215,-4.489722,-0.03972168,4.1202784,5.5202785,5.3702784,9.690278,10.750278,6.9102783,4.300278,3.1802783,2.3502784,1.2002783,-0.37972167,-1.1297216
-1.4497217,-0.8397217,-1.0197216,-1.5897217,-1.7997217,-1.5697217,-1.0197216,-0.5097217,0.3602783,0.76027834,1.3502784,1.6202784,1.2602783,1.1602783,1.8502784,2.6802783,2.6402783,3.0502784,3.9802783,4.5802784,5.0402784,5.3102784,3.9102783,2.8502784,1.6402783,0.4802783,-0.4497217,-1.3597217,-2.2697217,-2.6097217,-2.6797216,-3.1597216,-3.3097217,-4.1897216,-5.2597218,-6.099722,-7.1297216,-7.2897215,-6.8297215,-7.0797215,-6.8197217,-6.429722,-5.949722,-4.8197217,-2.5597217,-2.0197217,2.2102783,5.550278,6.2902784,8.720279,10.140278,7.340278,4.2002783,3.4002783,2.8402784,1.1302783,-0.78972167,-1.7697216
-1.8097217,-1.1997217,-0.36972168,-0.17972168,0.15027831,1.2102783,2.1202784,1.4002783,0.7302783,0.24027832,-0.3297217,-0.27972168,1.8402783,1.4702783,0.7802783,0.82027835,1.8602784,2.7402782,4.0002785,3.5602784,2.4402783,3.3002784,1.9102783,1.0402783,0.13027832,-0.6497217,-1.4397217,-2.1097217,-2.9797218,-2.8197217,-2.6897216,-3.3597217,-3.7197218,-4.2297215,-5.199722,-5.739722,-6.659722,-6.8397217,-6.389722,-6.3797216,-6.3297215,-5.619722,-4.619722,-3.8197217,-3.8397217,-2.2097216,2.2902784,3.3502784,8.500278,8.680279,8.320278,7.070278,3.3602784,2.2902784,3.2902784,0.8502783,-1.2097217,-2.3897216
-0.27972168,-0.9097217,-0.46972167,-0.27972168,-0.2697217,0.12027832,1.1702783,1.4102783,1.7102783,1.9102783,1.3502784,1.0702783,1.1802783,1.3202783,1.9602783,1.9902784,2.4702783,2.9002783,1.9502783,1.0802783,0.51027834,0.6102783,0.04027832,-0.49972168,-1.2397217,-2.0697217,-2.1697216,-2.4497216,-2.3597217,-2.5197217,-2.6897216,-3.2697217,-4.1097217,-4.6097217,-4.9397216,-5.4397216,-6.2497215,-6.929722,-6.409722,-6.0597215,-5.4597216,-4.6497216,-4.5197215,-3.7497218,-3.0597217,-1.1597217,0.3902783,7.5602784,8.480278,8.820278,7.760278,6.260278,3.6702783,3.6202784,2.9102783,1.0502783,-0.60972166,-1.9897217
-0.8797217,0.04027832,-0.37972167,0.07027832,1.8702784,1.7402784,1.8702784,2.1202784,2.4802783,2.0302782,1.8502784,1.4202783,1.7402784,2.0702784,1.7602783,1.9202783,1.7002783,0.95027834,-0.21972167,-1.5997217,-0.11972168,-0.91972166,-1.2797217,-1.8897216,-2.7597218,-2.0597217,-2.3597217,-2.7397218,-2.7597218,-2.8797216,-2.7797217,-2.7997217,-3.6797216,-4.1897216,-4.2497215,-4.699722,-5.3297215,-6.3197217,-6.5497217,-6.2097216,-5.4997215,-5.099722,-4.6497216,-3.4697218,-2.5497217,-1.6997217,4.6802783,7.900278,8.440278,7.1402783,6.2302785,4.820278,3.2202783,1.3502784,1.0102783,-1.4197217,-2.6797216,-2.9897218
-1.6797217,-0.21972167,0.64027834,0.41027832,0.82027835,1.7002783,3.0402784,3.1502783,2.9702783,2.2602782,2.1102784,2.0202782,1.7402784,1.5502783,1.2702783,0.63027835,-0.16972168,-0.98972166,-1.7697216,-2.5697217,-1.5097216,-1.9897217,-2.5597217,-2.9797218,-2.8197217,-2.9397216,-2.9497216,-2.4197216,-2.6497216,-3.0797217,-3.2797217,-3.4097216,-3.4397216,-3.6097217,-3.8497217,-4.1497216,-4.4597216,-5.0697217,-5.5297217,-5.4597216,-5.2997217,-4.7697215,-4.6697216,-4.5497217,-3.6297216,1.3402783,6.6902785,7.6802783,7.1002784,6.110278,4.7702785,3.3302784,1.8502784,0.07027832,-1.6697217,-2.9197216,-2.9597216,-3.3597217
-0.10972168,-0.00972168,1.0502783,2.2202783,2.8202784,4.1902785,4.6902785,4.5202785,3.2502782,2.6402783,1.6702783,0.88027835,0.8502783,0.3902783,-0.15972167,-0.67972165,-1.1897217,-1.9997216,-3.3497217,-2.1397216,-2.5397217,-3.2297218,-3.7597218,-3.7297218,-3.7297218,-3.1097217,-2.9897218,-2.5597217,-2.3497217,-2.6497216,-3.0497217,-3.6397216,-3.4597216,-3.6397216,-3.8897216,-3.9497216,-4.139722,-4.5397215,-5.0697217,-5.5097218,-5.4797215,-5.5597215,-5.5397215,-4.949722,-1.3597217,5.550278,6.2202783,6.0602784,5.7302785,4.7902784,3.4102783,1.7502784,-0.05972168,-1.6597217,-3.4997218,-4.3997216,-3.7597218,-3.0597217
-0.30972168,0.58027834,2.6102784,4.2502785,4.0802784,4.3302784,4.8502784,3.4602783,2.3202784,2.0802784,1.4002783,1.4002783,0.28027833,-0.25972167,-0.67972165,-1.2397217,-1.8797216,-3.3097217,-3.1097217,-3.2397218,-3.5197217,-4.2097216,-4.119722,-3.8397217,-3.3597217,-3.5997217,-3.3497217,-2.9097216,-2.9997218,-2.7397218,-2.8397217,-2.8197217,-3.1197217,-3.2297218,-3.2397218,-3.3297217,-3.7897217,-4.3097215,-4.969722,-5.4997215,-5.6297216,-5.2297215,-4.5097218,-3.0197217,4.0802784,4.2402782,4.4902782,4.5602784,4.260278,3.1202784,1.4202783,-0.3297217,-1.8797216,-3.7997217,-4.889722,-3.9297216,-5.1697216,-4.5597215
0.63027835,1.7602783,2.5102782,3.2102783,3.1202784,1.7302784,2.7202783,3.3202784,2.7302783,3.0202782,1.0302783,0.2602783,-0.24972168,-0.47972167,-1.2297217,-1.9397217,-3.1197217,-3.5797217,-3.8897216,-3.8797216,-4.1497216,-4.5797215,-5.1497216,-4.159722,-4.5397215,-2.7497218,-2.5097218,-2.2797217,-1.5097216,-1.9397217,-2.4197216,-3.0497217,-3.2797217,-3.2097216,-3.4797218,-3.6397216,-3.6097217,-3.6897216,-3.8397217,-4.0197215,-4.4797215,-4.489722,-2.2297218,1.6102784,1.6402783,2.1902783,3.1202784,3.0202782,2.5302782,1.2702783,-0.11972168,-1.9297217,-3.9897218,-5.5597215,-4.639722,-5.099722,-5.949722,-4.2597218
1.0302783,1.7702783,1.6402783,0.83027834,-0.05972168,0.35027832,1.2602783,0.16027832,-0.3597217,0.27027833,-0.21972167,-0.11972168,-0.4197217,-1.1597217,-1.8697217,-2.4097216,-3.5097218,-4.3297215,-4.3297215,-4.599722,-4.7897215,-4.639722,-4.5797215,-4.4197216,-3.3897216,-3.1797216,-2.3997216,-2.3097217,-2.2997217,-2.6397216,-2.5897217,-2.3697217,-2.1197217,-1.9997216,-2.1997216,-2.1597216,-2.3397217,-2.5597217,-2.8997216,-3.0797217,-2.6297216,-1.1997217,-0.67972165,-0.5797217,0.06027832,1.0702783,1.8002783,1.5702783,0.8502783,-0.3597217,-2.3297217,-4.449722,-6.0497217,-6.679722,-5.9197216,-7.2297215,-5.389722,-4.5697217
1.7602783,1.9402783,0.6202783,1.5502783,2.4502783,2.0002782,0.23027831,0.9102783,0.89027834,0.06027832,-0.5597217,-0.4897217,-0.7097217,-1.1197217,-1.6897217,-2.6797216,-3.5197217,-4.5697217,-4.6297216,-4.7797217,-4.909722,-4.7297215,-4.369722,-3.9197216,-3.7397218,-3.7597218,-3.1597216,-2.9697218,-2.6597216,-1.4597217,-1.2097217,-1.3397217,-1.0997217,-1.0397217,-0.8997217,-1.1197217,-1.3297217,-1.6597217,-1.7297217,-1.6897217,-1.6897217,-1.6797217,-1.3597217,-0.8897217,-0.5097217,0.17027833,0.31027833,0.05027832,-1.2197217,-2.9697218,-4.679722,-6.2597218,-7.659722,-8.249722,-8.059722,-4.429722,-2.2297218,0.96027833
2.5002782,0.70027834,0.7502783,2.3702784,0.71027833,-1.5797217,-0.79972166,0.46027833,1.2702783,0.46027833,0.76027834,1.0402783,0.05027832,-0.33972168,-1.0897217,-1.8997216,-2.9897218,-4.0197215,-4.5497217,-4.639722,-4.8597217,-4.6697216,-4.7997217,-4.679722,-4.2797217,-4.0197215,-3.0097218,-2.3597217,-2.0197217,-0.30972168,0.18027832,0.27027833,-0.54972166,-1.0897217,-1.5097216,-1.6197217,-1.8297217,-1.9197217,-1.8197217,-1.7197217,-1.5497217,-1.2597216,-1.0797217,-0.9497217,-0.97972167,-1.0097216,-1.0297217,-2.1397216,-3.4997218,-4.7097216,-5.989722,-7.3197217,-8.299722,-8.139722,-5.5597215,0.57027835,0.09027832,-0.92972165
2.4202783,0.64027834,-0.7697217,-0.7697217,-1.3797216,-0.7497217,0.4802783,1.7802783,2.2402782,2.9602783,2.4102783,1.1702783,0.70027834,0.20027833,-0.30972168,-1.4497217,-2.6397216,-3.2897217,-3.9497216,-4.1697216,-4.3197217,-4.5797215,-4.639722,-4.409722,-3.7597218,-3.3697217,-2.8997216,-1.8397217,-0.5097217,-0.21972167,-0.84972167,-1.5597217,-1.8097217,-1.8597217,-1.8897216,-1.9097217,-1.8597217,-1.8497217,-1.6897217,-1.3697217,-1.1497216,-1.1997217,-1.2797217,-1.6497216,-2.0497217,-2.4297216,-3.1597216,-3.8397217,-4.5697217,-5.639722,-6.639722,-7.409722,-7.449722,-6.8297215,-5.0197215,-0.19972168,-1.3497217,-1.7997217
3.6202784,2.4202783,-0.24972168,-0.9497217,-0.85972166,-0.2997217,0.3602783,0.4202783,1.0702783,0.58027834,0.7502783,0.8702783,0.3002783,-0.17972168,-0.4897217,-0.9597217,-1.8897216,-2.9397216,-3.7197218,-3.8397217,-3.4997218,-3.4397216,-3.6097217,-3.4697218,-2.9697218,-2.0097218,-1.5097216,-1.5297217,-1.4897217,-1.8697217,-1.9297217,-1.8397217,-1.9397217,-1.9697217,-1.9997216,-1.9897217,-1.9697217,-1.8297217,-1.7497216,-1.7997217,-1.8597217,-2.0597217,-2.4997218,-2.9597216,-3.0097218,-3.1197217,-3.5797217,-4.0897217,-4.8797216,-5.449722,-5.8297215,-5.7097216,-5.4597216,-5.099722,-4.0597215,1.0502783,-0.5597217,0.07027832
-0.05972168,-1.3197217,-1.3697217,-2.9397216,-3.2297218,-2.2797217,-1.0097216,0.40027833,1.2202783,1.5702783,1.5402783,1.2102783,0.6702783,-0.19972168,-0.72972167,-1.2397217,-1.7697216,-2.5097218,-2.9597216,-3.0497217,-2.8897216,-2.7397218,-2.6497216,-2.4297216,-2.0097218,-2.2797217,-2.3897216,-2.7097216,-2.7097216,-2.4197216,-2.0697217,-1.7297217,-1.9397217,-2.1897216,-2.1897216,-1.9097217,-1.7297217,-1.6797217,-1.8397217,-2.0297217,-2.2597218,-2.7297218,-3.2897217,-3.6597216,-4.2997217,-3.2997217,-3.5697217,-3.7997217,-3.8597217,-4.0097218,-3.9797218,-3.4897218,-2.8697217,-1.3697217,-1.8797216,2.2202783,0.10027832,-1.5997217
-0.18972167,-1.6897217,-2.8397217,-4.2697215,-3.9997218,-0.7797217,-0.30972168,-0.33972168,0.51027834,0.7802783,1.0602783,0.9402783,0.40027833,-0.47972167,-1.4597217,-1.9697217,-2.2997217,-2.7397218,-2.9097216,-2.7697217,-2.8497217,-2.8297217,-2.8297217,-2.8297217,-2.7597218,-2.8297217,-3.3397217,-3.4097216,-3.0997217,-2.6897216,-2.8297217,-2.4797218,-2.0497217,-2.0297217,-1.7697216,-1.4697217,-1.2597216,-1.4397217,-1.5697217,-1.7197217,-2.2697217,-2.9797218,-3.6397216,-3.3297217,-2.0597217,-3.0497217,-3.8997216,-3.1397216,-3.5697217,-3.4897218,-3.3797216,-2.8297217,-1.7197217,0.04027832,0.05027832,2.8002784,1.9802784,-0.5797217
-1.1497216,-0.98972166,-0.8897217,-1.5497217,-2.4097216,-1.5597217,0.8402783,1.1002784,0.90027833,0.9702783,0.44027832,1.2002783,0.13027832,-0.8397217,-1.1397216,-1.6997217,-2.4997218,-2.4697218,-2.8397217,-3.3997216,-3.7797217,-3.6297216,-3.4797218,-3.3797216,-3.2497218,-3.4697218,-3.7297218,-4.449722,-4.6897216,-4.3597217,-3.2997217,-2.5497217,-2.0297217,-1.6797217,-1.3797216,-0.98972166,-0.73972166,-0.45972168,-1.0097216,-1.6797217,-2.1097217,-2.7497218,-2.8697217,-2.8497217,-2.8297217,-3.2597218,-1.9897217,-2.9297216,-2.7397218,-2.7097216,-2.3897216,-1.2697216,-0.20972168,0.10027832,0.05027832,2.8502784,3.1402783,3.3802783
0.21027832,0.9802783,0.7502783,0.51027834,0.3302783,0.3602783,0.4202783,0.44027832,0.25027832,0.07027832,0.83027834,1.0202783,0.35027832,-0.30972168,-1.2197217,-1.8097217,-1.8097217,-2.7697217,-2.6197217,-2.8497217,-2.8697217,-3.2197218,-3.4297216,-3.5897217,-3.9497216,-4.619722,-5.199722,-5.2097216,-4.0597215,-3.5797217,-3.2197218,-3.2497218,-2.7397218,-2.2497218,-1.6297216,-0.79972166,-0.19972168,-0.19972168,-0.5097217,-1.1497216,-1.9597217,-2.4497216,-2.5197217,-2.3097217,-1.4097217,-0.54972166,-2.2497218,-2.4997218,-2.3997216,-2.0697217,-1.2697216,0.07027832,1.4902784,1.6602783,1.3602784,2.6302783,1.9302783,2.2502782
-0.10972168,0.44027832,0.28027833,-0.07972168,-0.14972168,-0.04972168,0.09027832,-0.5297217,-1.0097216,-1.0297217,1.0202783,1.6202784,1.1202784,-0.47972167,-1.0497217,-2.0297217,-2.0897217,-1.5397217,-2.2997217,-2.2697217,-2.4697218,-2.7997217,-3.3697217,-4.2797217,-4.7297215,-5.139722,-4.929722,-4.0097218,-4.739722,-4.639722,-3.1997216,-2.6397216,-2.5097218,-1.0897217,0.8502783,1.3202783,1.3602784,-0.20972168,-1.1697217,-1.4697217,-1.9397217,-2.1997216,-2.2497218,-1.6497216,-1.8997216,-1.7597216,-1.6897217,-1.7897217,-1.1697217,-0.5297217,0.05027832,0.9202783,1.6902783,2.2702782,1.4802784,1.1902783,0.9402783,0.90027833
