raw-data/2018091600.json
{"header": { "discipline":0, "disciplineName":"Meteorological products", "gribEdition":2, "gribLength":74253, "center":7, "centerName":"US National Weather Service - NCEP(WMC)", "subcenter":0, "refTime":"2018-09-16T00:00:00.000Z", "significanceOfRT":1, "significanceOfRTName":"Start of forecast", "productStatus":0, "productStatusName":"Operational products", "productType":1, "productTypeName":"Forecast products", "productDefinitionTemplate":0, "productDefinitionTemplateName":"Analysis/forecast at horizontal level/layer at a point in time", "parameterCategory":2, "parameterCategoryName":"Momentum", "parameterNumber":3, "parameterNumberName":"V-component_of_wind", "parameterUnit":"m.s-1", "genProcessType":2, "genProcessTypeName":"Forecast", "forecastTime":0, "surface1Type":103, "surface1TypeName":"Specified height level above ground", "surface1Value":10.0, "surface2Type":255, "surface2TypeName":"Missing", "surface2Value":0.0, "gridDefinitionTemplate":0, "gridDefinitionTemplateName":"Latitude_Longitude", "numberPoints":65160, "shape":6, "shapeName":"Earth spherical with radius of 6,371,229.0 m", "gridUnits":"degrees", "resolution":48, "winds":"true", "scanMode":0, "nx":360, "ny":181, "basicAngle":0, "lo1":0.0, "la1":90.0, "lo2":359.0, "la2":-90.0, "dx":1.0, "dy":1.0 }, "data":
[rows 0 to 25 of 181, columns 59 to 117 of 360]
6.3649707,6.2949705,6.2149706,6.1349707,6.0549707,5.9649706,5.8849707,5.7949705,5.704971,5.6149707,5.5249705,5.434971,5.3349705,5.2349706,5.1349707,5.0349708,4.934971,4.8349705,4.724971,4.624971,4.514971,4.4049706,4.2949705,4.184971,4.0749707,3.9549706,3.8449707,3.7249708,3.6049707,3.4849708,3.3649707,3.2449708,3.1249707,3.0049708,2.8749707,2.7549708,2.6249707,2.5049708,2.3749707,2.2449708,2.1149707,1.9849707,1.8549707,1.7249707,1.5949707,1.4649707,1.3349707,1.2049707,1.0649707,0.9349707,0.8049707,0.6649707,0.5349707,0.4049707,0.2649707,0.13497071,-0.005029297,-0.1350293,-0.2650293
5.0949707,5.0549707,5.014971,4.974971,4.9249706,4.8849707,4.8449707,4.7949705,4.7549706,4.7149706,4.6749706,4.6349707,4.5949707,4.5549707,4.514971,4.4649706,4.414971,4.3649707,4.3149705,4.2749705,4.2149706,4.1749706,4.124971,4.0649705,4.0049706,3.9549706,3.8949707,3.8349707,3.7649708,3.6949706,3.6349707,3.5649707,3.4949708,3.4249706,3.3549707,3.2749708,3.2049706,3.1249707,3.0449708,2.9649706,2.8849707,2.8049707,2.7149706,2.6249707,2.5449708,2.4549706,2.3749707,2.2749708,2.1849706,2.0949707,2.0049708,1.9049706,1.8049707,1.7149707,1.6149707,1.5249707,1.4249707,1.3249707,1.2249707
3.9249706,3.8549707,3.7949708,3.7349708,3.6749706,3.6149707,3.5649707,3.5149708,3.4649706,3.4249706,3.3849707,3.3549707,3.3349707,3.3149707,3.2849708,3.2649708,3.2349708,3.2049706,3.1849706,3.1649706,3.1449707,3.1249707,3.0849707,3.0449708,3.0149708,2.9849708,2.9449706,2.9049706,2.8549707,2.8249707,2.7749708,2.7349708,2.6849706,2.6349707,2.5949707,2.5549707,2.5149708,2.4849708,2.4449706,2.4049706,2.3649707,2.3249707,2.2849708,2.2449708,2.2149706,2.1649706,2.1249707,2.0749707,2.0249708,1.9849707,1.9349707,1.8949707,1.8449707,1.7849708,1.7349707,1.6749707,1.6249707,1.5549707,1.4849707
2.8549707,2.8949707,2.9449706,2.9949708,3.0549707,3.1049707,3.1549706,3.1949706,3.2449708,3.2749708,3.2849708,3.3049707,3.3149707,3.3049707,3.2949708,3.2949708,3.2649708,3.2149706,3.1449707,3.0749707,2.9649706,2.8349707,2.7049706,2.5849707,2.4849708,2.4049706,2.3249707,2.2549708,2.2149706,2.1749706,2.1449707,2.1449707,2.1349707,2.1449707,2.1549706,2.1649706,2.1749706,2.1849706,2.1949706,2.2049706,2.2049706,2.1949706,2.1849706,2.1749706,2.1649706,2.1549706,2.1349707,2.1149707,2.0949707,2.0649707,2.0349708,2.0049708,1.9649707,1.9249707,1.8849707,1.8449707,1.7949708,1.7549707,1.7049707
2.2149706,2.2149706,2.2149706,2.2049706,2.1849706,2.1649706,2.1349707,2.0949707,2.0549707,2.0349708,2.0149708,2.0049708,2.0149708,2.0449708,2.0949707,2.1749706,2.2749708,2.3949707,2.5249708,2.6749706,2.8249707,2.9649706,3.0949707,3.2049706,3.2949708,3.3749707,3.4349706,3.4549706,3.4449706,3.3849707,3.2849708,3.1449707,3.0649707,2.9749708,2.8749707,2.7849708,2.6849706,2.6049707,2.5449708,2.4949708,2.4449706,2.3949707,2.3549707,2.3049707,2.2549708,2.2049706,2.1449707,2.0849707,2.0249708,1.9649707,1.9049706,1.8149707,1.7449707,1.6749707,1.6149707,1.5649707,1.5249707,1.4849707,1.4449707
2.5949707,2.8049707,2.9649706,3.1049707,3.2149706,3.3049707,3.3649707,3.3849707,3.3649707,3.3349707,3.3349707,3.2549708,3.1449707,3.0349708,2.8949707,2.7649708,2.6549706,2.5249708,2.3449707,2.1849706,2.0249708,1.8849707,1.7549707,1.6549706,1.5649707,1.4949707,1.4449707,1.4149708,1.3849707,1.3749707,1.3549707,1.3449707,1.3349707,1.3349707,1.3249707,1.3249707,1.3249707,1.3249707,1.3249707,1.3249707,1.3249707,1.3149707,1.3049707,1.2949708,1.2949708,1.2849708,1.2649707,1.2549707,1.2449707,1.2349707,1.2249707,1.2149707,1.2049707,1.1949707,1.1849707,1.1749707,1.1549706,1.1249707,1.0949707
2.8949707,2.8549707,2.7749708,2.7049706,2.6249707,2.5449708,2.4649706,2.3949707,2.3249707,2.2549708,2.1749706,2.0949707,2.0149708,1.9349707,1.8449707,1.7549707,1.6649708,1.5849707,1.5149707,1.4449707,1.3849707,1.3349707,1.2849708,1.2349707,1.1949707,1.1549706,1.1349707,1.1249707,1.1249707,1.1549706,1.1849707,1.2349707,1.2749707,1.3249707,1.3749707,1.4149708,1.4449707,1.4749707,1.4849707,1.4949707,1.4949707,1.4749707,1.4649707,1.4449707,1.4049706,1.3649707,1.3249707,1.2849708,1.2349707,1.1949707,1.1449707,1.0949707,1.0449708,0.9949707,0.9449707,0.8849707,0.8349707,0.7849707,0.7149707
2.4249706,2.4749708,2.4849708,2.4949708,2.5549707,2.6749706,2.9649706,3.0149708,2.9049706,2.6649706,2.2449708,1.8349707,1.5749707,1.3649707,1.2249707,1.1449707,0.9549707,0.8549707,0.7749707,0.7449707,0.7149707,0.6749707,0.6449707,0.5849707,0.4849707,0.3349707,0.24497071,0.1849707,0.1649707,0.1849707,0.21497071,0.2649707,0.3449707,0.42497072,0.5149707,0.6149707,0.6849707,0.7649707,0.81497073,0.8449707,0.8549707,0.8449707,0.81497073,0.7749707,0.7349707,0.6649707,0.5949707,0.5249707,0.4449707,0.3649707,0.2649707,0.1749707,0.0649707,-0.035029296,-0.1350293,-0.22502929,-0.3150293,-0.3950293,-0.4750293
3.0249708,2.9449706,2.7849708,2.5549707,2.3149707,2.1749706,2.1149707,2.1149707,2.1149707,2.0949707,2.0549707,2.0149708,1.9649707,1.8949707,1.7849708,1.5949707,1.3249707,0.9349707,0.4749707,-0.015029297,-0.4850293,-0.8850293,-1.1850293,-1.3450294,-1.4050293,-1.3750293,-1.2550293,-1.0750293,-0.8550293,-0.6050293,-0.3350293,-0.0750293,0.124970704,0.24497071,0.2949707,0.3049707,0.2849707,0.24497071,0.2349707,0.1849707,0.124970704,0.054970704,-0.035029296,-0.1850293,-0.3650293,-0.5550293,-0.7150293,-0.8250293,-0.9050293,-1.0150293,-1.1250293,-1.2350293,-1.3250293,-1.3950293,-1.4650292,-1.5150293,-1.5450293,-1.5650293,-1.5750293
0.2549707,0.5349707,0.8049707,1.3249707,1.6849707,1.8849707,1.8449707,1.8449707,1.7849708,1.6949707,1.5749707,1.3849707,1.1449707,0.8349707,0.4849707,0.054970704,-0.4150293,-0.9650293,-1.5350293,-2.1250293,-2.6850293,-3.1650293,-3.6550293,-3.8950293,-3.9650292,-3.6850293,-3.0050292,-2.1150293,-1.2950293,-0.8550293,-1.0350293,-1.6050293,-2.1150293,-2.0350294,-0.8850293,0.7249707,2.0449708,2.3249707,2.1349707,1.4449707,1.0749707,0.8849707,0.6549707,0.3549707,0.0749707,-0.1850293,-0.4650293,-0.8050293,-1.1250293,-1.4050293,-1.5050293,-1.6650293,-1.7650293,-1.8250293,-1.8450294,-1.8650293,-1.8850293,-1.9050293,-1.8950293
-0.6650293,0.034970704,0.7149707,1.2749707,1.6149707,1.7149707,1.6149707,1.3949707,1.1149707,0.8349707,0.56497073,0.3349707,0.13497071,-0.055029295,-0.2550293,-0.4750293,-0.7250293,-0.9850293,-1.2850293,-1.6550293,-2.0950294,-2.5450294,-2.9250293,-3.1150293,-3.0150292,-2.6850293,-2.3350294,-2.1650293,-2.0950294,-1.8750293,-1.2350293,-0.2350293,0.7049707,0.7949707,-0.045029297,-1.4850293,-2.4550292,-2.5450294,-1.6850293,-0.4650293,0.3249707,-0.005029297,-0.8950293,-1.3650293,-1.5050293,-1.6150293,-1.8050293,-2.0050292,-2.1550293,-2.2350292,-2.2050292,-2.1150293,-2.0050292,-1.8950293,-1.7850293,-1.7050292,-1.6350293,-1.6050293,-1.5950294
0.9449707,1.2449707,1.4149708,1.4549707,1.4049706,1.2449707,1.0249707,0.7349707,0.3849707,0.024970703,-0.2850293,-0.5050293,-0.6350293,-0.68502927,-0.7050293,-0.7050293,-0.7050293,-0.68502927,-0.6450293,-0.6150293,-0.6350293,-0.7150293,-0.8650293,-1.0550293,-1.2550293,-1.4250293,-1.5650293,-1.6150293,-1.5850292,-1.5550293,-1.6650293,-1.9850293,-2.1350293,-1.8250293,-1.2050292,-1.2550293,-2.5950294,-3.6450293,-3.7250292,-4.1650295,-5.6850295,-6.6150293,-4.4950294,-1.6250293,-0.5950293,-0.7250293,-1.9250293,-2.9650292,-3.2550292,-2.9850292,-2.5950294,-2.1850293,-1.7650293,-1.4850293,-1.3550293,-1.2950293,-1.2850293,-1.2950293,-1.3250293
0.8749707,0.9049707,0.8349707,0.7349707,0.6549707,0.5949707,0.56497073,0.5049707,0.3549707,0.044970702,-0.3350293,-0.7050293,-0.9750293,-1.0650293,-0.9250293,-0.5250293,-0.1050293,0.054970704,-0.055029295,-0.2650293,-0.4150293,-0.4850293,-0.5050293,-0.5150293,-0.4750293,-0.4450293,-0.4450293,-0.4750293,-0.5250293,-0.6250293,-0.7750293,-1.0550293,-1.4250293,-1.6850293,-1.6650293,-1.4650292,-1.3850293,-1.5550293,-1.8050293,-1.8150293,-1.3750293,-0.9850293,-1.4450293,-2.7950294,-4.3650293,-5.485029,-5.7650294,-5.105029,-3.9050293,-2.8550293,-2.2850294,-1.9950293,-1.8150293,-1.7150292,-1.7350293,-1.8850293,-2.0650294,-2.2850294,-2.2950294
0.054970704,0.014970703,-0.095029294,-0.1250293,0.2849707,1.2149707,2.0049708,2.2449708,2.1349707,1.9049706,1.1749707,0.4949707,0.11497071,-0.2450293,-0.6050293,-0.7150293,-0.4450293,0.034970704,0.3249707,0.2249707,-0.14502929,-0.4650293,-0.5650293,-0.5250293,-0.4950293,-0.5350293,-0.6350293,-0.6950293,-0.7150293,-0.7150293,-0.7650293,-0.9750293,-1.4250293,-2.0250292,-2.7450292,-3.3150294,-3.7150292,-3.5450294,-3.1850293,-2.7450292,-2.6550293,-2.5750294,-2.0350294,-1.3950293,-1.6750293,-2.4550292,-2.5450294,-1.9450293,-1.4450293,-0.93502927,-0.2650293,0.1749707,0.1549707,-0.3750293,-1.2650293,-2.1750293,-2.5950294,-2.0850294,-0.9850293
2.6449707,4.3349705,4.454971,4.3149705,3.5849707,2.7249708,1.4649707,-0.1750293,-1.9450293,-2.4050293,-1.6250293,-0.6450293,-0.1250293,0.0749707,0.4349707,0.9349707,1.2049707,0.9849707,0.5149707,0.1549707,0.024970703,0.044970702,0.0749707,0.014970703,-0.2050293,-0.4950293,-0.5750293,-0.5550293,-0.7650293,-1.2450293,-1.6750293,-1.5850292,-1.1550293,-0.8750293,-0.8650293,-1.2550293,-1.9150293,-2.8850293,-2.9950292,-2.5250292,-2.0950294,-2.0050292,-1.4550292,-0.93502927,-0.5950293,-0.2050293,-0.0850293,0.0949707,0.8249707,1.3049707,0.9049707,0.2949707,-0.2650293,-0.7650293,-1.7650293,-3.3650293,-4.4250293,-2.6850293,0.1549707
2.9149706,-0.1850293,-2.4750292,-2.0350294,-0.2750293,0.9849707,1.5649707,1.4749707,0.8949707,0.2649707,-0.1750293,-0.3350293,-0.2650293,-0.095029294,0.124970704,0.3849707,0.9149707,1.7249707,2.2649708,2.0149708,1.1649708,0.24497071,-0.5450293,-1.2850293,-1.7650293,-1.9850293,-1.8550293,-1.3850293,-0.6650293,-0.14502929,-0.06502929,-0.5350293,-1.4350293,-1.9850293,-2.0350294,-2.0350294,-2.4150293,-2.8250294,-2.8150294,-2.7550292,-1.9250293,-0.5050293,0.39497072,0.7349707,0.9049707,1.1949707,0.8749707,0.2649707,-0.0750293,-0.4150293,-1.0550293,-1.5350293,-2.4150293,-4.275029,-5.9150295,-5.3450294,-1.3250293,1.9849707,3.0449708
1.9249707,2.2849708,3.1549706,2.9449706,2.3149707,1.7749707,1.4749707,1.2849708,0.9349707,0.3049707,-0.2050293,-0.1850293,0.24497071,0.6349707,0.5749707,0.24497071,-0.025029296,0.4149707,1.4549707,2.2449708,1.8849707,0.56497073,-0.6950293,-1.4550292,-1.9650292,-2.5950294,-3.1250293,-2.8850293,-1.9450293,-1.2450293,-1.3950293,-1.6350293,-2.0850294,-2.7050292,-3.2450292,-3.1050293,-2.6850293,-3.1350293,-3.8050294,-3.2250292,-2.1550293,-1.3650293,-1.2050292,-1.2150292,-1.2950293,-1.1650293,-1.1750293,-1.2350293,-1.0150293,-1.0350293,-1.7750293,-2.2850294,-2.3950293,-2.0950294,-1.7650293,-1.6350293,-1.4550292,-1.2550293,-0.7550293
4.4649706,3.8549707,3.1649706,2.6449707,2.2949708,1.9449707,1.5049707,0.7049707,-0.3350293,-0.4250293,0.9349707,1.8049707,1.4349707,0.2949707,-0.025029296,0.24497071,-0.095029294,-0.8950293,-0.7450293,-0.1650293,-0.2050293,-0.2550293,0.0649707,-0.3750293,-1.4350293,-2.1650293,-2.2350292,-2.1150293,-2.0850294,-1.6550293,-1.4350293,-1.8450294,-2.4150293,-2.5650294,-2.2350292,-1.8750293,-2.2150292,-2.9150293,-3.4350293,-3.1950293,-2.6450293,-2.4750292,-2.5450294,-2.3450294,-2.0650294,-1.6950293,-1.0950294,-0.3950293,-0.045029297,-0.3850293,-1.0950294,-1.6850293,-1.9650292,-1.9850293,-1.9350293,-1.8050293,-1.5950294,-1.2550293,-0.4050293
5.9849706,4.6349707,3.4749708,2.4549706,1.7649707,1.4049706,0.6749707,-0.6150293,-0.6750293,1.1749707,1.7449707,0.8049707,-0.5850293,-1.3250293,-1.3550293,-0.4150293,-0.5750293,-0.8350293,-0.2650293,-0.29502928,-0.6750293,-0.4650293,0.1749707,-0.5650293,-1.6950293,-2.3050294,-2.2750292,-2.0350294,-2.0050292,-2.1250293,-2.2950294,-2.2850294,-2.1850293,-2.0650294,-2.0250292,-2.4050293,-2.8350294,-2.9350293,-2.8150294,-2.8550293,-2.8450294,-2.6350293,-2.4450293,-1.7650293,-0.4450293,-0.0750293,-0.5450293,-0.6950293,-0.4850293,-0.8450293,-1.2450293,-1.2650293,-1.1250293,-0.8750293,-0.6150293,-0.3950293,-0.035029296,0.2049707,0.3649707
5.7849708,4.6549706,3.6649706,2.4449706,1.4849707,0.5049707,-1.0750293,-1.1650293,0.8849707,1.0149707,-0.1250293,-0.7650293,-1.2750293,-1.4150293,-1.6450293,-1.1850293,-1.3450294,-0.9050293,-0.2150293,-0.6150293,-1.1750293,-1.7050292,-2.3250294,-2.9750292,-4.335029,-2.8350294,-3.0250292,-3.1350293,-3.2450292,-3.2150292,-2.8650293,-2.4450293,-1.9050293,-1.3750293,-1.2250293,-1.3150293,-1.1950293,-1.0050293,-1.0150293,-1.0250293,-0.7250293,-0.1550293,0.3349707,0.044970702,-0.8950293,-1.5850292,-1.4950293,-0.9450293,-0.6750293,-0.4650293,-0.14502929,-0.32502928,-1.1150293,-0.9650293,0.084970705,0.7949707,1.1949707,1.2849708,1.3149707
4.8449707,3.9749708,4.4049706,3.0749707,1.5849707,0.1049707,-1.8150293,-2.4050293,-0.2850293,0.2549707,-1.0650293,-1.6950293,-2.9450293,-2.3150294,-1.3350292,-0.055029295,-1.1050293,-1.4050293,-1.4850293,-1.9250293,-2.2950294,-2.8850293,-3.3450294,-3.3450294,-3.4050293,-3.1950293,-3.6550293,-3.8550293,-4.1350293,-4.005029,-1.1650293,-1.0850292,-0.5350293,1.3649707,1.0449708,-0.1950293,-0.0750293,0.3049707,0.1549707,-0.1050293,-1.1650293,-1.4950293,-1.2450293,-1.9950293,-1.9750293,-1.9850293,-1.6350293,-1.1050293,-0.7150293,-0.025029296,0.5449707,0.6049707,0.24497071,0.2649707,0.3849707,-0.025029296,0.3249707,1.3849707,1.7549707
4.894971,5.0449705,3.3449707,1.5149707,0.6249707,0.39497072,0.054970704,-1.5950294,-2.4950292,-1.4250293,-1.1450293,-1.6650293,-1.8350292,-2.2750292,-2.8650293,-2.3450294,-2.9650292,-3.1050293,-2.9050293,-2.4650292,-3.0550294,-3.6750293,-3.9550292,-3.9850292,-3.9450293,-3.9850292,-4.065029,-4.145029,-2.9050293,-1.6450293,-1.4950293,-0.8150293,-1.0450293,-0.9550293,-1.2850293,-1.1750293,-0.8150293,-1.2850293,-1.4550292,-1.2650293,-0.9150293,-0.9950293,-1.7350293,-2.4250293,-2.7650292,-2.8450294,-0.6150293,-0.29502928,-1.2750293,-0.7950293,-0.2350293,-0.1550293,-0.3050293,-0.1050293,0.1449707,0.4649707,1.2049707,1.4549707,1.5849707
3.3349707,3.0349708,2.1249707,0.8549707,0.24497071,-0.2350293,-0.6550293,-0.5050293,-1.3050293,-3.0350294,-2.6450293,-2.1650293,-3.4250293,-2.9050293,-2.9250293,-2.7250292,-2.2850294,-2.4150293,-2.1450293,-2.5550294,-3.1550293,-3.6950293,-4.005029,-4.295029,-4.4950294,-4.395029,-4.395029,-4.1150293,-2.8650293,-3.2450292,-1.1450293,-0.055029295,-0.4550293,-1.4850293,-1.1850293,-1.4050293,-1.2350293,-1.6050293,-2.1950293,-1.5050293,-1.4850293,-2.3450294,-3.0350294,-3.7650292,-2.7850294,-1.8450294,-1.7050292,-1.1250293,-1.5350293,-1.5550293,-0.1750293,0.6649707,0.6149707,0.4949707,0.6249707,0.8049707,1.1049707,1.0549707,0.8849707
3.3149707,2.3949707,0.6749707,-0.5150293,0.2949707,0.6749707,-0.9450293,-2.0250292,-2.0650294,-3.1850293,-3.4050293,-2.8650293,-3.6250293,-5.1550293,-2.7450292,-1.5350293,-2.8050294,-3.0150292,-2.7650292,-2.8250294,-3.4250293,-3.8450294,-4.105029,-4.375029,-4.525029,-4.4050293,-3.8650293,-3.7950294,-2.8350294,-1.6750293,-1.5650293,-1.7950293,-2.1950293,-2.3150294,-2.4450293,-2.2750292,-2.1050293,-2.0050292,-1.5950294,-1.8250293,-2.2050292,-2.9850292,-3.1550293,-1.7450293,-1.2250293,-1.1150293,-0.9150293,-0.8550293,-0.5150293,0.2249707,0.5949707,0.8449707,1.2249707,1.1449707,0.8549707,1.4149708,0.6849707,0.014970703,-0.3350293
1.4249707,1.5049707,1.8849707,1.4949707,-0.6950293,-1.8550293,-2.2650292,-1.7450293,-2.3550293,-3.0550294,-3.3550293,-4.1550293,-2.0350294,0.1649707,-2.2250292,-3.3350294,-3.0850294,-3.3050294,-3.5950294,-3.5950294,-3.7850294,-4.3650293,-4.375029,-4.255029,-4.485029,-4.4350295,-4.295029,-5.1850295,-4.315029,-2.6850293,-2.2650292,-4.005029,-3.3550293,-3.2050292,-2.8550293,-2.3250294,-2.0450294,-1.7850293,-1.4750293,-1.2650293,-1.5050293,-1.6850293,-1.4150293,-0.4950293,0.0949707,0.7249707,0.9849707,1.1149707,0.9749707,0.8949707,0.9449707,0.9749707,0.9749707,0.3549707,-0.045029297,0.0049707033,0.0049707033,-0.1250293,-0.6050293
1.4649707,-0.5850293,-1.8650293,-0.6250293,-1.1050293,-2.4150293,-2.6550293,-2.0950294,-2.6350293,-3.5050292,-3.6650293,-3.5850294,-2.4050293,-2.8850293,-3.4350293,-3.3250294,-3.6050293,-3.9750292,-4.1650295,-4.145029,-4.3850293,-4.7250295,-4.775029,-4.6950293,-4.8650293,-4.6150293,-4.8050294,-5.335029,-4.895029,-3.6650293,-3.9650292,-3.9950292,-3.9150293,-3.5250292,-2.2350292,-0.8850293,-0.3450293,-0.3350293,-1.0350293,-1.3450294,-0.8350293,-0.93502927,-0.93502927,-0.5850293,0.1749707,0.1549707,0.2349707,0.6949707,0.1949707,0.0649707,0.42497072,0.3649707,0.024970703,0.1749707,0.2349707,-0.1650293,-0.2850293,-0.4850293,-0.35502928
