raw-data/2018091500.json
{"header": { "discipline":0, "disciplineName":"Meteorological products", "gribEdition":2, "gribLength":74448, "center":7, "centerName":"US National Weather Service - NCEP(WMC)", "subcenter":0, "refTime":"2018-09-15T00:00:00.000Z", "significanceOfRT":1, "significanceOfRTName":"Start of forecast", "productStatus":0, "productStatusName":"Operational products", "productType":1, "productTypeName":"Forecast products", "productDefinitionTemplate":0, "productDefinitionTemplateName":"Analysis/forecast at horizontal level/layer at a point in time", "parameterCategory":2, "parameterCategoryName":"Momentum", "parameterNumber":3, "parameterNumberName":"V-component_of_wind", "parameterUnit":"m.s-1", "genProcessType":2, "genProcessTypeName":"Forecast", "forecastTime":0, "surface1Type":103, "surface1TypeName":"Specified height level above ground", "surface1Value":10.0, "surface2Type":255, "surface2TypeName":"Missing", "surface2Value":0.0, "gridDefinitionTemplate":0, "gridDefinitionTemplateName":"Latitude_Longitude", "numberPoints":65160, "shape":6, "shapeName":"Earth spherical with radius of 6,371,229.0 m", "gridUnits":"degrees", "resolution":48, "winds":"true", "scanMode":0, "nx":360, "ny":181, "basicAngle":0, "lo1":0.0, "la1":90.0, "lo2":359.0, "la2":-90.0, "dx":1.0, "dy":1.0 }, "data":
[rows 78 to 103 of 181, columns 118 to 176 of 360]
2.0611036,5.0211034,6.2211037,8.301104,10.861103,11.291103,10.121103,4.8911037,13.211103,9.181104,10.6711035,10.011104,8.311104,7.2111034,5.7811036,4.1811037,2.7711036,1.2511035,-0.37889647,-2.4388964,-3.6888964,-5.6388965,-5.3188963,-5.7888966,-6.4888964,-5.4888964,-4.9388967,-4.0988965,-3.1588964,-2.8088965,-3.1088965,-2.9388964,-2.7488966,-2.1388965,-0.5688965,0.28110352,0.9111035,-0.30889648,-0.7388965,-0.06889649,-1.2488965,-1.4188964,-2.3388965,-3.6988964,-3.1088965,-3.7388964,-4.4388967,-4.0488963,-3.3788965,-3.0888965,-1.9288964,-0.15889649,1.3211036,2.3011036,2.0111036,1.4511036,0.6811035,-0.008896484,-1.0188965
4.9311037,7.1111035,6.9211035,8.061104,8.161103,12.861103,7.2411036,5.8711033,8.641104,9.371103,10.541103,9.821103,8.651104,7.2311034,5.4911036,3.8911035,2.5811036,0.9611035,-0.7988965,-3.1588964,-4.6388965,-5.9588966,-6.0588965,-6.4388967,-6.6588964,-6.2488966,-4.9588966,-4.8188963,-3.2488966,-3.3188965,-3.6788964,-3.5688965,-3.0988965,-2.3688965,-0.9688965,-0.18889648,0.16110352,-0.18889648,0.40110353,-0.5588965,-0.9188965,-1.5988965,-3.0388966,-3.7488966,-3.2688966,-3.8688965,-3.5088966,-3.8688965,-3.0088966,-2.1388965,-1.5188965,1.3211036,2.6711035,2.8411036,0.9511035,0.38110352,0.46110353,-0.6188965,-0.8588965
6.5911036,1.9011035,8.241103,9.091104,10.581103,5.2611036,9.781103,10.6311035,2.3611035,8.961103,10.931104,9.651104,8.121103,6.8711033,4.8811035,3.1911035,1.8711035,0.23110351,-1.4888965,-3.4888964,-4.4888964,-6.0888963,-6.7388964,-6.8488965,-7.0088964,-6.2188964,-5.2788963,-4.6388965,-3.6188965,-3.6288965,-2.9588964,-2.5088966,-2.9688964,-2.7188964,-2.5388966,-0.6588965,0.54110354,0.6211035,1.2711035,0.73110354,-0.5388965,-1.7788965,-2.6288965,-3.7288964,-3.5388966,-3.0788965,-2.0588965,-0.7188965,-0.018896485,-0.20889649,0.9511035,4.0411034,4.7111034,2.8711035,1.1611035,0.37110353,-0.12889649,-0.6288965,-0.028896485
2.7311034,7.9911036,8.661103,9.401104,9.991103,7.4611034,9.371103,1.1311035,2.0011034,8.691104,10.311104,9.081103,7.4211035,6.3911037,4.2311034,2.6011035,0.9711035,-0.94889647,-2.4088964,-4.0788965,-5.3288965,-5.7288966,-6.9388967,-6.4288964,-6.9388967,-6.5988965,-6.5288963,-5.1288967,-4.1588964,-3.6688964,-3.1188965,-3.1488965,-3.2188964,-2.7688966,-1.2388965,-0.16889648,0.07110351,1.1311035,1.3211036,0.4811035,-0.40889648,-1.8088965,-2.2488966,-2.8388965,-3.1388965,-2.5488966,0.3511035,1.2711035,1.7111036,1.7211035,2.3811035,3.6011035,3.1311035,2.4811034,1.2411035,0.17110352,0.54110354,0.60110354,0.7711035
6.5911036,7.6511035,8.241103,8.681104,7.7911034,3.2711036,3.9411035,2.3411036,3.5411036,11.681104,9.901104,8.331103,6.8511033,5.7511034,3.4811034,2.0511036,0.051103517,-1.9388965,-3.0888965,-4.1688967,-5.3088965,-6.1588964,-6.5288963,-7.3288965,-7.9688964,-6.4088964,-5.6688967,-4.9688964,-4.0688963,-3.2288964,-3.1088965,-3.0888965,-3.0688965,0.0111035155,-0.37889647,0.041103516,1.1111035,1.1711035,1.3411036,0.23110351,-0.9288965,-2.0288966,-2.3988965,-2.1688964,-2.2188964,-1.7488965,-0.10889649,1.2211035,2.2511034,2.3611035,2.1311035,1.9611036,2.1711035,1.8011035,1.1411035,0.8711035,0.31110352,1.2611035,0.7711035
4.7111034,6.0711036,8.031103,7.7911034,2.8111036,7.9811034,3.4911034,-0.19889648,1.8411036,9.681104,8.771104,7.0511036,6.3011036,5.2111034,2.9711034,1.4511036,-0.5988965,-2.8288965,-3.8488965,-4.5988965,-5.5088964,-6.6488967,-7.6888967,-9.168897,-8.838897,-6.8588963,-5.7088966,-5.1888967,-4.2288966,-3.4188964,-3.2388964,-1.7888964,-0.95889646,0.79110354,1.6511035,1.9911035,2.2711036,2.1711035,0.7011035,0.08110352,-0.6588965,-1.3988965,-1.6688964,-1.3188965,-1.5688965,-1.4288964,-1.2088965,0.5611035,1.7311035,1.9111035,1.4311035,1.4711035,1.8111035,1.2311035,0.7511035,1.6911035,2.4711034,2.5811036,2.0811036
4.0511036,6.5611033,8.541103,5.1411037,7.9211035,6.2911034,1.5111035,2.6211035,6.6511035,7.9411035,7.4611034,5.8111033,5.9111037,4.6211033,3.2111034,0.6611035,-1.3988965,-2.5988965,-3.6488965,-4.3888965,-5.5088964,-6.9588966,-7.8388963,-8.728896,-8.718897,-7.0388966,-5.9088964,-5.1988964,-4.1288967,-3.5288966,-2.1888964,-2.0688965,-0.25889647,1.7411035,1.9411035,2.0611036,1.8011035,1.7811035,1.0411035,-0.95889646,-0.76889646,-1.0688965,-0.82889646,-1.2688965,-1.7088965,-1.5988965,-1.1188965,0.18110351,1.6911035,2.0611036,1.1111035,1.1311035,1.4711035,1.7811035,2.5411036,3.5911036,3.9411035,4.0611033,3.7311034
1.4411035,6.3711033,7.5911036,8.591104,7.0011034,5.1311035,4.1111035,3.6611035,6.0911036,7.1511035,6.3811035,4.7011037,5.6211033,5.3911037,4.1711035,0.46110353,-0.8588965,-2.4988966,-3.0488966,-3.9688964,-5.1088963,-6.2988963,-7.3688965,-8.678897,-7.7588964,-6.4188967,-5.1988964,-4.7788963,-4.4788966,-3.9188964,-2.9888964,-0.19889648,0.15110351,1.1711035,1.1911035,1.0911036,1.4111035,1.6311035,0.38110352,0.3311035,-1.0988965,-1.2688965,-1.5488964,-1.9188964,-2.4588964,-2.7588966,-1.8988965,-0.20889649,0.9311035,1.1211035,1.0411035,0.9511035,1.2811035,2.5611036,4.0511036,3.8711035,3.9511034,4.3511033,4.6011033
5.2811036,8.801104,8.911103,7.2411036,5.8711033,5.1911035,3.7511034,3.4811034,7.5011034,7.5111036,6.0011034,4.5611033,5.4011035,5.6411037,3.5711036,0.6611035,-1.5288965,-2.0388966,-2.1588964,-3.1888964,-4.5188966,-5.4788966,-6.5288963,-7.6288967,-7.1788964,-5.8888965,-4.9188967,-4.3988967,-4.5288963,-3.8188965,-2.8188965,-0.6888965,0.44110352,0.5311035,0.55110353,0.6911035,0.98110354,0.9311035,0.67110354,-0.2688965,-0.57889646,-1.5088965,-1.9688965,-1.9888965,-2.2188964,-2.2488966,-1.9588965,-0.37889647,0.46110353,1.1311035,0.7711035,2.0211036,2.5811036,3.3811035,3.3511035,3.5311036,3.6111035,3.7811036,4.0911036
8.301104,9.281103,8.341104,6.2811036,5.3711033,4.7111034,2.4911034,2.8411036,8.371103,7.3911037,4.7111034,5.2411036,6.3811035,6.2311034,4.2911034,0.3311035,-0.6288965,-0.8188965,-1.8988965,-2.5588965,-3.5588965,-4.2188964,-5.0788965,-6.0988965,-5.9988966,-5.3288965,-5.2388964,-4.9488964,-3.8988965,-3.1888964,-1.9688965,-0.6188965,-0.20889649,0.041103516,0.22110352,0.47110352,0.55110353,0.38110352,-0.078896485,-0.6188965,-2.0788965,-2.2488966,-2.2988966,-2.4688964,-2.3888965,-1.9988965,-1.7388965,-1.1888965,-0.13889648,0.7811035,1.1411035,1.6611035,1.9411035,2.2211034,3.1611035,3.2011034,3.2811036,3.3111036,3.6211035
5.9911036,8.601104,6.9511037,2.7011034,5.1811037,4.4511037,3.7911036,2.4111035,8.051104,7.2611036,1.5211035,5.2511034,5.2011037,3.3811035,3.6911035,1.5611035,0.92110354,-0.14889649,-0.75889647,-1.9788965,-3.1288965,-3.2888966,-3.4688964,-3.2288964,-4.0488963,-3.6388965,-3.4988966,-4.2688966,-4.3588963,-2.7488966,-2.2388964,-1.1788964,-0.5288965,-0.64889646,-0.30889648,-0.13889648,-0.24889648,-0.24889648,-0.7388965,-1.1688964,-1.4388965,-2.4888964,-2.8788965,-2.4888964,-1.6388965,-1.3388965,-1.2188965,-0.7388965,0.60110354,1.2711035,1.7011036,1.9811035,2.8111036,3.2811036,2.8811035,2.8011036,2.5311036,2.5311036,2.7511034
2.5311036,5.9911036,3.4811034,1.3611035,1.3811035,5.6511035,4.4011035,5.9511037,5.4811034,5.2511034,1.0611035,5.0211034,4.4711037,-1.9388965,-0.16889648,0.8411035,1.8411036,0.74110353,0.41110352,-0.9688965,-2.2988966,-2.4488964,-2.2188964,-2.3288965,-1.5888965,-2.0888965,-0.5488965,-0.50889647,-0.3288965,-0.8488965,-0.6088965,-0.4188965,0.43110353,-0.9888965,-0.3288965,-0.2988965,-0.25889647,-0.3288965,-0.5488965,-1.1688964,-2.7488966,-3.1388965,-2.2288964,-1.9988965,-1.6988965,-1.4188964,-0.43889648,-0.008896484,1.3811035,1.9311035,2.3511035,3.1811035,2.4211035,2.1311035,1.9311035,1.9511036,1.9711035,1.9711035,2.0811036
8.591104,6.4511037,0.23110351,-1.6388965,0.41110352,3.1211035,4.7411036,3.6311035,4.4511037,3.6511035,0.17110352,4.4011035,4.9611034,0.28110352,1.5311035,4.0511036,3.0211036,2.0511036,0.98110354,0.07110351,-0.09889648,-0.9288965,-1.1688964,-1.8888965,-1.6488965,-0.30889648,0.041103516,0.051103517,0.24110352,0.60110354,1.0611035,1.3011035,1.6411035,1.1211035,0.2711035,0.4811035,0.3211035,-0.16889648,-0.038896486,-0.8588965,-1.4888965,-1.4188964,-1.9188964,-2.0188966,-1.4888965,-0.8088965,-0.17889649,0.49110353,1.2511035,1.9211035,2.8311036,2.6111035,2.6511035,2.1311035,1.8211036,1.8311036,1.9511036,1.9511036,1.9011035
7.6211033,3.7311034,1.0311035,1.4411035,2.5411036,2.9211035,6.9711037,1.8711035,3.9411035,5.5811033,2.2111034,1.7811035,3.9011035,1.7011036,-0.3888965,0.13110352,0.3211035,1.9811035,0.44110352,1.0711036,0.8811035,1.5011035,1.1111035,0.8311035,-0.33889648,0.9311035,1.6611035,2.1311035,2.4611034,2.2611036,2.9411035,2.5711036,2.6011035,2.5911036,2.8811035,1.2811035,0.5811035,-0.5288965,-0.51889646,-0.2988965,-0.2988965,-0.7788965,-1.6588964,-1.9488965,-1.5488964,-0.6788965,0.3311035,1.1511035,1.6111035,1.8411036,1.8711035,2.2811036,2.4811034,1.5211035,0.44110352,1.7311035,1.6111035,1.5911036,1.6911035
8.431104,1.2311035,1.0611035,0.2711035,-0.118896484,4.9811034,5.5211034,3.8911035,0.5111035,6.8111033,4.7411036,1.9211035,-0.08889648,3.0411036,-1.0088965,-0.6888965,-0.2988965,0.5211035,1.0511035,0.3511035,0.3611035,0.5311035,1.7411035,1.7311035,2.3511035,1.9311035,2.9611034,3.2611036,2.7011034,1.6811035,3.4911034,3.1811035,3.3511035,2.5511036,2.3011036,2.2711036,1.6111035,0.5311035,-0.25889647,0.4511035,0.3211035,-0.46889648,-0.49889648,-0.7488965,-0.8488965,-0.6588965,0.14110352,1.1911035,1.1211035,1.2911035,1.8111035,2.1711035,1.9911035,2.1111035,2.7711036,1.5311035,1.2311035,1.0111035,1.1011035
8.211103,0.80110353,-0.21889648,-0.9688965,1.2911035,5.0211034,5.7311034,6.3411036,-0.028896485,5.7511034,5.7011037,2.7811036,3.4711034,6.2011037,3.8011036,2.1211035,-0.038896486,2.5011034,0.19110352,0.5011035,-0.40889648,0.6311035,0.8211035,0.5911035,-0.18889648,1.7511035,4.8111033,3.3711035,3.4211035,4.4011035,3.7311034,3.6511035,3.5111036,1.9411035,1.2411035,1.1111035,0.23110351,0.21110351,0.7711035,-0.06889649,-0.33889648,-0.09889648,-0.40889648,-0.7988965,0.2711035,1.1911035,1.3411036,1.1011035,1.2911035,1.3211036,1.9111035,2.2211034,2.4811034,1.6511035,0.21110351,0.38110352,0.08110352,0.28110352,0.16110352
3.9011035,3.2911036,1.7311035,1.9611036,0.3211035,2.2111034,4.7611036,4.9511037,3.5711036,2.7011034,3.9711034,4.5811033,6.1911035,4.5511036,6.4011035,1.5511035,3.2111034,1.0211035,0.031103516,-0.8788965,-1.2988964,-0.6288965,0.2611035,0.73110354,-0.038896486,-0.078896485,1.1911035,1.5211035,4.1711035,4.8011036,4.8011036,5.7411036,3.8611035,1.6611035,-0.8188965,-1.2588965,-2.7788966,-1.0488964,-1.7988964,-1.8588965,-2.6288965,-2.5088966,-0.6088965,0.2611035,0.34110352,1.0211035,1.6911035,1.6011035,1.9511036,2.4711034,2.1511035,1.9811035,1.7511035,1.5811036,1.1511035,-0.6688965,-1.1788964,-1.1788964,-0.5588965
5.8911037,2.6611035,1.1211035,1.7411035,1.3911035,2.4211035,4.3011036,4.7611036,4.5311036,5.0611033,4.7211037,5.2411036,5.7311034,5.6411037,4.3511033,4.2011037,3.9211035,3.8711035,-0.078896485,-1.8488965,-0.15889649,0.9311035,1.4911035,-0.5388965,-0.15889649,0.14110352,0.2711035,0.021103516,0.46110353,2.3511035,3.5311036,3.8611035,1.7411035,2.5311036,-1.0588965,-2.3788965,-1.3988965,-1.1088965,-0.30889648,-1.0588965,-0.94889647,-1.9488965,-1.8588965,-0.22889648,0.6411035,0.8711035,1.3111035,2.0111036,2.0811036,2.0611036,2.0311036,1.4911035,1.6311035,1.6311035,1.5611035,1.1611035,-0.22889648,-2.3288965,-1.3288965
5.0011034,3.9311035,0.5211035,2.4311035,2.4711034,2.3811035,3.3411036,3.9811034,4.9511037,5.3411036,4.8111033,4.6911035,5.0211034,4.1311035,4.8911037,4.1911035,3.9311035,5.3411036,4.0311036,1.4311035,1.8311036,1.3411036,1.6811035,0.80110353,0.41110352,0.021103516,0.25110352,0.4511035,1.4211035,-1.6988965,0.37110353,0.07110351,-0.57889646,-2.5288966,2.9611034,-3.7788966,-2.7288964,-0.6088965,-0.008896484,1.3011035,-0.23889649,-0.008896484,0.17110352,1.0811036,0.46110353,1.2911035,1.2711035,2.1711035,3.3111036,2.7211034,2.1511035,0.8311035,0.86110353,0.22110352,-0.2988965,-0.64889646,-0.4288965,-0.50889647,-2.2288964
4.1911035,3.3511035,2.5011034,2.7511034,3.0411036,2.6511035,3.5011034,3.0511036,2.5111036,5.7611036,5.3811035,4.6911035,4.8211036,4.4211035,4.9111037,4.1911035,4.3311033,4.7511034,3.7911036,3.2011034,2.2111034,1.2611035,1.1211035,1.2411035,1.2811035,0.5011035,1.0211035,0.61110353,-0.7188965,-1.2588965,1.5011035,2.0611036,1.6911035,-2.4688964,-2.0188966,-3.0188966,-3.3788965,1.3411036,-0.63889647,-0.40889648,-0.09889648,1.1811035,2.2511034,2.5811036,1.7611035,1.4111035,2.0311036,2.3011036,3.2011034,3.3011036,3.7311034,2.7711036,0.7711035,-0.22889648,0.28110352,0.15110351,0.0111035155,-1.1088965,-1.7088965
1.2411035,5.1911035,-0.5888965,2.3711035,3.0111036,2.0111036,3.5411036,1.1711035,1.2211035,4.3511033,5.2511034,4.9611034,4.9011035,4.5911036,4.0211034,3.5311036,3.6511035,4.1311035,4.0311036,3.3011036,1.5211035,1.7011036,1.0511035,1.1311035,0.9311035,1.5611035,5.2611036,4.8111033,-1.2188965,0.13110352,-1.6488965,-0.63889647,-0.13889648,-0.5288965,-3.9988966,-0.57889646,-1.1288965,-1.9788965,-0.25889647,-0.8188965,1.0911036,0.80110353,3.3811035,4.5411034,3.2711036,2.0911036,2.0811036,2.7011034,3.1611035,3.3711035,3.1211035,2.2611036,2.0111036,1.7611035,1.6511035,0.55110353,-0.15889649,-1.2588965,-1.8088965
0.7611035,0.28110352,1.2411035,0.6211035,0.7811035,-0.5888965,0.20110351,0.051103517,0.8411035,2.4311035,3.3611035,3.5011034,3.6611035,3.4611034,2.8111036,2.4911034,2.1611035,2.4011035,2.2011034,2.8311036,3.5811036,3.8611035,3.9611034,2.3911035,2.7111034,3.0611036,6.9211035,7.4011035,7.6911035,-0.12889649,-0.5888965,1.9311035,2.8811035,3.9611034,0.7011035,-0.5588965,-2.5388966,-1.3488965,-0.9188965,-0.94889647,0.31110352,1.8311036,1.7711035,0.5711035,3.0211036,2.7711036,2.8111036,2.2711036,3.0411036,3.7811036,3.3111036,2.3311036,1.9711035,1.3611035,1.4811035,1.2711035,0.3511035,-0.7788965,-1.1588964
0.8711035,0.6511035,0.6311035,2.5211036,2.9111035,2.5811036,0.38110352,-0.19889648,1.6911035,1.6911035,1.7811035,1.8411036,2.1811035,2.0511036,1.2111036,0.79110354,0.5011035,0.8111035,1.8311036,1.9811035,2.1011035,3.0711036,3.6611035,4.0811033,4.8511033,5.9011035,6.7011037,6.7411036,6.3711033,5.7511034,0.98110354,0.61110353,2.4611034,1.7011036,1.0311035,1.1311035,1.8911035,0.6211035,1.1411035,-0.16889648,1.7811035,3.1811035,2.6711035,1.2011036,3.5211036,2.4111035,2.6411035,2.7211034,2.8511035,3.2511034,2.5311036,1.9511036,1.3811035,1.5311035,2.0711036,1.8311036,1.5411035,0.5211035,0.0111035155
2.9911034,2.2211034,2.8411036,3.6011035,3.5011034,3.1211035,3.0011034,2.8411036,2.8111036,2.5311036,1.5711036,0.80110353,0.20110351,0.18110351,0.041103516,1.3111035,1.2911035,0.85110354,0.92110354,2.1411035,2.2211034,1.6911035,2.4211035,2.9611034,1.9411035,6.0911036,5.7611036,6.3411036,6.7011037,6.4711037,6.4611034,7.2411036,7.8811035,5.8211036,4.4711037,3.3611035,3.5011034,3.8911035,3.4911034,4.1911035,3.5911036,3.6011035,3.1411035,3.0011034,1.4911035,2.2411034,2.7511034,3.0411036,3.0711036,3.1211035,2.2211034,1.3811035,1.5711036,2.0011034,2.1911035,1.8611035,1.2511035,1.2311035,1.3411036
2.1711035,3.1911035,3.4911034,3.8011036,4.2711034,4.0811033,3.7711036,3.6411035,3.3211036,3.1411035,2.4011035,0.9011035,-0.95889646,-1.2188965,0.061103515,1.1711035,1.3511035,1.2311035,1.2211035,1.4811035,1.9711035,0.3011035,1.1211035,1.7911035,1.2011036,2.6211035,4.7611036,5.3911037,6.1311035,6.5911036,6.8111033,7.1411037,7.0211034,7.2111034,6.2711034,5.6711035,5.4911036,4.7811036,4.6111035,4.0711036,3.4811034,2.7311034,3.8911035,4.4411035,4.7211037,3.6311035,2.6011035,2.6711035,2.6911035,2.5911036,2.3911035,2.0311036,1.8111035,1.6611035,2.2911036,2.2611036,2.0911036,1.8411036,1.8511035
1.8811035,2.1711035,2.5111036,2.7511034,3.0611036,3.7311034,4.0811033,4.2311034,4.1711035,2.7811036,1.4711035,1.4411035,-1.3288965,-1.6788964,-0.9388965,0.8211035,1.0611035,0.8411035,0.8911035,0.5711035,0.80110353,-0.9388965,-0.46889648,1.0711036,0.92110354,1.2911035,4.2911034,5.0211034,5.2911034,5.6311035,5.6411037,5.8311033,6.1011033,6.5911036,6.6911035,6.5611033,6.3111033,6.0111036,5.5911036,5.7311034,5.1011033,4.6311035,4.1511035,3.8411036,3.7911036,3.3311036,2.2111034,2.0011034,2.2311034,2.4811034,1.8411036,1.3811035,1.2611035,1.6711035,2.2911036,2.2711036,2.1811035,2.4811034,2.7111034
