raw-data/2018091718.json
{"header": { "discipline":0, "disciplineName":"Meteorological products", "gribEdition":2, "gribLength":74821, "center":7, "centerName":"US National Weather Service - NCEP(WMC)", "subcenter":0, "refTime":"2018-09-17T18:00:00.000Z", "significanceOfRT":1, "significanceOfRTName":"Start of forecast", "productStatus":0, "productStatusName":"Operational products", "productType":1, "productTypeName":"Forecast products", "productDefinitionTemplate":0, "productDefinitionTemplateName":"Analysis/forecast at horizontal level/layer at a point in time", "parameterCategory":2, "parameterCategoryName":"Momentum", "parameterNumber":2, "parameterNumberName":"U-component_of_wind", "parameterUnit":"m.s-1", "genProcessType":2, "genProcessTypeName":"Forecast", "forecastTime":0, "surface1Type":103, "surface1TypeName":"Specified height level above ground", "surface1Value":10.0, "surface2Type":255, "surface2TypeName":"Missing", "surface2Value":0.0, "gridDefinitionTemplate":0, "gridDefinitionTemplateName":"Latitude_Longitude", "numberPoints":65160, "shape":6, "shapeName":"Earth spherical with radius of 6,371,229.0 m", "gridUnits":"degrees", "resolution":48, "winds":"true", "scanMode":0, "nx":360, "ny":181, "basicAngle":0, "lo1":0.0, "la1":90.0, "lo2":359.0, "la2":-90.0, "dx":1.0, "dy":1.0 }, "data":
[rows 0 to 25 of 181, columns 177 to 235 of 360]
-1.1829102,-1.1429101,-1.1029102,-1.0529102,-1.0129101,-0.97291017,-0.93291014,-0.8929102,-0.8429102,-0.80291015,-0.7629101,-0.7129102,-0.67291015,-0.63291013,-0.5829102,-0.54291016,-0.49291015,-0.45291016,-0.40291014,-0.36291015,-0.31291017,-0.27291015,-0.22291015,-0.18291016,-0.13291016,-0.092910156,-0.042910155,-0.0029101563,0.047089845,0.087089844,0.13708985,0.18708985,0.22708984,0.27708983,0.31708986,0.36708984,0.40708983,0.45708984,0.49708983,0.5370898,0.58708984,0.62708986,0.67708987,0.71708983,0.75708985,0.80708987,0.8470898,0.88708985,0.93708986,0.9770898,1.0170898,1.0570898,1.0970899,1.1370898,1.1770898,1.2170899,1.2570899,1.2970898,1.3370899
-3.56291,-3.4929101,-3.4129102,-3.35291,-3.27291,-3.2029102,-3.1229103,-3.06291,-2.9829102,-2.8929102,-2.81291,-2.7229102,-2.6429102,-2.54291,-2.4629102,-2.3729103,-2.28291,-2.1929102,-2.09291,-2.0029101,-1.9029101,-1.8029102,-1.7029102,-1.6029102,-1.5029101,-1.3929101,-1.2929101,-1.1829102,-1.0729102,-0.9629102,-0.86291015,-0.75291014,-0.6429102,-0.53291017,-0.41291016,-0.30291015,-0.19291015,-0.08291016,0.017089844,0.13708985,0.23708984,0.33708984,0.43708983,0.5370898,0.63708985,0.7270898,0.81708986,0.9070898,0.99708986,1.0770898,1.1470898,1.2270899,1.2970898,1.3570899,1.4070898,1.4570899,1.5170898,1.5670898,1.5970899
-4.15291,-4.0729103,-3.9829102,-3.8929102,-3.80291,-3.7129102,-3.6229103,-3.52291,-3.4229102,-3.32291,-3.2229102,-3.1329103,-3.02291,-2.9229102,-2.82291,-2.7229102,-2.6229103,-2.52291,-2.4229102,-2.31291,-2.2029102,-2.10291,-2.0129101,-1.9229102,-1.8229102,-1.7329102,-1.6329101,-1.5229101,-1.4229102,-1.3129102,-1.1829102,-1.0729102,-0.94291013,-0.80291015,-0.66291016,-0.5129101,-0.37291014,-0.21291016,-0.062910154,0.09708984,0.24708985,0.39708984,0.5470898,0.68708986,0.81708986,0.93708986,1.0570898,1.1670898,1.2770898,1.3670899,1.4470898,1.5170898,1.5870899,1.6470898,1.6870898,1.7370899,1.7670898,1.7970898,1.8270898
-3.1829102,-3.08291,-2.9829102,-2.8729103,-2.77291,-2.6729102,-2.57291,-2.4729102,-2.3929102,-2.30291,-2.2229102,-2.1429102,-2.06291,-1.9829102,-1.9129101,-1.8229102,-1.7529101,-1.6629101,-1.5829102,-1.4929101,-1.4029101,-1.3129102,-1.2229102,-1.1329101,-1.0429101,-0.94291013,-0.85291016,-0.75291014,-0.6429102,-0.53291017,-0.40291014,-0.26291016,-0.11291016,0.047089845,0.20708984,0.36708984,0.5370898,0.68708986,0.81708986,0.93708986,1.0270898,1.1070899,1.1670898,1.2370899,1.2770898,1.2970898,1.3170898,1.3570899,1.4370898,1.4970899,1.5770898,1.6370898,1.6870898,1.7370899,1.7770898,1.8070898,1.8370899,1.8570899,1.8770899
-2.4529102,-2.35291,-2.2529101,-2.1529102,-2.05291,-1.9529102,-1.8529102,-1.7429101,-1.6429101,-1.5329101,-1.4329102,-1.3429102,-1.2529101,-1.1729102,-1.0929102,-1.0229101,-0.94291013,-0.87291014,-0.79291016,-0.69291013,-0.5929102,-0.49291015,-0.39291015,-0.27291015,-0.17291015,-0.07291016,0.027089844,0.12708984,0.20708984,0.29708984,0.37708986,0.46708983,0.5470898,0.62708986,0.7370899,0.8570898,0.9870899,1.1270899,1.2770898,1.4270898,1.5770898,1.7070899,1.8170898,1.8970898,1.9170898,1.9370898,1.9870899,2.0470898,2.0970898,2.14709,2.17709,2.18709,2.17709,2.16709,2.1370897,2.0770898,2.0170898,1.9370898,1.8670899
-2.4629102,-2.29291,-2.1229103,-1.9629102,-1.7929101,-1.6329101,-1.4729102,-1.3029102,-1.1429101,-0.98291016,-0.8329102,-0.69291013,-0.56291014,-0.44291016,-0.35291016,-0.27291015,-0.22291015,-0.18291016,-0.15291016,-0.12291016,-0.07291016,-0.022910155,0.077089846,0.17708984,0.30708984,0.44708985,0.58708984,0.7370899,0.86708987,1.0170898,1.1370898,1.2370899,1.2870898,1.2870898,1.2470899,1.1870898,1.1170899,1.0370898,1.0770898,1.1370898,1.2470899,1.3670899,1.5270898,1.7270899,1.9570899,2.16709,2.3170898,2.43709,2.5070899,2.5670898,2.6170897,2.65709,2.6370897,2.5870898,2.5170898,2.43709,2.3670897,2.2970898,2.21709
-2.80291,-2.6329103,-2.4429102,-2.2129102,-1.9529102,-1.6829102,-1.4029101,-1.1329101,-0.8929102,-0.66291016,-0.43291014,-0.20291016,0.027089844,0.23708984,0.42708984,0.56708986,0.62708986,0.63708985,0.5970898,0.49708983,0.43708983,0.42708984,0.43708983,0.51708984,0.62708986,0.69708985,0.75708985,0.83708984,0.88708985,0.9770898,1.1170899,1.2270899,1.3670899,1.5370898,1.6670898,1.7870898,1.8770899,1.9870899,2.0370898,2.0670898,2.0770898,2.0770898,2.0770898,2.0770898,2.0970898,2.1270897,2.16709,2.21709,2.2870898,2.3570898,2.40709,2.44709,2.46709,2.44709,2.41709,2.3770897,2.3070898,2.22709,2.15709
-2.3929102,-2.35291,-2.33291,-2.30291,-2.2129102,-2.0129101,-1.7029102,-1.3529102,-0.97291017,-0.69291013,-0.47291017,-0.27291015,-0.11291016,0.047089845,0.21708985,0.39708984,0.6070898,0.81708986,0.99708986,1.1170899,1.1970898,1.2270899,1.1770898,1.0170898,0.92708987,0.87708986,0.9070898,0.9870899,1.1170899,1.2270899,1.3670899,1.4970899,1.6470898,1.8170898,1.9770899,2.1270897,2.2670898,2.39709,2.5070899,2.5770898,2.6370897,2.66709,2.67709,2.67709,2.64709,2.6070898,2.5670898,2.5270898,2.4970899,2.47709,2.44709,2.44709,2.44709,2.43709,2.42709,2.41709,2.3870897,2.3070898,2.21709
-1.8429102,-1.8329102,-1.8129102,-1.8029102,-1.8029102,-1.8329102,-1.8929101,-1.9129101,-1.7529101,-1.3829101,-0.8929102,-0.48291016,-0.24291016,-0.12291016,0.017089844,0.15708984,0.29708984,0.45708984,0.61708987,0.80708987,1.0170898,1.2170899,1.3870898,1.4670899,1.4770899,1.4070898,1.3170898,1.2570899,1.2870898,1.3770899,1.4470898,1.5870899,1.7270899,1.8570899,1.9870899,2.1170897,2.21709,2.3270898,2.42709,2.5270898,2.6070898,2.66709,2.69709,2.69709,2.67709,2.64709,2.6070898,2.5370898,2.46709,2.3770897,2.3270898,2.2970898,2.2970898,2.3070898,2.2970898,2.2370899,2.16709,2.0870898,1.9970899
-1.8929101,-1.8529102,-1.8029102,-1.7729101,-1.7329102,-1.7229102,-1.7629101,-1.8529102,-1.9329102,-1.8629102,-1.5729102,-1.1229101,-0.75291014,-0.56291014,-0.57291013,-0.75291014,-0.85291016,-0.78291017,-0.60291016,-0.44291016,-0.36291015,-0.35291016,-0.37291014,-0.31291017,-0.17291015,0.037089843,0.24708985,0.44708985,0.64708984,0.8570898,1.0870899,1.2070899,1.4870899,1.6470898,1.8470899,1.9570899,1.9770899,2.0770898,2.1270897,2.15709,2.15709,2.17709,2.18709,2.17709,2.16709,2.17709,2.0870898,2.0470898,2.0470898,2.0770898,2.0970898,2.0570898,1.9970899,1.9270898,1.9070898,1.9170898,1.8670899,1.6870898,1.3570899
-2.8829103,-2.83291,-2.81291,-2.81291,-2.78291,-2.7329102,-2.6529102,-2.54291,-2.3629103,-2.1329103,-1.9229102,-1.8129102,-1.8929101,-2.0129101,-2.03291,-1.9729102,-1.8829101,-1.8029102,-1.7329102,-1.6429101,-1.5329101,-1.3729101,-1.1929102,-1.0029101,-0.8429102,-0.72291017,-0.6529102,-0.55291015,-0.38291016,-0.15291016,0.10708985,0.35708985,0.56708986,0.76708984,0.9770898,1.1870898,1.3070898,1.3270898,1.2970898,1.2470899,1.2170899,1.2370899,1.2770898,1.3470899,1.4470898,1.5270898,1.5770898,1.5870899,1.5270898,1.4870899,1.4370898,1.3870898,1.3570899,1.3570899,1.2670898,1.0970899,0.95708984,0.94708985,1.0370898
-4.42291,-4.46291,-4.46291,-4.45291,-4.42291,-4.5129104,-4.25291,-4.0729103,-3.9629102,-3.7429101,-3.57291,-3.4129102,-3.27291,-3.2629101,-3.1829102,-3.07291,-2.9229102,-2.80291,-2.7129102,-2.60291,-2.54291,-2.4929101,-2.5129101,-2.3929102,-2.1729102,-1.8529102,-1.4829102,-1.1629101,-0.93291014,-0.7729102,-0.6529102,-0.49291015,-0.30291015,-0.08291016,0.16708985,0.32708985,0.33708984,0.21708985,0.077089846,0.027089844,0.10708985,0.26708984,0.47708985,0.6670898,0.81708986,0.9170898,1.0070899,1.0270898,0.9770898,0.93708986,0.9770898,1.0170898,0.96708983,0.77708983,0.57708985,0.57708985,0.81708986,1.0070899,0.75708985
-5.42291,-5.47291,-5.27291,-5.22291,-5.3229103,-5.3229103,-5.3629103,-5.65291,-5.44291,-5.2629104,-4.89291,-4.54291,-4.31291,-4.50291,-4.47291,-4.3429103,-4.20291,-3.9429102,-3.6229103,-3.4729102,-3.4029102,-3.2629101,-3.1629102,-3.1129103,-3.0029101,-2.7229102,-2.82291,-2.6629102,-2.6129103,-2.4529102,-2.1929102,-1.8329102,-1.5229101,-1.2729101,-1.0529102,-0.92291015,-0.82291013,-0.75291014,-0.67291015,-0.56291014,-0.40291014,-0.18291016,0.06708984,0.32708985,0.49708983,0.57708985,0.6670898,0.6570898,0.51708984,0.42708984,0.51708984,0.6070898,0.51708984,0.37708986,0.26708984,0.18708985,0.26708984,0.57708985,0.71708983
-5.7629104,-5.7629104,-5.7829103,-5.91291,-6.21291,-6.5129104,-6.65291,-6.71291,-6.87291,-7.27291,-7.4929104,-6.41291,-5.8429103,-5.98291,-6.3229103,-6.0929103,-5.8629103,-5.75291,-5.6129103,-5.43291,-5.23291,-5.0329103,-4.81291,-4.56291,-4.3029103,-4.0129104,-3.7529101,-3.56291,-3.54291,-3.53291,-3.4429102,-3.29291,-3.1829102,-3.1329103,-2.9229102,-2.33291,-1.8729101,-1.6529101,-1.4429102,-1.0929102,-0.91291016,-0.74291015,-0.5829102,-0.36291015,0.037089843,0.48708984,0.6670898,0.37708986,0.007089844,-0.12291016,0.037089843,0.21708985,0.18708985,0.117089845,0.17708984,0.23708984,0.22708984,0.17708984,0.17708984
-6.46291,-6.64291,-6.85291,-7.0329103,-7.06291,-7.02291,-7.0929103,-7.3029103,-7.39291,-7.40291,-7.93291,-8.93291,-9.13291,-9.042911,-9.07291,-8.89291,-8.60291,-8.05291,-7.62291,-7.3229103,-7.1129103,-6.94291,-6.7429104,-6.50291,-6.2429104,-5.95291,-5.66291,-5.37291,-5.1129103,-4.90291,-4.8229103,-4.70291,-4.52291,-4.35291,-4.21291,-4.06291,-3.7629101,-2.9329102,-2.4929101,-2.34291,-1.8029102,-1.2529101,-1.1929102,-0.87291014,-0.66291016,-0.5829102,-0.6429102,-0.6429102,-0.50291014,-0.32291016,-0.15291016,-0.14291015,-0.26291016,-0.022910155,0.45708984,0.43708983,0.21708985,0.09708984,0.017089844
-6.5729103,-6.81291,-7.27291,-8.3729105,-8.70291,-8.96291,-9.082911,-9.15291,-9.27291,-9.42291,-9.36291,-9.61291,-9.78291,-9.89291,-9.64291,-9.67291,-9.90291,-10.11291,-10.10291,-9.86291,-9.47291,-9.042911,-8.71291,-8.42291,-8.14291,-7.8429103,-7.50291,-7.18291,-6.89291,-6.7429104,-6.60291,-6.27291,-5.92291,-5.6129103,-5.3029103,-5.00291,-4.72291,-4.44291,-4.1329103,-3.7529101,-3.30291,-2.85291,-2.4429102,-1.9329102,-1.1629101,-0.94291013,-1.0529102,-0.91291016,-0.62291014,-0.40291014,-0.30291015,-0.30291015,-0.092910156,0.34708986,0.44708985,0.31708986,0.26708984,0.23708984,0.39708984
-7.39291,-7.3229103,-6.81291,-8.27291,-9.3729105,-9.39291,-9.44291,-9.57291,-9.78291,-9.91291,-10.082911,-10.15291,-10.11291,-10.13291,-10.19291,-10.15291,-10.20291,-10.292911,-10.332911,-10.32291,-10.3729105,-10.46291,-10.51291,-10.41291,-10.13291,-9.82291,-9.49291,-9.11291,-8.752911,-8.502911,-8.30291,-8.03291,-7.68291,-7.2629104,-6.75291,-6.19291,-5.65291,-5.15291,-4.71291,-4.2629104,-3.80291,-3.35291,-2.8729103,-2.2629101,-1.4429102,-0.99291015,-0.93291014,-0.81291014,-0.55291015,-0.032910157,0.50708985,0.88708985,0.92708987,0.7970898,0.74708986,0.7370899,0.76708984,0.7870898,0.75708985
-8.13291,-7.71291,-8.43291,-8.97291,-8.89291,-8.85291,-9.09291,-9.16291,-9.332911,-9.43291,-9.542911,-9.68291,-9.82291,-9.90291,-9.92291,-9.99291,-10.082911,-10.21291,-10.34291,-10.39291,-10.502911,-10.65291,-10.88291,-11.002911,-10.88291,-10.6229105,-10.43291,-10.21291,-10.03291,-9.78291,-9.42291,-8.582911,-8.22291,-7.21291,-7.64291,-6.68291,-7.2429104,-6.60291,-5.87291,-5.3629103,-5.0129104,-4.68291,-4.2429104,-3.7329102,-3.2329102,-2.7429101,-2.05291,-1.4429102,-0.9629102,-0.57291013,-0.31291017,0.21708985,0.57708985,0.5370898,0.80708987,1.1670898,1.4570899,1.2070899,0.63708985
-5.83291,-6.6329103,-7.5329103,-7.87291,-7.25291,-6.3829103,-5.91291,-5.95291,-6.41291,-7.21291,-7.66291,-7.7829103,-7.83291,-7.8029103,-7.70291,-7.68291,-8.35291,-8.67291,-8.91291,-9.16291,-9.69291,-9.99291,-10.20291,-10.55291,-10.82291,-10.80291,-10.68291,-10.55291,-10.502911,-10.97291,-11.03291,-11.01291,-10.96291,-10.582911,-9.82291,-9.02291,-8.23291,-8.20291,-8.252911,-7.54291,-6.87291,-6.2629104,-5.75291,-5.29291,-4.8029103,-4.20291,-3.58291,-2.81291,-1.4029101,-0.41291016,0.087089844,0.55708987,0.8470898,0.8570898,0.87708986,1.2070899,1.8670899,2.3070898,1.9370898
-3.8629103,-4.7829103,-3.7129102,-2.8829103,-2.03291,-1.4629102,-1.6829102,-1.8929101,-2.1629102,-2.2029102,-1.8629102,-2.4929101,-3.8629103,-4.67291,-4.5129104,-4.46291,-5.12291,-5.77291,-6.23291,-6.7829103,-7.77291,-8.6229105,-9.18291,-9.55291,-9.792911,-9.6229105,-7.95291,-8.582911,-9.56291,-10.85291,-11.41291,-12.02291,-12.18291,-12.11291,-11.65291,-10.542911,-10.72291,-10.24291,-9.56291,-8.97291,-8.86291,-8.17291,-7.3629103,-6.42291,-5.64291,-5.1329103,-4.71291,-4.0529103,-3.1929102,-2.27291,-1.1629101,-0.40291014,0.32708985,0.75708985,1.0070899,1.3070898,1.8970898,2.6170897,2.8470898
2.94709,1.2670898,-2.59291,-4.3629103,-4.0329103,-4.0329103,-3.78291,-3.56291,-4.10291,-4.29291,-3.9129102,-3.2429101,-1.8929101,-0.97291017,-1.8529102,-2.9729102,-2.81291,-1.4629102,-0.12291016,-0.94291013,-2.4429102,-2.6629102,-3.28291,-4.29291,-5.50291,-5.87291,-5.68291,-5.3829103,-5.2829103,-5.48291,-5.39291,-5.10291,-6.27291,-7.0529103,-7.43291,-7.7829103,-8.67291,-9.35291,-10.65291,-9.06291,-9.55291,-10.98291,-10.46291,-7.7429104,-5.97291,-5.3429103,-4.87291,-4.42291,-3.9929101,-3.4329102,-2.9029102,-2.1829102,-1.3229102,-0.62291014,0.027089844,0.7970898,1.9770899,3.2470899,3.3770897
-0.9029102,-0.92291015,-0.42291015,-1.3229102,-4.66291,-5.48291,-4.92291,-4.8229103,-4.56291,-4.66291,-4.8029103,-4.4929104,-3.78291,-3.03291,-2.3729103,-1.6429101,-1.1529101,-1.7429101,-2.08291,-1.3029102,-0.86291015,-0.63291013,-0.7129102,-0.042910155,0.46708983,-0.052910157,-0.062910154,0.18708985,0.19708985,-0.29291016,-1.1029102,-1.0729102,-0.37291014,-0.41291016,-0.27291015,-1.5329101,-1.7929101,-1.5829102,-0.7629101,0.007089844,0.047089845,-0.69291013,-0.14291015,-1.5729102,-1.5629102,-2.6329103,-3.1629102,-2.6429102,-1.7829101,-1.9129101,-1.8529102,-1.4529102,-1.0229101,-0.60291016,-0.19291015,0.27708983,1.3570899,1.2470899,1.7370899
0.70708984,-0.74291015,-0.7029102,-0.45291016,0.75708985,-0.022910155,-1.8829101,-2.7329102,-2.55291,-1.6129102,-1.2529101,-2.2529101,-2.7329102,-2.77291,-2.32291,-1.4629102,-0.93291014,-1.1229101,-2.2029102,-2.31291,-1.1429101,-1.5229101,-1.8429102,-1.5129101,-1.7229102,-2.04291,-1.5229101,-1.8829101,-0.99291015,-0.41291016,0.20708984,-0.36291015,-1.1929102,-0.87291014,-1.1029102,-0.92291015,-1.1029102,-1.0229101,-1.2229102,-1.2529101,-1.4429102,-2.1229103,-1.5629102,-1.7029102,-2.1829102,-2.02291,-1.2429101,-0.5929102,-0.6429102,-1.3129102,-2.4629102,-1.9129101,-1.8729101,-1.3929101,-0.9529102,-0.49291015,-0.32291016,-0.17291015,0.21708985
0.9870899,0.81708986,0.32708985,0.32708985,-0.39291015,-1.6129102,-1.4529102,-1.0629102,0.10708985,0.80708987,0.057089843,-1.0429101,-3.30291,-3.6929102,-3.2629101,-3.04291,-2.2029102,-1.4129101,-0.092910156,0.68708986,-1.3329102,-3.81291,-2.8729103,-2.82291,-2.8629103,-2.84291,-2.60291,-2.4129102,-1.7029102,-1.3229102,-1.3229102,-0.86291015,-1.3629102,-1.9229102,-1.4029101,-1.1029102,-1.4429102,-2.0129101,-2.35291,-2.08291,-1.4829102,-1.3829101,-1.2929101,-1.2229102,-0.33291015,-0.19291015,-2.4229102,-2.2129102,-0.19291015,0.93708986,-1.1529101,-2.2429101,-1.7229102,-2.09291,-1.7529101,-1.4029101,-1.6729102,-1.1629101,-0.31291017
2.17709,1.9870899,2.72709,2.3070898,4.1770897,2.16709,-0.9029102,-1.8929101,-1.2229102,-0.19291015,0.7870898,0.99708986,-0.80291015,-0.43291014,-0.35291016,-3.31291,-3.2329102,-2.1929102,-1.6029102,-1.0629102,-0.99291015,-0.15291016,-0.12291016,-0.21291016,-1.1529101,-1.3929101,-2.85291,-2.2629101,-1.5929102,-2.6429102,-1.4829102,-2.0129101,-2.7029102,-1.1729102,-1.2829101,-1.8829101,-1.2929101,-0.69291013,-0.68291014,-0.82291013,-0.8429102,-0.5929102,-0.69291013,-1.1729102,-0.7129102,-0.63291013,-0.93291014,-1.9729102,-1.4329102,0.21708985,2.8670897,4.84709,4.3870897,2.7370899,1.3670899,1.3570899,1.4370898,1.1370898,0.45708984
6.76709,3.8870897,4.58709,7.01709,8.67709,8.69709,8.57709,6.77709,1.1970898,1.3570899,0.94708985,2.91709,4.99709,4.6570897,3.5170898,2.0770898,-3.4929101,-2.52291,-2.05291,-1.9029101,-0.7629101,0.82708985,-0.6529102,0.83708984,0.38708985,-0.45291016,-0.99291015,-0.8429102,-1.2829101,-1.7529101,-1.5929102,-1.2229102,-1.0029101,-0.87291014,-0.7729102,-0.91291016,-1.0229101,-0.85291016,-1.0829102,-0.5929102,-0.69291013,-0.57291013,-0.7729102,-0.78291017,-0.12291016,-0.0029101563,0.25708985,-0.13291016,0.67708987,1.2270899,1.3570899,1.3770899,1.2370899,1.7370899,1.8970898,3.6070898,3.47709,4.18709,2.3570898
