raw-data/2018091606.json
{"header": { "discipline":0, "disciplineName":"Meteorological products", "gribEdition":2, "gribLength":74127, "center":7, "centerName":"US National Weather Service - NCEP(WMC)", "subcenter":0, "refTime":"2018-09-16T06:00:00.000Z", "significanceOfRT":1, "significanceOfRTName":"Start of forecast", "productStatus":0, "productStatusName":"Operational products", "productType":1, "productTypeName":"Forecast products", "productDefinitionTemplate":0, "productDefinitionTemplateName":"Analysis/forecast at horizontal level/layer at a point in time", "parameterCategory":2, "parameterCategoryName":"Momentum", "parameterNumber":3, "parameterNumberName":"V-component_of_wind", "parameterUnit":"m.s-1", "genProcessType":2, "genProcessTypeName":"Forecast", "forecastTime":0, "surface1Type":103, "surface1TypeName":"Specified height level above ground", "surface1Value":10.0, "surface2Type":255, "surface2TypeName":"Missing", "surface2Value":0.0, "gridDefinitionTemplate":0, "gridDefinitionTemplateName":"Latitude_Longitude", "numberPoints":65160, "shape":6, "shapeName":"Earth spherical with radius of 6,371,229.0 m", "gridUnits":"degrees", "resolution":48, "winds":"true", "scanMode":0, "nx":360, "ny":181, "basicAngle":0, "lo1":0.0, "la1":90.0, "lo2":359.0, "la2":-90.0, "dx":1.0, "dy":1.0 }, "data":
[rows 130 to 155 of 181, columns 0 to 58 of 360]
13.725849,14.1158495,14.145849,14.33585,15.05585,10.775849,3.2358496,1.1758496,1.9858496,2.2058496,0.7658496,-0.90415037,-2.8141503,-3.7941504,-3.2541504,-2.6841505,-4.5441504,-5.74415,-6.3041506,-6.3641505,-3.9541504,-1.0341504,-0.22415039,1.6658496,3.1458497,4.79585,5.31585,4.4758496,2.8158495,4.2158494,6.06585,5.6358495,3.7258496,3.6558497,1.4258496,1.9458497,3.1758497,0.9758496,2.0858495,4.8658495,6.1058497,6.9658494,7.7858496,8.33585,8.03585,7.7458496,7.6258497,7.1658497,7.9358497,7.4558496,8.74585,9.03585,9.01585,8.75585,7.9358497,7.1758494,6.2458496,4.06585,0.9758496
12.685849,12.735849,12.83585,12.75585,12.30585,11.435849,10.775849,9.45585,5.9558496,5.4558496,5.7658496,4.1158495,1.3058496,0.5858496,-0.6841504,-1.9741504,-2.5841503,-2.4241505,-2.9141505,-1.5241504,-0.06415039,1.6958497,3.0458496,4.08585,4.8458495,5.4058495,6.02585,6.3558497,6.2158494,5.04585,3.9958496,4.1158495,3.9758496,1.9558496,2.3758497,1.5958496,2.4058497,1.9958496,4.2658496,4.9658494,5.6258497,6.25585,6.5558496,7.4058495,7.4358497,7.7158494,7.31585,6.6658497,7.54585,7.3058496,8.26585,8.525849,8.57585,9.08585,9.645849,9.975849,9.155849,7.50585,6.1258497
10.87585,10.92585,10.895849,10.80585,10.30585,9.79585,9.41585,8.935849,8.05585,6.4458494,5.83585,5.4358497,4.1958494,2.6558497,0.6758496,-0.4941504,-0.5641504,0.2058496,0.5558496,0.8958496,1.4558496,2.0158496,2.6758497,3.4858496,4.6658497,5.3858495,5.3858495,6.1058497,6.3958497,7.0558496,6.9558496,6.0358496,4.5958495,3.7058496,3.5758495,2.9258497,2.2258496,1.7958496,2.1058495,3.9158497,4.6258497,5.08585,5.9458494,6.6958494,6.9058495,6.58585,6.2858496,6.1458497,6.1958494,5.9558496,6.1358495,6.79585,7.1358495,7.6158495,8.235849,8.79585,8.01585,9.34585,6.4858494
10.08585,9.405849,8.905849,9.17585,8.985849,8.445849,7.7858496,7.1958494,6.9158497,6.6058497,5.6458497,4.6658497,3.5558496,2.6758497,1.7658496,0.6458496,0.2858496,0.17584962,0.6158496,1.1058496,1.7758496,2.4858496,3.1658497,3.5458496,4.7458496,5.6958494,6.7058496,7.4458494,8.17585,8.3658495,8.21585,7.52585,6.4558496,5.33585,4.6558495,4.1058497,3.0258496,1.9558496,1.6258496,2.2158496,2.9558496,4.02585,4.7458496,5.1758494,4.9658494,4.7358494,4.6458497,5.1658497,5.8258495,5.7658496,6.08585,5.9858494,5.6758494,6.1558495,6.9158497,7.6358495,8.685849,9.71585,9.46585
9.725849,9.21585,8.78585,7.7658496,6.9758496,6.9458494,6.9558496,6.6458497,6.2058496,5.8658495,5.2258496,4.81585,3.7058496,2.7958496,2.0158496,1.6858497,1.5758497,1.7558496,2.2058496,2.2058496,1.9558496,2.3058496,3.2558496,4.1158495,5.06585,6.0758495,7.1758494,7.8658495,8.25585,8.53585,8.435849,7.3558497,6.06585,4.9358497,4.1858497,3.8858497,3.4158497,2.7158496,2.0258496,1.4758496,1.6058496,2.3258495,3.0058496,3.4958496,4.0158496,3.9458497,3.3158495,2.8458495,4.1158495,4.9758496,5.4858494,5.5158496,5.4458494,5.7658496,5.8658495,6.5758495,7.6958494,8.53585,8.82585
8.75585,8.55585,7.9958496,8.01585,7.5358496,6.7058496,6.2658496,5.9758496,5.5758495,4.8958497,4.3258495,3.9858496,3.8358495,3.6358497,3.5458496,3.4358497,3.1358497,2.7158496,3.0058496,2.7358496,2.8558495,3.0458496,3.5158496,4.1658497,5.08585,5.77585,6.52585,7.4058495,8.38585,9.1158495,9.34585,8.87585,7.58585,6.6958494,5.9458494,5.3958497,4.8858495,4.02585,2.8558495,1.3358496,0.42584962,0.48584962,0.8758496,1.7858496,2.5758495,2.9358497,3.0958495,2.6058495,1.5458496,2.9158497,4.2658496,4.6758494,4.8758497,5.2458496,5.4058495,5.9758496,6.7258496,7.0758495,7.58585
7.9558496,7.8758497,6.8458495,6.4858494,6.7258496,6.5558496,6.0158496,5.3758497,5.3458495,5.1958494,4.9258494,4.52585,4.1058497,3.7958496,3.4758496,3.0858495,2.8058496,2.6658497,2.5558496,2.5258496,2.4058497,3.0558496,4.1458497,4.6458497,4.58585,4.9958496,6.29585,7.4258494,8.225849,8.74585,8.63585,7.9058495,7.1758494,6.79585,6.6558495,6.6558495,5.6758494,4.0358496,1.9858496,1.1558496,-0.8741504,-0.9841504,0.22584961,1.2358496,2.0858495,2.5958495,2.9358497,2.9658496,1.8158497,1.9558496,3.0758495,4.06585,4.3958497,4.6058497,4.3458495,4.6758494,5.7458496,6.7058496,7.02585
6.31585,6.7858496,7.1658497,6.9758496,5.6158495,5.3958497,5.54585,5.4258494,5.5158496,5.1258497,4.7858496,4.31585,3.9858496,3.8758497,3.7358496,3.5658495,3.2458496,3.0658495,2.5458496,3.1158495,3.0758495,3.3958497,3.8258495,4.4258494,4.7258496,5.2058496,6.3558497,7.0958495,7.9258494,8.20585,7.6258497,6.8258495,6.1558495,6.27585,6.9158497,7.5358496,7.5158496,6.6058497,3.5258496,1.9058496,2.3358495,2.3458495,2.8358495,3.0958495,3.1158495,2.4458497,2.4258497,2.6758497,2.0558496,1.8458496,2.4158497,3.3658495,3.8658495,4.3658495,4.08585,3.9258497,4.5358496,5.6758494,6.3558497
5.8558497,6.00585,6.4158497,6.3458495,6.2058496,5.6958494,5.1158495,4.9358497,4.3758497,4.7258496,4.8058496,4.7158494,4.4158497,4.4258494,4.4858494,4.1658497,3.5758495,3.0658495,3.0258496,3.1358497,3.2858496,3.6058495,4.2458496,4.6858497,5.2358494,5.6758494,6.0558496,5.9558496,6.7658496,7.3058496,7.3558497,6.9558496,6.7258496,6.7258496,6.9358497,7.02585,5.00585,4.9158497,3.8858497,2.9858496,2.6858497,3.2258496,3.7558496,3.7158496,3.4158497,2.9958496,2.7158496,2.6058495,2.7558496,2.6858497,3.0058496,2.5258496,3.7658496,4.1958494,3.0958495,4.9058495,5.6558495,5.3558497,6.0958495
5.8258495,5.6158495,5.6458497,5.7658496,5.3958497,4.9458494,5.1258497,4.4058495,4.1258497,4.02585,3.8958497,4.2458496,4.4558496,4.1958494,4.2158494,4.0558496,3.7558496,3.6458497,3.4158497,3.1658497,2.9958496,3.4858496,4.2358494,4.83585,5.4058495,5.6558495,6.06585,6.2458496,6.6758494,7.2058496,7.1958494,6.79585,6.6658497,6.8758497,6.8058496,5.9758496,5.2658496,4.6958494,4.1558495,4.2458496,4.8858495,5.1658497,5.5958495,5.8658495,5.7858496,4.9558496,4.29585,3.8958497,3.8558495,4.1758494,4.6658497,5.1158495,5.2358494,4.27585,5.2858496,5.9858494,6.29585,6.3058496,5.7258496
4.83585,5.04585,5.1158495,5.00585,4.7858496,4.4058495,4.08585,3.9558496,3.8758497,3.4658496,3.2358496,2.8258495,3.0158496,3.7958496,3.8458495,3.7558496,3.9858496,4.1658497,3.9258497,3.1358497,2.7958496,3.4258497,2.7358496,3.2958496,3.4258497,3.8158495,4.7658496,6.2158494,6.9958496,7.2858496,7.4758496,7.3558497,7.27585,7.3758497,7.2058496,6.4958496,5.6958494,5.27585,5.1058497,5.1558495,6.3058496,5.7358494,6.3858495,5.4458494,5.56585,5.3558497,5.08585,4.7258496,4.6058497,4.9658494,5.75585,6.0758495,6.4658494,6.1858497,6.3658495,6.6258497,6.9458494,7.0958495,6.9158497
2.9258497,3.7058496,3.9158497,3.8258495,3.7958496,3.5658495,3.4358497,3.2558496,2.9258497,2.5858495,2.6758497,2.3958497,2.2558496,2.7658496,3.2458496,3.3758497,3.4658496,3.6758497,3.3858497,3.2258496,2.7858496,2.6058495,2.8658495,2.9358497,3.0058496,2.5858495,3.9858496,5.4458494,6.4858494,7.04585,7.08585,6.9258494,7.04585,7.33585,7.4458494,7.8458495,7.7658496,7.7158494,7.54585,7.0758495,6.6358495,6.1658497,5.77585,5.4658494,5.3658495,5.1658497,4.7058496,4.3258495,4.3858495,4.7158494,5.1258497,5.2058496,5.5958495,6.3658495,6.7358494,7.1258497,7.6558495,7.8258495,7.6258497
-0.5241504,0.14584962,0.4658496,1.9258496,2.2658496,2.4858496,2.5258496,2.4058497,2.2058496,1.9658496,1.5558496,1.5658497,1.1458496,1.5458496,2.4658496,3.0158496,3.1958497,3.3758497,2.8858497,2.2958496,1.2358496,1.5558496,1.5658497,1.6258496,1.4158496,1.1158496,3.6658497,4.4458494,5.04585,5.5958495,5.9658494,6.1758494,6.54585,7.0158496,7.4658494,7.58585,7.5358496,7.1858497,6.7358494,6.2858496,5.83585,5.3858495,5.0158496,4.7858496,4.6658497,4.6858497,4.6158495,4.4158497,4.4558496,4.77585,5.1358495,5.5758495,5.83585,6.33585,6.9658494,7.6158495,8.26585,8.6158495,8.435849
-2.0841503,-1.6241504,-1.3141503,-1.5041504,-0.17415039,0.8058496,1.1758496,1.2758496,1.0458496,1.0158496,0.4758496,0.5458496,0.6058496,0.5458496,1.0858496,1.6358496,2.0758495,2.5358496,2.5158496,1.3658496,0.5058496,1.0758497,-0.6641504,-1.0741504,0.4358496,1.7958496,2.5158496,2.9258497,3.2358496,4.3658495,5.1258497,5.5358496,6.0558496,6.6658497,7.08585,7.3658495,7.3958497,7.2258496,6.8658495,6.4158497,5.9058495,5.4258494,5.02585,4.7658496,4.6458497,4.5958495,4.4558496,4.29585,4.3458495,4.6558495,4.9358497,5.2858496,5.8058496,6.3658495,6.7658496,7.6958494,8.17585,8.8658495,9.645849
-2.9341505,-2.5341504,-2.5841503,-2.5141504,-2.4141505,-2.2741504,-1.8741504,-1.9441504,-1.8541504,-1.2841504,-0.8541504,-0.5641504,-0.4341504,-0.29415038,-0.11415039,0.4058496,0.7658496,1.2458496,1.7958496,0.7258496,0.22584961,-0.39415038,-1.8041503,-1.0541503,0.9958496,1.3258497,1.5758497,1.6458496,2.4958496,3.7558496,4.8058496,5.3658495,5.8758497,6.5958495,6.8958497,7.3558497,7.4858494,7.3558497,7.0358496,6.6858497,6.33585,5.83585,5.3658495,4.9758496,4.7358494,4.6158495,4.4958496,4.2658496,4.0758495,4.1558495,4.3958497,4.7058496,5.1758494,5.9358497,6.6358495,7.3858495,8.475849,9.21585,9.95585
-3.8141503,-3.7541504,-3.7141504,-3.5541503,-3.3741503,-3.1341505,-2.7941504,-2.4141505,-2.2941504,-2.0341504,-1.9541504,-1.7641504,-1.6041504,-1.2941504,-1.1141504,-0.8641504,-0.5441504,-0.01415039,0.26584962,0.06584961,-0.5441504,-2.2541504,-0.9541504,0.6758496,0.6358496,0.6958496,0.71584964,1.0758497,2.3458495,3.6558497,4.6658497,5.31585,6.04585,6.6458497,7.04585,7.4858494,7.56585,7.50585,7.3958497,7.5358496,7.1058497,6.5558496,6.08585,5.4458494,5.00585,4.8058496,4.6758494,4.4258494,4.1558495,4.1258497,4.29585,4.54585,5.1058497,5.9758496,6.7658496,7.4958496,8.26585,8.96585,9.70585
-4.2641506,-4.2841506,-4.2741504,-4.16415,-4.0141506,-3.4041505,-3.2141504,-2.9841504,-2.7341504,-2.5641503,-2.3541503,-2.1741505,-1.6941504,-1.3341504,-1.0741504,-0.9841504,-1.0441504,-1.1241504,-1.2041504,-1.4341503,-2.2041504,-2.2541504,-1.3141503,-0.06415039,-0.06415039,-0.1541504,0.06584961,1.1158496,2.4158497,3.7358496,4.6958494,5.6058497,6.56585,7.3658495,7.8658495,7.81585,7.9258494,7.7158494,7.8058496,8.03585,8.34585,8.49585,8.225849,7.9458494,7.3858495,6.7158494,6.08585,5.4358497,4.8658495,4.75585,4.8258495,4.8658495,5.4358497,6.1658497,6.8058496,7.3758497,8.065849,8.935849,9.67585
-4.2641506,-4.6741505,-4.7741504,-4.8241506,-4.7341504,-4.3041506,-3.9941504,-3.9841504,-3.8441503,-3.2841504,-2.8641503,-2.5241504,-2.0741503,-1.5641503,-1.0041504,-0.8541504,-1.3041503,-1.4941504,-1.7841504,-2.2041504,-2.6641505,-2.3441503,-1.7541504,-1.6241504,-1.3741504,-0.9241504,-0.03415039,1.1858497,2.4058497,3.5258496,5.1258497,6.4658494,7.4258494,7.8858495,8.29585,8.395849,8.38585,7.9958496,7.81585,7.8758497,7.8758497,7.8258495,7.79585,7.6258497,7.3258495,7.1758494,6.9358497,6.79585,6.3958497,5.83585,5.4758496,5.6758494,6.00585,6.33585,6.6858497,7.1058497,7.8858495,8.84585,9.92585
-4.3341503,-4.4441504,-4.2741504,-4.18415,-4.4441504,-4.6341505,-4.6741505,-4.66415,-4.5241504,-4.18415,-3.7241504,-3.1741505,-2.3841505,-1.6341504,-1.2541504,-0.9941504,-0.9541504,-1.5041504,-2.1741505,-3.3341503,-3.6341505,-3.3841505,-3.1241503,-2.8741503,-2.0941503,-1.1741503,-0.5641504,0.5758496,2.4758496,4.4958496,5.9058495,6.7358494,7.3458495,7.9858494,8.49585,8.66585,8.565849,8.065849,7.4058495,7.08585,6.9958496,6.7458496,7.2258496,7.58585,7.75585,7.3758497,6.9858494,6.5158496,6.3458495,6.3758497,6.1858497,6.1858497,6.29585,6.2258496,6.2458496,6.8958497,7.8058496,8.935849,9.91585
-4.22415,-3.9341505,-3.7741504,-3.6941504,-3.6941504,-3.9641504,-4.2141504,-4.3141503,-4.3441505,-4.2741504,-4.20415,-4.0041504,-3.4841504,-2.7141504,-2.1541505,-1.8441504,-1.7341504,-1.8341504,-3.2441504,-4.3841505,-4.3841505,-4.24415,-4.0241504,-3.7941504,-2.8241503,-1.3741504,0.3358496,1.4258496,2.3458495,4.0558496,4.9458494,6.31585,6.3658495,7.6958494,8.105849,8.20585,7.4258494,6.5958495,7.1058497,6.6758494,6.4858494,7.06585,7.5158496,7.4358497,7.2158494,7.3558497,7.56585,7.1858497,6.9058495,6.7458496,6.5758495,6.1858497,5.6658497,5.4658494,6.08585,6.8658495,7.8858495,8.58585,8.99585
-3.8541503,-3.4641504,-3.2041504,-3.0441504,-3.0241504,-3.0441504,-3.1741505,-3.5441504,-3.8941505,-3.9741504,-3.8941505,-3.7341504,-3.5841503,-3.2641504,-2.9841504,-2.4241505,-2.2441504,-3.2441504,-5.0241504,-5.3241506,-5.1441503,-4.7741504,-4.4441504,-4.0341506,-3.2541504,-2.2841504,-1.2241504,0.09584961,1.7058496,2.5958495,2.9358497,3.4458497,3.8658495,3.9758496,4.2458496,4.4158497,4.31585,3.9558496,4.3758497,4.0158496,3.8458495,3.8458495,4.31585,4.8558497,4.6258497,3.9958496,3.7858496,3.6258497,3.3658495,3.7858496,3.9858496,3.6258497,3.3258495,3.4758496,3.1858497,2.8858497,2.9758496,3.7758496,4.8958497
-3.2241504,-2.7141504,-2.3541503,-2.2341504,-2.1141503,-2.1341505,-2.3641503,-2.6541505,-3.0741503,-3.4341505,-3.6141503,-3.7441504,-3.8041503,-3.6741505,-3.2141504,-2.6441505,-2.7841504,-4.8941503,-5.9641504,-6.1741505,-6.0241504,-5.5441504,-4.9041505,-4.1241503,-3.2641504,-2.3641503,-1.4341503,-0.5141504,0.22584961,0.6858496,1.4558496,1.7758496,2.1758497,2.4758496,2.7658496,3.1158495,3.2358496,3.0758495,2.7758496,2.5758495,2.6958497,2.9358497,3.1358497,3.2758496,3.4658496,3.5758495,3.4858496,3.2558496,2.9958496,2.4958496,1.9558496,1.4058496,0.8358496,0.39584962,0.2058496,0.2358496,0.6758496,1.4358497,2.3458495
-2.5241504,-2.0341504,-1.5441504,-1.1741503,-1.1641504,-1.2341504,-1.3741504,-1.8041503,-2.3541503,-2.8841505,-3.4741504,-3.7541504,-3.7041504,-3.2641504,-2.6841505,-2.2741504,-3.9541504,-5.7941504,-6.0341506,-5.8941503,-5.8441505,-5.6741505,-4.8841505,-3.6941504,-2.5941503,-1.3341504,-0.4141504,0.10584961,0.5558496,0.8558496,1.3058496,1.8358496,2.0858495,2.4158497,2.6858497,2.8358495,2.8658495,2.7158496,2.5958495,2.7158496,2.8058496,2.9458497,3.1958497,3.4958496,3.7458496,3.8058496,3.8158495,4.00585,4.4158497,4.3558497,3.4758496,2.0858495,0.8858496,0.025849609,-0.5841504,-0.9141504,-0.8741504,-0.45415038,0.2058496
-2.2441504,-2.0941503,-1.8741504,-1.3341504,-0.7441504,-0.4741504,-0.4441504,-0.78415036,-1.1741503,-1.8441504,-2.4841504,-2.6641505,-2.5541503,-2.3341503,-1.9541504,-3.8241503,-5.6341505,-5.5941505,-5.6341505,-5.7141504,-5.47415,-4.8541503,-3.9441504,-2.7941504,-1.3141503,-0.2341504,0.3058496,0.6358496,0.7558496,0.9458496,1.4658496,1.7958496,2.2658496,2.3558495,2.4258497,2.5058496,2.5658495,2.5558496,2.5758495,2.6858497,2.8758497,3.1658497,3.6458497,4.1858497,4.5758495,5.1958494,6.1858497,7.4558496,8.03585,8.32585,7.79585,5.1158495,2.7458496,1.0458496,-0.2041504,-1.2041504,-1.8141503,-1.9241503,-1.5241504
-3.1341505,-2.6641505,-2.0941503,-1.7741504,-1.6141504,-1.4441504,-1.2641504,-1.1141504,-1.0641503,-0.96415037,-0.6741504,-0.78415036,-0.7241504,-1.3641504,-4.68415,-5.8741503,-6.0041504,-6.0141506,-5.8641505,-5.45415,-4.74415,-3.9041505,-2.9141505,-2.0941503,-0.84415036,0.13584961,0.5858496,0.5558496,0.4058496,0.5458496,0.8858496,1.2158496,1.6058496,1.7558496,1.7558496,1.8258497,1.9258496,2.0958495,2.1658497,2.4358497,2.8058496,3.1558497,3.5758495,4.5558496,5.7058496,5.9758496,6.33585,6.9458494,7.29585,9.565849,10.01585,8.63585,7.1058497,5.9458494,4.9358497,3.7858496,2.3558495,0.9158496,-0.10415039
-3.4641504,-3.4441504,-3.3541503,-3.0941503,-2.8441503,-2.5441504,-2.0141504,-1.4341503,-0.9441504,-0.5141504,-0.2541504,-0.11415039,-1.8941504,-4.8241506,-5.7841506,-6.3241506,-6.3141503,-5.9841504,-5.41415,-4.6941504,-3.9741504,-3.3641503,-2.7741504,-1.6541504,-0.4441504,0.2558496,0.45584962,0.26584962,-0.02415039,0.06584961,0.5058496,0.8958496,1.1658496,1.3858496,1.4658496,1.5258496,1.6658496,1.8558496,2.1758497,2.5458496,3.0258496,3.5258496,3.9158497,4.3058496,4.3258495,4.4758496,4.6358495,5.3458495,6.1258497,7.1658497,8.08585,7.5958495,7.4758496,7.9058495,7.6758494,8.84585,8.685849,7.2458496,5.2258496
