raw-data/2018091700.json
{"header": { "discipline":0, "disciplineName":"Meteorological products", "gribEdition":2, "gribLength":73982, "center":7, "centerName":"US National Weather Service - NCEP(WMC)", "subcenter":0, "refTime":"2018-09-17T00:00:00.000Z", "significanceOfRT":1, "significanceOfRTName":"Start of forecast", "productStatus":0, "productStatusName":"Operational products", "productType":1, "productTypeName":"Forecast products", "productDefinitionTemplate":0, "productDefinitionTemplateName":"Analysis/forecast at horizontal level/layer at a point in time", "parameterCategory":2, "parameterCategoryName":"Momentum", "parameterNumber":3, "parameterNumberName":"V-component_of_wind", "parameterUnit":"m.s-1", "genProcessType":2, "genProcessTypeName":"Forecast", "forecastTime":0, "surface1Type":103, "surface1TypeName":"Specified height level above ground", "surface1Value":10.0, "surface2Type":255, "surface2TypeName":"Missing", "surface2Value":0.0, "gridDefinitionTemplate":0, "gridDefinitionTemplateName":"Latitude_Longitude", "numberPoints":65160, "shape":6, "shapeName":"Earth spherical with radius of 6,371,229.0 m", "gridUnits":"degrees", "resolution":48, "winds":"true", "scanMode":0, "nx":360, "ny":181, "basicAngle":0, "lo1":0.0, "la1":90.0, "lo2":359.0, "la2":-90.0, "dx":1.0, "dy":1.0 }, "data":
[rows 0 to 27 of 181, columns 252 to 314 of 360]
-4.40896,-4.44896,-4.48896,-4.5289598,-4.55896,-4.59896,-4.63896,-4.66896,-4.69896,-4.72896,-4.75896,-4.78896,-4.80896,-4.83896,-4.85896,-4.87896,-4.89896,-4.91896,-4.93896,-4.95896,-4.96896,-4.97896,-4.98896,-4.99896,-5.00896,-5.01896,-5.01896,-5.0289598,-5.0289598,-5.0289598,-5.0289598,-5.0289598,-5.01896,-5.01896,-5.00896,-4.99896,-4.98896,-4.97896,-4.96896,-4.94896,-4.92896,-4.91896,-4.89896,-4.87896,-4.84896,-4.82896,-4.80896,-4.7789598,-4.74896,-4.71896,-4.68896,-4.65896,-4.61896,-4.58896,-4.5489597,-4.50896,-4.47896,-4.42896,-4.38896,-4.34896,-4.2989597,-4.25896,-4.20896
-3.49896,-3.55896,-3.62896,-3.6789598,-3.74896,-3.80896,-3.85896,-3.8989599,-3.94896,-3.99896,-4.03896,-4.07896,-4.11896,-4.15896,-4.19896,-4.20896,-4.22896,-4.24896,-4.26896,-4.28896,-4.2989597,-4.31896,-4.33896,-4.33896,-4.33896,-4.33896,-4.33896,-4.33896,-4.32896,-4.31896,-4.30896,-4.2989597,-4.2789598,-4.23896,-4.19896,-4.16896,-4.12896,-4.08896,-4.0489597,-4.01896,-3.97896,-3.9289598,-3.86896,-3.80896,-3.73896,-3.6689599,-3.60896,-3.53896,-3.47896,-3.4189599,-3.34896,-3.29896,-3.22896,-3.1789598,-3.10896,-3.03896,-2.95896,-2.88896,-2.81896,-2.73896,-2.6689599,-2.59896,-2.51896
-3.77896,-3.82896,-3.85896,-3.8989599,-3.9289598,-3.95896,-3.99896,-4.0289598,-4.05896,-4.08896,-4.11896,-4.13896,-4.14896,-4.16896,-4.17896,-4.19896,-4.21896,-4.23896,-4.25896,-4.26896,-4.2789598,-4.28896,-4.2989597,-4.30896,-4.30896,-4.31896,-4.31896,-4.31896,-4.31896,-4.31896,-4.30896,-4.30896,-4.2989597,-4.2989597,-4.2789598,-4.25896,-4.23896,-4.19896,-4.16896,-4.12896,-4.08896,-4.0489597,-3.99896,-3.95896,-3.9089599,-3.83896,-3.77896,-3.71896,-3.6589599,-3.60896,-3.53896,-3.46896,-3.3989599,-3.31896,-3.24896,-3.1789598,-3.11896,-3.03896,-2.96896,-2.8989599,-2.82896,-2.76896,-2.69896
-5.00896,-5.03896,-5.03896,-5.03896,-5.00896,-5.00896,-5.00896,-5.00896,-5.00896,-5.00896,-5.00896,-5.00896,-5.01896,-5.05896,-5.08896,-5.11896,-5.14896,-5.17896,-5.20896,-5.23896,-5.26896,-5.2989597,-5.2989597,-5.31896,-5.33896,-5.33896,-5.32896,-5.28896,-5.23896,-5.22896,-5.21896,-5.15896,-5.10896,-5.05896,-5.00896,-4.96896,-4.88896,-4.7989597,-4.70896,-4.61896,-4.49896,-4.37896,-4.22896,-4.09896,-3.96896,-3.83896,-3.70896,-3.55896,-3.4089599,-3.25896,-3.10896,-2.96896,-2.82896,-2.68896,-2.55896,-2.4089599,-2.27896,-2.1489599,-2.02896,-1.90896,-1.79896,-1.69896,-1.5989599
-6.15896,-6.24896,-6.37896,-6.49896,-6.58896,-6.66896,-6.67896,-6.69896,-6.72896,-6.70896,-6.67896,-6.63896,-6.57896,-6.50896,-6.42896,-6.30896,-6.17896,-6.06896,-5.96896,-5.85896,-5.74896,-5.64896,-5.56896,-5.49896,-5.42896,-5.37896,-5.34896,-5.30896,-5.25896,-5.16896,-5.07896,-4.96896,-4.83896,-4.71896,-4.58896,-4.45896,-4.33896,-4.24896,-4.17896,-4.11896,-4.06896,-3.99896,-3.9089599,-3.82896,-3.72896,-3.61896,-3.48896,-3.35896,-3.21896,-3.08896,-2.95896,-2.82896,-2.69896,-2.55896,-2.43896,-2.32896,-2.22896,-2.1489599,-2.07896,-2.03896,-1.99896,-1.94896,-1.89896
-8.01896,-7.98896,-7.91896,-7.82896,-7.71896,-7.62896,-7.50896,-7.40896,-7.2989597,-7.16896,-7.03896,-6.92896,-6.84896,-6.69896,-6.53896,-6.38896,-6.2789598,-6.20896,-6.09896,-5.96896,-5.84896,-5.73896,-5.62896,-5.51896,-5.39896,-5.2989597,-5.17896,-5.06896,-4.95896,-4.83896,-4.70896,-4.57896,-4.43896,-4.2789598,-4.13896,-3.99896,-3.87896,-3.77896,-3.69896,-3.62896,-3.56896,-3.50896,-3.45896,-3.3989599,-3.35896,-3.35896,-3.36896,-3.38896,-3.38896,-3.37896,-3.37896,-3.36896,-3.32896,-3.26896,-3.1689599,-3.07896,-2.96896,-2.85896,-2.72896,-2.59896,-2.45896,-2.30896,-2.1489599
-8.58896,-8.44896,-8.33896,-8.27896,-8.29896,-8.29896,-8.2889595,-8.31896,-8.26896,-8.16896,-8.02896,-7.87896,-7.72896,-7.57896,-7.42896,-7.22896,-7.05896,-6.83896,-6.67896,-6.5289598,-6.33896,-6.15896,-5.94896,-5.75896,-5.55896,-5.35896,-5.16896,-4.97896,-4.7789598,-4.60896,-4.41896,-4.23896,-4.06896,-3.8989599,-3.73896,-3.60896,-3.47896,-3.36896,-3.23896,-3.13896,-3.03896,-2.95896,-2.86896,-2.79896,-2.72896,-2.68896,-2.63896,-2.59896,-2.55896,-2.51896,-2.48896,-2.45896,-2.4089599,-2.32896,-2.25896,-2.19896,-2.09896,-1.9889599,-1.87896,-1.74896,-1.5989599,-1.42896,-1.26896
-9.49896,-9.37896,-9.30896,-9.20896,-9.11896,-9.01896,-8.92896,-8.89896,-8.74896,-8.55896,-8.48896,-8.41896,-8.2889595,-8.11896,-7.91896,-7.71896,-7.59896,-7.46896,-7.38896,-7.17896,-6.93896,-6.68896,-6.57896,-6.50896,-6.37896,-6.03896,-5.26896,-4.24896,-3.1789598,-2.1689599,-1.3389599,-0.83895993,-0.70895994,-0.99895996,-1.32896,-0.93895996,-0.14895996,0.40104005,0.59104,0.34104005,-0.32895997,-0.75895995,-0.74895996,-0.49895996,-0.34895995,-0.38895997,-0.56895995,-0.79896,-0.99895996,-1.13896,-1.2089599,-1.24896,-1.28896,-1.38896,-1.52896,-1.66896,-1.7089599,-1.5989599,-1.29896,-0.86895996,-0.38895997,0.04104004,0.35104004
-9.99896,-9.98896,-9.88896,-9.70896,-9.51896,-9.2889595,-8.91896,-8.55896,-8.27896,-8.09896,-7.80896,-7.50896,-7.2989597,-7.10896,-6.96896,-6.67896,-6.15896,-5.55896,-4.64896,-3.4089599,-2.12896,-1.37896,-0.81895995,-0.46895996,-0.03895996,0.63104004,1.22104,1.49104,1.22104,0.68104005,0.63104004,1.45104,2.69104,3.17104,2.51104,1.0110401,-0.63895994,-1.7089599,-2.26896,-2.36896,-2.26896,-2.25896,-2.3989599,-2.8989599,-3.63896,-4.5289598,-5.19896,-5.00896,-4.25896,-2.23896,-0.50895995,0.53104,0.74104005,0.30104005,-0.62895995,-1.4589599,-2.06896,-2.1489599,-1.57896,-0.83895993,0.04104004,0.85104007,1.73104
-10.13896,-9.99896,-9.79896,-9.63896,-9.36896,-9.23896,-9.17896,-9.15896,-9.21896,-9.34896,-9.36896,-8.87896,-7.5489597,-4.41896,-2.52896,-1.37896,-1.4689599,-2.24896,-2.6589599,-2.11896,-1.5889599,-0.94895995,-0.34895995,-0.09895996,-0.34895995,-0.94895995,-1.8589599,-2.97896,-4.12896,-5.43896,-3.98896,-2.96896,-2.18896,-0.97896,0.32104003,1.36104,1.43104,1.10104,0.45104003,-1.01896,-3.01896,-4.41896,-5.2989597,-4.84896,-3.48896,-2.28896,-0.69895995,0.73104006,1.44104,1.43104,1.56104,2.16104,3.11104,4.36104,5.18104,4.98104,3.94104,2.47104,1.2810401,1.1510401,2.48104,4.57104,6.54104
-10.08896,-9.83896,-9.50896,-9.18896,-8.74896,-8.25896,-7.62896,-6.89896,-5.73896,-4.7789598,-3.73896,-2.50896,-1.29896,-0.70895994,-0.78896,-1.2089599,-1.26896,-1.0889599,-1.03896,-1.15896,-1.2289599,-1.4589599,-0.88895994,-0.71896,-0.75895995,-0.59896,-0.16895996,0.21104003,0.65104,1.0410401,0.91104007,-0.03895996,-1.8389599,-3.62896,-4.36896,-4.20896,-3.98896,-4.19896,-4.74896,-5.01896,-4.62896,-3.49896,-1.94896,-0.44895995,0.70104,1.61104,2.0710402,2.46104,3.06104,4.01104,4.59104,4.71104,4.74104,4.87104,5.03104,5.10104,5.04104,4.93104,4.94104,5.23104,5.75104,6.32104,6.7210402
-9.36896,-8.93896,-8.45896,-7.67896,-6.83896,-5.84896,-4.62896,-3.53896,-2.75896,-2.47896,-2.49896,-2.62896,-2.72896,-2.57896,-2.03896,-1.24896,-0.40895995,0.23104005,0.41104004,-0.38895997,-2.43896,-4.08896,-4.23896,-2.63896,-1.80896,-2.72896,-3.07896,-1.37896,0.13104004,0.33104002,-0.54896,-1.25896,-1.4889599,-1.69896,-2.63896,-3.09896,-3.22896,-3.20896,-3.03896,-2.50896,-1.5989599,-0.12895995,1.73104,3.61104,5.92104,6.71104,6.16104,5.06104,4.14104,3.78104,4.39104,5.42104,6.23104,6.52104,6.56104,6.59104,6.62104,6.63104,6.66104,6.69104,6.63104,6.48104,6.31104
-7.71896,-7.10896,-6.2989597,-5.35896,-4.39896,-3.29896,-2.30896,-1.9589599,-1.64896,-1.51896,-1.62896,-1.44896,-1.18896,-0.42895997,0.80104005,1.67104,1.7710401,1.25104,0.27104005,-0.67895997,-0.78896,-0.27895996,-0.34895995,-1.17896,-2.18896,-1.2289599,1.1510401,2.3210402,0.39104003,-1.12896,-0.86895996,-0.22895996,-0.008959961,0.53104,1.5310401,1.6310401,0.35104004,-0.53896,-0.92895997,-0.99895996,-1.29896,-1.56896,-0.48895997,1.49104,2.77104,3.16104,3.52104,4.00104,4.31104,4.38104,4.4510403,4.60104,4.79104,4.88104,4.65104,4.19104,3.77104,3.64104,3.87104,4.36104,4.79104,4.85104,4.51104
-6.95896,-6.5489597,-6.42896,-6.31896,-5.61896,-4.46896,-3.57896,-2.87896,-2.12896,-1.7089599,-1.17896,-0.58895993,-0.018959962,0.41104004,0.53104,0.29104003,-0.06895996,-0.60896,-1.2289599,-1.49896,-0.94895995,0.06104004,1.4110401,2.17104,1.62104,0.45104003,0.23104005,0.74104005,-0.09895996,-2.03896,-1.79896,1.00104,2.70104,3.06104,4.21104,5.92104,5.90104,3.73104,2.23104,1.58104,1.23104,1.17104,1.9010401,2.64104,2.54104,1.5410401,0.81104004,0.77104,0.70104,0.18104003,-0.42895997,-0.83895993,-0.79896,-0.29895997,0.26104003,0.77104,1.3910401,2.06104,2.64104,2.97104,3.0910401,3.16104,3.24104
-7.18896,-6.7989597,-6.0289598,-5.0289598,-4.19896,-3.38896,-3.6789598,-2.78896,-1.7189599,-0.26895997,0.84104,0.99104005,0.65104,0.16104004,0.11104004,0.23104005,-0.23895997,-0.75895995,0.0010400391,2.8210402,4.87104,4.10104,1.20104,-1.16896,-1.27896,0.04104004,0.80104005,-0.20895997,-2.79896,-4.72896,-4.37896,-0.47895995,4.28104,7.39104,8.09104,7.35104,6.38104,5.74104,4.66104,2.67104,0.22104004,-1.41896,-2.10896,-0.55895996,1.19104,0.84104,-1.5889599,-3.03896,-2.46896,-0.35895997,1.46104,2.38104,2.6010401,3.01104,3.6010401,4.28104,4.9710402,5.04104,4.61104,4.46104,4.71104,5.15104,5.64104
-7.05896,-5.58896,-4.75896,-4.39896,-4.55896,-5.18896,-4.58896,-3.59896,-2.13896,-0.61895996,1.12104,2.02104,1.06104,-0.04895996,-0.58895993,-0.32895997,0.67104006,1.72104,2.43104,2.98104,3.50104,4.24104,4.7010403,4.61104,2.66104,1.0210401,0.19104004,0.30104005,3.3410401,5.81104,5.60104,4.91104,5.06104,5.01104,4.42104,4.08104,4.13104,3.96104,3.01104,2.30104,2.99104,4.2010403,4.80104,3.43104,1.18104,-1.17896,-2.75896,-3.79896,-4.11896,-3.4189599,-2.28896,-0.88895994,0.12104004,0.05104004,0.37104005,1.95104,2.53104,2.95104,4.34104,5.58104,5.85104,5.98104,6.48104
-5.11896,-4.66896,-4.48896,-4.39896,-4.35896,-4.91896,-4.30896,-2.75896,-1.54896,-0.44895995,-0.35895997,0.08104004,1.58104,1.60104,1.2610401,1.57104,1.7810401,2.21104,3.99104,5.53104,5.65104,4.67104,4.9510403,6.53104,6.05104,4.91104,7.48104,10.01104,7.73104,3.80104,3.20104,3.48104,2.61104,2.24104,2.96104,3.76104,4.01104,3.5710402,2.53104,2.37104,3.0810401,3.19104,2.73104,2.87104,1.5110401,-1.2189599,-2.9289598,-3.69896,-4.64896,-5.75896,-6.40896,-4.2989597,-0.43895996,3.18104,4.39104,4.40104,4.96104,5.2210402,5.05104,5.01104,5.48104,5.63104,5.54104
-3.6589599,-3.74896,-3.19896,-2.57896,-2.46896,-3.6789598,-3.09896,-2.54896,-1.03896,0.14104004,0.76104003,1.2710401,1.5210401,1.5310401,2.42104,3.3510401,3.88104,5.46104,6.26104,5.25104,5.08104,5.78104,7.9710402,5.07104,4.77104,7.08104,4.81104,3.37104,3.76104,3.19104,2.20104,1.59104,3.17104,4.07104,3.62104,2.65104,2.42104,2.90104,3.15104,2.89104,2.3410401,0.73104006,-0.97896,0.05104004,1.1610401,-0.94895995,-3.06896,-3.99896,-5.36896,-6.61896,-6.61896,-5.61896,-2.54896,-1.2189599,-1.55896,-0.63895994,1.10104,4.02104,5.59104,6.34104,6.77104,6.01104,6.00104
-3.87896,-3.36896,-3.23896,-2.58896,-2.49896,-3.23896,-3.1689599,-2.1589599,-0.24895996,1.09104,1.0410401,1.2810401,2.8410401,2.38104,2.78104,4.02104,4.57104,5.17104,6.01104,5.01104,4.80104,4.82104,6.04104,5.66104,5.53104,4.99104,4.74104,5.31104,4.63104,3.17104,2.20104,1.2610401,0.77104,1.33104,2.44104,3.8210402,3.18104,1.48104,0.46104005,1.0210401,1.71104,0.17104004,-2.50896,-2.6589599,-0.87895995,-1.64896,-3.75896,-4.69896,-5.70896,-6.33896,-5.99896,-4.81896,-3.30896,-1.02896,-0.56895995,-0.65896,-0.77896,0.0010400391,2.02104,2.66104,3.24104,4.28104,4.55104
-3.6489599,-3.6689599,-3.30896,-2.56896,-2.45896,-1.8689599,-1.15896,-0.59896,-0.10895996,0.56104004,1.31104,2.20104,2.24104,2.22104,2.04104,2.11104,3.24104,4.36104,5.52104,5.54104,5.48104,5.43104,5.25104,4.41104,4.36104,4.60104,4.46104,3.29104,1.59104,1.33104,1.4010401,0.88104004,0.64104,1.25104,2.63104,2.46104,1.24104,0.28104004,0.63104004,2.46104,2.87104,0.31104004,-2.93896,-3.83896,-2.43896,-2.60896,-4.53896,-5.61896,-6.20896,-6.39896,-5.80896,-4.67896,-3.56896,-1.7189599,-0.06895996,-0.28895995,-0.91896,0.58104,0.94104004,2.1010401,4.2210402,4.77104,4.99104
-2.50896,-2.10896,-2.00896,-1.81896,-1.27896,-0.51895994,0.04104004,0.47104004,1.12104,1.7610401,1.69104,1.5210401,1.50104,1.97104,2.25104,2.6010401,3.28104,3.25104,3.47104,4.32104,4.76104,5.39104,6.09104,5.37104,2.92104,2.67104,2.62104,2.22104,0.73104006,0.51104003,0.07104004,-0.66896,-1.40896,-1.89896,-1.50896,-1.0889599,-0.81895995,-0.62895995,0.19104004,0.98104006,1.92104,1.85104,-1.8589599,-3.99896,-3.97896,-3.83896,-4.86896,-5.85896,-5.63896,-3.86896,-3.29896,-3.84896,-3.6489599,-1.75896,0.27104005,1.35104,-0.66896,-1.3389599,2.53104,5.41104,5.25104,4.30104,4.34104
-1.16896,-0.61895996,-1.26896,-1.77896,-1.41896,-0.92895997,-0.87895995,-0.87895995,-0.49895996,0.09104004,0.78104,1.19104,1.4010401,1.31104,1.36104,1.81104,1.98104,2.49104,5.27104,5.64104,5.93104,5.93104,6.35104,4.77104,2.29104,1.37104,1.18104,-0.11895996,-1.53896,-1.50896,-2.6589599,-3.37896,-3.11896,-3.06896,-2.02896,-1.37896,-2.19896,-1.82896,-1.52896,-0.97896,1.19104,1.10104,-1.39896,-3.32896,-3.94896,-3.83896,-4.80896,-6.18896,-6.75896,-4.74896,-2.06896,-0.63895994,-0.37895995,-1.05896,-0.96896,-2.02896,-2.12896,0.74104005,3.5810401,5.82104,5.52104,4.46104,4.44104
-1.8389599,-0.73895997,-0.32895997,0.08104004,0.28104004,0.25104004,0.07104004,0.011040039,0.26104003,0.75104004,1.1410401,1.60104,2.03104,1.92104,1.98104,2.22104,3.27104,4.46104,4.28104,3.3510401,2.22104,3.12104,3.27104,1.30104,0.0010400391,-0.17895997,-1.7189599,-4.64896,-2.1789598,1.09104,-2.43896,-3.50896,-3.00896,-3.48896,-3.19896,-3.04896,-2.18896,-3.01896,-3.1789598,-1.75896,-0.48895997,-0.028959962,0.06104004,-0.99895996,-3.13896,-4.95896,-5.69896,-6.85896,-7.26896,-4.18896,-1.8489599,-2.74896,-2.50896,-2.63896,-2.9289598,-1.9589599,-0.75895995,0.61104006,3.0710402,5.19104,5.16104,5.55104,4.66104
-0.85896,-0.67895997,-0.12895995,-0.078959964,0.13104004,0.52104,0.78104,1.0210401,1.0210401,1.08104,1.21104,1.1610401,1.56104,1.92104,2.02104,2.3310401,2.47104,2.76104,2.63104,1.7710401,0.78104,0.24104004,0.12104004,-0.50895995,-1.15896,-2.36896,-3.70896,-2.69896,-1.12896,-3.71896,-5.30896,-4.49896,-3.44896,-3.30896,-4.16896,-4.31896,-2.55896,-3.47896,-2.73896,-2.11896,-0.82895994,-0.74895996,-0.72896,-0.52896,-1.80896,-6.35896,-6.93896,-8.04896,-8.34896,-5.71896,-4.09896,-3.60896,-3.55896,-3.29896,-1.38896,0.22104004,-1.43896,-0.98895997,3.64104,4.77104,5.54104,5.61104,4.84104
-0.66896,-0.90896,-0.37895995,0.06104004,-0.22895996,-0.10895996,0.42104003,0.69104004,0.65104,0.95104,1.3810401,1.8910401,2.15104,2.3410401,2.12104,1.83104,1.68104,1.12104,0.32104003,-0.34895995,-1.1089599,-0.95895994,-0.83895993,-1.43896,-2.85896,-4.70896,-5.10896,-3.09896,-3.43896,-5.46896,-5.48896,-4.50896,-4.19896,-5.0289598,-3.69896,-2.99896,-3.00896,-2.84896,-1.40896,-0.68895996,-0.58895993,-3.88896,-2.76896,-2.1789598,-4.0289598,-3.4289598,-3.37896,-8.89896,-7.88896,-5.5489597,-4.94896,-4.81896,-2.30896,-0.028959962,-0.21895996,0.27104005,-0.42895997,-0.77896,3.77104,5.38104,6.19104,6.26104,6.78104
-0.22895996,-0.16895996,0.011040039,0.32104003,0.24104004,0.23104005,0.28104004,0.34104005,0.50104004,0.76104003,0.89104,1.0110401,1.22104,0.77104,0.20104004,0.11104004,-0.28895995,-1.05896,-1.06896,-1.52896,-1.8489599,-2.56896,-2.05896,-1.07896,-2.52896,-4.99896,-5.82896,-5.92896,-5.58896,-6.58896,-5.38896,-4.41896,-6.08896,-5.38896,-3.47896,-2.34896,-1.02896,-0.66896,-0.84896,-0.50895995,-0.50895995,-0.97896,-4.03896,-4.2789598,-2.57896,-5.34896,-6.83896,-6.73896,-6.28896,-7.84896,-5.11896,0.66104007,1.83104,0.66104007,0.48104003,0.16104004,-0.94895995,-1.0889599,1.12104,4.16104,5.18104,4.74104,4.19104
-0.27895996,-0.18895996,-0.028959962,-0.11895996,0.49104005,0.09104004,0.49104005,0.55104005,0.51104003,0.53104,0.53104,0.44104004,0.31104004,0.18104003,-0.008959961,-0.49895996,-1.07896,-1.66896,-2.18896,-2.48896,-3.6689599,-3.9289598,-2.28896,-2.87896,-2.77896,-5.47896,-3.95896,-6.39896,-8.36896,-8.65896,-8.41896,-8.29896,-9.74896,-10.02896,-7.94896,-6.06896,-3.87896,-1.80896,-0.38895997,-0.97896,-2.36896,-3.43896,-2.30896,-4.87896,-7.93896,-5.45896,-5.32896,-7.14896,-7.99896,-3.26896,-1.55896,-0.76895994,0.65104,0.66104007,0.88104004,0.11104004,-1.82896,-0.03895996,2.5710402,5.58104,4.2010403,4.26104,4.14104
0.74104005,0.64104,0.68104005,0.58104,0.47104004,0.25104004,0.09104004,0.33104002,0.64104,0.56104004,0.55104005,0.27104005,0.27104005,0.011040039,-0.36895996,-1.03896,-1.44896,-1.8689599,-4.5489597,-5.35896,-6.08896,-5.74896,-5.49896,-6.11896,-7.39896,-7.35896,-7.49896,-8.2889595,-8.92896,-9.83896,-8.86896,-9.05896,-8.54896,-8.09896,-7.2789598,-7.24896,-8.31896,-5.69896,-2.68896,-1.79896,-2.1689599,-1.3389599,-3.00896,-5.73896,-8.23896,-8.64896,-8.91896,-7.7789598,-5.76896,-4.57896,-3.76896,-2.79896,-1.2189599,0.32104003,1.6610401,2.47104,2.42104,0.58104,0.73104006,6.05104,5.41104,4.23104,2.93104
