raw-data/2018100806.json
{"header": { "discipline":0, "disciplineName":"Meteorological products", "gribEdition":2, "gribLength":74844, "center":7, "centerName":"US National Weather Service - NCEP(WMC)", "subcenter":0, "refTime":"2018-10-08T06:00:00.000Z", "significanceOfRT":1, "significanceOfRTName":"Start of forecast", "productStatus":0, "productStatusName":"Operational products", "productType":1, "productTypeName":"Forecast products", "productDefinitionTemplate":0, "productDefinitionTemplateName":"Analysis/forecast at horizontal level/layer at a point in time", "parameterCategory":2, "parameterCategoryName":"Momentum", "parameterNumber":3, "parameterNumberName":"V-component_of_wind", "parameterUnit":"m.s-1", "genProcessType":2, "genProcessTypeName":"Forecast", "forecastTime":0, "surface1Type":103, "surface1TypeName":"Specified height level above ground", "surface1Value":10.0, "surface2Type":255, "surface2TypeName":"Missing", "surface2Value":0.0, "gridDefinitionTemplate":0, "gridDefinitionTemplateName":"Latitude_Longitude", "numberPoints":65160, "shape":6, "shapeName":"Earth spherical with radius of 6,371,229.0 m", "gridUnits":"degrees", "resolution":48, "winds":"true", "scanMode":0, "nx":360, "ny":181, "basicAngle":0, "lo1":0.0, "la1":90.0, "lo2":359.0, "la2":-90.0, "dx":1.0, "dy":1.0 }, "data":
[rows 104 to 129 of 181, columns 300 to 359 of 360]
-1.4102051,-1.0702051,-1.260205,-1.4002051,-1.4002051,-1.500205,-0.60020506,1.0997949,-0.20020507,-0.7602051,0.07979492,0.39979494,0.7897949,0.4897949,-0.5702051,-2.0507812E-4,-0.5702051,-0.33020508,-0.07020508,-0.8102051,0.5697949,0.6597949,0.63979495,1.1797949,1.0397949,1.1497949,2.469795,2.749795,2.809795,2.6297948,2.709795,3.209795,3.8997948,4.859795,5.109795,4.879795,4.899795,4.879795,4.949795,5.109795,5.179795,5.249795,5.099795,4.939795,4.839795,4.479795,4.149795,3.819795,3.8697948,3.949795,4.369795,4.889795,4.979795,5.089795,5.169795,5.359795,5.319795,5.189795,5.169795,5.0297947
-1.990205,-2.1102052,-1.9302051,-1.3502051,-1.8002051,-2.780205,-3.990205,-2.930205,-0.7002051,-0.92020506,-0.5202051,0.8497949,0.33979493,1.489795,-1.8302051,-1.270205,-0.17020507,-0.35020506,1.1497949,0.10979492,0.3297949,0.21979493,0.14979492,0.6897949,1.259795,1.3397949,1.269795,1.4397949,1.6597949,1.7197949,1.7197949,2.049795,2.6197948,2.999795,3.769795,4.389795,4.4897947,4.839795,5.149795,5.179795,4.9897947,4.949795,5.0097947,5.079795,4.999795,4.769795,4.679795,4.549795,4.459795,4.4897947,4.659795,4.9897947,5.149795,5.149795,5.5297947,5.769795,5.7197948,5.7597947,5.599795,5.749795
-2.3502052,-2.810205,-1.7002051,-2.500205,-2.1302052,-2.580205,-4.270205,-1.360205,-1.5402051,-1.610205,-1.3502051,-0.33020508,0.17979492,0.22979492,-0.17020507,-0.92020506,0.8697949,0.18979493,-1.0702051,-0.55020505,0.07979492,-0.040205076,-0.92020506,0.12979493,0.69979495,0.30979493,0.34979492,0.7897949,1.1497949,1.2097949,1.129795,1.249795,1.5897949,2.269795,2.489795,2.8597949,3.6097949,3.8897948,4.269795,4.609795,4.7797947,4.749795,4.569795,4.599795,4.5297947,4.649795,4.889795,4.979795,4.939795,4.929795,5.139795,5.619795,5.749795,6.039795,5.9697948,5.929795,6.139795,6.159795,6.159795,6.229795
-2.3502052,-2.8502052,-3.760205,-1.9602051,-1.9102051,-2.560205,-4.500205,-2.4102051,-2.6302052,-2.570205,-2.070205,-1.4602051,-0.5002051,1.499795,-0.41020507,0.17979492,-0.91020507,-0.28020507,-0.18020508,-0.120205075,-1.3102051,-1.9102051,-1.490205,-1.1602051,-0.9002051,-0.5302051,-0.20020507,0.23979492,0.69979495,1.009795,1.2197949,1.4497949,1.4597949,1.5697949,1.9297949,2.3697948,2.709795,3.0997949,3.3697948,3.569795,3.949795,4.389795,4.419795,4.299795,4.389795,4.449795,4.639795,4.849795,5.2197948,5.579795,5.949795,6.339795,6.479795,6.699795,6.839795,6.639795,6.789795,6.9897947,7.189795,7.169795
-1.7902051,-1.500205,-1.8002051,-2.940205,-3.560205,-3.1602051,-3.220205,-3.970205,-2.980205,-3.290205,-1.770205,-0.6302051,-0.16020508,-0.09020508,-0.14020509,-0.98020506,-2.030205,0.28979492,-1.610205,-0.22020508,-0.66020507,-3.490205,-2.750205,-2.190205,-1.8302051,-1.3402051,-0.9502051,-0.43020508,0.16979492,0.5697949,0.63979495,1.009795,1.259795,1.359795,1.369795,1.5597949,1.9397949,2.519795,3.029795,3.229795,3.0897949,3.3397949,3.679795,3.829795,4.019795,4.369795,4.4697948,4.819795,5.2597947,5.459795,5.849795,6.449795,6.689795,6.959795,7.379795,7.499795,7.589795,7.7397947,7.819795,7.659795
-2.6502051,-2.1402051,-1.9002051,-2.210205,-2.810205,-1.5402051,-1.7202051,-2.970205,-2.420205,-1.4502051,-0.4802051,1.1697949,0.6697949,-0.24020508,-0.030205078,-0.5002051,-1.9702051,0.099794924,-0.73020506,-1.6802051,-0.80020505,-3.8802052,-3.1402051,-2.230205,-1.750205,-0.27020508,0.7897949,1.3397949,1.6697949,1.6497949,0.7997949,0.15979493,0.6597949,0.64979494,0.7297949,0.70979494,0.8497949,1.259795,1.8097949,2.559795,3.009795,2.949795,2.809795,2.8797948,3.239795,3.779795,4.329795,4.569795,4.879795,5.269795,5.629795,6.069795,6.5297947,6.979795,7.429795,7.7397947,7.659795,7.539795,7.409795,7.269795
-3.3702052,-2.6302052,-1.240205,-0.6502051,-0.5802051,-0.9402051,-0.8702051,-1.7802051,-2.690205,-2.170205,-3.690205,-6.310205,-2.480205,-1.6902051,-0.97020507,-0.2902051,-1.110205,-1.500205,-1.380205,-1.8002051,-4.7802052,-3.330205,-1.4702051,0.21979493,1.009795,0.50979495,-0.040205076,0.05979492,1.1697949,2.4097948,3.3497949,3.739795,3.3497949,3.999795,2.969795,1.5997949,1.4497949,1.0997949,0.5597949,0.9797949,1.9397949,2.769795,2.8497949,2.559795,2.3397949,2.699795,3.3697948,3.969795,4.389795,4.689795,5.0097947,5.419795,5.919795,6.459795,6.939795,7.2197948,7.749795,7.439795,7.429795,7.629795
-3.310205,-2.950205,-2.060205,-0.7102051,-0.3902051,0.2997949,-2.080205,-1.9202051,-1.8502051,-1.760205,-2.720205,-3.180205,-1.610205,-2.1202052,-0.72020507,-0.72020507,-1.120205,-1.360205,-0.30020508,-1.9602051,-4.520205,-2.6502051,-1.4302051,0.049794924,0.9097949,1.6497949,1.6597949,1.4697949,1.369795,2.239795,2.569795,2.739795,2.669795,2.299795,2.529795,3.259795,3.729795,4.149795,4.459795,4.199795,3.229795,2.249795,2.169795,2.949795,2.5897949,2.1297948,2.319795,2.8697948,3.3397949,3.669795,4.129795,4.4697948,5.049795,5.659795,6.139795,6.579795,6.7797947,6.939795,6.949795,7.119795
-2.210205,0.08979492,-1.9002051,-2.200205,-0.5202051,-0.13020508,0.25979492,-0.5202051,-0.7702051,-0.72020507,-0.040205076,0.9197949,-1.7902051,-1.7002051,-0.97020507,-0.86020505,-1.8402051,-1.4002051,-1.5502051,-5.190205,-4.710205,-3.8602052,-2.280205,-0.7502051,0.05979492,0.8597949,1.8197949,2.6097949,3.069795,2.929795,3.219795,3.549795,3.269795,3.059795,2.579795,2.5997949,2.759795,3.3597949,3.969795,4.319795,4.539795,4.829795,5.369795,3.259795,2.059795,2.459795,2.329795,2.439795,2.6297948,2.8397949,3.1197948,3.429795,3.8597949,4.559795,5.419795,5.9697948,6.189795,6.329795,6.389795,6.379795
-0.11020508,-0.11020508,1.6597949,0.11979492,-0.5802051,-0.86020505,-0.13020508,0.009794922,-0.06020508,1.359795,1.0997949,0.8497949,1.239795,-0.5602051,-1.6602051,-1.4602051,-3.000205,-1.6802051,-8.950205,-7.150205,-6.000205,-4.020205,-2.3902051,-1.4702051,-0.040205076,1.3197949,1.859795,2.579795,3.569795,3.499795,3.329795,3.8897948,4.559795,3.949795,2.919795,1.9497949,2.699795,3.569795,4.349795,4.799795,5.079795,4.609795,4.769795,5.189795,5.459795,3.259795,1.119795,1.9497949,2.519795,2.6497948,2.3697948,2.279795,2.3497949,2.979795,4.129795,5.109795,5.7397947,5.889795,5.829795,5.7797947
-0.98020506,-0.7502051,-0.97020507,-0.6502051,-0.10020508,-0.9002051,-0.55020505,-1.5502051,0.6697949,-0.2902051,0.33979493,1.4697949,1.1797949,-0.120205075,-0.17020507,-3.430205,-6.360205,-9.060205,-9.0202055,-7.020205,-4.410205,-2.920205,-2.480205,-2.050205,-0.5302051,0.95979494,1.0797949,1.489795,1.7897949,2.1197948,2.6097949,2.929795,3.569795,4.0097947,4.299795,4.479795,4.0297947,4.099795,4.429795,4.979795,5.479795,5.699795,5.819795,5.389795,5.379795,5.289795,5.479795,3.529795,1.0797949,1.3997949,1.759795,1.7897949,1.4397949,1.5697949,2.169795,3.179795,3.979795,4.769795,5.179795,5.0297947
-1.1502051,-2.280205,-1.370205,-0.07020508,-0.74020505,-0.72020507,-0.98020506,-0.5202051,-1.3002051,0.34979492,-0.72020507,0.4297949,0.28979492,-1.750205,-2.540205,-5.5102053,-8.680205,-7.800205,-5.550205,-4.5302052,-4.750205,-4.820205,-4.480205,-3.4002051,-2.480205,-1.1602051,0.4297949,0.9697949,1.3997949,2.249795,2.729795,3.019795,3.249795,3.269795,2.959795,2.999795,3.279795,3.559795,3.979795,4.4697948,4.7797947,5.2797947,5.999795,6.329795,5.909795,4.949795,5.2197948,5.359795,5.9697948,4.959795,1.499795,1.0897949,0.9897949,1.019795,1.509795,1.4097949,1.739795,2.6397948,3.919795,4.229795
-1.9302051,-1.140205,-0.79020506,-0.8102051,-1.250205,-0.6402051,-0.6302051,-0.30020508,0.25979492,-0.16020508,-1.0402051,-0.8802051,-4.130205,-4.860205,-4.360205,-3.740205,-3.690205,-4.060205,-4.840205,-5.590205,-5.480205,-3.9002051,-2.6202052,-2.1302052,-1.500205,-0.8902051,-0.37020507,0.06979492,0.94979495,1.6897949,2.5897949,3.1597948,3.3597949,3.069795,3.049795,2.739795,2.799795,3.529795,4.019795,4.249795,4.729795,4.7397947,5.0097947,5.229795,5.579795,5.979795,5.709795,5.419795,5.319795,5.549795,6.059795,4.979795,0.88979495,0.12979493,0.6197949,1.129795,0.22979492,0.039794922,1.4497949,3.039795
-1.9002051,-1.8102051,-1.9502051,-1.240205,-0.6502051,-0.030205078,-0.35020506,-0.5302051,-1.5902051,-1.4702051,0.83979493,0.40979493,-6.310205,-5.850205,-4.710205,-3.940205,-4.020205,-4.520205,-4.880205,-4.250205,-3.570205,-3.1602051,-2.710205,-2.270205,-1.7202051,-1.0702051,-0.30020508,0.6297949,1.5497949,2.489795,3.289795,3.919795,4.049795,4.199795,3.999795,3.809795,3.449795,3.479795,3.489795,3.799795,4.429795,4.729795,4.859795,4.919795,4.879795,4.949795,5.159795,5.209795,5.2397947,5.299795,5.099795,5.419795,5.5097947,0.88979495,-0.8202051,0.31979492,0.2697949,-1.630205,-1.5902051,0.8497949
-1.8502051,-1.9302051,-1.890205,-0.97020507,-0.66020507,-0.30020508,-1.9102051,-0.9502051,-2.1202052,-2.0902052,-3.190205,-2.070205,-9.050205,-7.540205,-5.850205,-5.130205,-4.980205,-4.580205,-4.190205,-3.550205,-3.180205,-3.1302052,-2.8602052,-2.580205,-1.7202051,-0.8902051,0.099794924,1.2997949,2.569795,3.439795,4.039795,4.199795,4.309795,4.329795,4.019795,3.509795,3.6397948,3.3397949,3.3897948,3.329795,3.169795,3.459795,3.939795,4.419795,4.7597947,4.959795,5.049795,4.819795,4.4697948,4.229795,4.089795,4.299795,4.849795,4.899795,0.049794924,-1.3202051,0.08979492,-1.0302051,-2.780205,-1.520205
-1.010205,-1.9602051,-2.990205,-3.040205,-1.980205,-0.8402051,-1.4402051,-1.5702051,-0.86020505,-1.4102051,-0.30020508,-9.170205,-9.690205,-7.820205,-6.7602053,-6.090205,-5.830205,-5.440205,-4.700205,-4.380205,-4.560205,-3.9102051,-3.3502052,-2.4102051,-1.3402051,-0.44020507,0.4597949,1.3097949,2.059795,2.819795,3.5997949,4.399795,4.749795,4.589795,4.019795,3.6397948,3.209795,3.1197948,3.279795,3.329795,3.1097949,2.969795,3.1597948,3.5897949,4.039795,4.4697948,4.809795,4.929795,4.839795,4.2597947,3.469795,2.959795,3.559795,4.589795,4.369795,-1.4202051,-1.6802051,-1.1502051,-2.230205,-3.1102052
-2.310205,-2.690205,-2.790205,-2.8502052,-1.620205,-1.0702051,-0.27020508,0.12979493,-0.06020508,-0.3202051,-6.180205,-9.490205,-9.750205,-8.350205,-7.450205,-6.620205,-6.210205,-5.670205,-5.430205,-5.350205,-5.060205,-4.150205,-3.1102052,-2.3802052,-1.4602051,-0.49020508,0.23979492,1.129795,2.059795,2.8897948,3.8797948,4.669795,4.879795,4.359795,3.8597949,3.559795,3.3797948,3.169795,2.929795,2.8697948,2.809795,2.689795,2.939795,3.3597949,3.729795,3.939795,4.149795,4.2797947,4.5297947,4.4897947,3.809795,2.4097948,2.539795,3.209795,4.329795,4.049795,-2.180205,-2.3502052,-2.320205,-3.210205
-1.620205,-2.690205,-2.3402052,-3.200205,-2.8402052,-2.020205,-1.6702051,-0.17020507,-0.60020506,-4.430205,-9.170205,-10.240205,-9.530205,-8.660205,-7.630205,-6.690205,-6.180205,-5.920205,-5.950205,-5.580205,-4.800205,-3.950205,-2.990205,-2.250205,-1.1902051,-0.47020507,0.6297949,1.3397949,2.239795,2.829795,3.8997948,4.499795,4.879795,4.689795,3.6097949,2.569795,2.039795,1.879795,1.8097949,1.7797949,1.7897949,2.039795,2.3897948,2.759795,3.1197948,3.419795,3.6097949,3.679795,3.759795,3.829795,3.8997948,3.459795,2.289795,2.1597948,2.669795,3.999795,2.769795,-2.570205,-3.1302052,-3.1202052
-2.1602051,-2.250205,-2.6102052,-2.990205,-2.030205,-2.320205,-2.580205,-1.6002051,-3.740205,-6.290205,-8.540205,-9.400205,-8.940205,-8.390205,-7.350205,-6.560205,-6.330205,-5.870205,-5.860205,-5.2802052,-4.420205,-3.570205,-2.780205,-1.9402051,-1.110205,-0.13020508,0.50979495,1.239795,2.229795,3.419795,4.669795,6.149795,6.539795,6.189795,5.169795,3.3597949,1.5697949,0.58979493,0.4597949,0.6897949,0.6697949,0.7997949,1.0597949,1.609795,2.1597948,2.469795,2.739795,2.8497949,3.0897949,3.219795,3.1197948,3.1497948,2.9097948,1.749795,1.7797949,2.559795,3.059795,0.7997949,-3.550205,-3.9002051
-1.0702051,-2.580205,-1.9302051,-2.250205,-2.050205,-2.1502051,-1.9702051,-2.030205,-4.580205,-5.140205,-8.040205,-9.120205,-8.060205,-7.380205,-6.730205,-6.300205,-6.190205,-6.460205,-6.230205,-5.340205,-4.040205,-3.200205,-2.3502052,-1.360205,-0.5902051,-0.120205075,0.7397949,1.4097949,2.309795,3.979795,5.9697948,7.059795,7.349795,7.579795,7.039795,5.649795,3.289795,0.94979495,-0.44020507,-0.7002051,-0.60020506,-0.5002051,-0.18020508,0.6197949,1.369795,1.8197949,2.239795,2.579795,2.3797948,2.1497948,2.309795,2.3797948,2.549795,2.3997948,1.7997949,1.979795,2.3497949,2.049795,-1.980205,-4.440205
-2.780205,-1.500205,-3.8502052,-3.430205,-3.450205,-1.5302051,-2.010205,-5.670205,-5.190205,-5.730205,-8.150205,-8.140205,-7.910205,-8.700205,-7.710205,-6.540205,-6.070205,-5.960205,-6.180205,-5.290205,-3.800205,-2.6102052,-1.620205,-1.0802051,-0.23020507,0.23979492,0.58979493,1.0397949,2.179795,3.949795,5.559795,6.4897947,7.359795,7.959795,8.189795,7.559795,5.659795,3.049795,0.5997949,-0.2902051,-0.33020508,-0.11020508,0.52979493,0.9697949,1.109795,1.5697949,1.6697949,1.619795,1.9197949,1.7197949,1.359795,1.3097949,1.4397949,1.7897949,1.379795,1.509795,1.6797949,1.759795,0.4297949,-4.800205
-3.740205,-3.030205,-2.940205,-5.980205,-5.020205,-4.500205,-6.160205,-6.460205,-7.600205,-7.160205,-7.630205,-7.300205,-7.5302052,-8.160205,-8.040205,-6.9702053,-5.630205,-5.620205,-5.380205,-4.250205,-3.270205,-2.520205,-1.7902051,-0.8402051,-0.030205078,0.07979492,0.07979492,0.2997949,1.4097949,2.8497949,4.479795,5.409795,6.389795,7.429795,8.029795,8.099795,7.819795,6.289795,3.919795,2.6497948,2.199795,1.999795,1.519795,1.1897949,1.3197949,1.139795,1.0897949,1.109795,1.3997949,1.369795,0.6597949,0.28979492,0.7397949,1.1897949,0.9197949,0.36979493,0.3297949,1.3297949,0.8497949,-3.540205
-3.260205,-2.970205,-3.080205,-6.580205,-6.860205,-7.410205,-7.5102053,-7.980205,-9.660205,-7.2402053,-8.150205,-8.2702055,-8.140205,-7.730205,-8.120205,-8.240205,-6.550205,-5.920205,-5.5102053,-4.5102053,-3.530205,-2.720205,-1.730205,-0.91020507,-0.30020508,-0.040205076,-0.44020507,-0.27020508,0.57979494,1.9697949,3.3497949,4.149795,4.879795,6.269795,6.869795,6.929795,6.629795,5.929795,5.149795,4.389795,3.729795,3.059795,2.699795,2.279795,1.9497949,1.1897949,0.28979492,-0.030205078,-0.010205078,-0.010205078,0.10979492,-0.120205075,-0.050205078,0.25979492,0.6197949,0.4597949,0.2997949,0.64979494,1.4597949,-1.5402051
-3.170205,-2.530205,-2.930205,-2.780205,-8.090205,-8.420205,-8.700205,-10.210205,-8.490205,-7.540205,-8.430205,-8.450205,-7.660205,-7.140205,-7.160205,-6.4902053,-6.440205,-6.550205,-5.670205,-4.900205,-3.960205,-2.960205,-1.880205,-0.7802051,-0.080205075,-0.23020507,-0.38020507,-0.17020507,0.24979492,1.4097949,2.699795,3.769795,4.129795,5.059795,5.809795,6.069795,5.9897947,5.519795,4.999795,4.439795,4.149795,4.149795,4.189795,4.109795,3.469795,2.239795,0.77979493,-0.5602051,-1.3102051,-1.1902051,-1.010205,-1.0602051,-0.8402051,-0.11020508,0.31979492,0.33979493,-2.0507812E-4,0.10979492,0.6597949,0.10979492
-4.050205,-4.230205,-3.740205,-6.610205,-7.610205,-8.630205,-9.310205,-12.240205,-9.840205,-9.880205,-10.130205,-9.120205,-8.040205,-7.450205,-6.700205,-5.600205,-5.4902053,-5.890205,-5.810205,-5.110205,-4.170205,-3.1402051,-1.880205,-0.97020507,-0.18020508,0.19979492,0.18979493,0.31979492,0.41979492,0.88979495,2.259795,3.479795,3.679795,4.4897947,4.849795,4.869795,5.0297947,4.609795,3.969795,3.579795,3.499795,3.569795,3.9097948,4.5297947,4.769795,4.299795,3.019795,0.6097949,-1.610205,-2.580205,-2.770205,-2.740205,-2.1502051,-1.520205,-0.8302051,-0.19020508,-0.5602051,-0.8702051,-0.23020507,0.27979493
-5.140205,-5.420205,-6.7602053,-7.550205,-7.7802052,-8.460205,-9.220205,-11.320205,-9.190205,-8.790205,-8.540205,-7.700205,-7.120205,-7.040205,-6.410205,-5.680205,-5.660205,-5.920205,-5.2802052,-5.100205,-4.590205,-3.570205,-2.550205,-1.8302051,-0.33020508,0.14979492,0.099794924,-0.010205078,0.44979492,0.70979494,0.94979495,2.449795,3.3597949,4.139795,4.069795,4.359795,4.409795,3.8897948,3.689795,4.0297947,4.599795,5.479795,5.859795,5.609795,5.289795,4.939795,4.359795,2.6497948,-0.31020507,-3.170205,-4.230205,-4.250205,-3.9102051,-2.700205,-2.000205,-1.1702051,-0.73020506,-1.4402051,-1.0702051,-1.240205
