raw-data/2018091812.json
{"header": { "discipline":0, "disciplineName":"Meteorological products", "gribEdition":2, "gribLength":74753, "center":7, "centerName":"US National Weather Service - NCEP(WMC)", "subcenter":0, "refTime":"2018-09-18T12:00:00.000Z", "significanceOfRT":1, "significanceOfRTName":"Start of forecast", "productStatus":0, "productStatusName":"Operational products", "productType":1, "productTypeName":"Forecast products", "productDefinitionTemplate":0, "productDefinitionTemplateName":"Analysis/forecast at horizontal level/layer at a point in time", "parameterCategory":2, "parameterCategoryName":"Momentum", "parameterNumber":2, "parameterNumberName":"U-component_of_wind", "parameterUnit":"m.s-1", "genProcessType":2, "genProcessTypeName":"Forecast", "forecastTime":0, "surface1Type":103, "surface1TypeName":"Specified height level above ground", "surface1Value":10.0, "surface2Type":255, "surface2TypeName":"Missing", "surface2Value":0.0, "gridDefinitionTemplate":0, "gridDefinitionTemplateName":"Latitude_Longitude", "numberPoints":65160, "shape":6, "shapeName":"Earth spherical with radius of 6,371,229.0 m", "gridUnits":"degrees", "resolution":48, "winds":"true", "scanMode":0, "nx":360, "ny":181, "basicAngle":0, "lo1":0.0, "la1":90.0, "lo2":359.0, "la2":-90.0, "dx":1.0, "dy":1.0 }, "data":
[rows 0 to 25 of 181, columns 116 to 173 of 360]
-3.421089,-3.4910889,-3.5610888,-3.631089,-3.701089,-3.7710888,-3.8410888,-3.911089,-3.9810889,-4.041089,-4.101089,-4.1710887,-4.2310886,-4.291089,-4.341089,-4.4010887,-4.4610887,-4.511089,-4.561089,-4.621089,-4.6710887,-4.721089,-4.761089,-4.811089,-4.851089,-4.9010887,-4.9410887,-4.9810886,-5.021089,-5.051089,-5.091089,-5.121089,-5.1510887,-5.181089,-5.2110887,-5.241089,-5.271089,-5.291089,-5.311089,-5.331089,-5.351089,-5.371089,-5.391089,-5.4010887,-5.4210887,-5.431089,-5.4410887,-5.4410887,-5.451089,-5.451089,-5.4610887,-5.4610887,-5.4610887,-5.4610887,-5.451089,-5.451089,-5.4410887,-5.431089
-3.8210888,-3.881089,-3.941089,-4.001089,-4.051089,-4.1110888,-4.161089,-4.221089,-4.271089,-4.311089,-4.3610888,-4.411089,-4.4610887,-4.501089,-4.551089,-4.601089,-4.6510887,-4.7110887,-4.761089,-4.811089,-4.831089,-4.851089,-4.871089,-4.891089,-4.911089,-4.931089,-4.9610887,-4.9810886,-5.011089,-5.031089,-5.051089,-5.071089,-5.101089,-5.121089,-5.1310887,-5.1510887,-5.161089,-5.181089,-5.1910887,-5.2110887,-5.2310886,-5.251089,-5.261089,-5.261089,-5.261089,-5.251089,-5.251089,-5.251089,-5.241089,-5.2310886,-5.221089,-5.2110887,-5.201089,-5.1910887,-5.181089,-5.1710887,-5.1510887,-5.141089
-3.211089,-3.2510889,-3.2810888,-3.3110888,-3.3410888,-3.3610888,-3.381089,-3.401089,-3.421089,-3.441089,-3.461089,-3.4810889,-3.5010889,-3.5210888,-3.5410888,-3.5610888,-3.5810888,-3.6110888,-3.631089,-3.661089,-3.691089,-3.7310889,-3.7710888,-3.8010888,-3.8410888,-3.871089,-3.911089,-3.941089,-3.9810889,-4.021089,-4.051089,-4.081089,-4.1110888,-4.1310887,-4.1510887,-4.1710887,-4.201089,-4.221089,-4.2310886,-4.251089,-4.271089,-4.281089,-4.291089,-4.301089,-4.311089,-4.311089,-4.321089,-4.321089,-4.321089,-4.311089,-4.311089,-4.301089,-4.301089,-4.301089,-4.301089,-4.281089,-4.271089,-4.251089
-2.141089,-2.121089,-2.1010888,-2.0810888,-2.0610888,-2.0410888,-2.0310888,-2.0210888,-2.0110888,-2.0110888,-2.0010889,-2.0010889,-2.0010889,-2.0010889,-2.0010889,-2.0010889,-1.9910889,-1.9910889,-1.9810889,-1.9810889,-1.9810889,-1.9810889,-1.9910889,-1.9910889,-2.0010889,-2.0110888,-2.0310888,-2.0410888,-2.0610888,-2.0910888,-2.121089,-2.161089,-2.211089,-2.2510889,-2.2910888,-2.3410888,-2.381089,-2.431089,-2.461089,-2.5010889,-2.5310888,-2.5710888,-2.5910888,-2.621089,-2.651089,-2.671089,-2.701089,-2.721089,-2.7310889,-2.7410889,-2.7510889,-2.7510889,-2.7410889,-2.7310889,-2.721089,-2.711089,-2.691089,-2.671089
-1.0510888,-0.94108886,-0.83108884,-0.7210889,-0.62108886,-0.52108884,-0.44108886,-0.36108887,-0.30108887,-0.26108888,-0.22108887,-0.19108887,-0.17108887,-0.15108886,-0.13108887,-0.111088865,-0.071088865,-0.031088866,0.008911133,0.058911134,0.09891114,0.12891114,0.13891113,0.13891113,0.13891113,0.12891114,0.09891114,0.07891113,0.058911134,0.048911132,0.038911134,0.058911134,0.068911135,0.08891113,0.108911134,0.12891114,0.13891113,0.14891113,0.15891114,0.15891114,0.14891113,0.13891113,0.11891113,0.108911134,0.08891113,0.068911135,0.058911134,0.048911132,0.048911132,0.038911134,0.038911134,0.048911132,0.068911135,0.08891113,0.11891113,0.15891114,0.19891113,0.24891113
1.0689111,1.1489111,1.2089112,1.2689111,1.3089111,1.3189111,1.3089111,1.2789111,1.2289112,1.1689111,1.1089112,1.0689111,1.0289111,0.99891114,0.9689111,0.94891113,0.91891116,0.86891115,0.79891115,0.7189111,0.61891115,0.5289111,0.41891113,0.30891114,0.19891113,0.07891113,-0.031088866,-0.16108887,-0.29108888,-0.42108887,-0.52108884,-0.57108885,-0.56108886,-0.50108886,-0.41108885,-0.27108887,-0.12108887,0.038911134,0.17891113,0.30891114,0.38891113,0.42891112,0.45891112,0.47891113,0.49891114,0.5389111,0.60891116,0.68891114,0.7889111,0.8989111,1.0189111,1.1389111,1.2689111,1.3989111,1.5289111,1.6489111,1.7589111,1.8689111
1.9089111,1.8689111,1.8189111,1.7689111,1.7289112,1.6989112,1.6889111,1.6889111,1.7189112,1.7389112,1.7389112,1.7089112,1.6289111,1.5089111,1.3689111,1.2089112,1.0489111,0.91891116,0.7889111,0.68891114,0.5989111,0.48891112,0.36891115,0.21891113,0.018911133,-0.20108886,-0.41108885,-0.58108884,-0.70108885,-0.75108886,-0.7210889,-0.6110889,-0.46108887,-0.31108886,-0.20108886,-0.16108887,-0.18108886,-0.23108886,-0.27108887,-0.28108886,-0.24108887,-0.15108886,-0.041088868,0.08891113,0.23891114,0.36891115,0.49891114,0.62891114,0.75891113,0.8889111,1.0289111,1.1589111,1.2789111,1.3889111,1.4889112,1.5789112,1.6789111,1.7889111
1.4289111,1.7589111,2.068911,2.328911,2.5089111,2.578911,2.558911,2.4489112,2.278911,2.068911,1.8589112,1.6389111,1.4189111,1.2189112,1.0389111,0.91891116,0.8489111,0.81891114,0.7789111,0.69891113,0.5789111,0.41891113,0.24891113,0.08891113,-0.10108887,-0.32108888,-0.5310889,-0.70108885,-0.82108885,-0.8410889,-0.81108886,-0.7810889,-0.7810889,-0.7810889,-0.7910889,-0.75108886,-0.68108886,-0.58108884,-0.51108885,-0.47108886,-0.48108888,-0.50108886,-0.49108887,-0.41108885,-0.29108888,-0.14108887,-0.0010888672,0.11891113,0.19891113,0.25891113,0.34891114,0.45891112,0.55891114,0.6389111,0.72891116,0.79891115,0.85891116,0.9089111
1.8389112,1.9189111,1.9589112,1.9789112,2.028911,2.128911,2.2489111,2.368911,2.4889112,2.548911,2.5089111,2.368911,2.1489112,1.8789111,1.5889112,1.3189111,1.0689111,0.8289111,0.60891116,0.42891112,0.24891113,0.058911134,-0.18108886,-0.45108888,-0.77108884,-1.0710889,-1.2710888,-1.4710889,-1.5810889,-1.6610888,-1.7110889,-1.8310889,-1.9910889,-2.0910888,-2.0810888,-1.9410889,-1.7710888,-1.6310889,-1.5610889,-1.5610889,-1.5810889,-1.5410888,-1.4610889,-1.3410889,-1.1910889,-1.0510888,-0.94108886,-0.88108885,-0.87108886,-0.8610889,-0.83108884,-0.76108885,-0.63108885,-0.47108886,-0.30108887,-0.14108887,0.028911132,0.16891113
1.6189111,1.9389111,2.288911,2.548911,2.7489111,3.0189111,2.9289112,2.778911,2.6889112,2.7189112,2.818911,2.848911,2.6789112,2.298911,1.8189111,1.3089111,1.0089111,0.79891115,0.49891114,0.14891113,-0.20108886,-0.49108887,-0.74108887,-0.9810889,-1.1610888,-1.2110889,-1.2010889,-1.2910888,-1.4210888,-1.7010889,-2.221089,-2.8310888,-3.2310889,-3.3110888,-3.0210888,-2.8610888,-2.7310889,-2.6010888,-2.451089,-2.131089,-1.7510889,-1.4810889,-1.5310888,-1.7810888,-1.9610889,-2.0010889,-1.8910888,-1.7110889,-1.5310888,-1.4010888,-1.3410889,-1.2910888,-1.2510889,-1.1910889,-1.1210889,-1.0510888,-0.9610889,-0.88108885
1.9489112,1.7889111,1.7089112,1.7989111,2.048911,2.368911,2.608911,2.6989112,2.618911,2.338911,2.4589112,2.4689112,2.4189112,2.2489111,1.9389111,1.5589111,1.1689111,0.7889111,0.43891114,0.15891114,0.008911133,-0.071088865,-0.13108887,-0.23108886,-0.34108886,-0.46108887,-0.7210889,-1.0710889,-1.4410889,-1.8010888,-2.131089,-2.421089,-2.621089,-2.701089,-2.7410889,-2.8010888,-2.8010888,-2.7310889,-2.5710888,-2.3410888,-2.141089,-2.0810888,-2.151089,-2.1010888,-2.151089,-2.431089,-2.5410888,-2.6010888,-2.431089,-2.401089,-2.371089,-2.391089,-2.431089,-2.461089,-2.461089,-2.391089,-2.2710888,-2.171089
1.5089111,1.1389111,0.75891113,0.54891115,0.48891112,0.54891115,0.72891116,0.98891115,1.2489111,1.4589112,1.5889112,1.7189112,1.9289111,2.1489112,2.2089112,2.028911,1.6589111,1.2489111,0.8489111,0.33891115,-0.20108886,-0.63108885,-0.89108884,-1.3110889,-1.8310889,-2.0310888,-1.8510889,-1.6310889,-1.4110888,-1.4410889,-1.5210888,-1.6710888,-1.9710889,-2.2410889,-2.3610888,-2.371089,-2.451089,-2.6010888,-2.651089,-2.4810889,-2.2610888,-2.2910888,-2.661089,-3.0510888,-3.121089,-2.951089,-2.661089,-2.721089,-2.8010888,-2.941089,-3.0810888,-3.2810888,-3.3410888,-3.3110888,-3.3110888,-3.401089,-3.4910889,-3.5510888
0.81891114,0.67891115,0.55891114,0.5389111,0.73891115,0.8389111,0.75891113,0.62891114,0.5989111,0.69891113,0.8489111,0.9689111,1.1089112,1.3189111,1.6389111,1.9289111,1.9889112,1.7789111,1.5089111,1.4389111,1.6089112,1.9789112,2.2189112,1.8689111,1.0589111,0.41891113,0.31891114,0.16891113,-0.5310889,-1.4010888,-1.8310889,-1.7710888,-1.7810888,-2.0310888,-2.3010888,-2.461089,-2.681089,-2.961089,-3.121089,-3.171089,-3.121089,-3.171089,-3.211089,-3.3310888,-3.5510888,-3.5910888,-3.971089,-4.1310887,-4.251089,-4.101089,-3.881089,-3.7310889,-3.5710888,-3.5710888,-3.8010888,-4.011089,-4.181089,-4.371089
-1.0710889,-0.6110889,-0.34108886,-0.18108886,0.038911134,0.27891114,0.49891114,0.6389111,0.69891113,0.68891114,0.69891113,0.8389111,1.0589111,1.1189111,1.1289111,1.3889111,1.8589112,2.068911,1.7889111,1.3789111,1.3189111,1.4989111,1.5489111,1.2389112,0.9589111,1.2889111,2.088911,2.598911,1.9289111,0.62891114,-0.7910889,-1.7610888,-2.191089,-2.3610888,-2.671089,-2.7410889,-2.971089,-3.181089,-3.3110888,-3.431089,-3.7710888,-4.301089,-4.541089,-3.9910889,-3.2710888,-3.2510889,-3.431089,-3.701089,-3.8210888,-3.621089,-3.431089,-3.5210888,-3.8110888,-4.031089,-4.1710887,-4.3610888,-4.6310887,-4.9210887
-3.971089,-3.931089,-3.0810888,-1.6910889,-0.46108887,0.5789111,0.97891116,1.0089111,1.2289112,1.6489111,2.058911,2.308911,2.5189111,2.828911,3.2589111,3.5089111,3.318911,3.058911,3.3889112,3.3889112,1.7489111,0.038911134,-0.35108888,-0.14108887,-0.49108887,-0.6010889,-0.24108887,-0.09108887,-0.041088868,0.7089111,1.6989112,1.4589112,-0.40108886,-2.431089,-3.671089,-3.871089,-3.691089,-3.5010889,-3.441089,-3.441089,-3.5110888,-3.681089,-3.971089,-4.181089,-3.7910888,-3.5210888,-3.5210888,-3.5210888,-3.5110888,-3.5610888,-3.641089,-3.7610888,-3.8510888,-3.941089,-4.101089,-4.3810887,-4.6710887,-4.951089
2.118911,3.068911,2.858911,0.8989111,-1.1710888,-1.2510889,0.28891113,2.4589112,4.198911,4.858911,4.548911,3.6989112,2.9089112,2.9089112,3.578911,4.228911,4.158911,4.2689114,4.698911,5.0989113,4.0189114,1.5689111,-0.37108886,-1.1410888,-1.5110888,-1.6610888,-1.7010889,-1.8610889,-2.2910888,-2.3210888,-1.5810889,-0.7310889,-0.17108887,-0.011088867,-0.061088867,-0.26108888,-0.75108886,-1.7510889,-2.881089,-3.461089,-2.8510888,-2.6010888,-2.4910889,-2.441089,-2.431089,-2.4810889,-2.5510888,-2.5710888,-2.5910888,-2.7810888,-3.171089,-3.5010889,-3.7510889,-4.011089,-4.161089,-4.101089,-4.041089,-3.9810889
1.3289112,1.8589112,1.9189111,2.1989112,2.9589112,3.6989112,3.5089111,2.528911,2.338911,3.4489112,5.0189114,6.1189113,6.148911,4.688911,3.578911,3.4989111,3.858911,4.238911,4.508911,4.338911,3.848911,2.6389112,1.4689112,1.0389111,1.0689111,1.1489111,0.40891114,-0.43108886,-0.82108885,-0.81108886,-0.5310889,-0.031088866,0.47891113,0.91891116,1.3489112,1.5589111,1.4589112,1.3589112,1.1989112,0.5889111,-0.27108887,-1.2110889,-1.6610888,-1.8610889,-1.8510889,-1.7710888,-1.7410889,-1.7410889,-1.7010889,-1.7310889,-1.9810889,-2.401089,-2.9910889,-3.141089,-2.901089,-2.7910888,-2.8510888,-3.1110888
0.36891115,1.2489111,2.2289112,2.618911,2.308911,1.7889111,2.4089112,3.588911,2.9189112,2.5089111,2.4189112,3.4589112,3.1389112,4.428911,5.438911,4.968911,4.5189114,4.358911,4.508911,4.418911,4.158911,3.3989112,2.058911,0.34891114,-1.4610889,-2.0610888,-1.5110888,-0.74108887,-0.51108885,-0.89108884,-1.2010889,-1.1810889,-0.70108885,-0.48108888,-0.64108884,-0.21108887,0.31891114,0.30891114,0.24891113,0.32891113,0.42891112,0.68891114,1.0489111,1.1289111,0.56891114,-0.13108887,-0.52108884,-0.5410889,-0.46108887,-0.40108886,-0.33108887,-0.30108887,-0.25108886,-0.26108888,-1.0910889,-1.9510889,-1.4910889,-1.0510888
0.36891115,0.8389111,1.0189111,1.0289111,1.2889111,1.5289111,1.6089112,1.6589111,1.3589112,1.2589111,1.5889112,1.8889111,1.8789111,2.608911,3.3989112,3.838911,4.088911,4.2889113,4.3289113,4.938911,5.5789113,5.158911,4.378911,3.088911,0.55891114,-1.1410888,-1.7210889,-1.6310889,-1.2810888,-0.83108884,-1.1610888,-1.3610889,-0.7210889,0.30891114,-0.40108886,-1.6710888,-1.6310889,-1.3310889,-1.7210889,-1.8710889,-1.6110889,-1.4010888,-0.95108885,-0.041088868,1.0389111,2.028911,2.548911,2.788911,2.828911,2.4789112,2.5089111,2.9589112,3.1489112,1.7789111,-1.1210889,-2.901089,-2.5910888,-2.0710888
0.14891113,-0.051088866,-0.5410889,-1.2610888,-1.0910889,-0.051088866,0.42891112,0.27891114,0.8289111,1.0689111,0.55891114,0.058911134,0.048911132,1.0689111,2.1589112,2.628911,1.7389112,2.308911,3.1589112,3.818911,4.428911,5.2889113,5.5789113,4.408911,3.568911,2.878911,1.4389111,-0.36108887,-1.3810889,-1.5410888,-0.9610889,-0.29108888,-0.48108888,-0.88108885,-0.6110889,0.108911134,0.30891114,0.038911134,-0.061088867,-0.68108886,-0.94108886,-0.69108886,-0.47108886,-0.45108888,-0.7210889,-1.1010889,-0.70108885,0.18891114,1.2889111,2.4989111,3.4189112,3.5089111,4.498911,5.698911,5.958911,5.758911,5.298911,4.718911
-1.4310889,-1.1710888,-0.94108886,-1.2010889,-1.7710888,-0.9210889,0.45891112,0.39891112,-0.08108887,-1.0410888,-3.0210888,-2.641089,-2.0510888,-1.8310889,0.018911133,1.2589111,1.8389112,1.2289112,1.8289112,2.7489111,2.548911,3.7189112,4.648911,4.0589113,3.7689111,4.668911,4.928911,4.748911,3.858911,1.4289111,-0.41108885,-0.18108886,0.028911132,-0.12108887,-0.37108886,-0.9010889,-1.0210888,-0.88108885,-0.99108887,-1.2810888,-1.4310889,-1.2710888,-1.4610889,-2.2910888,-3.2310889,-3.8310888,-3.7410889,-3.381089,-2.701089,-2.211089,-1.0710889,0.39891112,1.6789111,2.4689112,2.4689112,2.348911,3.858911,2.128911
-1.6410888,-1.9410889,-1.0810889,-1.0710889,-1.4510889,-1.0710889,0.17891113,0.45891112,0.32891113,-0.09108887,-0.5910889,-1.2910888,-2.7910888,-0.89108884,0.79891115,0.66891116,0.55891114,1.3389112,1.4989111,0.91891116,1.5689111,1.4789112,2.2489111,2.4489112,2.1689112,3.368911,3.078911,2.088911,1.4289111,1.3989111,0.31891114,-0.34108886,0.31891114,0.31891114,-0.13108887,-0.50108886,-0.44108886,-0.16108887,-0.12108887,-0.39108887,-0.7910889,-1.0810889,-1.3910888,-1.8510889,-2.0410888,-2.151089,-2.0010889,-1.1410888,-0.77108884,-0.21108887,0.62891114,0.24891113,-0.6110889,-0.16108887,0.49891114,1.4189111,1.2589111,1.5689111
-1.4610889,-1.2510889,-1.3210889,-0.94108886,-0.87108886,-0.20108886,0.48891112,0.5389111,0.79891115,-0.061088867,-0.49108887,-1.5910889,-2.691089,-1.0310888,-0.30108887,0.7089111,0.8289111,1.0189111,0.75891113,0.108911134,-0.17108887,-1.1110889,-0.22108887,1.6089112,1.1689111,0.068911135,-0.031088866,1.1089112,1.3189111,1.1089112,1.1989112,0.75891113,0.38891113,0.46891114,1.2889111,1.5389111,1.0089111,0.9589111,1.4289111,2.318911,1.2289112,-0.17108887,-0.93108886,-0.7110889,-0.14108887,-1.4810889,-2.681089,-1.6610888,-1.2010889,-1.3010888,-1.1010889,-0.9010889,-0.5410889,-0.17108887,-0.6110889,-0.6510889,-0.09108887,0.93891114
-1.4510889,-1.5210888,-1.1410888,-0.32108888,-0.23108886,-0.011088867,0.32891113,0.13891113,0.15891114,0.018911133,-0.88108885,-2.141089,-2.1010888,-0.26108888,-0.57108885,-0.31108886,0.6389111,0.67891115,0.74891114,0.6589111,1.5289111,1.6989112,0.5289111,-0.9210889,-0.42108887,0.7689111,0.8489111,-0.18108886,-0.22108887,0.61891115,-0.0010888672,0.50891113,1.4089111,1.7089112,1.1989112,1.0489111,1.3589112,0.8989111,0.5989111,0.93891114,0.66891116,-0.34108886,-0.6110889,-0.5910889,-1.5910889,-1.4910889,-1.8110889,-3.3510888,-2.3010888,-2.0810888,-1.7610888,-0.74108887,-0.071088865,0.068911135,0.09891114,0.54891115,0.108911134,1.0789112
-1.3510889,-0.80108887,-0.33108887,-0.021088867,0.20891114,0.38891113,0.29891112,0.48891112,0.7089111,1.2189112,-1.0210888,-2.0810888,-1.9410889,-1.5410888,0.54891115,1.1989112,0.97891116,0.8289111,1.0089111,0.6489111,-0.031088866,0.37891114,-1.2910888,-0.95108885,-1.2810888,-1.1610888,-0.7110889,0.50891113,0.92891115,0.41891113,-0.56108886,-0.68108886,0.028911132,0.30891114,0.19891113,-1.2010889,-0.58108884,0.23891114,-0.5910889,-0.031088866,-0.011088867,-0.89108884,-1.1410888,-1.5810889,-1.0410888,-1.0310888,-1.1110889,-0.9610889,-0.9010889,-0.74108887,-1.1810889,-1.0310888,-0.95108885,-0.041088868,-0.45108888,0.22891113,0.5989111,1.1889111
-0.6610889,-0.47108886,-0.55108887,-0.10108887,0.22891113,0.38891113,0.11891113,1.2189112,1.2189112,1.8589112,-0.6010889,-1.6310889,-1.8910888,-1.6610888,-1.4510889,-0.83108884,0.28891113,1.0189111,0.91891116,1.5889112,1.0689111,-0.24108887,0.5789111,0.7889111,-1.0310888,-1.2710888,-1.4210888,-0.6610889,-1.1710888,-1.1510888,-1.0010889,-0.5310889,-0.80108887,-1.1010889,-0.17108887,0.07891113,-0.40108886,-0.95108885,-0.40108886,-0.35108888,-1.4210888,-1.4210888,-1.6810889,-1.9310889,-1.1310889,-1.7610888,-2.421089,-1.4210888,-0.94108886,-1.5410888,-0.7110889,-1.0710889,-0.42108887,-1.1510888,-0.09108887,-0.41108885,-0.09108887,0.9689111
