raw-data/2018100818.json
{"header": { "discipline":0, "disciplineName":"Meteorological products", "gribEdition":2, "gribLength":74887, "center":7, "centerName":"US National Weather Service - NCEP(WMC)", "subcenter":0, "refTime":"2018-10-08T18:00:00.000Z", "significanceOfRT":1, "significanceOfRTName":"Start of forecast", "productStatus":0, "productStatusName":"Operational products", "productType":1, "productTypeName":"Forecast products", "productDefinitionTemplate":0, "productDefinitionTemplateName":"Analysis/forecast at horizontal level/layer at a point in time", "parameterCategory":2, "parameterCategoryName":"Momentum", "parameterNumber":3, "parameterNumberName":"V-component_of_wind", "parameterUnit":"m.s-1", "genProcessType":2, "genProcessTypeName":"Forecast", "forecastTime":0, "surface1Type":103, "surface1TypeName":"Specified height level above ground", "surface1Value":10.0, "surface2Type":255, "surface2TypeName":"Missing", "surface2Value":0.0, "gridDefinitionTemplate":0, "gridDefinitionTemplateName":"Latitude_Longitude", "numberPoints":65160, "shape":6, "shapeName":"Earth spherical with radius of 6,371,229.0 m", "gridUnits":"degrees", "resolution":48, "winds":"true", "scanMode":0, "nx":360, "ny":181, "basicAngle":0, "lo1":0.0, "la1":90.0, "lo2":359.0, "la2":-90.0, "dx":1.0, "dy":1.0 }, "data":
[rows 26 to 51 of 181, columns 58 to 115 of 360]
-3.0471826,-1.5471826,-2.6171827,-2.3171825,-1.2271826,-0.9871826,-0.83718264,0.19281739,1.2028174,0.7428174,1.1928173,1.6328174,1.9828174,2.2828174,2.2228174,2.3828173,2.3728173,2.2428174,2.4228175,2.4528174,2.6028173,2.5228174,2.5428174,2.4828174,1.5028174,1.0728173,0.9928174,0.7528174,0.26281738,0.8328174,-0.58718264,0.24281739,6.7228174,6.7928176,6.1228175,4.2228174,3.6728175,2.9728174,2.3628173,2.4228175,2.3428173,3.0628173,3.3028173,3.0028174,2.5328174,2.9228175,3.4928174,2.4728174,1.8028173,2.2728174,3.0228174,2.2328174,3.1428175,2.7428174,1.8328174,1.3728174,1.2128174,1.5928174
-3.2671826,-2.3371825,-2.4571826,-1.4871826,-1.2871826,-0.6871826,-0.18718262,0.5528174,0.5528174,0.8828174,1.1828173,1.6028174,2.7528174,2.9028175,2.3128173,2.1628175,2.1128173,2.3828173,2.6528175,2.6128173,2.5828173,1.7828174,1.6328174,1.6828173,1.4228173,1.2528174,0.85281736,0.79281735,1.2028174,1.4128174,1.9128174,4.192817,3.7428174,3.6728175,4.5228176,5.0528173,4.752817,2.6428175,2.5228174,2.4128175,2.3328173,2.5828173,2.1228173,1.8328174,2.6728175,2.9028175,2.7728174,2.8828173,2.9128175,3.4628174,2.3528173,2.3928175,2.1228173,1.0228174,0.7528174,0.7328174,0.91281736,1.1828173
-4.1871824,-2.3571825,-2.5671825,-2.2171826,-1.6371826,-0.9171826,-0.35718262,0.15281738,0.65281737,1.0328174,1.0728173,1.5328174,1.7928174,3.1328173,3.8828173,5.4728174,3.7928174,3.9628174,3.4128175,2.4528174,2.0228174,1.7628174,1.8828174,1.6628174,1.8328174,1.3528174,0.40281737,-0.23718262,0.9328174,2.3228173,2.2728174,2.3128173,3.5028174,3.9328175,3.4428174,3.8428173,2.3928175,2.3928175,2.3228173,2.2428174,2.3728173,2.3528173,2.5328174,3.3828173,3.4728174,3.5128174,3.1228173,2.8728173,3.4828174,2.7828174,2.2628174,2.1128173,1.4528174,1.1028174,-0.15718262,0.072817385,0.7528174,1.0128174
-1.6071826,-0.6771826,-2.5171826,-1.1771827,-0.3971826,0.43281737,1.3128173,1.4528174,1.3928174,1.6728173,2.2328174,2.9928174,2.0028174,2.6128173,2.8828173,3.1628175,2.9028175,2.5028174,3.2528174,2.8228173,2.0028174,2.0128174,1.8428174,1.5428174,1.5328174,1.3428174,1.2628174,1.8728174,1.5628173,1.7428174,2.4828174,2.9328175,3.9228175,3.8928175,3.0128174,2.5628173,2.4928174,2.4828174,2.0928173,1.7028174,1.9528174,2.1928174,2.9528174,3.3228173,3.7528174,3.4828174,3.7628174,2.7528174,2.5928173,2.1928174,1.7428174,1.2428174,0.72281736,-0.027182616,0.22281738,-0.047182616,0.5728174,0.9928174
5.1128173,2.2628174,0.042817384,3.2628174,3.9428174,4.0728173,3.9828174,3.8528173,4.0928173,4.6528172,3.7128174,3.8028173,3.5128174,3.4628174,3.0528173,2.8228173,2.6228173,2.2028174,2.2228174,2.0628173,2.0828173,2.5328174,1.8328174,1.7828174,1.8528174,1.9828174,1.6328174,1.9228173,1.9428173,2.8428173,2.8028173,2.9928174,2.9528174,3.4428174,3.6128173,2.9328175,2.6128173,2.3728173,1.7528174,1.2928174,1.4228173,1.6228174,2.3828173,3.0728173,3.2528174,2.7828174,3.2228174,2.4128175,1.9228173,1.5028174,1.0628173,0.5528174,-0.107182615,-0.017182617,0.43281737,1.1228174,1.5528173,1.2328174
4.0428176,3.8528173,4.192817,4.0828176,4.0228176,4.0528173,3.8328173,3.7228174,3.6228173,4.3828173,4.1528172,4.1128173,4.2028174,4.482817,4.172817,4.5228176,3.3928175,2.9428174,2.8428173,2.3228173,2.1828175,2.0628173,2.0328174,2.8128173,2.0728173,1.8928174,1.8928174,1.9228173,1.9928174,2.1228173,2.3428173,2.3728173,2.5328174,2.2728174,2.2828174,2.3228173,2.3628173,1.7928174,1.3428174,0.9628174,0.7428174,1.5928174,2.2828174,2.4428174,2.2228174,2.3628173,2.4528174,2.1328173,1.4628174,1.4928174,0.8328174,0.7628174,0.16281739,0.15281738,1.7028174,1.1228174,-0.5371826,-1.2671826
3.0728173,4.1328173,4.6028175,3.7228174,3.9428174,4.2728176,3.8228173,3.7628174,3.9028175,3.8428173,3.6928174,3.8228173,4.4328175,4.962817,6.5228176,5.6428175,4.7928176,5.0928173,3.6628175,2.9828174,2.4828174,2.2728174,2.1028173,2.1628175,2.0828173,2.3628173,2.1028173,2.1128173,2.1028173,2.1328173,2.1428175,2.1628175,2.1628175,2.1228173,2.0728173,1.8728174,1.9228173,1.6728173,0.65281737,0.5028174,0.42281738,1.1728173,2.4028175,2.5828173,3.0528173,2.4128175,2.0828173,1.4928174,1.3528174,0.7728174,0.3828174,0.9628174,1.2628174,1.0728173,0.29281738,0.42281738,-0.057182617,-0.26718262
3.8828173,4.3528175,3.9328175,3.2528174,4.2728176,5.2628174,4.1028175,4.212817,4.2828174,4.0528173,3.7628174,5.1328173,4.7428174,5.3928175,5.6828175,4.9028172,4.8228173,4.2428174,3.7128174,3.4428174,4.442817,3.9428174,2.7628174,2.3328173,2.2428174,2.3128173,2.7628174,2.2728174,2.7828174,2.2928174,1.8928174,2.0728173,2.2028174,2.1728175,1.8028173,1.6028174,1.8828174,0.7528174,0.27281737,-0.26718262,-0.007182617,1.5928174,2.6328173,2.4028175,2.3528173,1.4228173,1.9328173,1.3228173,0.79281735,0.65281737,0.10281739,0.6928174,-0.037182618,-0.22718261,-0.067182615,0.20281738,0.5728174,-1.5071826
4.3128176,3.7628174,3.3028173,4.5328174,5.462817,5.212817,5.4728174,4.942817,4.6628175,4.3028173,4.692817,5.0728173,5.732817,6.1028175,6.3328176,6.0328174,6.1528172,6.1528172,5.8328176,5.1328173,4.6628175,3.9228175,3.0228174,2.7228174,2.2628174,2.0428174,2.3228173,3.0328174,2.4128175,2.7628174,3.0728173,2.6728175,2.5828173,2.0028174,1.4728174,1.6228174,0.7028174,0.5728174,0.08281738,-0.4271826,-0.7671826,0.2528174,1.7628174,2.0128174,3.0228174,1.8128173,1.1728173,0.9528174,0.6328174,-0.4371826,0.5628174,-2.4571826,-2.6371827,-0.16718262,2.3028173,-1.5471826,-0.7971826,-2.5471826
5.3628173,3.2728174,2.4628174,4.5928173,4.6528172,4.9328175,4.502817,4.3528175,4.192817,4.4528174,5.0228176,5.192817,5.3528175,5.482817,5.6128173,5.6428175,5.6428175,5.6028175,5.4928174,5.252817,5.3428173,3.7628174,3.2428174,3.1428175,3.2628174,3.3428173,3.2028174,2.7928174,2.9528174,2.0328174,2.7228174,1.1328174,0.72281736,1.5028174,0.8128174,0.8128174,0.3228174,-1.3371826,-1.6271826,-1.1371826,0.59281737,-0.29718262,1.2428174,2.0828173,1.6928173,1.0328174,1.0728173,-0.21718262,-0.6071826,0.09281738,1.1328174,-1.5771827,1.4028174,-1.9471827,-2.5271826,-1.2571826,-3.7271826,-1.3871826
2.8728173,3.3128173,4.5228176,4.2828174,4.3628173,4.212817,3.9528174,3.9628174,4.5528173,4.7828174,4.982817,4.8628173,4.712817,4.8628173,5.2728176,5.3928175,5.0828176,4.712817,4.8428173,4.4328175,3.6228173,3.3328173,3.1428175,2.5628173,2.3428173,2.1728175,2.4228175,2.1628175,1.8928174,2.6028173,0.8828174,1.1828173,1.1128174,0.022817383,-1.1971827,-0.8171826,0.72281736,0.4428174,0.4428174,1.1728173,-0.11718262,0.9928174,0.84281737,0.90281737,1.4628174,0.5728174,0.4128174,-0.12718262,-0.5171826,0.5528174,-2.2871826,3.3628173,-0.9371826,-0.09718262,-2.7271826,-1.7071826,-0.8671826,-0.8271826
2.7528174,4.0428176,4.5128174,4.1428175,3.8328173,3.6928174,3.8428173,4.6228175,4.4728174,4.7228174,4.502817,4.442817,4.4528174,4.5828176,4.9728174,4.8928175,4.232817,3.9528174,3.6728175,3.6628175,3.5528173,3.1028173,3.1328173,2.9328175,2.7528174,2.6528175,2.0528173,2.5028174,2.5928173,1.6028174,1.2928174,0.2528174,0.8628174,1.7428174,-0.017182617,0.16281739,-0.32718262,-0.38718262,-0.6971826,-0.5771826,-0.8671826,0.032817382,-0.5771826,1.1028174,0.7128174,0.60281736,0.3228174,-0.6271826,-0.7971826,-1.6471826,3.4828174,0.49281737,-1.7771826,-2.1871827,-1.2571826,-1.0571827,-1.1171826,-1.5171826
3.3828173,3.4328175,3.6028173,3.4328175,3.5028174,3.9528174,3.8628173,4.6328173,3.9128175,4.0728173,3.9028175,4.0228176,4.2028174,4.1428175,3.8028173,3.9528174,3.3328173,3.5628173,3.2328174,2.8328173,2.9728174,2.5828173,2.9128175,2.1628175,2.6028173,2.7428174,2.8728173,1.8728174,1.3428174,0.60281736,0.3228174,-0.7871826,-1.2571826,-1.9571826,-2.2571826,-1.5671827,-1.6871827,-2.0671825,-0.6971826,1.0528173,0.6428174,-1.2571826,-0.12718262,-1.4971826,-2.1071825,0.3128174,0.42281738,-1.0771827,2.0528173,0.8028174,-0.96718264,0.9328174,0.45281738,0.8928174,-1.1571826,-1.3171827,-0.9871826,-0.9471826
3.4228175,3.2028174,3.4728174,2.9928174,3.2028174,3.3228173,3.1928174,3.5628173,3.8128173,4.3028173,4.1528172,3.5028174,3.3928175,2.8728173,2.9528174,2.3628173,2.8628173,2.6028173,2.0528173,1.9628174,2.1228173,2.7628174,2.6128173,2.4728174,1.4328173,0.42281738,0.9928174,-0.15718262,-0.83718264,-0.84718263,-1.6271826,-0.77718264,-1.4171826,0.3428174,0.5728174,-0.8671826,-1.1071826,0.42281738,1.3928174,0.4128174,-0.26718262,-0.7971826,-0.3071826,-1.5571827,-2.0971825,-1.8571826,-0.31718263,-1.4771826,0.032817382,1.4728174,0.5728174,1.6428174,0.9628174,0.3128174,0.5228174,-1.2671826,-1.9871826,-1.4471827
3.4628174,3.3828173,2.6528175,2.4728174,2.2428174,2.4728174,2.7628174,3.4628174,4.0928173,3.9128175,3.1628175,2.3028173,1.4328173,1.9928174,2.0728173,1.5428174,1.2328174,1.0328174,0.97281736,0.9928174,0.7528174,1.7328174,1.6728173,0.8328174,0.3428174,-0.6271826,-1.8971826,-0.48718262,0.6228174,-0.107182615,-0.8271826,-0.2771826,-0.8871826,0.20281738,0.112817384,0.14281738,0.43281737,0.4128174,-0.90718263,-1.9271827,-1.5171826,-0.8271826,-1.0371826,-0.19718261,0.032817382,-0.4271826,0.39281738,-0.31718263,1.7228174,1.8028173,0.84281737,1.2828174,0.79281735,0.6228174,-1.7171826,-0.047182616,-2.5571826,-1.8871826
3.0228174,2.1028173,2.6028173,2.4228175,2.3128173,2.2028174,3.0428174,3.3228173,2.8428173,1.6828173,-0.3971826,-0.26718262,2.0028174,1.3728174,0.6728174,0.032817382,-0.48718262,-0.8171826,-1.2371826,-1.8571826,-1.8071827,0.14281738,0.21281739,-0.45718262,-2.7871826,-3.7671826,-2.7971826,-1.7071826,-2.2771826,-2.5171826,-1.5171826,-1.0371826,-0.34718263,1.0828174,-0.48718262,0.21281739,-0.3071826,-0.6071826,-0.18718262,-0.19718261,0.7728174,-0.24718262,0.032817382,1.3128173,1.0428174,0.8828174,-0.057182617,1.3628174,1.6128174,1.6728173,0.84281737,0.7328174,-1.1471826,0.09281738,0.042817384,-1.0871826,-1.7371826,-2.0471826
3.1028173,3.3128173,2.8528173,3.2928174,2.5128174,2.1428175,1.9128174,1.3428174,0.59281737,-2.0871825,-0.08718262,1.7828174,0.78281736,-0.41718262,-1.0271826,-2.3071826,-3.1271827,-2.8271825,-3.3671827,-2.7871826,-2.7271826,-3.7371826,-4.7171826,-2.6371827,-2.0071826,-1.0171826,0.5528174,0.4728174,1.2728174,-1.4571826,-1.3471826,-2.0871825,0.18281738,-0.35718262,0.6828174,-0.13718262,0.27281737,-1.2171826,-1.2871826,-0.6271826,1.4728174,0.72281736,0.6328174,0.2528174,-0.3071826,-0.6771826,0.16281739,0.59281737,-1.1471826,-2.0371826,-1.3871826,-0.8771826,-0.6271826,-1.9971826,-1.3671826,-0.7471826,-1.3171827,-1.9971826
4.8428173,4.3428173,3.4328175,2.0428174,0.60281736,0.072817385,0.7628174,-0.24718262,-2.3971827,-0.09718262,0.14281738,-1.3071827,-2.5471826,-2.9571826,-3.4471827,-3.1871827,-3.7471826,-3.1471827,-3.6071825,-3.8771827,-4.3871827,-6.7371826,-4.9671826,-0.17718261,-2.1571827,-1.9371827,-2.9971826,-0.5671826,-0.38718262,-2.0271826,-6.557183,-1.9171826,-0.6071826,-1.6271826,0.5828174,-0.027182616,0.072817385,-0.44718263,-0.21718262,-2.3771827,-1.1771827,-1.9771826,-2.1371827,0.09281738,0.8628174,0.6328174,-0.13718262,-0.8671826,-1.4271827,-2.3971827,-2.1771827,-1.1571826,-1.2571826,-1.6771827,-2.2971826,-2.7471826,-2.6471827,-2.8371825
3.6128173,3.6028173,1.8928174,-1.1071826,0.0028173828,-0.83718264,-1.0271826,-3.1971827,-1.3271827,-2.2871826,-3.0771825,-3.9071827,-3.9171827,-1.7171826,-1.3171827,-2.2171826,-4.4871826,-3.7371826,-3.6471827,-3.5271826,-3.9771826,-3.4471827,-0.9771826,0.5028174,-2.4471827,0.8328174,0.6128174,-0.6971826,1.8128173,0.5228174,-5.3771825,-3.8771827,-0.95718265,-0.41718262,0.65281737,-1.1171826,-0.9171826,1.0328174,-0.07718262,-2.2971826,-1.9971826,-2.6471827,-2.9071827,-1.3771826,-1.0171826,-1.9771826,-1.7171826,-2.2071826,-3.1871827,-2.9771826,-2.9971826,-2.2871826,-2.7271826,-2.6471827,-2.4771826,-2.2571826,-2.6571827,-2.9171827
3.0228174,3.1228173,1.7428174,0.8128174,-1.3271827,-1.2371826,-2.2671826,-2.9171827,-3.6171827,-4.2971826,-5.4871826,-4.8871827,-1.6371826,-1.4771826,-2.5671825,-3.9171827,-3.4071827,-3.2871826,-3.6671827,-4.4471827,-1.7971826,0.65281737,1.8228173,-0.08718262,-1.7071826,0.072817385,-1.2371826,0.8028174,1.2428174,-1.0471826,-3.0271826,-4.787183,-5.2071824,0.052817382,-1.1571826,-2.6071825,-3.9371827,-1.3771826,-3.5671825,-1.5571827,-4.6571827,-5.1671824,-2.7271826,0.79281735,2.3028173,-0.6871826,-2.0671825,-2.8271825,-3.2671826,-4.1071825,-2.6771827,-2.7671826,-3.0371826,-3.0971825,-3.4371827,-3.8971827,-4.827183,-3.6771827
2.7128174,2.0028174,1.3928174,-0.7671826,-1.7271826,-2.6671827,-3.7271826,-4.3371825,-5.4671826,-4.9071827,-6.077183,-1.9771826,-2.3671827,-3.3971827,-3.9971826,-3.6971827,-3.6871827,-2.7971826,-3.1071825,-1.9971826,-1.2871826,0.7528174,1.6428174,0.7128174,-2.1571827,-1.1671826,-0.24718262,0.24281739,0.12281738,0.29281738,-1.1071826,1.2628174,3.9828174,2.2428174,-0.21718262,3.5328174,0.06281738,-3.1371827,-0.067182615,-2.5871825,-1.1571826,-2.5071826,-0.34718263,-0.9271826,0.8728174,-1.5571827,-1.2671826,-2.4971826,-2.6671827,-3.8371825,-2.8671827,-3.0371826,-3.7071826,-4.7371826,-5.4371824,-3.9571826,-3.7271826,-3.0271826
1.2128174,0.30281737,-0.9871826,-1.4471827,-2.0971825,-2.7571826,-3.8371825,-5.1971827,-5.9871826,-5.8371825,-3.4071827,-3.9471827,-5.017183,-2.7471826,-1.3071827,-1.4271827,-0.59718263,-3.3771827,-0.25718263,2.4428174,-0.71718264,-0.4671826,-1.0671827,-2.0271826,-0.21718262,0.8128174,-0.14718261,-0.18718262,-0.4071826,-1.4071826,-2.9171827,0.15281738,0.9628174,-2.1271827,-6.9171824,-1.9871826,0.22281738,-1.4271827,-0.9171826,-1.8371826,-0.5371826,0.49281737,0.8328174,0.9428174,0.4128174,0.9828174,-1.1271826,-3.8471825,-3.4971826,-2.3571825,-0.38718262,-2.2271826,-2.8971827,-3.4171827,-4.9271827,-4.1371827,-2.7971826,-2.4971826
-0.64718264,-0.84718263,-1.1971827,-2.3271825,-2.8971827,-2.4771826,-3.9771826,-5.077183,-4.2571826,-6.287183,-3.7571826,3.4628174,1.4928174,0.3228174,-1.2271826,-0.9171826,-0.34718263,-2.4571826,-0.7671826,-0.027182616,3.5528173,1.9028174,1.8528174,0.5028174,-2.3071826,-2.9771826,-0.83718264,-1.1871827,-3.1971827,-0.9271826,0.40281737,0.90281737,0.33281738,-3.3371825,-3.2271826,-0.7271826,0.18281738,1.7728174,-0.6771826,-2.0271826,-1.9371827,0.54281735,3.5828173,4.1428175,3.0328174,2.3728173,1.6828173,1.4728174,0.60281736,0.8228174,-0.6171826,-2.3071826,-2.8671827,-2.8171825,-3.7471826,-4.787183,-4.8771825,-3.3171825
0.5128174,-0.45718262,-1.6471826,-1.4871826,-2.3571825,-3.0271826,-2.7771826,-3.8271825,-3.7371826,-5.9171824,2.4628174,2.3628173,-0.25718263,1.9728174,1.2628174,2.7328174,-0.7571826,2.5928173,2.1028173,1.4528174,1.2128174,-1.5071826,-2.1771827,-3.8971827,-2.5071826,-1.2471826,-0.90718263,-1.1071826,-0.25718263,1.7728174,-2.6271827,-4.057183,-5.0871825,-5.2771826,-2.6371827,-3.0271826,0.022817383,-0.08718262,-2.1771827,-1.3971826,0.40281737,2.8428173,3.5528173,4.3128176,3.8428173,2.7228174,0.9228174,0.9328174,0.3528174,0.22281738,-0.44718263,-1.1271826,-2.9271827,-5.577183,-2.2371826,-2.6571827,-1.5471826,-1.8471826
0.4128174,-0.067182615,-0.4971826,-1.2971826,-2.8571825,-2.7471826,-4.7171826,-4.0271826,-0.057182617,-0.08718262,1.4328173,-0.6071826,-0.5071826,-1.8671826,-1.7671826,-0.4371826,3.6328173,5.1828175,-4.6771827,-4.3171825,-2.7671826,-4.4571824,-6.077183,-1.3771826,2.1828175,2.6928174,2.2828174,1.1828173,0.48281738,-1.1271826,-2.9071827,-3.6371827,-4.577183,-2.0071826,0.9528174,1.1128174,3.7428174,0.072817385,0.43281737,1.3028173,1.6428174,0.8728174,3.0328174,2.5828173,1.6028174,0.13281739,-1.1471826,-1.5071826,-2.5771825,-1.4571826,-2.9771826,-3.4571826,-3.6571827,-3.1571827,-1.7071826,-3.7671826,-1.2471826,-1.4971826
1.2528174,0.3828174,-0.5771826,-0.8271826,-1.6871827,-2.8371825,-4.6771827,-2.7671826,-1.1771827,-1.4171826,1.9028174,2.4628174,1.5328174,0.48281738,-1.5971826,-1.1871827,0.9428174,-2.0071826,0.49281737,-1.2071826,-2.7971826,-2.9971826,-2.0171826,1.6628174,2.1928174,0.8828174,-0.3671826,-1.0771827,-1.9471827,-3.3371825,-2.2271826,0.24281739,0.72281736,0.7728174,-0.9471826,-2.3571825,-0.8671826,-0.047182616,-0.12718262,-1.1671826,-0.017182617,-0.5671826,0.15281738,0.43281737,0.53281736,0.24281739,-1.0571827,-1.9771826,-2.5471826,-2.3471825,-3.6971827,-5.1371827,-4.5971828,-4.1771827,-1.2771826,-3.5071826,-2.8871827,-1.2671826
