raw-data/2018091506.json
{"header": { "discipline":0, "disciplineName":"Meteorological products", "gribEdition":2, "gribLength":74197, "center":7, "centerName":"US National Weather Service - NCEP(WMC)", "subcenter":0, "refTime":"2018-09-15T06:00:00.000Z", "significanceOfRT":1, "significanceOfRTName":"Start of forecast", "productStatus":0, "productStatusName":"Operational products", "productType":1, "productTypeName":"Forecast products", "productDefinitionTemplate":0, "productDefinitionTemplateName":"Analysis/forecast at horizontal level/layer at a point in time", "parameterCategory":2, "parameterCategoryName":"Momentum", "parameterNumber":2, "parameterNumberName":"U-component_of_wind", "parameterUnit":"m.s-1", "genProcessType":2, "genProcessTypeName":"Forecast", "forecastTime":0, "surface1Type":103, "surface1TypeName":"Specified height level above ground", "surface1Value":10.0, "surface2Type":255, "surface2TypeName":"Missing", "surface2Value":0.0, "gridDefinitionTemplate":0, "gridDefinitionTemplateName":"Latitude_Longitude", "numberPoints":65160, "shape":6, "shapeName":"Earth spherical with radius of 6,371,229.0 m", "gridUnits":"degrees", "resolution":48, "winds":"true", "scanMode":0, "nx":360, "ny":181, "basicAngle":0, "lo1":0.0, "la1":90.0, "lo2":359.0, "la2":-90.0, "dx":1.0, "dy":1.0 }, "data":
[rows 104 to 129 of 181, columns 0 to 56 of 360]
-4.7439795,-4.3239794,-4.1439795,-3.6439795,-4.4839797,-4.3939795,-4.0839796,-3.9039795,-2.7839794,-2.2339795,-1.3639795,0.16602051,1.8860205,-1.6439795,-0.60397947,0.13602051,0.9660205,0.3660205,-0.54397947,0.05602051,0.13602051,-1.7839795,-2.1439795,-2.6539795,-3.4139795,-4.0839796,-3.4239795,-3.8739796,-5.1239796,-4.6739793,-2.0639794,-1.4639795,-3.4039795,-2.7939794,-2.3039794,-0.1839795,-2.0539794,-2.1339796,-2.1339796,-1.6039795,-0.5939795,-0.5339795,-1.3039795,-2.0639794,-0.1839795,1.0860205,1.6760205,1.8060205,1.3260205,-1.2239795,-0.5939795,-4.9439793,-6.1039796,-6.2839794,-6.2039795,-6.8239794,-5.9839797
-4.8039794,-4.3139796,-4.1739793,-3.5139794,-4.4139795,-4.1239796,-3.9639795,-3.9639795,-3.3439796,-2.6739795,-2.5539794,-0.9139795,1.1760205,-0.11397949,0.5460205,0.31602052,0.7560205,0.3860205,-1.7439795,-0.9339795,-2.4939795,-1.5239795,-1.8539795,-1.7239795,-3.8739796,-3.1039796,-3.2239795,-3.7539794,-4.8439794,-1.7539794,-0.85397947,-4.0439796,-3.1639795,-0.46397948,-1.9639795,-1.5339795,-2.0139794,-1.5439795,-1.1939795,-1.0639795,-0.5039795,-2.8839796,-2.4339795,-1.6739795,-1.9639795,-5.6339793,-7.4439793,-3.9539795,-1.1739795,-3.3039794,-0.5239795,-4.1239796,-5.7239795,-6.2639794,-7.1639795,-7.9039793,-7.8339796
-4.6639795,-4.3639793,-3.9739795,-3.9039795,-3.8639796,-4.1139793,-3.8739796,-4.2239795,-3.8639796,-2.7739794,-2.6539795,-1.2339795,0.6560205,-0.9439795,-0.2639795,1.1660205,0.3860205,0.6060205,-1.7539794,-1.9039795,-3.3039794,-2.1639795,-2.1739795,-1.9239795,-3.0739794,-3.4039795,-2.7439795,-3.0039794,-4.5839796,-2.1339796,-3.5539794,-4.8139796,-4.3639793,-2.3139794,-2.1139796,-0.09397949,-1.1739795,-0.8639795,-1.2439795,-1.0639795,-1.3039795,-4.0839796,-3.4639795,-2.6639795,-4.4939795,-6.2439795,-4.7439795,-3.2139795,-3.0739794,-3.8939795,-2.2939794,-4.0439796,-5.3139796,-6.2939796,-6.9439793,-7.4139795,-7.5139794
-4.5039797,-4.2739797,-4.0839796,-3.9139795,-3.8639796,-4.1239796,-3.9239795,-4.0639796,-4.0639796,-3.0639794,-2.5939796,-1.9139795,-0.37397948,-1.0539795,-1.5239795,-0.5339795,-0.5539795,-1.0939795,-1.4339795,-3.6839795,-3.4639795,-2.9139795,-2.0839796,-2.0739794,-1.4339795,-0.9139795,-3.1539795,-3.8439796,-0.7539795,-1.7939795,-2.6939795,-3.2839794,-1.7839795,-1.2139795,-1.3539795,-1.2339795,-2.0839796,-1.7139795,-1.6839795,-3.0339794,-2.7339795,-4.2239795,-4.6339793,-3.7239795,-1.9339795,-1.7839795,-2.5539794,-2.3339796,-3.7939794,-1.4939795,-1.8839794,-4.3839793,-5.2439795,-6.0039797,-6.8439794,-6.9939795,-6.8039794
-4.3739796,-4.1939793,-4.1439795,-4.0039797,-3.9439795,-3.7939794,-4.2939796,-4.1439795,-4.0239797,-3.5439794,-2.8439796,-3.3239794,-2.1839795,-0.85397947,-0.1339795,-1.5039794,-2.6139796,-3.1539795,-0.9039795,-2.6739795,-2.9039795,-3.3939795,-2.4739795,-1.8239795,-1.1339794,-1.9239795,-2.3239794,-1.0039794,-2.1639795,-2.7239795,-2.9439795,-2.5439794,-1.0639795,-0.9139795,-0.9939795,-1.6039795,-2.0539794,-3.5939796,-5.3639793,-4.4139795,-3.4039795,-3.9639795,-5.3739796,-4.7839794,-2.5139794,-2.2939794,-1.1839795,-1.7739795,-2.6639795,-1.4439795,-3.3439796,-4.0039797,-5.3439794,-5.8839793,-6.3139796,-6.4139795,-6.5139794
-4.1039796,-4.0139794,-3.8739796,-3.6939795,-3.8939795,-3.8139794,-4.0539794,-4.0939794,-4.0739794,-4.0739794,-3.6839795,-3.7739794,-4.3139796,-1.2139795,1.1860205,-1.9239795,-2.1939795,-3.4139795,-2.7539794,0.1460205,-3.8239794,-2.3839796,-1.8439795,-1.9839795,-1.3639795,-1.2639794,-2.3939795,-2.9939795,-3.4339795,-3.3039794,-2.3739796,-1.0539795,-0.2139795,-0.06397949,-0.2339795,-1.0939795,-2.4339795,-4.6339793,-4.5139794,-3.6639795,-3.2739794,-4.0739794,-4.9439793,-4.4139795,-2.4139795,-1.5039794,-0.1839795,-1.7039795,-0.9739795,-0.46397948,-3.3139794,-3.3739796,-3.8439796,-5.7139797,-6.2439795,-6.2739797,-6.3539796
-3.3739796,-3.4139795,-3.3439796,-3.4139795,-3.3039794,-3.4039795,-3.6239796,-3.6839795,-3.8039794,-3.6939795,-3.4839795,-3.1239796,-2.7239795,-1.8939795,-2.0739794,-0.5939795,-1.4939795,-4.1539793,2.3860204,-0.5139795,1.0660205,-1.3239795,-1.3839794,-3.0539794,-2.3439796,-2.3639796,-3.7639794,-4.4839797,-3.2939794,-2.0339794,0.06602051,-0.6639795,0.3860205,-0.60397947,-0.9939795,-0.37397948,-2.6739795,-3.2939794,-3.2139795,-2.6039796,-2.0439794,-2.9339795,-3.7339795,-3.1939795,-0.73397946,-0.34397948,-0.19397949,-0.013979492,-0.9739795,-0.2339795,-3.2539794,-3.5239794,-4.9439793,-5.7039795,-6.3139796,-6.3439794,-5.9539795
-2.3839796,-2.6239796,-2.5239794,-2.6339796,-2.7239795,-2.6539795,-3.0739794,-3.1239796,-3.1239796,-3.1639795,-2.9239795,-2.5739794,-2.2739794,-2.4439795,0.40602052,-0.9539795,-2.2939794,-2.4639795,-2.9439795,-1.6439795,1.1260206,1.0560205,-2.2139795,-2.2839794,-3.1939795,-3.9439795,-2.6339796,-3.0939796,-2.0139794,-0.8739795,0.10602051,0.7160205,0.1560205,-1.3039795,-1.4839795,-0.5839795,-1.2839795,-2.0239794,-2.4439795,-2.5539794,-2.3139794,-2.3539796,-2.4939795,-2.3639796,0.2060205,-0.3139795,-0.3639795,-1.1639795,-0.9939795,-1.3939795,-3.1639795,-2.8439796,-3.7639794,-2.9839795,-3.4739795,0.1260205,-4.6439795
-0.37397948,-1.3339795,-1.5739795,-1.7639794,-1.8639795,-2.1039796,-2.3339796,-2.4339795,-2.5239794,-2.4039795,-2.3639796,-1.9339795,-1.6839795,-1.7539794,-0.8039795,-1.2239795,-0.8139795,-0.60397947,-2.2239795,1.1560205,1.7560205,1.8360205,2.0660205,-1.0739795,-2.9739795,-3.0539794,-3.5639794,-1.4339795,0.1260205,-0.07397949,-1.5539795,-0.2139795,0.006020508,-1.3039795,-1.1439795,-0.2839795,-0.6639795,-1.5439795,-2.2939794,-2.6439795,-2.4639795,-2.2239795,-1.7439795,-1.8239795,-0.8339795,-1.0939795,-1.0439795,-0.85397947,-1.0039794,-2.1439795,-2.4539795,-2.1339796,-2.2439795,-3.2039795,-4.7339797,-7.5539794,-6.0039797
2.0560205,1.2660205,0.13602051,-0.79397947,-1.0439795,-1.2839795,-1.5939795,-1.9339795,-2.0439794,-1.9539795,-1.8039795,-1.5739795,-1.0839795,-0.9139795,-0.3939795,1.0560205,-1.2139795,0.34602052,0.3360205,3.4760206,3.1560204,1.8760206,1.5460205,-1.1739795,-2.3239794,-3.8539796,-2.3639796,-0.9739795,-1.5539795,-1.5539795,-0.16397949,0.3860205,-1.2539794,-0.16397949,-0.013979492,-0.4539795,-0.6639795,-1.2339795,-2.2339795,-2.3539796,-2.3139794,-1.9539795,-1.7039795,-1.6739795,-0.1539795,-0.79397947,-0.6239795,-0.60397947,-0.1339795,-1.6339794,-1.6939795,-2.0839796,-2.9239795,-4.3039794,-4.7439795,-5.2839794,-5.4239793
3.6060205,3.1560204,2.1660204,0.4960205,-0.4239795,-0.43397948,-0.9239795,-1.2839795,-1.6039795,-1.6339794,-1.4439795,-1.2839795,-0.6739795,-0.2639795,-0.6939795,0.24602051,-0.9439795,-1.0139794,2.9260206,4.1160207,3.7260206,1.2560205,0.006020508,-0.4539795,-1.7239795,-1.9539795,-1.2039795,-0.85397947,-0.6739795,-0.053979494,0.40602052,-1.3239795,-1.6339794,-0.013979492,0.4360205,0.5760205,-0.2139795,-1.0939795,-1.8639795,-2.1439795,-2.1239796,-1.7539794,-1.8339795,-2.0039794,-1.2239795,-0.8739795,0.006020508,0.016020508,0.5260205,-1.1139795,-1.0339795,-1.2739795,-2.3239794,-2.9339795,-3.6939795,-4.0939794,-4.4939795
4.3960204,4.1760206,3.5260205,1.6260206,0.2660205,-0.043979492,-0.20397949,-0.79397947,-1.0939795,-1.3539795,-1.3439795,-1.1739795,-0.8239795,0.036020506,-0.46397948,0.006020508,-0.6439795,-0.2539795,0.8060205,2.0260205,1.4060205,-0.6339795,-1.5439795,-1.2739795,-0.9939795,-1.9439795,-0.3539795,-0.5039795,-0.053979494,-0.2839795,0.096020505,-0.4539795,-1.1339794,-0.4539795,1.2860205,0.76602054,0.7460205,-0.6239795,-1.5039794,-1.8039795,-1.8739794,-1.5939795,-1.3439795,-1.0039794,-0.6339795,-0.6339795,0.3260205,-0.8839795,-0.083979495,-0.8439795,-0.7139795,-0.7039795,-1.1039795,-1.7039795,-2.3939795,-2.9939795,-3.3339796
4.6760206,4.3260207,4.1860204,2.4560206,0.95602053,0.34602052,0.3060205,-0.3139795,-0.5939795,-1.1439795,-1.2539794,-1.3639795,-1.1939795,-0.9739795,-1.2139795,-0.4839795,-0.60397947,0.3060205,1.0860205,0.11602051,-0.4839795,-2.7439795,-3.1539795,-2.8339796,-2.9939795,-2.0339794,0.7360205,1.5960205,0.6960205,0.6860205,2.5360205,0.8360205,-0.7739795,0.4260205,-1.7539794,0.8660205,0.2960205,-0.5239795,-1.0239795,-1.0739795,-1.2939795,-0.9639795,-0.4439795,-0.043979492,0.8160205,1.2560205,1.7660205,1.4160205,0.3560205,-0.79397947,0.046020508,0.06602051,0.25602052,-0.2339795,-0.6739795,-1.5039794,-1.9239795
6.9760203,4.6960206,4.5860205,2.9260206,1.8360205,1.0860205,0.7460205,0.2360205,-0.09397949,-0.9039795,-1.4939795,-1.9039795,-1.6939795,-2.3039794,-2.9539795,-1.4839795,-0.2839795,0.07602051,0.9160205,-0.3039795,0.9160205,0.05602051,-3.0839796,-2.5339794,-2.6039796,-0.5039795,1.1260206,0.2660205,0.89602053,1.4760205,3.3760204,1.4260205,-0.4739795,0.76602054,-0.54397947,-0.14397949,-0.1839795,-0.40397948,-0.2839795,0.4960205,0.51602054,0.4660205,0.9460205,1.3060205,1.2160205,2.0860205,1.1960205,0.006020508,-0.19397949,0.096020505,0.6860205,0.64602053,0.7360205,0.8260205,0.89602053,0.9160205,-0.3939795
8.16602,7.7060204,4.8560205,3.4960206,3.1260204,2.0660205,1.5260205,1.1660205,0.4260205,-0.3139795,-1.0639795,-1.8339795,-2.1739795,-3.1939795,-4.1739793,-4.4939795,-1.8439795,-0.4839795,-1.4339795,-2.2139795,-1.0339795,-0.8639795,0.3060205,-0.7139795,-1.0939795,-2.6639795,-1.5739795,-1.2939795,0.5460205,3.6260204,1.4860206,-0.043979492,-0.3339795,0.6360205,0.51602054,0.8060205,0.95602053,0.1460205,0.9760205,1.8560205,2.4860206,2.8060205,2.6960206,2.6660204,2.4360206,1.9260205,1.6960205,1.5360205,0.5460205,1.3060205,1.5860205,1.5260205,1.4860206,1.6160206,2.2460206,2.5860205,2.1760206
9.73602,8.386021,7.7860203,4.0260205,3.7660205,3.2660205,2.4960206,2.0260205,1.2760205,0.6860205,-0.043979492,-1.2739795,-2.3639796,-3.3539796,-3.9839795,-3.5739794,-3.7539794,-0.4139795,-1.3239795,-1.0639795,-2.4339795,-1.0739795,-1.0539795,-0.8639795,-1.3339795,-1.7039795,-1.0839795,-1.0739795,-1.1839795,5.2760205,-0.023979492,-0.4739795,1.8760206,-0.73397946,-0.3139795,-0.5039795,1.1460205,1.7660205,2.4560206,3.2660205,3.6060205,3.6960206,4.0860205,4.1460204,3.5360205,2.8460205,2.1760206,2.8260205,2.8460205,2.8760204,3.2660205,2.8560205,2.3860204,2.4760206,2.5460205,1.6960205,1.4560205
10.70602,9.40602,8.15602,6.0260205,4.3260207,4.1460204,3.5060205,2.6660204,2.1160204,1.7560205,1.1260206,-0.10397949,-1.8239795,-3.1139796,-3.7339795,-3.6839795,-3.8639796,-3.1539795,-2.0539794,-2.1039796,-1.2339795,-1.3939795,-1.9439795,-0.5239795,-1.0139794,-0.5739795,-0.09397949,-0.5239795,2.8860204,2.3460205,0.9160205,0.9460205,-0.2539795,-0.10397949,-0.20397949,0.1460205,0.5760205,1.7060205,3.3660204,3.7860205,3.7160206,3.9860206,4.7460203,5.1260204,5.0560207,4.1760206,3.2760205,2.8960204,3.1060205,4.7960205,5.2860203,4.8660207,3.9760206,3.2760205,1.9360205,-0.5539795,-0.9739795
10.936021,9.53602,8.91602,8.62602,4.8060207,4.2560205,4.2760205,3.3160205,2.6660204,2.5060205,2.0560205,1.2460206,-0.2339795,-1.6839795,-2.6339796,-3.2639794,-3.7239795,-4.3139796,-2.1839795,-0.6839795,0.2960205,0.046020508,0.3860205,0.9660205,1.7360206,2.2360206,0.7960205,1.1360205,5.2360206,1.0660205,-0.6139795,1.2760205,1.1160206,1.5360205,2.9760206,3.7360206,4.1260204,4.4260206,4.4560204,4.4060206,4.6160207,4.7560205,5.0860205,5.1160207,5.6460204,6.3760204,3.8160205,3.8860204,3.8060205,4.4760203,7.4560204,5.6960206,3.9060204,3.1360204,2.6060205,0.6860205,0.096020505
11.20602,10.006021,9.15602,8.556021,7.8760204,4.4660206,4.3460207,3.8060205,3.1560204,3.0260205,2.8560205,2.5260205,1.5960205,0.28602052,-1.0139794,-1.9339795,-2.4339795,-2.3739796,-2.0139794,0.096020505,-0.60397947,1.2060205,0.37602052,0.4960205,1.6360205,2.0460205,2.1860206,1.5560205,-0.09397949,0.6360205,4.3960204,5.7760205,5.9960203,6.1060205,6.2060204,6.6460204,7.3060207,7.7860203,7.2360206,5.9060206,6.2860203,6.7060204,6.3860207,5.3960204,5.5760207,5.5760207,4.8560205,5.1760206,5.3360205,5.3660207,6.0560207,7.0160203,5.4360204,5.0960207,3.3360205,1.7260205,1.1460205
10.83602,9.566021,8.676021,8.16602,7.9660206,5.4160204,4.1560206,3.7960205,3.4360206,3.3460205,3.3260205,2.7760205,2.3060205,1.0160205,0.5460205,-0.8339795,-2.0139794,-2.3539796,-1.5639795,-1.9039795,-1.8739794,1.0960205,-1.1639795,0.6260205,1.6560205,0.8760205,-0.07397949,0.9360205,5.0560207,10.11602,10.11602,9.896021,10.016021,9.94602,9.48602,9.816021,9.91602,9.936021,8.87602,8.08602,8.056021,9.73602,9.07602,7.9860206,7.5060205,6.7360206,5.9060206,6.1260204,6.8060207,6.6960206,5.7960205,5.5060205,6.0260205,5.0960207,4.2960205,1.7060205,1.7960205
9.77602,8.36602,7.5860205,6.6660204,6.2460203,7.7060204,3.9560206,3.2660205,3.5160205,3.2060206,2.7660205,2.2760205,2.1360204,-4.2239795,-6.9339795,-6.3639793,-5.4639797,-4.7639794,-3.0439794,-1.1939795,0.8860205,0.8460205,2.3860204,3.0060205,4.2360206,6.8160205,11.266021,14.556021,14.78602,13.346021,12.266021,12.52602,12.44602,12.11602,10.86602,10.926021,11.53602,11.94602,12.356021,11.94602,11.566021,12.0460205,12.95602,11.77602,9.346021,8.506021,8.44602,8.006021,7.3460207,7.1360207,7.0360203,4.0560207,4.4860206,4.2760205,3.2960205,2.6660204,1.8160205
9.24602,8.356021,6.5760207,5.5160203,4.8460207,6.7760205,6.2160206,3.3660204,2.6260204,2.3460205,2.0760205,2.1260204,-5.8139796,-6.8039794,-6.3939795,-5.0839796,-3.7639794,-2.2439795,-0.3839795,1.9560205,4.3960204,6.1960206,8.186021,10.316021,12.386021,13.606021,13.83602,13.516021,13.11602,12.506021,12.86602,13.396021,13.16602,12.78602,12.32602,12.066021,12.36602,12.176021,12.846021,13.466021,13.02602,12.53602,12.73602,11.87602,11.516021,12.02602,11.436021,9.37602,8.176021,7.7660203,7.0060205,6.1060205,5.1260204,4.0460205,3.5160205,3.0760205,2.9060204
7.1760206,7.1260204,6.2360206,3.6660204,3.4060204,4.2060204,7.4860206,2.8560205,1.0760205,0.6160205,0.08602051,-9.603979,-8.183979,-7.1539793,-5.4839797,-4.0839796,-2.4739795,-0.8939795,0.5860205,2.4460206,3.9860206,5.6260204,7.7460203,9.11602,9.516021,10.40602,11.44602,12.766021,13.396021,13.99602,14.12602,13.266021,12.16602,12.23602,12.91602,13.45602,13.2960205,13.19602,14.2960205,14.61602,14.73602,14.36602,14.106021,13.32602,12.306021,12.316021,12.32602,11.87602,11.136021,9.40602,8.78602,7.7960205,6.3760204,5.5060205,5.0060205,4.6860204,4.4360204
5.4760203,4.4960203,4.9160204,3.6660204,2.5560205,3.4660206,5.7560205,3.7560205,-2.2039795,-6.7439795,-10.483979,-9.743979,-8.05398,-6.7339797,-5.7139797,-4.1339793,-2.4639795,-1.0539795,0.31602052,2.2460206,3.7960205,5.5960207,7.2760205,8.0460205,8.676021,8.24602,7.5560207,6.7960205,8.45602,9.7960205,10.936021,11.70602,12.426021,12.90602,13.52602,13.816021,14.20602,14.73602,15.056021,15.07602,15.186021,15.356021,15.11602,14.86602,14.82602,14.62602,13.95602,13.186021,12.356021,12.146021,12.216021,9.91602,7.3760204,6.2660203,6.1360207,6.3660207,6.2860203
1.1060205,1.2960205,0.5760205,-4.3339796,-5.8939795,-8.033979,-8.983979,-11.9539795,-13.743979,-12.50398,-11.243979,-9.393979,-8.05398,-6.1339793,-5.0039797,-3.7239795,-2.2639794,-0.54397947,1.1060205,2.6260204,3.9060204,5.3160205,6.1460204,6.9960203,7.1060205,6.7560205,8.03602,9.756021,10.896021,12.386021,12.83602,12.726021,13.066021,12.316021,12.856021,13.936021,14.096021,13.44602,13.19602,12.926021,13.02602,13.19602,13.316021,13.98602,14.816021,15.216021,15.16602,15.36602,14.28602,12.82602,12.506021,11.716021,10.61602,7.3560205,6.6060205,6.7260203,7.4360204
-17.27398,-16.94398,-16.343979,-15.97398,-15.62398,-16.02398,-15.4539795,-14.073979,-13.653979,-12.143979,-10.47398,-8.2039795,-6.2539797,-4.9439793,-4.0139794,-2.7039795,-1.0739795,0.1560205,1.9860206,3.8060205,5.0460205,5.7460203,5.9460206,6.0460205,6.5960207,8.606021,10.066021,11.11602,11.846021,13.28602,14.096021,14.36602,12.766021,9.016021,9.356021,10.16602,9.766021,8.91602,8.806021,9.98602,11.40602,12.11602,10.82602,12.936021,14.40602,14.976021,15.62602,15.61602,13.12602,12.32602,12.91602,11.976021,11.07602,9.48602,7.3260207,7.2160206,7.3460207
