raw-data/2018100912.json
{"header": { "discipline":0, "disciplineName":"Meteorological products", "gribEdition":2, "gribLength":74852, "center":7, "centerName":"US National Weather Service - NCEP(WMC)", "subcenter":0, "refTime":"2018-10-09T12:00:00.000Z", "significanceOfRT":1, "significanceOfRTName":"Start of forecast", "productStatus":0, "productStatusName":"Operational products", "productType":1, "productTypeName":"Forecast products", "productDefinitionTemplate":0, "productDefinitionTemplateName":"Analysis/forecast at horizontal level/layer at a point in time", "parameterCategory":2, "parameterCategoryName":"Momentum", "parameterNumber":2, "parameterNumberName":"U-component_of_wind", "parameterUnit":"m.s-1", "genProcessType":2, "genProcessTypeName":"Forecast", "forecastTime":0, "surface1Type":103, "surface1TypeName":"Specified height level above ground", "surface1Value":10.0, "surface2Type":255, "surface2TypeName":"Missing", "surface2Value":0.0, "gridDefinitionTemplate":0, "gridDefinitionTemplateName":"Latitude_Longitude", "numberPoints":65160, "shape":6, "shapeName":"Earth spherical with radius of 6,371,229.0 m", "gridUnits":"degrees", "resolution":48, "winds":"true", "scanMode":0, "nx":360, "ny":181, "basicAngle":0, "lo1":0.0, "la1":90.0, "lo2":359.0, "la2":-90.0, "dx":1.0, "dy":1.0 }, "data":
[rows 78 to 103 of 181, columns 114 to 170 of 360]
-2.3756104,-3.9156103,-3.9456103,-3.6356103,-2.0356104,-0.5956104,-1.3056103,-5.7956104,-2.1956103,0.6443896,-3.5056105,-1.1556103,-2.4156103,-1.4456104,-1.2656103,-1.1656103,-1.3656104,-1.8556104,-2.0056105,-1.8656104,-1.4456104,-0.89561033,-3.6756103,-2.4556103,-2.3556104,-2.1756103,-2.2056103,-3.9756103,-4.1556106,-4.1956105,-4.1056104,-3.8956103,-3.3356104,-3.8256104,-4.0256104,-4.5256104,-5.34561,-5.24561,-6.6956105,-6.86561,-6.1256104,-5.4056106,-5.9056106,-5.24561,-5.4356103,-5.4456105,-6.6956105,-6.6256104,-6.2556105,-5.9856105,-6.7956104,-6.8756104,-6.7156105,-6.4656105,-5.9356103,-5.9656105,-6.1556106
-3.3156104,-3.3556104,-4.09561,-4.32561,-4.6856103,-5.0656104,-3.3256104,-2.6856103,-2.0756104,-1.7856103,-0.47561035,-2.4256103,-3.0856104,-2.3556104,-2.5056105,-2.3956103,-2.2756104,-2.2056103,-2.4556103,-2.4456103,-1.5256103,-0.9756104,-1.3956103,-2.6156104,-2.1056104,-1.5656104,-1.3856103,-2.7656105,-1.9856104,-4.99561,-3.2156103,-3.0556104,-2.8956103,-3.7056103,-3.0956104,-2.6156104,-2.8156104,-3.4956102,-4.34561,-4.8556104,-4.4556103,-4.7556105,-4.4656105,-4.3156104,-3.4656103,-2.5456104,-2.8756104,-3.6456103,-3.6156104,-3.7556105,-3.8356104,-4.9056106,-5.9456105,-6.07561,-5.7156105,-4.8856106,-5.55561
-3.4156103,-3.7556105,-4.99561,-4.3156104,-3.0256104,-0.9656103,-3.3156104,-1.8156104,-2.1256104,-1.2156104,-2.2256103,-3.9656103,-2.9756103,-3.0256104,-2.6556103,-2.7256103,-2.5556104,-3.0456104,-2.7256103,-1.9956104,-1.1656103,-1.0556103,-0.37561035,0.03438965,-0.11561035,-0.62561035,-1.0156103,-0.94561034,0.024389649,-2.5156105,-3.0656104,-3.2256103,-3.0056105,-2.6056104,-2.4956102,-2.1656103,-1.2756103,-0.74561036,-1.0656104,-0.40561035,-1.7856103,-2.4056103,-1.6456103,-1.3956103,-1.5856104,-1.9156103,-1.6756103,-2.1056104,-2.9056103,-3.6156104,-3.4956102,-3.4856102,-2.9456103,-3.6656103,-3.9956102,-3.7956104,-2.5856104
-3.5856104,-3.9456103,-3.3956103,-1.4456104,-1.3056103,-3.7756104,-2.3656104,-1.0556103,0.19438964,1.1343896,-3.0656104,-0.34561035,-0.24561036,-3.3656104,-2.8056104,-2.7456102,-2.3656104,-3.1456103,-2.6656103,-1.7756103,-2.3156104,-1.9056103,-0.76561034,-0.09561035,-0.55561036,-0.50561035,-0.56561035,0.22438964,1.4843897,-0.49561036,-0.7756103,-0.41561034,0.104389645,-0.49561036,-0.9756104,-1.0556103,-0.30561036,-0.30561036,-0.29561034,0.014389648,-0.25561035,0.0043896483,-0.17561035,0.26438963,-0.06561035,-1.3556104,-0.9156104,-0.98561037,-0.46561036,-0.045610353,0.14438964,0.5843896,0.31438965,-0.28561035,0.37438965,1.7343897,2.1443896
-4.0056105,-4.4056106,-6.30561,-6.32561,-4.0656104,-3.0256104,-1.9056103,-0.7156103,-0.9156104,-0.025610352,-0.8456104,-0.95561033,-1.1256104,-3.3856103,-3.0356104,-2.3856103,-2.5556104,-2.5256104,-2.6356103,-2.8756104,-1.8556104,-1.2356104,-0.6656104,0.0043896483,0.40438965,-0.22561035,-0.15561035,0.40438965,0.37438965,0.26438963,-0.6656104,-0.16561036,0.73438966,0.92438966,0.7143896,0.5343897,-0.045610353,0.19438964,0.7743896,-0.11561035,1.0843897,0.32438964,-0.35561034,1.8643897,0.67438966,0.69438964,-0.69561034,-0.69561034,-0.70561033,0.44438964,1.0843897,2.1243896,2.0543897,2.0243897,2.5043898,3.3743896,3.8343897
-4.0856104,-5.0456104,-7.6356106,-6.1356106,-4.53561,-3.0556104,-2.1356103,-1.1656103,0.38438964,1.7343897,2.2943897,-1.3556104,-1.8356104,-3.1756103,-2.2856104,-3.3256104,-2.0756104,-2.1956103,-2.1156104,-2.1856103,-1.4256103,-1.2956103,-1.1156104,-0.93561035,-0.45561036,0.03438965,0.05438965,0.31438965,0.88438964,-0.15561035,0.47438964,1.6443896,0.56438965,0.80438966,0.85438967,0.87438965,1.1443896,0.46438965,1.0143896,-0.11561035,0.13438965,1.4443897,-0.31561035,0.7843897,1.0143896,1.2443897,0.30438966,0.8343896,-0.62561035,0.104389645,-0.29561034,1.7743896,1.9243896,2.4143896,2.9543896,0.20438965,4.3043895
-3.4256103,-3.5356104,-1.4156103,-0.82561034,-4.3756104,-4.1456103,-2.8156104,-1.2856103,-1.8556104,-0.87561035,-1.7756103,0.30438966,-3.6656103,-3.1656103,-2.7056103,-2.0656104,-2.3656104,-1.9956104,-2.0456104,-1.6456103,-1.4456104,-1.6356103,-1.9856104,-1.3456104,-0.74561036,-0.35561034,-0.22561035,0.17438965,-0.34561035,-0.34561035,0.7843897,1.2243897,0.9743897,0.7143896,0.69438964,0.95438963,0.92438966,0.9043896,0.21438965,0.064389646,0.68438965,0.27438965,0.44438964,-0.05561035,0.38438964,0.51438963,0.7143896,0.29438964,-0.12561035,-0.03561035,0.30438966,0.98438966,1.1643896,1.6443896,1.7243897,0.08438965,1.4743897
-0.44561034,-0.63561034,-0.06561035,-0.69561034,-0.37561035,-1.4956104,-2.8656104,-3.1256104,-3.0856104,-3.2356102,-3.5556104,-4.5456104,-3.2156103,-2.1456103,-1.9956104,-1.8256104,-2.3556104,-1.7956103,-2.2656105,-2.0856104,-1.7256104,-1.2456104,-1.0156103,-0.38561034,-0.37561035,-0.82561034,-0.56561035,-0.9156104,-1.2856103,-0.75561035,-0.09561035,0.03438965,0.16438965,0.22438964,0.50438964,0.86438966,1.7043897,1.3843896,0.5943897,0.12438965,0.35438964,0.09438965,-0.22561035,-0.11561035,-0.31561035,-0.0056103515,0.12438965,-0.31561035,-0.33561036,-0.14561035,-0.09561035,-0.19561034,0.15438965,0.51438963,0.42438966,-0.12561035,0.49438965
0.44438964,1.0343896,-0.36561036,-0.99561036,-4.6356106,-3.3456104,-3.8856103,-3.5656104,-3.4856102,-3.4556103,-3.0356104,-2.9656103,-1.0956104,-1.6556103,-0.89561033,-1.2456104,-1.3956103,-1.3256104,-1.7156104,-1.4956104,-1.2256104,-1.2356104,-1.1756103,-0.67561036,0.18438965,0.13438965,-0.8556104,-0.94561034,-1.5056103,-1.4156103,-1.2456104,-0.47561035,-0.30561036,-0.17561035,-0.12561035,0.07438965,0.87438965,1.0843897,0.99438965,0.7843897,0.48438966,-0.06561035,-1.1856103,-0.62561035,-0.22561035,-0.50561035,-0.6556103,-0.62561035,-0.70561033,-0.44561034,-0.68561035,-1.1956104,-0.92561036,-0.89561033,-1.2656103,-1.4256103,-1.0856104
0.9643896,-1.1056104,-0.33561036,-0.37561035,-4.01561,-3.2056103,-3.6756103,-4.0456104,-3.6256104,-3.8456104,-3.6156104,-3.4356103,-1.5856104,0.014389648,0.03438965,-0.31561035,-0.05561035,0.26438963,-0.51561034,-0.32561034,-0.32561034,-0.27561036,-0.75561035,-0.7856104,-0.6656104,-0.10561035,0.42438966,0.27438965,0.04438965,-1.3056103,-1.3756104,-1.1556103,-0.62561035,-1.0156103,-0.83561033,-0.31561035,-0.05561035,0.5343897,0.8943896,1.0843897,0.8443897,-0.9656103,-0.76561034,-0.9156104,-0.99561036,-1.0256103,-0.9756104,-0.92561036,-1.5256103,-1.5156103,-2.1656103,-1.2856103,-2.2156103,-2.1256104,-2.4256103,-2.7356102,-2.5656104
0.40438965,-0.015610351,-1.2556103,-0.03561035,-1.9356103,-2.1156104,-2.6156104,-2.6256104,-2.2856104,-1.6756103,-3.4756103,-5.2056103,-1.2156104,0.33438966,0.8443897,-0.87561035,0.68438965,1.0943897,0.92438966,0.98438966,-0.21561036,-0.44561034,-0.42561036,-0.5956104,-1.2056104,-0.70561033,-0.03561035,1.2843896,0.43438965,-1.3556104,-1.7156104,-1.8656104,-1.6556103,-1.3856103,-1.0456103,-0.68561035,-0.8556104,-0.67561036,0.12438965,0.60438967,0.5243896,-0.56561035,-1.0956104,-1.6356103,-1.3056103,-1.3356104,-1.1056104,-1.8856103,-2.5356104,-2.7256103,-2.6456103,-2.2356102,-2.2956104,-2.8656104,-3.5256104,-3.5056105,-3.2456102
-0.12561035,-0.24561036,-0.7756103,-0.87561035,-0.46561036,-0.28561035,-1.0456103,-1.0356103,-1.1356103,-0.33561036,-0.88561034,0.41438964,-0.28561035,0.73438966,0.51438963,-1.2556103,1.0843897,2.6443896,1.2343897,0.6443896,0.37438965,0.14438964,0.08438965,0.33438966,-1.3956103,-0.9656103,0.21438965,-0.025610352,-0.63561034,-1.1956104,-1.7156104,-2.0856104,-1.8156104,-1.3656104,-1.3756104,-1.4556104,-1.7556103,-1.3256104,-0.5356104,-0.35561034,1.3843896,0.024389649,-1.4056103,-1.9956104,-1.8656104,-1.8756104,-1.8956103,-2.6656103,-3.4256103,-3.3156104,-3.3656104,-2.8856103,-3.0856104,-3.7356102,-4.2056103,-4.2256103,-4.0056105
-0.38561034,-0.28561035,-0.9756104,-1.1156104,-2.5256104,-0.16561036,0.11438965,-3.9556103,-6.4856105,-6.24561,-1.0456103,-0.40561035,0.5943897,0.8943896,-0.45561036,-1.2756103,-0.025610352,0.8943896,0.17438965,1.9143896,0.7743896,0.5343897,0.14438964,-0.32561034,-0.95561033,-0.94561034,-1.3056103,-2.4056103,-3.6556103,-3.5756104,-2.5756104,-2.7356102,-2.2556105,-2.1756103,-2.4556103,-2.3256104,-1.9656104,-1.3756104,-1.2056104,-1.1556103,-1.6256104,0.95438963,-1.0456103,-2.3756104,-2.6856103,-3.1556103,-3.2056103,-4.0456104,-3.9756103,-3.7956104,-3.3756104,-2.7556105,-3.4456103,-4.0456104,-4.8156104,-4.6556106,-4.8156104
0.5843896,-0.75561035,-0.79561037,-0.28561035,0.24438965,2.1743896,-0.63561034,0.81438965,-0.5356104,-0.03561035,0.51438963,-0.17561035,0.7743896,0.35438964,0.5843896,1.3243897,1.2743896,0.73438966,0.16438965,-0.5356104,1.3043896,0.5343897,-0.045610353,-0.18561035,-1.0856104,-1.9256103,-3.4556103,-3.9156103,-5.1256104,-5.3556104,-4.5056105,-2.8356104,-4.4656105,-4.03561,-3.3556104,-3.7856104,-2.4456103,-1.7756103,-0.98561037,-1.4756104,-1.0356103,-1.9156103,0.05438965,-3.1156104,-3.2456102,-3.7256103,-3.8556104,-4.0256104,-4.1356106,-3.3256104,-1.7956103,-1.4156103,-3.7356102,-3.7956104,-4.7356105,-5.28561,-5.78561
-0.22561035,-0.10561035,-0.6656104,-1.5856104,1.9843897,1.4143896,-0.50561035,-0.56561035,-3.8356104,-3.1756103,-2.1756103,0.8343896,1.2943896,-1.1656103,2.7743897,1.1743896,-0.67561036,-1.3756104,0.91438967,-0.31561035,-0.32561034,0.31438965,0.80438966,-0.74561036,-0.10561035,-0.6056104,-4.6656103,-3.8556104,-5.1656103,-5.7956104,-4.82561,-7.34561,-6.6256104,-2.7456102,-3.7456102,-3.2256103,-2.7956104,-2.2956104,-1.5256103,-2.4656103,-1.5456103,-0.55561036,-1.3956103,-2.7556105,-3.7256103,-3.9856102,-3.8856103,-3.6756103,-3.3856103,-3.2156103,-2.0556104,-1.9056103,-2.4756103,-3.4256103,-4.5656104,-5.8956103,-5.1756105
0.62438965,-1.9756104,0.09438965,-1.0456103,0.8943896,-0.54561037,0.73438966,1.1043897,-0.22561035,-4.5656104,-3.0256104,-2.0056105,-0.36561036,-1.2456104,-2.4856102,0.39438966,1.1143897,-0.47561035,-0.88561034,-0.28561035,-0.7756103,1.7343897,-0.5356104,0.92438966,0.57438964,-0.075610355,-0.17561035,-0.92561036,-2.4056103,-5.4656105,-6.4256105,-7.3856106,-6.51561,-5.6756105,-4.7756104,-3.1556103,-2.3856103,-2.3656104,-2.1356103,-3.0856104,-1.6056104,-1.0356103,-1.5556103,-3.2756104,-4.1456103,-3.4056103,-3.0856104,-2.8656104,-2.5756104,-1.9756104,-2.3256104,-1.6156104,-3.6156104,-3.8456104,-5.7156105,-5.2156105,-5.09561
-6.3856106,-2.5356104,-3.9956102,-2.1156104,-1.7656103,1.5443896,-1.2056104,-1.3756104,-0.015610351,-3.4356103,-3.5056105,-3.5556104,-5.4356103,-3.4656103,-4.1356106,-3.0356104,-2.2956104,-0.6056104,-1.7356104,-0.75561035,-3.0056105,0.064389646,0.19438964,-1.0356103,-1.0356103,-0.36561036,0.024389649,0.8343896,-0.30561036,-1.2456104,-1.1756103,-7.9456105,-5.3956103,-5.4456105,-3.7656105,-2.2756104,-2.2856104,-2.8856103,-2.5756104,-0.8456104,0.82438964,-1.1556103,-3.6556103,-4.09561,-3.7456102,-2.8056104,-2.1856103,-2.3456104,-2.2056103,-1.8456104,-1.7556103,-2.4356103,-3.8556104,-4.4456105,-4.9456105,-4.7956104,-4.1356106
-5.5456104,-4.8756104,-4.4856105,-3.7756104,-3.6256104,-1.4256103,-0.11561035,-4.4756103,-3.5356104,-2.5256104,-3.8456104,-3.8356104,-4.1956105,-3.9756103,-3.6556103,-3.1056104,-2.8756104,-2.3556104,-2.1756103,-0.9156104,-2.4656103,-2.9656103,-0.15561035,1.7743896,0.80438966,0.8443897,-0.51561034,-0.10561035,0.25438964,-0.6656104,0.104389645,-0.57561034,-6.0656104,-6.53561,-3.9856102,-3.0756104,-3.7156103,-2.4556103,-0.14561035,3.0143898,-0.50561035,-3.5856104,-4.8356104,-4.5056105,-3.2256103,-2.8456104,-1.3256104,-1.9756104,-2.0156105,-1.5556103,-0.75561035,-0.98561037,-3.7456102,-4.0856104,-4.6556106,-3.2556105,-4.1456103
-5.51561,-4.9856105,-4.34561,-4.3956103,-5.3556104,-7.61561,-5.9656105,-5.4256105,-6.4156103,-4.7356105,-4.03561,-3.7656105,-4.0856104,-3.9356103,-3.8056104,-3.7156103,-4.7256103,-4.4856105,-3.3956103,-3.2556105,-4.5256104,-3.2356102,-1.0156103,2.1343896,1.7343897,0.60438967,-0.36561036,-0.69561034,-0.9056103,-0.18561035,-0.55561036,0.33438966,-0.73561037,-0.86561036,-5.6556106,-2.9556103,-0.54561037,-1.1856103,1.4543897,-1.0356103,-3.4556103,-0.73561037,-4.5256104,-3.9656103,-3.9956102,-3.6956103,-3.1456103,-1.9156103,-1.7556103,-1.3956103,-1.0756104,-0.7756103,-3.6156104,-4.2156105,-3.3656104,-4.1656103,-4.3156104
-3.7956104,-3.9156103,-3.3756104,-4.26561,-5.6756105,-5.28561,-5.3156104,-4.3856106,-3.9556103,-3.2956104,-2.8456104,-4.1756105,-6.2056103,-3.9956102,-3.3956103,-3.5556104,-3.4956102,-4.9656105,-5.1556106,-5.11561,-5.2756104,-3.8956103,-2.8356104,-1.7256104,-2.0656104,-0.58561033,-0.015610351,-1.9456104,-2.5456104,-0.9156104,-0.34561035,0.18438965,-1.0356103,-1.0256103,-2.3456104,-4.3956103,-4.53561,-2.7156103,-1.8756104,-3.0356104,-4.3156104,-3.3956103,-4.3556104,-1.2956103,-4.5456104,-4.2356105,-3.6956103,-3.0156105,-2.4756103,-2.1356103,-1.7856103,-2.7656105,-2.8456104,-4.11561,-2.8256104,-4.5456104,-3.4156103
0.11438965,1.1043897,1.2843896,-0.80561036,-3.5856104,-4.7956104,-3.2756104,-2.6356103,-2.5856104,-2.3956103,-2.6056104,-0.29561034,-1.4856104,-4.01561,-4.3556104,-5.4156103,-5.3556104,-5.9656105,-5.8356104,-5.3956103,-5.32561,-5.4456105,-6.09561,-6.9056106,-1.7056104,-1.8456104,-1.9356103,-2.2656105,-2.5256104,-1.5556103,-4.07561,-3.2456102,-0.56561035,-0.5956104,0.9743897,-2.2956104,-4.7956104,-3.3556104,-2.4756103,-3.8056104,-4.1356106,-4.4856105,-4.0656104,-1.4856104,-2.7556105,-1.0156103,-4.7356105,-3.6756103,-2.9456103,-1.9956104,-2.5856104,-3.2856104,-3.4656103,-3.4256103,-3.4656103,-3.1556103,-3.9356103
-1.1556103,-0.5256103,-0.6656104,-1.1156104,0.5843896,1.6343896,-0.29561034,-3.3556104,-1.7956103,-0.025610352,1.5843897,-0.5356104,-0.13561036,-3.8856103,-3.7756104,-5.1056104,-6.0656104,-6.0856104,-5.61561,-5.5456104,-5.8756104,-6.3956103,-6.6656103,-6.9856105,-7.6756105,-8.60561,-10.00561,-3.9656103,-2.6956103,-1.7856103,-5.4656105,-5.0456104,-4.74561,0.30438966,0.25438964,-1.0256103,-2.3156104,-2.6756103,-2.9456103,-4.1256104,-4.86561,-5.1756105,-5.1656103,-5.34561,-4.5656104,-2.9356103,-3.4256103,-0.87561035,-3.2256103,-2.7356102,-2.9656103,-3.1556103,-3.1556103,-3.2756104,-3.3856103,-3.2456102,-3.7556105
-2.1456103,-1.3156104,-1.1356103,-1.1956104,-0.27561036,-0.9756104,-0.045610353,-3.1056104,-1.6756103,-1.6856103,-0.95561033,-3.7556105,-5.0056105,-3.3956103,-3.2256103,-3.3356104,-4.5856104,-5.4356103,-5.1656103,-5.9056106,-6.3956103,-6.6856103,-6.4456105,-6.3856106,-6.80561,-8.11561,-9.52561,-9.725611,-9.015611,-7.76561,-7.01561,-6.51561,-6.51561,-7.32561,-2.4556103,-0.10561035,-0.29561034,-0.5256103,-4.5456104,-5.9656105,-6.1956105,-5.7556105,-5.5856104,-5.7756104,-5.84561,-6.32561,-4.5056105,-3.2856104,-4.24561,-3.2956104,-2.7956104,-2.3056104,-2.6156104,-2.6656103,-3.0756104,-3.2456102,-3.6956103
-3.2456102,-2.7256103,-2.0756104,-1.6956104,-1.4856104,-1.7056104,-4.6956105,-3.4256103,-2.4156103,-3.7256103,-6.26561,-4.9056106,-3.5356104,-2.3356104,-1.4156103,-0.23561035,-0.5256103,-5.2556105,-4.1656103,-5.61561,-6.09561,-6.82561,-6.0056105,-5.2556105,-5.0456104,-5.9156103,-7.3756104,-9.98561,-8.78561,-8.11561,-7.1956105,-6.9256105,-6.82561,-6.8356104,-6.5456104,-5.76561,-4.5856104,-4.2156105,-5.7956104,-5.9356103,-7.1656103,-6.9656105,-6.4356103,-6.3856106,-6.4056106,-6.30561,-6.28561,-6.2056103,-4.53561,-4.3956103,-3.8856103,-3.3556104,-2.2256103,-2.4656103,-2.2656105,-2.4356103,-2.5256104
-3.8356104,-3.4956102,-3.2656105,-2.6356103,-2.2756104,-2.6156104,-2.6456103,-1.7556103,-1.2056104,-3.1456103,-3.3856103,-2.9856102,-2.0556104,-0.8456104,0.81438965,1.7243897,2.4343896,3.1343896,-3.9456103,-1.1656103,-2.8256104,-6.6956105,-6.30561,-4.4856105,-3.3956103,-3.1056104,-2.7556105,-1.2356104,-4.1256104,-3.7656105,-7.1856103,-7.3156104,-7.1856103,-6.7356105,-5.86561,-5.2056103,-5.6056104,-6.5256104,-6.51561,-6.8556104,-6.36561,-6.4356103,-7.2356105,-7.1756105,-6.9056106,-6.61561,-6.1556106,-5.8356104,-5.3356104,-4.8356104,-4.3856106,-3.9556103,-3.3756104,-2.7156103,-2.0956104,-1.7056104,-3.4556103
-3.9356103,-3.7156103,-3.4556103,-3.1256104,-2.5556104,-2.0056105,-0.80561036,0.16438965,0.61438966,-0.075610355,-0.47561035,-0.64561033,-0.37561035,0.8443897,2.4843895,3.5443897,4.0343895,2.0343897,0.05438965,-0.27561036,-0.9656103,-1.1756103,-1.7956103,-3.9956102,-1.9756104,-1.1456103,-0.35561034,0.41438964,-1.2556103,-3.2956104,-7.11561,-7.5856104,-7.4756103,-6.86561,-5.6456103,-5.11561,-6.1456103,-6.78561,-7.03561,-6.76561,-6.4056106,-6.24561,-6.3356104,-6.61561,-7.09561,-7.11561,-6.76561,-5.7156105,-4.9456105,-4.5456104,-4.53561,-4.32561,-3.4756103,-3.4756103,-3.2656105,-3.0256104,-3.3256104
