raw-data/2018091806.json
{"header": { "discipline":0, "disciplineName":"Meteorological products", "gribEdition":2, "gribLength":74815, "center":7, "centerName":"US National Weather Service - NCEP(WMC)", "subcenter":0, "refTime":"2018-09-18T06:00:00.000Z", "significanceOfRT":1, "significanceOfRTName":"Start of forecast", "productStatus":0, "productStatusName":"Operational products", "productType":1, "productTypeName":"Forecast products", "productDefinitionTemplate":0, "productDefinitionTemplateName":"Analysis/forecast at horizontal level/layer at a point in time", "parameterCategory":2, "parameterCategoryName":"Momentum", "parameterNumber":3, "parameterNumberName":"V-component_of_wind", "parameterUnit":"m.s-1", "genProcessType":2, "genProcessTypeName":"Forecast", "forecastTime":0, "surface1Type":103, "surface1TypeName":"Specified height level above ground", "surface1Value":10.0, "surface2Type":255, "surface2TypeName":"Missing", "surface2Value":0.0, "gridDefinitionTemplate":0, "gridDefinitionTemplateName":"Latitude_Longitude", "numberPoints":65160, "shape":6, "shapeName":"Earth spherical with radius of 6,371,229.0 m", "gridUnits":"degrees", "resolution":48, "winds":"true", "scanMode":0, "nx":360, "ny":181, "basicAngle":0, "lo1":0.0, "la1":90.0, "lo2":359.0, "la2":-90.0, "dx":1.0, "dy":1.0 }, "data":
[rows 0 to 25 of 181, columns 118 to 176 of 360]
-2.995591,-2.9355907,-2.8755908,-2.8155909,-2.755591,-2.6855907,-2.6255908,-2.5655909,-2.495591,-2.4355907,-2.3655908,-2.2955909,-2.235591,-2.1655908,-2.0955908,-2.025591,-1.9555908,-1.8855908,-1.8155909,-1.7455908,-1.6655908,-1.5955908,-1.5255908,-1.4455909,-1.3755908,-1.2955909,-1.2255908,-1.1455908,-1.0755908,-0.9955908,-0.9155908,-0.84559083,-0.76559085,-0.6855908,-0.6155908,-0.5355908,-0.4555908,-0.37559083,-0.3055908,-0.22559083,-0.14559083,-0.06559082,0.01440918,0.09440918,0.16440918,0.24440917,0.3244092,0.40440917,0.48440918,0.5544092,0.6344092,0.7144092,0.79440916,0.8644092,0.9444092,1.0244092,1.0944092,1.1744092,1.2444092
-3.3155909,-3.235591,-3.1555908,-3.0655909,-2.985591,-2.8855908,-2.8055909,-2.7155907,-2.6255908,-2.535591,-2.4455907,-2.3555908,-2.265591,-2.1655908,-2.0855908,-1.9855908,-1.8955908,-1.8055909,-1.7055908,-1.6055908,-1.5155908,-1.4155908,-1.3155909,-1.2155908,-1.1255908,-1.0255908,-0.9255908,-0.82559085,-0.7355908,-0.6355908,-0.5455908,-0.44559082,-0.35559082,-0.25559083,-0.16559082,-0.05559082,0.02440918,0.12440918,0.21440917,0.31440917,0.40440917,0.49440917,0.5844092,0.67440915,0.7644092,0.85440916,0.9344092,1.0244092,1.1144092,1.2044091,1.2844092,1.3744092,1.4544091,1.5444092,1.6244092,1.7044091,1.7744092,1.8544092,1.9344091
-2.6055908,-2.525591,-2.4455907,-2.3655908,-2.285591,-2.2055907,-2.1255908,-2.035591,-1.9655908,-1.8755908,-1.7855908,-1.7055908,-1.6055908,-1.5255908,-1.4255909,-1.3355908,-1.2355908,-1.1255908,-1.0255908,-0.9255908,-0.8155908,-0.70559084,-0.59559083,-0.48559082,-0.37559083,-0.26559082,-0.15559082,-0.05559082,0.05440918,0.16440918,0.2544092,0.3544092,0.45440918,0.5544092,0.65440917,0.7544092,0.84440917,0.9444092,1.0444092,1.1444092,1.2344092,1.3344092,1.4244092,1.5244092,1.6244092,1.7144092,1.8044091,1.9044092,1.9944092,2.0944092,2.1944091,2.3044093,2.3944092,2.494409,2.5744092,2.6644092,2.754409,2.8344092,2.9044092
-2.1055908,-2.015591,-1.9155908,-1.8255908,-1.7355908,-1.6355908,-1.5355908,-1.4355909,-1.3455908,-1.2355908,-1.1355908,-1.0355908,-0.9255908,-0.8155908,-0.70559084,-0.59559083,-0.48559082,-0.3655908,-0.25559083,-0.14559083,-0.03559082,0.07440918,0.18440919,0.28440917,0.39440918,0.49440917,0.6144092,0.7144092,0.8344092,0.9444092,1.0644091,1.1744092,1.2944092,1.4044092,1.5344092,1.6444092,1.7644092,1.8744092,1.9744092,2.0744092,2.1744092,2.2844093,2.3844092,2.504409,2.6244092,2.734409,2.8544092,2.964409,3.0844092,3.2044091,3.3044093,3.3944092,3.484409,3.5644093,3.6144092,3.6644092,3.6944091,3.724409,3.754409
-0.6055908,-0.5555908,-0.4955908,-0.44559082,-0.38559082,-0.3355908,-0.2755908,-0.21559082,-0.15559082,-0.10559082,-0.03559082,0.02440918,0.08440918,0.13440917,0.19440918,0.2544092,0.31440917,0.37440917,0.4444092,0.5044092,0.5744092,0.6444092,0.72440916,0.79440916,0.8644092,0.9344092,1.0244092,1.1244092,1.2144092,1.2744092,1.4044092,1.5244092,1.6344092,1.7444092,1.8844092,2.0544093,2.1944091,2.3544092,2.5244093,2.6844091,2.8344092,2.984409,3.1244092,3.244409,3.3744092,3.514409,3.6444092,3.7744093,3.9244092,4.0644093,4.204409,4.334409,4.474409,4.584409,4.7144094,4.824409,4.914409,5.0044093,5.094409
0.8244092,0.8344092,0.8644092,0.8944092,0.9344092,0.9544092,0.97440916,0.9544092,0.91440916,0.84440917,0.7444092,0.6344092,0.5244092,0.4144092,0.34440917,0.27440917,0.22440918,0.19440918,0.16440918,0.13440917,0.10440918,0.06440918,0.04440918,0.05440918,0.09440918,0.16440918,0.28440917,0.43440917,0.6244092,0.8344092,1.0644091,1.2844092,1.4944092,1.7244092,1.9644092,2.1944091,2.4344091,2.6544092,2.8844092,3.1444092,3.3744092,3.6344092,3.8644092,4.084409,4.2944093,4.494409,4.684409,4.874409,5.0644093,5.244409,5.434409,5.614409,5.7944093,5.9644094,6.104409,6.2344093,6.344409,6.414409,6.474409
0.8044092,0.67440915,0.5744092,0.49440917,0.4444092,0.42440918,0.40440917,0.3844092,0.34440917,0.27440917,0.16440918,-0.00559082,-0.20559081,-0.41559082,-0.6255908,-0.8155908,-0.96559083,-1.0555909,-1.1055908,-1.1055908,-1.0655909,-1.0055908,-0.9255908,-0.8155908,-0.6755908,-0.48559082,-0.22559083,0.11440918,0.5144092,0.9444092,1.3744092,1.8144091,2.224409,2.5944092,2.9344091,3.264409,3.5744092,3.8644092,4.134409,4.374409,4.594409,4.804409,4.974409,5.144409,5.2944093,5.434409,5.584409,5.724409,5.854409,5.994409,6.114409,6.224409,6.3144093,6.394409,6.474409,6.5444093,6.624409,6.6944094,6.764409
0.5644092,0.34440917,0.11440918,-0.10559082,-0.29559082,-0.4555908,-0.58559084,-0.6955908,-0.8155908,-0.96559083,-1.1455908,-1.3455908,-1.5455909,-1.7255908,-1.8555908,-1.9255909,-1.9755908,-2.015591,-2.0555909,-2.0955908,-2.0855908,-2.035591,-1.9055908,-1.5855908,-1.0155908,-0.22559083,0.66440916,1.4944092,2.1744092,2.6944091,3.0544093,3.3544092,3.6344092,3.8744092,4.124409,4.354409,4.594409,4.7944093,4.9844093,5.144409,5.284409,5.414409,5.5444093,5.6944094,5.834409,5.954409,6.0644093,6.164409,6.2544093,6.374409,6.494409,6.644409,6.7744093,6.9044094,7.0044093,7.104409,7.164409,7.2344093,7.2744093
0.8244092,0.4144092,0.0044091796,-0.40559083,-0.7955908,-1.1355908,-1.4055908,-1.5955908,-1.7355908,-1.8455908,-1.9555908,-2.1055908,-2.245591,-2.4255908,-2.5855908,-2.7255907,-2.8155909,-2.8755908,-2.8755908,-2.8255908,-2.7955909,-2.7255907,-2.4255908,-1.5755908,-0.38559082,0.8044092,1.8444092,2.5244093,2.984409,3.3544092,3.744409,4.074409,4.324409,4.5244093,4.6944094,4.8144093,4.9644094,5.074409,5.144409,5.204409,5.2344093,5.204409,5.1544094,5.1544094,5.164409,5.244409,5.414409,5.584409,5.554409,5.534409,5.5644093,5.6544094,5.764409,5.874409,5.994409,6.124409,6.264409,6.394409,6.494409
0.4444092,-0.06559082,-0.6155908,-1.2755908,-1.8755908,-2.4155908,-2.9055908,-3.4355907,-3.995591,-4.5155907,-4.865591,-4.925591,-4.655591,-4.0955906,-4.025591,-4.5355906,-4.895591,-5.155591,-5.165591,-5.005591,-4.655591,-4.105591,-3.1255908,-1.6355908,0.17440918,2.014409,3.504409,4.394409,4.874409,5.104409,5.144409,4.9844093,4.5644093,4.5244093,4.534409,4.614409,4.6944094,4.744409,4.7544093,4.6744094,4.624409,4.4844093,4.2944093,4.2344093,4.354409,4.454409,4.594409,4.724409,4.954409,5.114409,5.224409,5.3144093,5.374409,5.4244094,5.4644094,5.5044093,5.5644093,5.624409,5.664409
-0.28559083,-1.3355908,-2.1355908,-2.7155907,-3.1955907,-3.5455909,-3.745591,-3.6555908,-4.255591,-4.695591,-5.105591,-5.425591,-5.675591,-5.875591,-6.0555906,-6.2055907,-6.295591,-6.275591,-6.145591,-5.9755907,-5.7455907,-4.9755907,-3.1455908,-0.5655908,1.7744092,3.244409,3.7944093,4.014409,4.324409,4.7144094,5.0644093,5.324409,5.4844093,5.594409,5.7144094,5.874409,6.034409,6.1944094,6.304409,5.9644094,5.244409,4.4044094,4.364409,5.184409,5.284409,4.7744093,4.2544093,4.364409,4.614409,4.744409,4.844409,4.9644094,5.104409,5.2544093,5.434409,5.7344093,5.9844093,6.2144094,6.344409
-1.0355908,-1.9655908,-2.6555908,-3.275591,-3.9355907,-4.5955906,-5.085591,-5.335591,-5.4355907,-5.505591,-5.625591,-5.8055906,-6.045591,-6.355591,-6.755591,-7.315591,-7.375591,-7.6855907,-7.885591,-8.135591,-6.815591,-3.5855908,0.42440918,2.964409,3.3944092,3.0744092,3.2844093,4.284409,4.934409,4.9244094,4.854409,4.894409,5.054409,5.204409,5.3144093,5.384409,5.4044094,5.364409,5.394409,5.594409,5.7944093,5.554409,4.6744094,3.6644092,3.2044091,3.4544091,3.6644092,3.714409,3.6644092,3.744409,4.054409,4.584409,5.084409,5.334409,5.514409,5.584409,5.594409,5.604409,5.6744094
-0.8555908,-1.9055908,-3.285591,-4.365591,-4.9955907,-5.5355906,-5.715591,-5.5555906,-5.2855906,-5.2455907,-5.5155907,-5.985591,-6.615591,-7.145591,-7.5155907,-7.755591,-7.835591,-7.965591,-7.775591,-6.9755907,-4.755591,-1.1255908,2.0644093,3.3044093,3.0444093,3.1644092,3.9044092,4.2544093,4.2744093,4.304409,4.534409,4.7544093,4.854409,4.834409,4.6944094,4.5444093,4.4244094,4.2944093,4.0244093,4.2744093,4.614409,4.684409,4.5444093,4.344409,4.9844093,5.054409,4.554409,3.6144092,3.3344092,3.6644092,4.014409,4.084409,4.074409,4.074409,4.094409,4.144409,4.324409,4.604409,4.874409
-1.0755908,-2.4455907,-3.6455908,-4.5155907,-5.085591,-5.405591,-5.445591,-5.5355906,-5.525591,-5.525591,-5.715591,-6.4555907,-7.875591,-8.625591,-8.915591,-8.685591,-7.8455906,-6.905591,-6.5755906,-5.915591,-3.0555909,1.5644091,4.204409,3.964409,2.4244092,2.3944092,3.3544092,4.144409,4.114409,4.104409,4.2144094,4.3144093,4.554409,4.1544094,3.994409,3.744409,3.5344093,3.4444091,3.474409,3.5444093,3.4044092,2.964409,2.6244092,2.6344092,2.514409,2.5244093,2.6744092,2.7744093,2.7844093,2.7844093,2.7944093,2.8644092,2.8944092,2.9144092,2.8144093,2.6744092,2.6144092,2.744409,2.9244092
-1.2755908,-2.0555909,-2.7955909,-3.6055908,-4.565591,-5.335591,-5.585591,-5.715591,-5.885591,-6.145591,-6.485591,-6.905591,-7.855591,-9.1755905,-9.135591,-7.0355906,-6.7655907,-7.0555906,-1.5555909,3.8944092,4.4444094,2.6744092,1.7644092,1.8444092,2.494409,2.744409,2.5444093,2.004409,1.5344092,1.7044091,2.264409,2.6944091,2.974409,3.1544092,3.254409,3.1544092,2.9444091,2.6844091,2.474409,2.3344092,2.1544092,1.8144091,1.1944091,0.98440915,1.3244091,1.7044091,1.7344092,1.6844091,1.6244092,1.3244091,0.6944092,0.14440918,0.06440918,0.11440918,0.16440918,0.2944092,0.4444092,0.48440918,0.5644092
-0.44559082,-0.8655908,-0.95559084,-1.3955908,-2.5455909,-3.3455908,-3.7155907,-4.5755906,-5.2655907,-5.925591,-6.5155907,-6.965591,-7.485591,-7.885591,-7.2455907,-7.7655907,-8.725591,-6.615591,-1.1955909,0.85440916,0.13440917,0.14440918,0.79440916,1.1744092,1.6944091,2.1344092,2.3544092,2.0344093,1.4044092,1.2744092,1.6444092,1.9944092,2.244409,2.464409,2.5344093,2.514409,2.5644093,2.474409,1.6644092,1.1644092,0.8744092,0.7144092,0.6244092,0.4744092,0.19440918,-0.11559082,-0.3355908,-0.48559082,-0.6055908,-0.71559083,-0.8555908,-0.9955908,-1.0955908,-1.0955908,-1.0055908,-0.96559083,-0.9255908,-0.82559085,-0.65559083
0.40440917,-0.6355908,-1.7055908,-1.7955909,-1.3055909,-1.7355908,-3.1755908,-4.3455906,-5.105591,-5.4755907,-5.0355906,-4.0955906,-4.795591,-6.4355907,-7.2255907,-8.195591,-9.105591,-7.465591,-5.395591,-3.275591,-0.25559083,1.9844092,2.5944092,2.5744092,2.494409,2.8044093,2.8344092,2.9544091,2.9344091,2.744409,2.6244092,2.6744092,2.6944091,2.6044092,2.3844092,1.8644092,1.1144092,0.46440917,0.3844092,0.7144092,0.8144092,0.7444092,0.48440918,0.12440918,-0.22559083,-0.5655908,-0.89559084,-1.1855909,-1.4855908,-1.8655908,-2.1655908,-1.8855908,-1.3055909,-0.9255908,-0.6655908,-0.44559082,-0.16559082,0.17440918,0.5744092
1.1644092,-0.10559082,-1.6555908,-2.8655908,-3.765591,-4.215591,-3.1055908,-2.735591,-3.3255908,-4.615591,-4.525591,-5.215591,-6.2055907,-6.3455906,-7.1855907,-7.9355907,-8.355591,-7.605591,-6.605591,-6.5555906,-4.4755907,-0.41559082,1.8644092,2.3244092,2.6444092,3.014409,3.474409,3.3744092,3.234409,3.1544092,2.724409,2.754409,3.3744092,3.4544091,2.9244092,2.3244092,1.5844092,0.40440917,-0.7855908,-1.5355908,-1.8655908,-1.6255908,-0.82559085,-0.3055908,-0.38559082,-0.8055908,-1.2255908,-1.4455909,-1.4455909,-1.3055909,-1.0755908,-0.71559083,-0.3955908,-0.01559082,0.8344092,2.1044092,2.6444092,1.9744092,1.3544092
0.21440917,-0.8755908,-1.7855908,-2.3855908,-2.8055909,-2.765591,-2.5455909,-2.7155907,-3.245591,-3.6655908,-3.6255908,-5.8255906,-6.775591,-7.0755906,-7.4555907,-8.265591,-9.00559,-9.435591,-9.975591,-9.455591,-7.395591,-4.1855907,-0.07559082,1.9344091,2.3544092,2.5544093,2.5344093,2.7744093,3.3944092,2.5844092,2.1144092,2.1944091,2.3344092,2.5844092,2.4144092,1.8244091,1.5244092,1.2244092,0.65440917,0.04440918,-0.6155908,-1.2955909,-1.9255909,-2.2255907,-2.2155907,-2.0855908,-1.9055908,-1.4855908,-1.3155909,-1.6155908,-1.7255908,-1.2955909,-0.59559083,0.2544092,1.2044091,1.7944092,2.514409,3.1344092,1.8644092
-0.12559082,-1.7855908,-2.4255908,-2.5455909,-3.0555909,-3.785591,-3.9255908,-4.145591,-4.145591,-3.9255908,-3.9655907,-3.6455908,-4.105591,-6.2655907,-5.4955907,-5.3055906,-5.365591,-5.235591,-5.505591,-5.4755907,-5.365591,-3.6955907,-2.1155908,-0.51559085,0.20440918,0.9644092,2.464409,3.3244092,3.0344093,2.724409,2.3244092,1.9244092,1.1944091,0.8344092,0.91440916,0.36440918,0.5544092,0.9444092,0.6344092,0.45440918,0.6344092,1.0044092,0.9344092,0.37440917,-0.31559083,-1.0855908,-2.035591,-2.6755908,-2.6055908,-2.005591,-2.3655908,-2.8655908,-1.8055909,-0.10559082,1.2244092,1.3844092,0.92440915,0.7444092,1.6744092
-0.82559085,-2.0955908,-3.495591,-4.2055907,-5.0355906,-5.5155907,-5.2255907,-5.585591,-5.9755907,-4.775591,-2.6955907,-0.9855908,-1.0355908,-3.0655909,-5.195591,-4.5555906,-3.4655907,-4.315591,-5.135591,-3.6755908,-1.7155908,-0.6055908,-0.13559082,-0.31559083,-0.3355908,0.2944092,1.6644092,2.4244092,2.764409,2.4544091,1.4844092,1.0944092,0.9644092,0.7544092,0.05440918,-0.16559082,0.60440916,1.1244092,1.1844091,1.3344092,1.7044091,2.0244093,1.7244092,0.79440916,-0.21559082,-0.3055908,-0.52559084,-0.96559083,-1.5455909,-1.9855908,-2.1555908,-2.3655908,-1.0555909,0.8244092,-0.2755908,-2.8755908,-3.1955907,-2.985591,-3.245591
-1.8555908,-2.7155907,-4.105591,-5.405591,-5.3455906,-5.0155907,-7.485591,-10.00559,-7.115591,-2.0955908,-0.7455908,0.08440918,-0.29559082,-1.6855909,-1.9655908,-3.0955908,-3.6555908,-3.0955908,-2.255591,-1.3955908,-0.5455908,-1.1055908,-0.18559082,-1.6355908,-0.76559085,0.84440917,1.3644092,1.3544092,0.8044092,-0.11559082,-0.11559082,-0.2755908,-0.43559083,0.2544092,0.7744092,1.0044092,1.1944091,1.4844092,1.8644092,1.6444092,1.5344092,1.9544091,2.484409,2.4244092,2.2044091,2.004409,1.7844092,0.6444092,-0.5355908,-1.4455909,-1.8655908,-1.8655908,-3.3155909,-3.4355907,-0.59559083,1.1944091,0.6844092,-0.4255908,-1.5755908
-3.3355908,-3.6655908,-5.365591,-4.605591,-4.775591,-5.7855906,-9.725591,-9.915591,-5.905591,-1.0055908,0.28440917,0.13440917,-1.2055908,-2.9055908,-3.245591,-4.375591,-4.335591,-3.3955908,-5.395591,-4.2655907,-1.0055908,-1.8355908,-1.9655908,0.2544092,-0.05559082,-0.77559084,-0.47559083,-0.00559082,-0.3055908,-1.1755909,-1.6955909,-1.9455909,-1.6355908,-0.51559085,0.66440916,1.2344092,1.6644092,2.0344093,1.5244092,1.2844092,2.014409,1.8644092,1.0944092,2.2944093,2.244409,1.3444092,1.4444091,1.1844091,0.23440918,0.01440918,-0.24559082,-0.77559084,-0.77559084,-0.77559084,-1.5555909,-1.7855908,-0.84559083,-0.5355908,-0.8555908
-4.775591,-3.9355907,-6.235591,-4.965591,-7.795591,-8.385591,-10.1755905,-8.785591,-3.4255908,0.4744092,0.7144092,0.3244092,-1.2055908,-2.775591,-3.7055907,-3.8755908,-3.9355907,-2.4455907,-2.2155907,-1.7855908,-1.0555909,-0.8655908,-1.2155908,-1.2355908,-1.2455908,-1.5255908,-1.0055908,-1.1755909,-1.1355908,-1.7255908,-1.2055908,0.27440917,0.30440918,0.33440918,1.0044092,0.90440917,0.0044091796,0.20440918,0.8944092,1.1044092,1.8144091,2.004409,1.4544091,1.5544091,1.3644092,0.67440915,0.5144092,1.2144092,2.0244093,1.8444092,0.3544092,-0.16559082,0.16440918,-0.01559082,-1.0855908,-2.6055908,-3.1255908,-0.02559082,0.4444092
-3.8955908,-4.0555906,-3.9655907,-5.4755907,-8.865591,-9.135591,-7.2655907,-5.775591,-2.4555907,-0.7955908,-1.2655908,-1.8855908,-3.015591,-4.0955906,-3.285591,-3.245591,-4.365591,-4.985591,-2.8355908,-4.3055906,-2.765591,-1.9655908,-1.5755908,-0.6655908,-1.0055908,-2.005591,-0.6755908,1.0944092,-0.01559082,-0.64559084,-1.2255908,-1.3555908,-1.0455909,-1.6555908,-1.3055909,-0.48559082,0.2944092,0.72440916,0.90440917,1.5044092,2.1144092,3.0944092,1.3644092,1.3844092,1.9444091,2.3644092,3.1144092,2.5744092,1.8644092,1.9344091,2.1544092,2.3544092,1.3944092,0.14440918,0.60440916,1.0044092,1.7644092,0.02440918,0.7544092
-4.025591,-3.6755908,-3.6655908,-3.995591,-5.145591,-8.225591,-6.045591,-5.5555906,-2.025591,-1.2655908,-0.6755908,-1.7055908,-3.1855907,-3.285591,-3.3555908,-3.0955908,-2.2155907,-2.8355908,-4.655591,-3.3955908,-2.7955909,-1.5355908,-0.48559082,-0.51559085,-0.90559083,-1.9455909,-1.7555908,-1.5855908,-0.00559082,-1.2055908,0.13440917,-0.07559082,-1.2955909,-1.9255909,-1.4855908,-0.71559083,-0.6755908,-1.1255908,-0.21559082,0.37440917,0.01440918,0.78440917,1.3844092,1.6244092,0.34440917,1.4644092,1.9244092,2.0744092,1.9644092,1.8244091,1.3944092,1.0144092,1.5844092,2.2044091,1.6444092,0.45440918,0.26440918,1.0144092,0.7744092
