raw-data/2018100700.json
{"header": { "discipline":0, "disciplineName":"Meteorological products", "gribEdition":2, "gribLength":74699, "center":7, "centerName":"US National Weather Service - NCEP(WMC)", "subcenter":0, "refTime":"2018-10-07T00:00:00.000Z", "significanceOfRT":1, "significanceOfRTName":"Start of forecast", "productStatus":0, "productStatusName":"Operational products", "productType":1, "productTypeName":"Forecast products", "productDefinitionTemplate":0, "productDefinitionTemplateName":"Analysis/forecast at horizontal level/layer at a point in time", "parameterCategory":2, "parameterCategoryName":"Momentum", "parameterNumber":2, "parameterNumberName":"U-component_of_wind", "parameterUnit":"m.s-1", "genProcessType":2, "genProcessTypeName":"Forecast", "forecastTime":0, "surface1Type":103, "surface1TypeName":"Specified height level above ground", "surface1Value":10.0, "surface2Type":255, "surface2TypeName":"Missing", "surface2Value":0.0, "gridDefinitionTemplate":0, "gridDefinitionTemplateName":"Latitude_Longitude", "numberPoints":65160, "shape":6, "shapeName":"Earth spherical with radius of 6,371,229.0 m", "gridUnits":"degrees", "resolution":48, "winds":"true", "scanMode":0, "nx":360, "ny":181, "basicAngle":0, "lo1":0.0, "la1":90.0, "lo2":359.0, "la2":-90.0, "dx":1.0, "dy":1.0 }, "data":
[rows 130 to 155 of 181, columns 290 to 347 of 360]
4.619685,6.989685,6.2696853,6.149685,8.229685,7.439685,3.749685,1.999685,1.039685,1.129685,1.4296851,1.3096851,1.499685,1.399685,1.919685,2.689685,4.2696853,6.659685,7.199685,7.669685,8.319685,8.2596855,8.249685,10.589685,10.409685,8.869685,9.979685,11.879685,11.219685,10.409685,10.569685,10.339685,10.599685,9.979685,10.079685,9.019685,8.879685,10.669685,11.029685,12.429685,11.919685,11.469685,12.029685,12.7996855,12.809685,12.409685,12.269685,12.489685,12.589685,13.199685,13.979685,14.339685,12.819685,10.609685,9.899685,9.929685,7.9996853,8.0096855
9.2596855,10.0096855,8.209685,6.709685,8.969685,8.869685,3.6596851,1.4596851,1.3096851,0.93968505,1.8196851,2.359685,2.3896852,2.6196852,2.789685,4.049685,6.699685,8.019685,7.559685,7.609685,7.629685,7.7696853,9.139685,10.779685,11.149685,11.719685,11.719685,11.679685,12.559685,11.119685,10.379685,10.339685,10.659685,10.499685,10.579685,10.389685,11.389685,11.809685,11.219685,12.469685,12.089685,11.589685,12.899685,12.829685,12.649685,12.569685,12.489685,12.339685,12.139685,12.649685,13.449685,13.809685,13.589685,12.829685,11.199685,10.109685,9.119685,8.169685
5.649685,8.439685,10.169685,6.709685,4.259685,2.179685,0.15968506,-1.350315,-0.21031494,2.819685,2.699685,3.039685,3.349685,3.429685,3.969685,5.419685,8.249685,8.949685,9.669685,9.989685,10.839685,9.819685,10.529685,11.979685,12.419685,12.889685,14.039685,13.929685,12.249685,8.599685,10.189685,11.159685,11.229685,11.529685,12.229685,12.829685,12.829685,11.729685,11.149685,12.419685,12.199685,12.959685,13.029685,12.589685,12.699685,13.149685,13.719685,14.319685,14.289685,14.269685,13.709685,13.2996855,13.5096855,13.609685,13.499685,11.389685,10.2996855,8.769685
6.899685,7.069685,8.249685,4.929685,6.509685,1.8296851,-2.230315,-1.0203149,0.36968505,2.499685,3.989685,4.009685,3.729685,4.079685,5.079685,7.209685,8.5096855,7.7696853,7.649685,7.529685,8.639685,8.199685,7.339685,7.139685,8.229685,9.659685,10.999685,10.849685,5.329685,8.289685,10.649685,11.529685,11.709685,13.079685,14.159685,14.369685,13.329685,11.289685,11.359685,12.219685,12.719685,12.679685,12.7996855,13.459685,13.7996855,14.239685,14.769685,15.639685,16.019686,16.219685,15.829685,14.289685,14.319685,12.789685,11.829685,10.709685,9.669685,9.2996855
5.629685,6.079685,5.179685,5.109685,5.219685,5.359685,-0.26031494,-1.5303149,0.44968507,2.539685,4.139685,4.919685,4.7496853,5.449685,5.969685,6.959685,7.079685,6.149685,5.879685,6.349685,7.899685,6.919685,7.5396852,8.059685,7.389685,6.779685,5.2896852,3.679685,6.279685,9.0496855,10.559685,11.089685,11.919685,12.899685,13.7596855,14.579685,9.639685,10.789685,11.369685,12.059685,12.709685,13.389685,14.029685,14.329685,14.439685,15.089685,15.5096855,16.119684,16.359686,16.009686,15.899685,15.349685,14.309685,12.389685,10.019685,8.609685,7.899685,7.659685
9.519685,10.979685,8.219685,8.499685,5.779685,1.279685,3.189685,3.769685,4.189685,4.299685,4.419685,4.759685,5.089685,6.009685,5.939685,4.829685,5.119685,5.089685,5.909685,4.819685,4.579685,4.679685,5.159685,5.7496853,5.089685,3.689685,3.489685,6.109685,8.199685,8.829685,10.149685,10.059685,10.099685,9.849685,9.089685,8.119685,9.249685,9.929685,10.389685,12.169685,13.619685,13.779685,13.929685,14.329685,14.969685,15.429685,15.489685,16.029686,15.989685,15.199685,13.359685,12.609685,11.829685,9.369685,7.2696853,6.2496853,5.379685,5.189685
8.089685,8.649685,9.939685,7.059685,6.489685,5.479685,5.219685,5.589685,5.139685,4.659685,4.929685,5.239685,4.779685,4.849685,3.199685,2.6196852,3.359685,2.609685,2.019685,1.779685,2.8996851,4.029685,4.459685,4.669685,4.939685,5.929685,6.709685,7.359685,8.389685,8.479685,7.649685,8.539685,9.479685,8.399685,7.219685,7.4996853,8.109685,8.829685,10.949685,12.539685,12.279685,13.219685,14.579685,15.589685,15.749685,16.009686,15.949685,16.189686,14.899685,11.699685,10.669685,9.909685,7.299685,5.979685,4.259685,3.819685,3.6396852,3.499685
9.359685,12.2596855,10.389685,8.739685,6.339685,5.449685,5.049685,5.209685,6.199685,6.319685,5.5396852,5.139685,3.479685,1.419685,-0.6003149,-1.6903149,-1.3003149,-1.1803149,0.03968506,1.249685,2.719685,3.249685,3.939685,4.399685,3.999685,5.199685,6.689685,7.629685,7.209685,7.5396852,8.899685,9.499685,8.2996855,6.869685,6.369685,6.569685,8.209685,9.909685,10.719685,10.699685,12.089685,13.649685,14.459685,15.059685,16.589685,16.779686,15.899685,15.669685,14.809685,12.499685,11.769685,10.919685,6.689685,3.8796852,3.059685,2.849685,3.019685,2.929685
4.219685,3.329685,2.859685,2.539685,0.93968505,0.44968507,1.989685,3.6596851,5.9996853,7.049685,4.7896852,1.989685,-0.34031495,-2.520315,-3.230315,-3.150315,-2.550315,-1.210315,0.109685056,1.369685,2.569685,3.6696851,4.149685,4.359685,5.099685,6.379685,6.829685,6.869685,8.179685,9.569685,9.729685,9.499685,9.559685,6.659685,6.0196853,7.869685,8.969685,9.569685,9.679685,10.179685,10.0496855,12.209685,13.359685,16.389685,17.909685,16.969685,14.559685,13.339685,13.619685,11.919685,11.129685,11.489685,7.329685,3.759685,3.239685,3.3796852,2.939685,3.049685
6.349685,7.939685,6.719685,7.389685,7.299685,3.3896852,2.769685,3.289685,4.5396852,5.119685,2.539685,0.5996851,-0.77031493,-2.410315,-2.760315,-1.8003149,-1.010315,0.20968506,1.369685,2.199685,2.839685,3.319685,4.149685,4.759685,5.939685,6.629685,6.779685,7.279685,7.639685,6.299685,4.2496853,1.9796851,2.6696851,4.959685,6.2696853,8.089685,8.899685,8.919685,9.2596855,9.459685,10.929685,12.399685,14.529685,14.739685,13.0096855,12.329685,10.429685,8.779685,8.659685,9.0496855,9.329685,9.0096855,6.979685,4.239685,3.3996851,3.1396852,3.099685,3.359685
4.829685,5.399685,4.649685,-0.98031497,-0.25031495,1.539685,2.939685,4.2896852,4.439685,3.1196852,2.199685,0.99968505,-0.51031494,-1.5303149,-1.730315,-0.57031494,0.9096851,1.9296851,2.249685,2.949685,3.529685,3.939685,5.119685,5.889685,6.189685,5.089685,2.089685,-0.010314941,-1.0703149,-0.24031495,1.1896851,2.4196851,3.559685,5.459685,7.139685,8.159685,7.969685,7.989685,8.369685,9.669685,10.449685,11.919685,11.899685,8.949685,-1.5403149,-8.800315,-8.090315,-9.970315,-11.710315,-12.2403145,-12.010315,-8.540315,-1.600315,0.86968505,1.489685,1.989685,2.199685,2.059685
6.219685,6.589685,2.179685,0.34968507,0.26968506,2.4196851,4.609685,5.9996853,4.919685,3.269685,1.139685,0.019685058,-0.5403149,-1.3003149,-0.62031496,1.139685,2.309685,2.499685,3.199685,3.6396852,3.6396852,4.679685,6.0196853,4.309685,-1.200315,-2.900315,-1.450315,-0.6603149,0.5396851,1.7096851,2.9096851,4.0196853,5.149685,6.0196853,5.989685,5.989685,6.0196853,6.089685,7.179685,8.239685,8.699685,9.169685,6.149685,-7.240315,-9.130315,-10.410315,-10.350315,-10.390315,-12.140315,-13.080315,-12.730315,-13.930315,-14.730315,-14.9503145,-12.680315,-8.2403145,-5.150315,-3.960315
5.929685,5.329685,7.2496853,4.959685,3.839685,3.6196852,4.369685,5.299685,4.799685,1.4496851,0.31968507,-0.63031495,-0.9003149,0.32968506,1.369685,2.539685,2.679685,2.799685,3.1396852,3.3696852,4.0396852,5.2896852,-0.9003149,-3.410315,-3.0903149,-2.060315,-0.7203149,0.72968507,1.909685,3.349685,3.849685,4.569685,5.099685,6.029685,4.969685,2.809685,2.969685,4.349685,5.229685,5.989685,6.319685,4.609685,-2.890315,-7.630315,-9.590315,-9.390315,-10.040315,-11.140315,-11.970315,-13.500315,-13.600315,-13.860315,-13.620315,-12.730315,-13.180315,-13.680315,-13.930315,-12.380315
4.859685,5.609685,6.659685,4.679685,4.719685,3.939685,4.129685,4.119685,3.4096851,1.7296851,-0.24031495,-0.20031494,-0.7903149,1.009685,2.009685,1.909685,2.099685,2.1696851,2.509685,3.299685,1.749685,-3.800315,-3.720315,-3.310315,-2.050315,-0.46031493,0.9596851,2.059685,3.249685,3.199685,4.069685,4.319685,4.319685,5.899685,3.6596851,1.0696851,3.1196852,3.849685,3.989685,4.389685,3.799685,1.1096851,-5.740315,-6.900315,-7.880315,-9.9503145,-10.390315,-11.310315,-11.970315,-12.360315,-12.510315,-12.260315,-12.100315,-11.810315,-11.640315,-11.850315,-11.870315,-12.370315
2.779685,3.519685,3.979685,5.2896852,5.799685,3.979685,3.599685,3.509685,2.519685,1.0996851,-1.2903149,-1.4103149,-0.98031497,0.87968504,1.499685,0.94968504,1.0996851,1.989685,2.739685,-0.08031494,-3.3603148,-3.230315,-2.570315,-1.580315,0.009685058,1.1996851,1.989685,3.1196852,3.439685,3.6396852,3.319685,2.8696852,2.589685,3.759685,0.68968505,2.609685,4.649685,4.369685,3.849685,3.3696852,2.539685,-0.39031494,-5.830315,-6.160315,-9.040315,-9.210315,-9.400315,-10.300315,-10.610315,-10.780315,-11.010315,-11.260315,-10.210315,-10.460315,-10.860315,-11.070315,-11.4903145,-12.380315
5.569685,1.2296851,1.269685,4.149685,0.40968505,3.1296852,3.519685,2.8896852,1.799685,1.4596851,1.369685,1.5896851,2.269685,1.4296851,-0.27031493,0.17968506,1.519685,2.229685,-0.5403149,-2.790315,-2.770315,-2.0903149,-1.460315,-0.15031494,0.87968504,1.499685,2.1696851,3.299685,3.069685,3.1396852,2.4196851,2.6296852,2.709685,2.519685,5.239685,6.479685,5.459685,4.979685,3.449685,2.969685,2.4096851,-1.110315,-6.010315,-7.220315,-8.620315,-9.9903145,-9.090315,-9.220315,-8.940315,-9.380315,-9.510315,-9.680315,-10.130315,-10.770315,-11.260315,-11.980315,-12.470315,-13.020315
12.819685,8.059685,-0.12031494,0.50968504,1.1796851,1.529685,2.3996851,1.5696851,1.289685,1.239685,1.6796851,1.9296851,1.289685,-0.95031494,-0.82031494,0.41968507,0.80968505,0.24968506,-2.0803149,-2.020315,-1.9203149,-1.1403149,-0.30031493,0.86968505,0.98968506,1.499685,1.899685,2.709685,1.989685,1.769685,1.6896851,2.529685,2.939685,2.829685,4.009685,4.209685,4.059685,2.999685,1.8596851,1.799685,0.56968504,-2.150315,-6.490315,-7.770315,-8.140315,-8.910315,-9.030315,-7.970315,-8.320315,-8.470315,-8.640315,-9.150315,-9.820315,-10.750315,-11.300315,-11.710315,-12.070315,-12.470315
8.749685,4.589685,-0.5403149,-0.76031494,-0.82031494,0.39968506,2.439685,2.699685,1.7096851,1.3296851,1.3096851,0.07968506,-2.1203148,-2.060315,-0.48031494,-0.34031495,0.37968504,-1.3903149,-2.410315,-2.3403149,-1.7703149,-0.43031493,0.32968506,0.85968506,1.029685,1.119685,1.1096851,1.8496851,0.85968506,1.3496851,1.529685,1.999685,1.6996851,1.9296851,2.069685,2.1696851,1.4596851,-0.11031494,-1.2903149,0.05968506,-0.98031497,-2.740315,-5.970315,-6.740315,-6.900315,-7.700315,-7.380315,-7.490315,-7.700315,-7.830315,-8.320315,-8.270315,-9.400315,-9.860315,-9.710315,-10.230315,-9.850315,-10.080315
1.999685,-1.3003149,-4.470315,-2.920315,-1.950315,-0.21031494,1.779685,1.669685,0.25968507,-0.86031497,-2.420315,-3.8403149,-3.220315,-1.5603149,-1.090315,0.27968505,0.36968505,-0.83031493,-2.010315,-2.020315,-0.77031493,-0.060314942,0.5396851,0.41968507,0.20968506,-0.73031497,0.47968507,0.029685058,0.48968506,1.009685,0.6496851,0.80968505,0.41968507,0.47968507,0.21968506,-0.7903149,-2.3803148,-3.8303149,-3.5903149,-2.6103148,-4.110315,-5.070315,-5.700315,-6.570315,-5.590315,-6.690315,-6.340315,-6.820315,-6.180315,-6.420315,-6.540315,-6.520315,-6.090315,-5.920315,-6.4603148,-6.180315,-5.640315,-5.940315
-5.170315,-5.860315,-4.390315,-3.250315,-2.1203148,-0.43031493,0.55968505,-0.70031494,-2.570315,-3.750315,-4.400315,-4.100315,-2.810315,-1.1903149,-0.29031494,1.0596851,1.4396851,-0.8503149,-1.950315,-1.730315,-0.7803149,-0.13031495,-0.12031494,-0.56031495,-1.000315,-1.630315,-0.5903149,-0.9003149,0.38968506,-0.21031494,-0.9103149,-0.45031494,-1.090315,-1.1603149,-1.8003149,-3.240315,-5.140315,-4.900315,-4.760315,-4.310315,-4.420315,-5.680315,-6.380315,-5.940315,-5.680315,-5.640315,-5.760315,-6.330315,-5.340315,-5.100315,-4.310315,-4.2103148,-3.920315,-3.740315,-3.6203148,-3.460315,-3.450315,-3.230315
-6.370315,-5.580315,-3.790315,-2.720315,-2.420315,-1.710315,-2.530315,-4.020315,-4.7503147,-5.140315,-4.770315,-4.010315,-2.3503149,-0.75031495,1.3096851,2.6296852,0.8996851,-1.5703149,-1.870315,-1.8003149,-1.130315,-0.67031497,-1.450315,-1.6703149,-1.8903149,-1.960315,-1.0303149,-1.610315,-0.8503149,-0.99031496,-0.99031496,-1.2703149,-1.730315,-1.760315,-1.6603149,-2.470315,-3.1303148,-4.660315,-4.7303147,-4.590315,-5.060315,-5.470315,-6.180315,-6.660315,-6.810315,-6.560315,-6.160315,-5.570315,-4.560315,-3.750315,-3.030315,-2.3603148,-1.6403149,-1.0203149,-0.56031495,-0.21031494,0.23968506,1.3296851
-5.020315,-4.010315,-4.190315,-4.690315,-4.4603148,-4.950315,-5.580315,-6.060315,-6.120315,-5.220315,-4.010315,-2.1303148,-0.05031494,1.1996851,1.369685,0.82968503,-0.68031496,-2.030315,-2.490315,-1.8903149,-1.4303149,-1.4303149,-1.860315,-2.3403149,-2.700315,-2.040315,-0.8403149,-0.63031495,-0.98031497,-1.8003149,-1.7903149,-2.280315,-2.190315,-1.740315,-2.000315,-2.640315,-3.250315,-3.8703148,-4.020315,-3.970315,-3.8403149,-3.810315,-3.890315,-4.030315,-4.400315,-4.430315,-4.450315,-3.930315,-3.440315,-2.8603148,-1.830315,-1.1403149,-0.11031494,0.56968504,1.039685,1.8296851,2.509685,3.319685
-7.470315,-7.380315,-7.270315,-7.540315,-7.420315,-7.910315,-6.630315,-6.590315,-5.510315,-4.120315,-2.6103148,-1.3003149,0.88968503,0.30968505,-1.6703149,-2.910315,-2.310315,-2.5803149,-2.540315,-2.3603148,-2.430315,-2.520315,-2.890315,-2.640315,-2.170315,-1.9203149,-1.3203149,-0.6003149,-1.000315,-1.6903149,-1.950315,-2.3403149,-2.270315,-2.390315,-2.650315,-3.200315,-3.260315,-3.690315,-3.570315,-3.1303148,-3.450315,-3.740315,-3.820315,-3.970315,-3.760315,-3.750315,-3.3703148,-2.540315,-1.5603149,-0.29031494,0.75968504,1.399685,1.8196851,2.479685,3.1296852,3.529685,3.8896852,3.859685
-10.220315,-10.830315,-10.010315,-8.2403145,-7.350315,-6.310315,-5.150315,-4.070315,-2.810315,-0.98031497,-0.20031494,-2.280315,-3.400315,-4.060315,-3.800315,-2.190315,-2.040315,-1.860315,-2.390315,-2.5803149,-2.550315,-2.690315,-2.320315,-1.880315,-1.710315,-1.630315,-1.5303149,-1.3103149,-1.590315,-2.210315,-2.280315,-2.290315,-2.750315,-2.8803148,-2.8303149,-2.8303149,-2.8603148,-3.0903149,-3.180315,-3.650315,-4.020315,-4.010315,-3.790315,-3.460315,-2.800315,-2.290315,-1.710315,-1.210315,-1.080315,-0.41031495,0.43968505,1.2296851,1.8596851,2.1596851,2.559685,3.1696851,3.699685,4.059685
-6.880315,-6.640315,-6.180315,-5.390315,-4.660315,-4.290315,-4.870315,-4.540315,-3.040315,-3.930315,-1.6603149,1.7196851,-3.160315,-0.12031494,-2.920315,-2.8303149,-2.3703148,-2.6103148,-2.770315,-3.030315,-3.140315,-2.390315,-2.060315,-1.7903149,-1.6503149,-1.630315,-1.6803149,-1.9203149,-2.240315,-2.460315,-2.560315,-2.770315,-2.940315,-2.990315,-3.000315,-3.000315,-2.990315,-2.940315,-2.8503149,-2.770315,-2.730315,-2.650315,-2.5903149,-2.460315,-2.3503149,-2.290315,-2.1303148,-2.040315,-1.980315,-1.740315,-1.490315,-1.3203149,-1.0303149,-0.69031495,-0.28031495,0.17968506,0.67968506,1.1996851
-4.7503147,-4.280315,-3.8503149,-3.920315,-3.710315,-1.4103149,-2.180315,-3.3603148,-0.070314944,1.509685,0.60968506,-2.150315,-3.990315,-4.580315,-3.570315,-3.070315,-3.0903149,-3.3803148,-3.520315,-3.540315,-3.1303148,-2.6203148,-2.220315,-1.9403149,-1.730315,-1.6403149,-1.6603149,-1.9203149,-2.190315,-2.3503149,-2.440315,-2.480315,-2.500315,-2.450315,-2.3603148,-2.240315,-2.1103148,-1.950315,-1.8103149,-1.6503149,-1.480315,-1.2803149,-1.080315,-0.89031494,-0.69031495,-0.45031494,-0.21031494,0.029685058,0.32968506,0.63968503,0.98968506,1.369685,1.739685,2.1196852,2.519685,2.8996851,3.259685,3.559685
