raw-data/2018091812.json
{"header": { "discipline":0, "disciplineName":"Meteorological products", "gribEdition":2, "gribLength":75023, "center":7, "centerName":"US National Weather Service - NCEP(WMC)", "subcenter":0, "refTime":"2018-09-18T12:00:00.000Z", "significanceOfRT":1, "significanceOfRTName":"Start of forecast", "productStatus":0, "productStatusName":"Operational products", "productType":1, "productTypeName":"Forecast products", "productDefinitionTemplate":0, "productDefinitionTemplateName":"Analysis/forecast at horizontal level/layer at a point in time", "parameterCategory":2, "parameterCategoryName":"Momentum", "parameterNumber":3, "parameterNumberName":"V-component_of_wind", "parameterUnit":"m.s-1", "genProcessType":2, "genProcessTypeName":"Forecast", "forecastTime":0, "surface1Type":103, "surface1TypeName":"Specified height level above ground", "surface1Value":10.0, "surface2Type":255, "surface2TypeName":"Missing", "surface2Value":0.0, "gridDefinitionTemplate":0, "gridDefinitionTemplateName":"Latitude_Longitude", "numberPoints":65160, "shape":6, "shapeName":"Earth spherical with radius of 6,371,229.0 m", "gridUnits":"degrees", "resolution":48, "winds":"true", "scanMode":0, "nx":360, "ny":181, "basicAngle":0, "lo1":0.0, "la1":90.0, "lo2":359.0, "la2":-90.0, "dx":1.0, "dy":1.0 }, "data":
[rows 0 to 25 of 181, columns 295 to 353 of 360]
4.3177834,4.2577834,4.197783,4.137783,4.077783,4.0077834,3.9477832,3.8777833,3.8077831,3.7377832,3.6677833,3.597783,3.5277832,3.4577832,3.3777833,3.3077831,3.2277832,3.1477833,3.077783,2.9977832,2.9177833,2.827783,2.7477832,2.6677833,2.587783,2.4977832,2.4177833,2.327783,2.2477832,2.1577833,2.067783,1.9777832,1.8877832,1.7977833,1.7077832,1.6177832,1.5277832,1.4377832,1.3477832,1.2477832,1.1577832,1.0677832,0.9677832,0.8777832,0.7877832,0.6877832,0.5977832,0.4977832,0.4077832,0.30778322,0.2177832,0.1177832,0.027783204,-0.072216794,-0.1622168,-0.2622168,-0.3522168,-0.4522168,-0.5422168
2.4477832,2.3677833,2.2877831,2.2077832,2.1277833,2.0277832,1.9477832,1.8677832,1.7777832,1.6977832,1.6077832,1.5277832,1.4477832,1.3577832,1.2777832,1.1977832,1.1177832,1.0377831,0.9577832,0.8677832,0.7977832,0.7177832,0.6577832,0.5777832,0.5077832,0.4377832,0.3677832,0.30778322,0.23778321,0.1777832,0.1177832,0.0577832,-0.0022167969,-0.062216796,-0.1122168,-0.1722168,-0.2222168,-0.2722168,-0.3322168,-0.3722168,-0.4222168,-0.47221678,-0.5222168,-0.5622168,-0.6022168,-0.6522168,-0.6922168,-0.7422168,-0.7722168,-0.8222168,-0.8622168,-0.9022168,-0.9422168,-0.9922168,-1.0322168,-1.0722167,-1.1122168,-1.1522168,-1.2022167
-1.6822168,-1.7322168,-1.7722168,-1.8022168,-1.8222167,-1.8222167,-1.8222167,-1.7922168,-1.7722168,-1.7422168,-1.7122169,-1.6922168,-1.6522168,-1.6222168,-1.5822167,-1.5522168,-1.5122168,-1.4822168,-1.4522167,-1.4122168,-1.3822168,-1.3522168,-1.3222167,-1.2822168,-1.2422168,-1.2122169,-1.1722168,-1.1322168,-1.0922168,-1.0522168,-1.0022168,-0.9622168,-0.9122168,-0.8522168,-0.80221677,-0.7522168,-0.7022168,-0.6422168,-0.5922168,-0.5422168,-0.4922168,-0.4322168,-0.3922168,-0.3422168,-0.2922168,-0.2522168,-0.2122168,-0.1722168,-0.1422168,-0.102216795,-0.072216794,-0.042216796,-0.022216797,0.007783203,0.027783204,0.047783203,0.0577832,0.077783205,0.0877832
-2.0722167,-2.0422168,-2.0222168,-2.0122168,-2.0022168,-2.0022168,-2.0022168,-2.0122168,-2.0122168,-2.0322168,-2.0522168,-2.0822167,-2.1122167,-2.152217,-2.182217,-2.2322168,-2.2722168,-2.3322167,-2.402217,-2.4822168,-2.5322168,-2.5622168,-2.5722167,-2.5622168,-2.5022168,-2.422217,-2.3222167,-2.2222168,-2.0622168,-1.8822168,-1.6722168,-1.4622169,-1.2322168,-1.0222168,-0.8222168,-0.6422168,-0.4622168,-0.3322168,-0.23221679,-0.1622168,-0.1322168,-0.1322168,-0.1722168,-0.2222168,-0.3122168,-0.41221678,-0.5022168,-0.6122168,-0.7022168,-0.7822168,-0.8522168,-0.8822168,-0.9022168,-0.8822168,-0.8422168,-0.7822168,-0.7122168,-0.6322168,-0.5422168
-2.4722168,-2.3522167,-2.2422168,-2.1322167,-2.0122168,-1.8822168,-1.7422168,-1.6022168,-1.4122168,-1.2222168,-0.9822168,-0.7422168,-0.4822168,-0.23221679,-0.0022167969,0.2077832,0.3977832,0.5677832,0.7177832,0.8477832,0.9377832,1.0077832,1.0677832,1.0977832,1.1077832,1.1177832,1.0977832,1.0877832,1.0677832,1.0477833,1.0177832,0.9877832,0.9377832,0.8677832,0.7877832,0.6677832,0.5077832,0.3277832,0.0877832,-0.1822168,-0.4822168,-0.7922168,-1.0822167,-1.3222167,-1.5022168,-1.5722167,-1.4922168,-1.2922168,-0.9622168,-0.4622168,0.0977832,0.7177832,1.3277832,1.8877832,2.3877833,2.7777832,3.0477831,3.2177832,3.317783
-2.0522168,-2.0422168,-2.0322168,-2.0422168,-2.0722167,-2.1122167,-2.1422167,-2.162217,-2.1422167,-2.0922167,-1.9822168,-1.8122168,-1.6122168,-1.3822168,-1.1322168,-0.8622168,-0.6022168,-0.3622168,-0.1422168,0.0577832,0.2277832,0.3577832,0.4277832,0.4477832,0.4577832,0.4677832,0.4877832,0.5277832,0.5777832,0.6477832,0.7077832,0.7777832,0.8477832,0.9177832,0.9877832,1.0377831,1.0777832,1.0877832,1.0477833,0.8977832,0.6777832,0.3677832,-0.0322168,-0.5022168,-0.9822168,-1.3422168,-1.4522167,-1.2822168,-0.8522168,-0.2022168,0.6077832,1.4577832,2.1777833,2.6777833,2.9777832,3.097783,3.077783,2.9677832,2.837783
-2.5722167,-2.6422167,-2.682217,-2.6322167,-2.4422169,-2.0822167,-1.7722168,-1.3822168,-0.9522168,-0.5122168,-0.072216794,0.33778322,0.7577832,1.1077832,1.4477832,1.7777832,1.9777832,2.1377833,2.2177832,2.2077832,2.1677833,1.9777832,1.7177832,1.4977832,1.3877832,1.4077832,1.5677832,1.7577832,1.9077832,1.9177833,1.7477832,1.4277833,1.0077832,0.6077832,0.3277832,0.23778321,0.3877832,0.6877832,0.9677832,1.1077832,1.1177832,0.8877832,0.4577832,-0.1222168,-0.7422168,-1.3022168,-1.7222168,-1.9322168,-1.7622168,-1.2822168,-0.55221677,0.30778322,1.0977832,1.6377832,1.8777832,1.8777832,1.7277832,1.5377831,1.3777832
-0.9722168,-1.0222168,-1.0922168,-1.0922168,-0.9622168,-0.9422168,-0.9122168,-0.8922168,-0.7922168,-0.6022168,-0.3022168,0.15778321,0.8177832,1.5877832,2.3577833,2.9977832,3.3777833,3.4277833,3.0477831,2.5277832,2.097783,1.8277832,1.6977832,1.6977832,1.8377832,2.2477832,2.597783,2.4877832,1.9877832,1.3977832,0.7277832,0.4177832,0.4777832,0.7177832,0.9877832,1.2877831,1.2477832,0.9077832,0.3277832,-0.2822168,-0.8522168,-0.9822168,-0.9922168,-0.9422168,-1.0122168,-1.1622168,-1.4322168,-1.6922168,-2.0022168,-2.2622168,-2.172217,-1.7022167,-1.0722167,-0.3522168,0.2277832,0.4477832,0.3477832,0.027783204,-0.3122168
-0.3622168,-0.5822168,-0.5922168,-0.3522168,0.12778321,0.7777832,1.2977833,1.6377832,1.7277832,1.3477832,0.5577832,-0.2822168,-0.6722168,-0.3522168,0.4977832,1.3477832,1.7577832,1.3177832,0.5477832,0.5977832,2.2177832,4.9377832,7.037783,6.1277833,5.697783,4.447783,3.1377833,1.7877831,0.69778323,0.027783204,-0.1722168,-0.3822168,-0.8322168,-1.3122168,-1.2422168,-0.6622168,0.077783205,0.5777832,0.5877832,0.1877832,-0.3722168,-0.9322168,-1.2022167,-1.3122168,-1.3222167,-1.1722168,-0.9622168,-0.8522168,-1.1722168,-1.6422168,-2.3722167,-2.9922168,-3.182217,-2.8722167,-2.0822167,-1.2422168,-0.6422168,-0.5122168,-0.7722168
0.6577832,0.5677832,0.9977832,2.0577831,3.7877831,5.0077834,5.657783,5.7377834,5.0877833,4.227783,3.9577832,4.2777834,4.477783,4.287783,3.6177833,2.6877832,1.9877832,2.0277832,2.7877831,4.017783,5.327783,6.347783,6.907783,6.4877834,5.747783,3.9777832,1.8377832,0.0877832,-0.9722168,-1.6422168,-2.2322168,-2.6322167,-2.5222168,-1.9322168,-1.1322168,-0.5622168,-0.4922168,-0.7422168,-1.0122168,-1.0822167,-0.9022168,-0.3622168,0.6377832,1.6977832,2.067783,1.8977832,1.5477833,0.7877832,-0.6622168,-2.402217,-3.8422167,-4.842217,-5.3522167,-4.6622167,-4.0122166,-3.5122168,-2.652217,-2.182217,-2.0922167
1.4177833,2.097783,3.347783,3.9377832,4.207783,4.5277834,5.247783,5.577783,5.407783,4.967783,4.6077833,4.537783,4.557783,4.307783,3.6977832,3.1777833,3.2577832,4.017783,5.077783,5.887783,5.977783,5.387783,4.387783,3.2777832,2.4977832,2.337783,2.7277832,3.2277832,3.2177832,2.7077832,1.8677832,0.5877832,-0.8822168,-2.1422167,-2.8022168,-2.7422168,-2.1322167,-1.4122168,-0.9122168,-0.5122168,0.0877832,0.8877832,1.5277832,1.0277832,-0.5422168,-2.1022167,-2.2222168,-1.9822168,-2.402217,-3.682217,-5.362217,-6.422217,-6.3722167,-5.792217,-4.962217,-4.522217,-4.022217,-3.6922169,-3.412217
3.2177832,5.117783,7.077783,7.217783,6.2777834,5.2777834,4.707783,4.497783,4.387783,4.267783,4.367783,4.6877832,4.847783,4.6277833,4.387783,4.5277834,4.977783,5.227783,5.1277833,4.887783,4.657783,4.347783,3.7377832,2.8777833,1.9777832,1.2577832,0.7877832,0.4077832,-0.052216798,-0.6422168,-1.1322168,-1.4322168,-1.5622168,-1.6622168,-1.8122168,-2.0122168,-2.2122169,-2.3522167,-2.152217,-1.5522168,-0.9122168,-0.9622168,-2.3422167,-3.932217,-4.3522167,-3.3422167,-2.7822168,-2.5222168,-2.7622168,-3.3622167,-3.8522167,-3.9522169,-3.7822168,-3.2922168,-3.162217,-3.5822167,-4.322217,-4.672217,-4.8722167
2.2077832,4.037783,4.907783,5.4377832,5.637783,5.3377833,4.8777833,4.477783,4.207783,4.0477834,3.9777832,3.837783,3.587783,3.4077833,3.3877833,3.577783,3.8577833,4.037783,3.9177833,3.4777832,2.9477832,2.5077832,2.1377833,1.7277832,1.2477832,0.7177832,0.2477832,-0.102216795,-0.3222168,-0.4022168,-0.4522168,-0.6322168,-0.8122168,-0.6822168,-0.2922168,-0.1422168,-0.6222168,-1.5322168,-2.2922168,-2.9722168,-4.112217,-4.5822167,-2.7822168,-0.2622168,0.6877832,-1.0022168,-2.7022169,-3.6322167,-3.5522168,-3.5922167,-3.4422169,-3.2522168,-3.3622167,-3.5222168,-3.672217,-3.912217,-4.1622167,-4.592217,-5.232217
3.0377831,2.7677832,1.8777832,1.0477833,0.7977832,0.9277832,0.8077832,0.4177832,0.1677832,0.3177832,0.6777832,1.0377831,1.5077832,2.2577832,2.9977832,3.587783,3.8677833,3.8677833,3.7077832,3.5077832,3.2877831,2.9777832,2.4877832,1.8877832,1.3477832,1.0577832,1.0777832,1.1177832,0.9277832,0.5477832,0.1977832,0.1177832,0.3177832,0.5477832,0.5477832,0.4177832,0.6577832,1.3677832,1.8577832,0.7077832,-1.6922168,-2.8722167,-2.6022167,-2.0522168,-2.162217,-2.7122169,-2.402217,-3.182217,-4.042217,-4.072217,-3.672217,-3.3722167,-3.4722168,-3.8422167,-4.092217,-4.212217,-4.652217,-5.0122166,-5.232217
0.3277832,1.2477832,0.1677832,-2.0822167,-3.0822167,-2.7422168,-1.0822167,0.5377832,1.6277832,2.2777832,3.0077832,3.4977832,3.8977833,4.387783,4.6477833,4.537783,4.467783,4.517783,4.677783,4.807783,4.847783,4.827783,4.677783,4.217783,3.4777832,2.7177832,2.2177832,1.9077832,1.5377831,1.1577832,0.9177832,0.7577832,0.4277832,-0.1622168,-0.8322168,-1.5922168,-2.6322167,-4.092217,-6.212217,-7.042217,-4.252217,-0.3022168,1.7777832,1.5277832,0.4777832,-1.6922168,-3.2422168,-3.432217,-4.132217,-3.9822168,-3.432217,-3.4522169,-4.342217,-5.422217,-5.7222166,-5.092217,-4.3122168,-4.1822166,-4.652217
2.7977831,2.2077832,2.0377831,2.347783,1.9777832,0.6577832,-0.3622168,-1.1022168,-1.1822168,-0.3022168,0.5277832,1.1077832,2.1077833,2.4577832,2.9977832,4.3977833,5.537783,5.5677834,5.407783,5.5077834,5.657783,5.5677834,5.307783,4.927783,4.5677834,4.157783,3.6677833,3.0577831,2.087783,0.6277832,-1.0722167,-2.5122168,-3.6122167,-4.8522167,-5.9322166,-5.8922167,-4.8122168,-3.7422168,-3.5622168,-4.1222167,-4.302217,-3.2722168,-1.3322167,-0.5722168,-0.3622168,-0.2222168,-1.6722168,-3.7622168,-5.592217,-5.5622168,-5.802217,-6.0622168,-6.632217,-6.6822166,-5.8722167,-5.5622168,-5.552217,-5.7022166,-5.8122168
1.9877832,2.0277832,2.4477832,2.577783,2.8577833,2.5077832,0.1177832,-2.8222167,-3.0722167,-0.7922168,2.5477831,4.197783,4.407783,4.717783,4.7977834,4.697783,4.7777834,5.0477834,5.1877832,5.0677834,5.1477833,5.177783,5.0677834,5.0277834,5.077783,5.0277834,4.577783,3.5577831,2.2877831,1.1277832,0.1477832,-0.4822168,-1.0322168,-1.7422168,-2.682217,-4.572217,-5.5822167,-5.402217,-4.272217,-1.6822168,-0.9122168,-0.7722168,-0.0022167969,0.27778322,-1.0222168,-4.022217,-6.092217,-6.822217,-7.3122168,-7.672217,-7.612217,-8.182217,-8.772217,-7.152217,-4.6822166,-4.3122168,-4.632217,-4.6022167,-4.732217
-0.012216797,2.4277833,4.967783,4.847783,2.8877833,0.007783203,-2.9722168,-5.652217,-6.712217,-3.422217,-1.3222167,-1.7322168,-0.8822168,1.0777832,4.0877833,5.447783,6.0077834,6.3777833,5.907783,5.867783,5.887783,5.767783,5.847783,5.8777833,5.537783,5.157783,4.6077833,3.327783,1.5877832,0.1977832,-0.9322168,-2.4622169,-3.662217,-5.002217,-6.322217,-6.6022167,-5.752217,-3.8422167,-1.5022168,-1.8222167,-1.9522167,-1.1622168,-1.9022168,-3.2322168,-4.342217,-5.002217,-5.8322167,-7.022217,-8.062217,-8.252216,-8.222217,-8.682217,-8.022217,-4.902217,-3.7722168,-4.942217,-5.2422166,-4.712217,-4.692217
2.3577833,5.217783,4.6677833,2.4377832,-0.1122168,-3.0022168,-5.4922166,-7.4522166,-8.0922165,-5.8322167,-1.2422168,-0.7322168,-1.0322168,-1.3422168,-0.6622168,1.5777832,2.0477831,2.5577831,3.4177833,3.5377831,3.4977832,3.7977831,3.8677833,3.7877831,3.5577831,3.1877832,2.4977832,1.0977832,-0.7322168,-2.0922167,-3.0522168,-3.7722168,-4.3522167,-4.592217,-5.232217,-5.482217,-3.2122169,-3.3122168,-2.3822167,-0.7422168,-0.3122168,-1.3522168,-2.7222168,-6.1022167,-7.2022166,-6.032217,-7.552217,-8.712216,-9.642217,-11.452217,-10.952217,-6.4722166,-3.7922168,-3.7922168,-4.3522167,-4.982217,-5.482217,-5.8122168,-6.192217
2.3977833,4.367783,2.587783,0.1477832,-2.4722168,-4.592217,-6.172217,-7.532217,-7.9522166,-5.112217,-1.2922168,-0.80221677,-1.3622168,-2.0322168,-0.6222168,0.0577832,1.1877832,3.2077832,4.997783,5.427783,5.0277834,4.5677834,4.347783,3.8777833,3.1877832,2.3077831,1.3477832,-0.0922168,-1.8822168,-3.4522169,-4.6622167,-5.342217,-6.092217,-7.3522167,-9.252216,-9.932217,-4.322217,-1.5122168,-1.2922168,-0.9222168,1.2977833,-1.4122168,-3.7422168,-4.712217,-9.232217,-9.512217,-10.322217,-12.552217,-12.142217,-6.532217,-4.422217,-5.422217,-4.9922166,-4.8122168,-5.522217,-6.1822166,-6.422217,-6.6022167,-7.2222166
-1.5322168,2.077783,3.6677833,1.1877832,-2.2222168,-4.192217,-5.962217,-7.752217,-8.072217,-8.552217,-4.6022167,-0.2922168,0.0977832,-3.1022167,-4.532217,0.33778322,4.8777833,4.8777833,3.8077831,4.017783,3.4177833,2.9477832,2.6577833,2.087783,1.2677832,0.3177832,-0.9222168,-2.3222167,-3.6022167,-4.572217,-5.4922166,-6.632217,-7.522217,-7.442217,-4.652217,0.7577832,1.7577832,-0.042216796,1.1577832,0.1977832,-4.0822167,-4.6022167,-6.9522166,-9.952217,-11.412217,-12.3422165,-13.222217,-12.052217,-6.8322167,-3.7722168,-4.232217,-4.1622167,-4.572217,-5.632217,-6.4922166,-7.092217,-7.6422167,-8.282217,-8.862217
0.2077832,0.4977832,0.33778322,-1.0522168,-3.652217,-6.292217,-7.942217,-8.0922165,-8.772217,-9.302217,-6.782217,-2.2022169,-2.3922167,-2.5522168,-0.3322168,1.2277832,3.597783,3.817783,2.8577833,3.1277833,2.8777833,2.2277832,1.7477832,1.3977832,0.12778321,-1.5022168,-2.902217,-4.442217,-5.3522167,-5.842217,-8.652217,-7.962217,-8.642217,-9.102217,-6.862217,-4.1622167,-3.1222167,-5.022217,-5.4922166,-4.3122168,-5.272217,-7.2622166,-11.792217,-13.202217,-12.962216,-13.012217,-12.152217,-9.252216,-6.3322167,-4.732217,-4.6622167,-5.4722166,-6.032217,-6.532217,-6.902217,-7.282217,-7.7022166,-7.6222167,-7.032217
-1.5822167,-2.2922168,-1.3722168,-2.3422167,-5.172217,-6.962217,-8.292217,-9.352217,-9.302217,-8.582217,-6.252217,-5.2622166,-3.432217,-1.3122168,0.047783203,2.1477833,4.207783,3.8877833,3.3877833,1.1877832,0.30778322,-0.2922168,-1.1222168,-3.1022167,-4.672217,-4.922217,-5.172217,-5.342217,-5.3922167,-6.692217,-8.002216,-9.262217,-6.1822166,-2.3722167,-3.402217,-3.0922167,-2.3022168,-4.072217,-5.7222166,-8.232217,-10.242217,-11.722217,-12.752216,-13.402217,-13.122217,-11.062217,-9.0922165,-7.732217,-6.902217,-6.6622167,-6.6822166,-6.6822166,-6.7622166,-6.732217,-6.552217,-6.3322167,-6.272217,-6.172217,-5.572217
-0.3022168,0.27778322,1.2177832,-0.6422168,-5.652217,-7.9322166,-9.472217,-10.422216,-9.732217,-9.532217,-10.252216,-6.1622167,-2.5922167,-2.6222167,-1.9422168,-0.3922168,4.247783,5.267783,3.8777833,2.1877832,-0.0822168,-2.5722167,-4.2222166,-5.9122167,-6.6022167,-5.3322167,-5.1822166,-5.092217,-5.6022167,-8.3422165,-7.5622168,-4.002217,-5.902217,-5.782217,-5.692217,-7.322217,-7.9522166,-8.232217,-9.502216,-10.782217,-11.762217,-11.872217,-10.792217,-10.732217,-9.212216,-7.5122166,-6.7222166,-6.5622168,-6.3122168,-6.1622167,-6.002217,-5.712217,-5.342217,-4.8722167,-3.9822168,-3.2422168,-3.3522167,-4.002217,-4.1622167
-1.1122168,-2.8322167,-2.5522168,-1.2022167,-6.052217,-9.3422165,-10.072217,-10.732217,-10.862217,-11.382216,-12.972217,-9.262217,-0.4322168,-2.3222167,-3.7522168,0.7877832,2.817783,2.5577831,2.6577833,2.6177833,1.2777832,-1.9022168,-3.9522169,-6.282217,-6.752217,-2.912217,-2.3122168,-0.8522168,-1.3922168,-5.1822166,-8.192217,-9.222217,-9.082217,-8.992217,-9.072217,-10.162217,-10.752216,-11.902217,-12.742217,-12.542217,-11.552217,-9.652217,-6.3322167,-7.052217,-9.082217,-7.272217,-2.8322167,-2.0822167,-2.6322167,-1.8422168,-2.0122168,-2.6022167,-3.432217,-4.002217,-3.9622169,-4.032217,-4.382217,-4.4122167,-4.2422166
-6.302217,-2.5122168,-2.3322167,-3.3022168,-5.7222166,-8.162217,-8.802217,-10.082217,-11.352217,-11.872217,-11.742217,-10.042217,-6.6622167,-3.8522167,-2.0322168,0.5877832,3.1077833,4.497783,2.4877832,0.33778322,-1.4122168,-2.662217,-3.0222168,-4.022217,-6.042217,-5.732217,-4.3522167,-7.282217,-9.932217,-10.422216,-10.782217,-11.162217,-11.962216,-11.972217,-12.542217,-13.252216,-12.622217,-11.172216,-9.752216,-8.522217,-7.3722167,-6.782217,-5.402217,-5.042217,-3.6422167,-0.8222168,-1.4622169,-3.152217,-2.3822167,-2.7122169,-2.162217,-2.1122167,-4.6222167,-3.2222168,-3.0522168,-2.652217,-2.5522168,-2.0522168,-1.3822168
