raw-data/2018091500.json
{"header": { "discipline":0, "disciplineName":"Meteorological products", "gribEdition":2, "gribLength":74538, "center":7, "centerName":"US National Weather Service - NCEP(WMC)", "subcenter":0, "refTime":"2018-09-15T00:00:00.000Z", "significanceOfRT":1, "significanceOfRTName":"Start of forecast", "productStatus":0, "productStatusName":"Operational products", "productType":1, "productTypeName":"Forecast products", "productDefinitionTemplate":0, "productDefinitionTemplateName":"Analysis/forecast at horizontal level/layer at a point in time", "parameterCategory":2, "parameterCategoryName":"Momentum", "parameterNumber":2, "parameterNumberName":"U-component_of_wind", "parameterUnit":"m.s-1", "genProcessType":2, "genProcessTypeName":"Forecast", "forecastTime":0, "surface1Type":103, "surface1TypeName":"Specified height level above ground", "surface1Value":10.0, "surface2Type":255, "surface2TypeName":"Missing", "surface2Value":0.0, "gridDefinitionTemplate":0, "gridDefinitionTemplateName":"Latitude_Longitude", "numberPoints":65160, "shape":6, "shapeName":"Earth spherical with radius of 6,371,229.0 m", "gridUnits":"degrees", "resolution":48, "winds":"true", "scanMode":0, "nx":360, "ny":181, "basicAngle":0, "lo1":0.0, "la1":90.0, "lo2":359.0, "la2":-90.0, "dx":1.0, "dy":1.0 }, "data":
[rows 104 to 129 of 181, columns 114 to 170 of 360]
-4.9525366,-4.4925365,-3.9425366,-3.6625366,-3.6725366,-3.1725366,-2.1625366,-0.9325366,0.40746337,1.6174634,2.5174634,2.2774634,2.6374633,2.4174633,0.9474634,0.4174634,0.007463379,0.15746337,-0.08253662,-1.4625366,-1.6225367,-1.8825366,-1.8825366,-3.9125366,-4.2925367,-5.6025367,-6.4325366,-5.4525366,-3.7825365,-4.8725367,-6.6825366,-7.6325364,-6.6025367,-6.2925367,-6.5725365,-7.1225367,-7.232537,-6.7925367,-6.4025364,-6.6525364,-6.6525364,-6.2925367,-6.2825365,-6.212537,-5.8325367,-5.8825364,-5.3825364,-5.3525367,-5.212537,-4.462537,-4.502537,-6.4725366,-7.252537,-4.6125364,-5.6325364,-7.0625367,-7.6525364
-4.5725365,-4.3925366,-3.7925367,-3.1825366,-2.8725367,-2.1425366,-0.6725366,0.8874634,2.3474634,2.2474635,2.0074635,1.4574634,1.7474633,2.1674633,3.0174634,-0.3025366,0.23746338,-1.4825367,-0.57253665,-1.6125367,-2.3125367,-1.6325366,-0.9225366,-1.2125366,-2.5625367,-4.7825365,-6.8625364,-5.8225365,-4.3625364,-4.0325365,-3.7625365,-4.0525365,-5.6825366,-5.7925367,-6.3425364,-7.462537,-7.942537,-7.752537,-7.0125365,-6.3725367,-6.002537,-6.2425365,-6.3025365,-5.4525366,-5.3525367,-4.6825366,-4.9725366,-4.6025367,-4.7925367,-4.5425367,-4.482537,-2.6225367,0.017463379,-4.3625364,-6.4325366,-6.7225366,-7.9125366
-3.6925366,-3.7025366,-3.5725367,-2.8525367,-1.8625367,-1.0225366,0.97746336,2.5674634,2.5474634,1.1874634,-0.40253663,0.31746337,0.46746337,0.6974634,1.4074634,-0.40253663,-2.3325367,-2.7825365,-2.2325366,-2.5025365,-2.8725367,-1.7025366,-1.5125366,-1.0525366,-1.6425366,-3.9325366,-5.6125364,-4.3025365,-3.1625366,-1.5825366,-1.0625366,-3.9525366,-4.6425366,-5.502537,-6.2425365,-7.8125367,-7.8225365,-7.4525366,-7.0525365,-6.1425366,-5.4725366,-5.4025364,-5.5725365,-5.8825364,-5.1125364,-4.3125367,-4.9025364,-4.5925364,-4.422537,-4.0625367,-4.4925365,-5.5325365,-6.2625365,-5.5825367,-6.1225367,-5.9725366,-8.352536
-1.9725366,-1.7625366,-2.1525366,-2.0425367,-1.1825366,0.017463379,1.4074634,0.28746337,0.8874634,-1.1325366,0.067463376,0.16746338,1.3874633,1.3874633,1.1274633,-3.7425365,-5.0125365,-3.1925366,-2.7125366,-3.0325365,-2.7425365,-1.6325366,-0.3025366,-2.3325367,-2.0025365,-6.7425365,-3.2025366,-3.0425367,-3.3425367,-4.0725365,-2.0425367,-3.9525366,-2.2725365,-5.3325367,-6.212537,-7.752537,-7.6825366,-6.7725368,-6.0325365,-5.442537,-5.1025367,-4.5525365,-4.8825364,-5.422537,-5.4125366,-4.8725367,-5.172537,-4.482537,-3.3525367,-3.8525367,-3.7125366,-4.5125365,-5.1525364,-5.5725365,-5.922537,-7.2225366,-8.212537
-0.88253665,0.10746338,0.7574634,0.54746336,0.45746338,0.8374634,0.08746338,0.46746337,0.5574634,2.0074635,2.0374634,2.7074633,2.5774634,2.0974634,-1.1125367,-3.4425366,-3.8525367,-3.1125367,-3.1825366,-2.4025366,-1.0225366,-0.52253664,-0.09253662,-0.9825366,-1.5425366,-2.9125366,-3.5925367,-4.4725366,-4.1225367,-3.8225367,-4.0825367,-3.8025367,-1.6825366,-5.0525365,-5.8125367,-6.712537,-6.7225366,-6.3325367,-5.5625367,-5.002537,-4.8225365,-4.6325364,-4.1625366,-4.9125366,-5.982537,-5.1025367,-4.5325365,-4.4925365,-3.9025366,-3.3825366,-2.9525366,-2.7225366,-4.2625365,-5.692537,-5.5325365,-7.6825366,-7.8025365
-0.7925366,0.9974634,1.9474634,1.9174634,1.0274634,-0.52253664,-1.6625366,-2.3125367,-4.9725366,-3.9625366,-3.4525366,-1.0725366,1.3674634,2.1574633,-2.4525366,-2.2625365,-2.3825366,-1.1325366,-4.0325365,-1.0425366,-0.6225366,1.0874634,1.4174634,-0.22253662,-2.6325366,-7.0125365,-5.8725367,-4.1225367,-4.3725367,-4.0325365,-5.3725367,-3.7025366,-3.3425367,-4.7925367,-6.0125365,-5.7725368,-5.3625364,-5.4125366,-4.982537,-4.8725367,-4.8325367,-4.9725366,-4.9525366,-4.0225368,-4.5225368,-4.6125364,-4.5325365,-3.8525367,-4.1025367,-5.5525365,-5.2025366,-3.8325367,-6.0325365,-5.9025364,-6.0425367,-7.0125365,-7.232537
-2.6325366,-2.3025367,-1.8225366,-0.19253662,-3.6525366,-7.5825367,-10.562536,-11.062536,-9.512537,-9.352536,-7.9925365,-8.012537,-4.9925365,-2.4525366,-0.14253663,0.27746338,-0.38253662,-0.44253662,-3.3325367,-1.2125366,-1.6825366,1.1274633,1.8674634,0.42746338,-1.6925366,-6.1325364,-3.3525367,-2.6925366,-2.4225366,-5.6625366,-4.922537,-4.3225365,-2.2725365,-2.5325365,-3.5125365,-4.7225366,-4.3925366,-4.2925367,-4.7725368,-4.4925365,-4.6125364,-4.6825366,-4.922537,-5.1125364,-4.002537,-3.8125367,-3.5925367,-3.3425367,-2.2525365,-1.6925366,-3.8725367,-5.2625365,-3.9725366,-5.482537,-6.1825366,-7.7825365,-8.342537
-4.0725365,-3.4725366,-8.642536,-11.0325365,-10.062536,-10.222537,-10.292537,-10.262537,-9.712537,-8.962537,-8.022536,-8.932537,-8.062536,-8.072536,-2.7925367,3.5474634,2.1474633,2.0574634,-2.2525365,-1.4825367,-0.9725366,-1.4225366,0.9574634,-1.3525367,-2.9725366,-3.9425366,-1.9025366,-0.47253662,-1.2225366,-5.002537,-5.212537,-5.5525365,-2.5525367,-1.9125366,-3.5625367,-2.1025367,-3.3525367,-3.7625365,-4.2825365,-4.192537,-4.5425367,-4.3925366,-4.692537,-5.172537,-4.922537,-4.4325366,-3.3925366,-2.8225367,-2.0725367,-1.5325366,-3.2925367,-1.5625366,-4.9325366,-3.9825366,-5.0825367,-6.962537,-8.702537
-5.5325365,-7.442537,-8.102536,-9.562536,-11.0325365,-9.222537,-10.182537,-8.272536,-9.852536,-8.752537,-9.202537,-8.742537,-8.612536,-9.912537,-8.512537,-9.7825365,-7.4025364,-6.1325364,-5.0125365,-1.3425366,1.1174634,1.1974634,-0.32253662,-1.2825366,-0.70253664,-1.9425366,-0.6825366,0.27746338,-0.8125366,-1.8825366,-2.7225366,-2.7925367,-3.4725366,-1.1825366,-1.8525367,-3.0925367,-1.7025366,-2.7625365,-3.0925367,-3.2125366,-3.8925366,-4.212537,-4.7225366,-4.5525365,-4.4125366,-4.2425365,-4.192537,-3.9825366,-3.9125366,-2.9525366,-2.3425367,-2.1125367,1.0474634,-3.4525366,-3.0225365,-5.8425364,-6.5925364
-7.422537,-8.942536,-10.162537,-9.172537,-9.082537,-8.632537,-9.542537,-9.672537,-8.702537,-7.9125366,-9.892536,-9.592537,-9.242537,-8.172537,-9.452537,-11.562536,-9.552537,-7.0425367,-7.5425367,-7.4025364,-5.4925365,-0.8625366,2.3374634,5.9474635,1.4074634,0.3874634,-0.012536621,0.92746335,1.0374634,-0.49253663,-0.7925366,-1.6425366,-0.9825366,-0.8425366,-0.71253663,-0.65253663,-1.5225366,-1.9325366,-2.2325366,-2.2825365,-2.5825367,-3.2725365,-3.3825366,-3.4925365,-3.8525367,-3.8325367,-4.1425366,-4.4525366,-4.5125365,-4.0425367,-4.3025365,-4.5125365,-4.502537,-3.9625366,-4.172537,-6.5525365,-6.8825364
-8.022536,-8.802537,-9.332537,-11.292537,-10.162537,-9.992537,-10.682537,-9.572536,-9.352536,-8.892536,-9.842537,-9.202537,-8.792537,-9.262537,-9.602536,-9.822536,-8.612536,-8.872537,-6.942537,-6.1525364,-3.1325366,-1.5225366,-0.3625366,0.8774634,4.2174635,5.7974634,2.1174634,1.2074634,1.5274634,1.7974634,1.2574633,0.60746336,-0.012536621,1.6274633,0.86746335,1.0574634,0.4174634,-0.26253662,-0.15253662,-1.3825366,-1.9225366,-2.3125367,-2.4925365,-2.4125366,-3.0225365,-3.5725367,-3.5125365,-3.5825367,-3.9925365,-4.002537,-3.4225366,-3.1025367,-3.3225367,-4.422537,-5.752537,-7.0325365,-8.312536
-7.8625364,-9.752537,-11.242537,-10.902536,-10.292537,-10.652536,-9.612536,-9.242537,-9.772536,-9.502537,-9.752537,-9.832537,-8.922537,-9.732536,-9.302537,-9.272536,-7.692537,-7.1425366,-5.7925367,-3.6125367,-1.9625366,-0.8525366,-0.5625366,-0.41253662,0.7174634,2.9974635,7.8974633,3.4774635,2.0174634,2.3074634,3.2374635,2.1974633,2.5174634,1.2674633,2.3974633,2.5474634,2.2474635,1.2674633,0.46746337,1.2274634,-1.2725366,-1.9225366,-2.3725367,-2.4925365,-2.6125367,-3.2225366,-3.3125367,-3.2025366,-3.6925366,-3.9425366,-3.7025366,-3.4125366,-3.7725365,-4.942537,-8.022536,-9.872537,-9.072536
-10.002537,-11.232536,-11.472537,-12.552537,-11.202537,-10.912537,-11.092537,-10.142536,-9.662537,-9.562536,-9.432537,-8.632537,-8.722537,-9.162537,-8.672537,-9.572536,-5.462537,-4.3025365,-2.7325366,-1.8725367,-0.58253664,0.21746337,1.1974634,1.0174633,1.3774633,2.1374633,4.017463,8.917463,5.5074635,3.2474635,4.497463,4.4074636,4.7974634,5.747463,6.0874634,3.6274633,3.2174635,1.9074634,2.0074635,0.86746335,1.1474633,-0.9425366,-1.8025366,-2.1925366,-2.3725367,-2.4725366,-3.0525367,-3.4525366,-3.9025366,-4.2425365,-4.1825366,-5.0125365,-9.852536,-11.372537,-11.752537,-10.152536,-9.142536
-10.572536,-10.662537,-10.962537,-12.942536,-10.392536,-11.162537,-9.772536,-9.612536,-9.412537,-8.082537,-9.062536,-7.8725367,-8.172537,-7.5125365,-6.4525366,-5.7025366,-4.732537,-2.6025367,-1.3225366,-0.12253662,1.1374633,1.9474634,2.5874634,2.7274635,3.3674634,3.4274633,3.7974634,5.9774632,9.097464,7.0074635,5.1274633,5.1674633,5.3174634,7.517463,7.997463,5.787463,4.0874634,4.2374635,2.1574633,0.5174634,3.2174635,0.18746337,-1.1625366,-1.4625366,-1.8125366,-2.1925366,-3.2225366,-3.6025367,-4.6125364,-5.3225365,-6.8725367,-8.352536,-11.082537,-10.992537,-9.952537,-8.832537,-8.2825365
-9.412537,-9.752537,-11.372537,-12.192536,-11.172537,-10.792537,-9.612536,-9.2825365,-8.912537,-7.7225366,-7.2225366,-6.8125367,-6.6125364,-5.732537,-4.7725368,-4.3325367,-2.9225366,-1.6725366,-0.23253661,1.2374634,1.8974633,2.8574634,3.3274634,4.2274632,4.6374636,5.1274633,5.2274632,3.5874634,5.7574635,10.447463,9.727464,8.017464,5.2174635,4.5874634,6.497463,5.9074636,5.307463,3.1274633,3.6574633,1.8474634,4.1174636,0.9474634,-0.52253664,-1.1725366,-1.0225366,-1.3625367,-3.5925367,-4.002537,-4.6525364,-5.8325367,-7.672537,-8.922537,-9.262537,-9.7825365,-9.072536,-7.9125366,-6.5825367
-9.992537,-7.8725367,-10.712537,-11.902536,-10.402536,-10.402536,-9.422537,-9.082537,-7.5525365,-7.252537,-6.0925364,-5.3125367,-4.442537,-3.8225367,-2.8225367,-2.1625366,-0.88253665,0.31746337,1.3974633,2.0074635,2.7874634,3.4874635,3.8774633,4.8774633,6.3974633,5.5674634,4.3474636,5.1274633,5.3974633,7.4274635,11.567463,10.137464,7.787463,5.8774633,4.1074634,3.5174634,2.8874633,1.8874633,4.577463,1.6774634,1.1874634,0.5174634,-0.012536621,-1.0625366,-1.4025366,-2.5625367,-4.002537,-4.4525366,-6.1125364,-6.692537,-7.5925364,-8.582537,-8.692536,-8.492537,-8.252537,-7.6825366,-6.962537
-9.902536,-8.652536,-8.212537,-10.192536,-9.332537,-9.822536,-8.292537,-7.5925364,-6.3825364,-5.6625366,-4.1225367,-2.9225366,-2.4025366,-1.9725366,-1.1425366,0.04746338,1.0274634,2.1874633,3.1174634,3.7474635,4.287463,4.5274634,4.9174633,5.827463,6.9574633,6.5874634,4.077463,6.8474636,7.4874635,6.4074636,8.477464,11.667463,7.4674635,5.6474633,3.7974634,-1.5225366,-1.3725367,1.3374634,4.2974634,0.60746336,0.73746336,0.36746338,-0.44253662,-1.2425367,-2.1625366,-3.6325366,-4.0925364,-4.692537,-5.2625365,-5.6825366,-7.1025367,-7.8325367,-7.922537,-7.6225367,-7.732537,-8.082537,-8.372537
-9.312536,-9.922537,-7.752537,-7.3425364,-7.1225367,-8.212537,-6.2725368,-5.3525367,-4.6825366,-2.9225366,-1.5925366,-0.7225366,-0.24253662,-0.27253664,0.73746336,1.5274634,2.1374633,3.5974634,4.3774633,5.3674636,6.2274632,6.307463,6.6974635,6.6774635,8.117463,9.817463,7.4774632,7.7774634,7.827463,6.9474635,6.6974635,9.2174635,9.327463,5.5474634,0.28746337,-1.3725367,2.0174634,1.1174634,3.0374634,-1.2325367,-0.12253662,-0.05253662,-0.5525366,-1.2225366,-2.1625366,-3.0125365,-3.5425367,-3.8525367,-3.5925367,-5.4725366,-6.5125365,-7.2025366,-6.8325367,-6.6325364,-6.8125367,-7.3225365,-7.4525366
-7.6825366,-8.322536,-5.502537,-5.172537,-4.6225367,-5.4525366,-4.3525367,-3.5225365,-1.3225366,-0.65253663,1.2774634,0.9374634,0.34746337,0.8374634,2.1774633,2.8874633,4.1474633,4.6574636,5.997463,5.9674635,6.4574633,7.537463,7.767463,8.177464,9.127463,10.387464,8.767464,8.427464,9.447463,10.167463,9.437464,8.667463,12.007463,5.4474635,1.6974634,2.6874633,1.4674634,2.1474633,1.6374633,-2.1925366,-0.0025366212,-0.6625366,-0.63253665,-1.0525366,-2.1125367,-2.4925365,-2.9525366,-3.3325367,-3.4925365,-4.7625365,-6.002537,-6.502537,-5.6425366,-5.3725367,-5.3225365,-6.442537,-6.732537
-6.6225367,-6.462537,-3.1125367,-2.7925367,-2.1925366,-1.6425366,-0.44253662,0.5674634,0.6474634,1.5074633,0.7474634,0.92746335,1.5574634,2.6074634,3.3374634,3.7174635,5.0474634,6.1474633,6.4474635,7.4474635,7.3774633,7.1774635,6.4574633,8.657463,8.757463,10.607464,10.067463,11.147464,11.627463,12.067463,11.577463,10.297463,7.827463,6.6974635,2.2774634,2.9174633,2.3574634,1.7574633,-0.20253663,-0.71253663,0.07746338,-0.6225366,-0.70253664,-1.0225366,-1.5925366,-2.0125365,-2.0325365,-2.8725367,-4.3125367,-6.7925367,-6.9325366,-5.922537,-5.002537,-4.3125367,-6.1025367,-7.1325364,-5.2825365
-3.5525367,-2.7125366,-0.7425366,-0.35253662,0.92746335,1.7774634,3.5174634,1.5474634,1.5674634,2.6374633,2.8174634,2.7874634,3.1074634,3.4674635,3.8874633,4.6574636,5.3974633,6.4474635,6.8974633,7.3874636,8.127463,8.2174635,6.997463,10.557464,7.5274634,10.077463,10.827463,11.387464,12.397464,12.797463,12.767464,11.747463,10.817463,8.827463,3.9774635,3.4274633,3.6574633,1.4674634,1.0974634,0.67746335,-0.41253662,-0.09253662,-0.3325366,-0.9825366,-1.7125366,-1.8925366,-1.8625367,-2.3325367,-3.9825366,-6.4025364,-6.002537,-5.3525367,-5.252537,-6.732537,-6.732537,-5.0825367,-4.7725368
1.0074633,1.1074634,1.1574634,1.5874634,2.9774635,4.4174633,2.4374633,2.7074633,4.0074635,4.7374635,3.8274634,4.4574633,4.5274634,4.997463,5.1874633,5.747463,6.3474636,6.9374633,7.4174633,7.9874635,8.607464,9.227464,9.957463,8.447463,10.417463,8.507463,9.377463,9.497463,10.577463,11.097464,12.067463,13.117463,10.127463,8.557464,1.9074634,4.0674634,5.6374636,-0.16253662,0.8974634,0.7774634,0.19746338,0.2674634,-0.76253664,-1.1225367,-1.3725367,-1.7525367,-2.8625367,-3.1625366,-4.7725368,-4.712537,-4.7825365,-5.192537,-4.7925367,-4.7725368,-5.1025367,-4.5625367,-3.4225366
3.8674634,4.1674633,4.5274634,4.4674635,4.5974636,4.8974633,4.6374636,5.247463,6.2374635,6.4474635,5.0674634,5.287463,5.9674635,6.287463,6.537463,7.5274634,7.767463,7.9174633,8.397464,9.037463,8.947463,9.697463,10.037463,5.767463,11.257463,11.887464,9.727464,10.087463,10.817463,11.317463,11.747463,10.227464,8.737463,3.4574633,1.5074633,7.0074635,2.4574633,0.9474634,0.46746337,0.19746338,-0.22253662,0.34746337,-1.4125366,-1.5625366,-1.1125367,-1.6825366,-2.4725366,-3.0225365,-3.1125367,-2.9325366,-3.2125366,-4.3925366,-4.1625366,-4.5725365,-4.3625364,-3.1725366,-1.7725366
6.0274634,6.287463,6.6374636,6.5874634,6.6174636,6.5674634,6.267463,6.8374634,7.2774634,6.3474636,6.0274634,6.9674635,6.8874636,7.6074634,7.8474636,8.787463,9.027463,9.107464,9.517464,9.117463,9.977464,9.907463,10.657463,11.227464,11.817463,12.547463,8.297463,9.087463,9.957463,10.347464,11.207463,10.017464,6.1174636,1.7374634,5.1974635,5.6274633,-1.3725367,0.31746337,0.14746338,-0.17253663,-0.16253662,0.24746338,-1.3725367,-1.5525366,-0.9725366,-0.88253665,-1.4125366,-1.9125366,-1.8925366,-1.5125366,-1.4025366,-2.3925366,-2.6925366,-2.5825367,-2.1825366,-1.7325367,-1.3325366
7.4074636,7.6274633,7.997463,8.047463,8.007463,7.787463,7.7374635,7.7774634,7.9874635,6.9874635,7.5874634,7.1174636,7.8474636,8.517464,8.997463,9.147464,9.447463,9.647464,9.687464,9.937464,9.857464,10.407463,10.647464,11.407463,12.077463,12.4674635,13.237463,5.9074636,9.547463,11.7174635,12.907463,15.207463,4.4474635,8.137464,7.267463,2.4274633,-1.9125366,-0.29253662,0.53746337,0.18746337,-0.5525366,-0.5525366,-0.71253663,-1.1825366,-0.7425366,-0.57253665,-0.95253664,-1.6425366,-0.90253663,-0.58253664,-0.64253664,-0.4825366,-1.0325366,-0.96253663,-0.4825366,-0.17253663,0.18746337
8.687464,8.607464,8.757463,9.307464,9.167463,9.177464,9.037463,8.637464,8.537463,8.447463,8.347464,7.4374633,8.7174635,8.9674635,8.867463,9.827463,9.327463,10.147464,10.157463,10.727464,10.867463,10.317463,11.797463,12.427464,12.667463,12.777463,13.457463,13.867463,15.127463,16.827463,18.847464,19.567463,17.327463,14.577463,9.057464,0.7174634,0.14746338,0.25746337,0.13746338,0.09746338,0.08746338,-0.65253663,-0.3925366,-0.5625366,-0.5525366,-0.82253665,-1.2525367,-0.9125366,-0.40253663,-0.14253663,-0.112536624,-0.6025366,-1.0925366,-0.64253664,0.2974634,0.9674634,1.6274633
