raw-data/2018091818.json
{"header": { "discipline":0, "disciplineName":"Meteorological products", "gribEdition":2, "gribLength":75236, "center":7, "centerName":"US National Weather Service - NCEP(WMC)", "subcenter":0, "refTime":"2018-09-18T18:00:00.000Z", "significanceOfRT":1, "significanceOfRTName":"Start of forecast", "productStatus":0, "productStatusName":"Operational products", "productType":1, "productTypeName":"Forecast products", "productDefinitionTemplate":0, "productDefinitionTemplateName":"Analysis/forecast at horizontal level/layer at a point in time", "parameterCategory":2, "parameterCategoryName":"Momentum", "parameterNumber":3, "parameterNumberName":"V-component_of_wind", "parameterUnit":"m.s-1", "genProcessType":2, "genProcessTypeName":"Forecast", "forecastTime":0, "surface1Type":103, "surface1TypeName":"Specified height level above ground", "surface1Value":10.0, "surface2Type":255, "surface2TypeName":"Missing", "surface2Value":0.0, "gridDefinitionTemplate":0, "gridDefinitionTemplateName":"Latitude_Longitude", "numberPoints":65160, "shape":6, "shapeName":"Earth spherical with radius of 6,371,229.0 m", "gridUnits":"degrees", "resolution":48, "winds":"true", "scanMode":0, "nx":360, "ny":181, "basicAngle":0, "lo1":0.0, "la1":90.0, "lo2":359.0, "la2":-90.0, "dx":1.0, "dy":1.0 }, "data":
[rows 52 to 77 of 181, columns 58 to 115 of 360]
-1.3962414,-1.3762414,-3.1662414,-3.1062415,-3.3362415,-2.8062415,-2.7062414,-3.7762415,-2.1662414,-2.6862414,0.55375856,-1.0362414,0.023758546,-0.68624145,-1.2962414,-1.9962415,-0.42624146,0.25375855,0.23375854,2.5037584,1.3537586,-0.50624144,-0.99624145,-1.2762414,0.5437586,0.29375854,0.39375854,-0.48624146,2.1737585,0.63375854,1.6937585,0.40375856,0.21375854,-0.91624147,-1.1662414,-1.5562415,2.2937586,-0.62624145,-0.92624146,1.2937585,0.9737585,-0.12624146,-0.25624144,0.25375855,0.7137585,2.3537586,1.6637585,-1.2362415,1.2237586,1.1037586,0.44375855,0.18375854,-1.0562415,-1.7062415,-0.5362415,-1.2962414,0.76375854,-0.38624147
-2.9262414,-0.63624144,-1.7562414,-3.1662414,-4.0362415,-2.0662415,-1.6362414,-1.7962414,-0.79624146,4.2737584,0.7237585,1.4737586,1.1937585,-0.17624146,0.003758545,-0.8962414,0.33375853,-0.7162415,0.14375855,1.3237586,0.75375855,-0.006241455,1.2137586,0.5937585,-0.75624144,0.6537585,1.7537585,1.7237586,1.5337585,0.62375855,-0.25624144,0.30375853,-0.87624145,0.43375856,1.5037585,0.9037585,1.4837586,-0.44624147,-0.41624147,2.9637585,1.7437586,0.18375854,-2.0862415,-0.25624144,1.0537585,-0.41624147,-2.7062414,-1.2762414,-2.0562415,0.27375853,-0.5262415,-0.73624146,-1.6362414,-1.5162414,-0.39624146,0.36375853,-0.20624146,-1.4762415
-1.3162415,1.0037585,0.7137585,-2.1162415,-3.4662414,-2.2662416,-0.91624147,0.68375856,0.36375853,0.37375855,-0.15624146,2.6537585,-1.5362414,-3.0062416,-0.5962415,0.033758543,0.89375854,-3.0362415,-1.6962415,2.5537586,-0.56624144,-0.40624145,3.0437586,3.6037586,1.8437586,-0.20624146,-0.22624145,0.21375854,-1.5562415,-1.3762414,-0.9662415,-2.1462414,-1.3162415,-1.2962414,-0.79624146,-1.2362415,-1.4562415,-0.31624144,-0.7862415,0.62375855,-0.60624146,-0.60624146,-0.44624147,-0.046241455,-1.0462414,-1.4162414,-1.3962414,-1.4062414,-1.1162415,-0.98624146,-1.0862415,-1.2262415,-0.8362415,-1.4762415,-0.06624146,-0.5362415,-0.9662415,-2.2462416
1.4937586,-1.7062415,-2.7662416,-5.6862416,-1.1962415,1.0737586,1.0737586,-1.8062415,-2.2862415,-1.6962415,-1.9862415,-2.1162415,-1.3962414,-0.43624145,-3.0262415,-2.3062415,-2.7262414,-2.2062414,-2.3762414,-1.7562414,-2.3462415,-1.2062415,-1.3262415,-2.1062415,-1.4562415,-2.1162415,-4.5462413,-4.356241,-3.1662414,-4.4162416,-3.0062416,-3.6062415,-3.6362414,-3.5062416,-3.9562414,-4.2162414,-1.1962415,-1.0162414,-1.4462415,-3.2162414,-3.0762415,-4.0562415,-1.5162414,-1.7662414,0.24375854,-1.2562414,-0.9662415,-0.16624145,0.32375854,-1.2762414,-0.97624147,-0.48624146,-0.5262415,0.13375854,0.6537585,0.063758545,-1.9062414,-3.6262414
-0.21624145,2.8437586,0.61375856,-11.296242,-5.6962414,-0.7862415,-1.6862415,-1.7862414,-1.9262414,-1.5462414,-1.5762415,-0.7762415,-0.86624146,-0.42624146,-0.98624146,-2.0762415,-1.9062414,-0.37624145,-1.2962414,-2.3562415,-1.0562415,-2.5862415,-2.1962414,-2.0162416,-2.0262415,-3.5662415,-2.8362415,-4.3862414,-5.6162415,-6.5562415,-3.8362415,-3.7962415,-5.0162416,-2.0562415,-2.0962415,-2.0962415,-2.3362415,-2.2062414,-3.0862415,-3.7762415,-3.4162414,-1.6962415,-1.7762414,-0.61624146,-0.06624146,-0.29624146,0.30375853,-0.036241457,-1.2562414,-1.1162415,0.25375855,0.003758545,-0.63624144,0.5437586,-0.15624146,-0.6462414,-2.7362413,-1.4662415
-3.1462414,-1.4462415,-3.9362414,-9.416242,-3.0962415,-0.13624145,-1.4962415,-1.3162415,1.3437586,-1.1362414,0.87375855,1.1637585,-0.6462414,1.7637585,1.2637585,-0.06624146,-0.94624144,-2.3862414,-0.86624146,-1.2962414,-1.1262414,-0.34624144,-0.30624145,-1.9462415,-3.2762415,-3.0462415,-6.3162413,-4.5062413,-5.9862413,-4.1262417,-3.1962414,-3.5262415,-6.0462413,-1.3562415,-2.5062416,-1.7662414,-0.79624146,-0.12624146,0.92375857,1.1837585,1.9137585,0.32375854,1.8337586,-0.086241454,0.6037586,2.5537586,1.6837585,0.22375855,-0.9662415,-0.7862415,0.80375856,-0.046241455,-0.40624145,-0.23624146,-1.0062414,-1.4362415,-1.6762414,-0.41624147
-4.1662416,-0.51624143,-3.6562414,-10.136242,-5.6662416,-0.62624145,-1.1362414,0.9737585,-0.6462414,3.1537585,0.093758546,-0.30624145,-1.0862415,0.99375856,-0.9562414,-0.006241455,1.2037586,0.63375854,-0.21624145,-2.0262415,0.36375853,0.34375855,1.0037585,0.043758545,0.92375857,0.64375854,-3.7462416,-1.5962415,-1.8162415,-1.5462414,-2.0762415,-3.7662416,0.7837585,0.98375857,1.8737586,-0.40624145,0.56375855,1.0937586,-0.29624146,0.82375854,2.2237585,2.1937585,1.5437585,2.1137586,1.7537585,1.0437585,1.0037585,0.17375855,0.053758547,-0.55624145,0.33375853,1.4937586,0.46375856,0.053758547,-1.2862414,1.6237586,0.5337585,-0.42624146
-1.4562415,1.1437585,0.13375854,-8.136242,-8.526241,-1.1962415,1.0337585,0.37375855,2.1137586,0.75375855,-0.55624145,1.6837585,1.0337585,-0.056241456,0.21375854,1.2437586,2.2437584,1.7937585,-0.98624146,-0.66624147,-1.9062414,1.1237586,2.0637586,1.6137586,2.0837586,3.6337585,3.6237586,1.9737586,2.0337586,1.5937586,2.5537586,2.8037586,1.6837585,3.0737586,3.2337584,3.2237585,3.7337584,2.3137586,1.5537585,2.9537585,1.4237585,1.9337585,1.2537585,1.8937585,0.76375854,1.2837585,-1.7562414,-0.33624145,-0.82624143,-1.3562415,-0.24624145,-0.47624147,1.3337586,-0.31624144,-0.086241454,1.0637585,0.73375857,0.98375857
0.7937586,-1.2662414,1.4237585,-2.3762414,-4.1262417,0.49375856,3.0337586,1.1737585,2.3737586,0.51375854,-0.8462415,1.7837585,1.1037586,3.3037586,2.0837586,2.5337586,0.103758544,1.7337586,-0.61624146,-0.92624146,-0.9062415,-0.5862415,-2.6662414,0.26375854,-1.5362414,0.83375853,1.1537585,2.4937584,3.1337585,2.9137585,2.2337584,2.3137586,2.5737586,1.2037586,1.4237585,1.6437585,1.0537585,0.41375855,0.76375854,0.7937586,2.0037584,2.6037586,2.4737585,1.5137585,0.61375856,-0.61624146,0.75375855,0.063758545,-0.57624143,-0.37624145,1.3037585,0.37375855,1.1337585,0.043758545,1.5637585,1.2837585,1.0237585,1.1137586
-1.7162415,-0.48624146,-1.0462414,-1.1162415,-4.8662415,-4.7562413,-0.68624145,1.8737586,1.0237585,-0.38624147,0.5337585,1.9237585,4.1837587,3.7237585,3.4537585,2.3837585,0.12375855,0.48375854,0.62375855,-1.3862414,-1.3162415,-1.0162414,-1.9362415,-1.8162415,-2.0562415,0.5937585,2.9937584,3.3237586,1.7637585,2.8137586,2.6337585,2.6437585,2.4737585,2.6637585,2.8037586,1.4037585,0.58375853,-1.3362415,-2.0862415,-1.5362414,1.3837585,2.7537584,1.7437586,1.3937585,1.5637585,1.4437585,0.75375855,0.003758545,-0.5862415,1.2537585,0.5937585,0.23375854,-0.40624145,-0.076241456,0.99375856,0.67375857,0.69375855,1.2437586
-0.016241455,-1.9662415,-3.4662414,-0.5962415,-1.8062415,-3.5962415,1.4637586,2.8437586,-1.3062415,1.6437585,3.8537586,4.4937587,5.0437584,3.4637585,2.2437584,2.1637585,1.4137585,0.32375854,0.29375854,-0.31624144,-1.3762414,-1.4462415,-1.4662415,-1.0462414,-1.0962415,-1.8062415,-1.1062415,-1.3562415,-0.91624147,3.2637587,3.6237586,2.5237586,-0.34624144,0.18375854,1.1537585,-0.87624145,-1.4662415,-1.3662415,-1.3162415,0.21375854,-1.8062415,1.0337585,0.83375853,0.83375853,0.043758545,0.77375853,0.61375856,2.0137587,1.5137585,1.0237585,0.063758545,0.9737585,-0.37624145,0.81375855,0.6537585,1.2737585,-0.18624145,-0.116241455
1.1437585,5.7337584,6.9137588,2.6437585,3.4437585,2.2837586,3.7137585,1.1237586,3.9937584,0.31375855,5.0737586,6.7837586,3.6037586,4.3837585,1.5237585,2.7637587,2.1737585,0.74375856,-0.44624147,0.18375854,-1.0462414,-1.9262414,-1.6662414,-0.92624146,-0.5862415,0.17375855,-0.06624146,-0.92624146,-1.2862414,-1.9462415,-1.9562415,-2.3262415,-2.2662416,-1.8262415,-2.3362415,-1.7562414,-0.86624146,1.7237586,1.0037585,-0.8362415,-0.17624146,0.51375854,0.8437585,0.15375854,0.31375855,0.98375857,3.4337585,2.6037586,2.2237585,2.0937586,0.46375856,1.0437585,0.92375857,0.18375854,0.64375854,1.0137585,0.50375855,0.22375855
1.4037585,1.3837585,1.0137585,2.0337586,2.5237586,2.1937585,1.6637585,2.9837584,1.2737585,0.9037585,4.2237587,4.1537585,3.8637586,2.8637586,2.3337586,2.1237586,2.6537585,1.1437585,1.0237585,1.4737586,0.43375856,-0.09624145,-1.1062415,-0.91624147,-0.36624146,-0.006241455,-0.20624146,-0.046241455,-0.17624146,0.07375854,-1.2762414,-1.3862414,0.42375854,1.1937585,1.4237585,0.12375855,1.2437586,-0.10624146,0.52375853,0.51375854,-0.17624146,-0.73624146,-0.35624146,0.29375854,0.46375856,1.5237585,1.6237586,1.1037586,1.0537585,1.1737585,0.9037585,0.69375855,0.75375855,0.7237585,1.2737585,1.5437585,0.14375855,0.44375855
1.4137585,1.4837586,2.8037586,4.3637586,4.1137586,3.4237585,2.5437586,1.2337586,2.4237585,1.4937586,2.8837585,2.3137586,3.2137585,1.8137585,2.1837585,2.0137587,0.063758545,1.6037586,0.30375853,0.82375854,0.34375855,0.053758547,1.0737586,0.7237585,0.40375856,0.6537585,0.55375856,0.9037585,0.95375854,0.55375856,-0.72624147,-1.4262414,-2.3962414,-1.6462414,-1.5462414,-1.3862414,-0.98624146,-0.74624145,0.093758546,-0.046241455,-0.47624147,-0.32624146,-0.45624146,0.053758547,-0.14624146,-0.076241456,0.24375854,-0.16624145,0.46375856,0.82375854,-0.046241455,-0.97624147,-0.24624145,0.39375854,0.51375854,1.2737585,0.053758547,0.7237585
1.6337585,3.7737586,6.8237586,7.8437586,7.0637584,5.4437585,4.143759,3.2337584,2.6037586,2.1837585,1.6637585,2.4837584,1.3637586,-0.28624144,-0.61624146,0.16375855,0.6537585,0.19375855,0.18375854,0.023758546,-0.85624146,-0.9662415,-0.06624146,0.11375854,0.9137585,0.86375856,1.3137585,0.47375855,-1.0362414,-2.0162416,-1.6662414,-1.8462415,-1.7762414,-1.1062415,0.8437585,0.87375855,0.33375853,0.73375857,0.28375855,0.39375854,-0.33624145,-0.85624146,0.063758545,-0.21624145,-0.116241455,-0.72624147,-0.46624145,0.46375856,0.003758545,-0.5962415,0.58375853,0.8437585,0.58375853,-0.41624147,-0.69624144,-0.19624145,-0.06624146,0.013758545
4.6237583,1.5337585,9.553759,8.1737585,7.1537585,5.7937584,4.2437587,2.9137585,2.0337586,1.5337585,1.2137586,0.48375854,0.25375855,0.50375855,0.7137585,2.2137585,2.2637587,0.013758545,-0.31624144,-2.1962414,-1.6762414,0.003758545,-0.35624146,-0.16624145,-1.1062415,-0.23624146,-1.8362415,-1.8262415,-1.5062414,-1.4862415,-0.42624146,-0.86624146,-0.036241457,0.87375855,0.32375854,0.24375854,0.08375855,0.7237585,0.86375856,0.47375855,-0.056241456,-0.026241455,0.13375854,0.08375855,-0.5962415,-0.47624147,-0.056241456,-0.6462414,-0.39624146,-0.37624145,0.57375854,0.11375854,-0.42624146,0.43375856,-0.47624147,0.51375854,-0.86624146,-1.0362414
5.3637586,2.8937585,7.2337584,7.3637586,6.3637586,5.1537585,3.8537586,2.4137585,1.6037586,0.9737585,0.51375854,-0.37624145,-0.41624147,-0.086241454,4.7937584,2.8137586,1.2737585,-1.1462414,0.08375855,0.30375853,0.38375854,-1.8062415,-1.0862415,-1.7762414,-1.8362415,-1.0862415,-0.036241457,0.14375855,0.69375855,-0.116241455,-0.41624147,1.3437586,2.4737585,1.5137585,1.6737585,-0.22624145,0.27375853,3.6737585,3.4037585,0.12375855,1.0537585,0.58375853,-0.14624146,-0.57624143,-0.74624145,-0.14624146,-0.68624145,-0.35624146,-0.93624145,0.093758546,0.94375855,0.86375856,-0.20624146,-0.73624146,-1.7062415,-0.48624146,-0.92624146,-0.7862415
7.0337586,7.8637586,7.3037586,6.1337585,5.3137584,4.4737587,3.2537584,2.1137586,1.1237586,0.023758546,-0.7862415,-0.79624146,-1.8362415,-0.8362415,0.80375856,1.9337585,1.2837585,-1.3662415,-0.60624146,-1.7062415,-2.2762415,-1.2762414,-1.3762414,0.86375856,1.4737586,1.1037586,0.5937585,-0.20624146,0.25375855,0.92375857,1.6437585,1.0137585,0.83375853,2.1837585,2.2437584,-0.24624145,-0.35624146,4.5637584,4.5737586,1.7337586,0.57375854,-0.056241456,-0.60624146,-0.24624145,-0.73624146,-0.056241456,0.47375855,-0.27624145,-1.5762415,-0.67624146,4.5937586,5.143759,1.4537586,2.6937585,1.6237586,1.6937585,0.62375855,-1.0062414
8.153759,6.5137587,5.8637586,4.8837585,4.2437587,3.1437585,2.1837585,1.6237586,0.82375854,0.61375856,0.51375854,-0.74624145,-1.7162415,-1.9462415,-0.63624144,1.0637585,-0.47624147,-2.4762414,-1.9562415,-2.4562414,-1.6762414,-0.036241457,1.4537586,0.7137585,-0.47624147,0.62375855,-0.28624144,0.22375855,-0.036241457,0.81375855,0.12375855,0.13375854,1.2737585,1.5337585,0.81375855,-0.38624147,-0.60624146,3.4537585,2.4037585,0.56375855,0.28375855,0.013758545,-0.7162415,-0.15624146,-0.45624146,0.41375855,-0.046241455,-0.44624147,1.2837585,0.98375857,3.3037586,3.7237585,3.3137586,2.3437586,1.9737586,1.2137586,-0.06624146,-1.3362415
5.7537584,4.7337584,4.0637584,3.1137586,2.2637587,1.7237586,1.4837586,1.2237586,0.57375854,0.21375854,-0.40624145,-1.2162415,-2.0662415,-2.2162414,-1.0362414,1.4737586,-0.80624145,-2.9362414,-2.9062414,-0.93624145,-0.6562415,1.2137586,0.76375854,-0.23624146,-1.1662414,-0.26624146,-1.1462414,-1.3562415,-0.16624145,-1.2362415,-0.72624147,-0.10624146,0.063758545,0.063758545,0.87375855,1.2337586,-0.7062414,1.6237586,0.80375856,-0.50624144,0.21375854,-0.48624146,-0.56624144,-0.50624144,-0.37624145,-0.17624146,-0.47624147,-0.10624146,-0.51624143,6.6237583,5.1237583,0.80375856,1.0337585,3.0337586,1.2837585,0.023758546,-1.3262415,-2.3262415
4.3537583,3.5337586,2.4937584,2.4037585,1.6437585,0.27375853,-0.21624145,-0.29624146,-0.27624145,-0.32624146,-0.46624145,-1.0062414,-1.7562414,-2.5162416,-3.1162415,-1.2162415,0.043758545,-2.0362415,-0.026241455,-0.036241457,0.37375855,0.69375855,-1.0362414,-0.82624143,-0.24624145,-0.80624145,-1.8262415,-1.5162414,-0.92624146,-0.60624146,-0.54624146,-0.82624143,-0.50624144,-0.66624147,-2.2262414,1.2037586,4.7337584,0.21375854,-0.026241455,-0.23624146,0.12375855,-0.086241454,0.58375853,-0.27624145,0.26375854,-0.39624146,-0.8462415,0.20375854,0.34375855,3.5337586,6.0937586,2.9437585,3.7337584,3.6337585,1.2837585,-0.7162415,-2.2262414,-3.2162414
3.4237585,3.2137585,3.2137585,2.8537586,1.2237586,-0.79624146,-1.7462415,-1.7062415,-0.7762415,-0.54624146,-1.1362414,-1.5862415,-1.7162415,-2.3762414,-2.8962414,-3.5062416,-0.036241457,-0.38624147,-0.68624145,-1.6462414,-2.1962414,-0.39624146,-2.3262415,-2.7262414,-0.5862415,-1.0562415,-3.0062416,-2.1762414,-0.8962414,-0.57624143,-0.13624145,-0.31624144,-1.2762414,-1.4362415,-2.9462414,0.40375856,4.7837586,0.50375855,1.4437585,4.7937584,0.41375855,0.13375854,1.9737586,0.003758545,0.45375854,3.2437584,2.2337584,1.1037586,0.17375855,0.8437585,5.9437585,6.4337587,4.6137586,3.4337585,1.2137586,-1.0362414,-2.8162415,-4.2462416
3.8237586,2.9737585,2.5337586,2.2237585,0.44375855,-2.1162415,-3.7262414,-0.93624145,-1.7362415,-0.91624147,-1.0562415,-1.5362414,-2.2962415,-2.6362414,-3.2662416,-4.0862412,-0.40624145,-1.0462414,-1.3262415,-0.35624146,-1.7162415,-1.3762414,-1.0162414,-1.1962415,-3.6062415,-3.2762415,-4.6262417,-3.5562415,-2.2062414,-1.1862415,-0.50624144,-1.3162415,-1.3662415,0.24375854,1.1437585,0.83375853,8.043758,3.1837585,10.083758,10.973759,-0.09624145,-0.22624145,1.8237586,0.9737585,1.2937585,2.7537584,2.1337585,2.3037586,-0.006241455,0.39375854,0.45375854,5.8237586,5.2737584,3.5837586,2.2337584,-0.33624145,-3.2762415,-4.8262415
3.5037584,2.6837585,1.4737586,0.9737585,-0.25624144,-2.6762414,-3.9762414,-1.1162415,0.16375855,-1.0962415,-1.3162415,-1.4762415,-1.9662415,-2.8462415,-3.4562414,-3.9662414,-2.5362415,0.27375853,0.46375856,-0.68624145,-2.8162415,-0.24624145,-1.4962415,-2.1762414,-2.4662414,-2.6162415,-4.856241,-6.356241,-5.5462413,-3.5362415,-1.2562414,-0.16624145,2.7337584,6.5937586,4.4137588,6.6937585,10.273759,9.353759,9.373758,10.9237585,1.3137585,0.42375854,2.4437585,2.6937585,1.6237586,3.2537584,2.5337586,2.3237586,0.47375855,0.16375855,0.29375854,3.3937585,5.7437587,3.8437586,2.2237585,-0.29624146,-2.4862413,-4.8462415
3.4237585,1.8937585,1.7937585,1.4937586,-0.94624144,-2.8362415,-4.4662414,-4.2962413,0.92375857,0.86375856,0.023758546,-1.4662415,-2.2862415,-3.1262414,-3.5062416,-3.6862414,-2.2062414,0.5437586,0.30375853,-0.74624145,-1.1262414,-0.56624144,-0.25624144,0.88375854,-1.9362415,-4.0662413,-4.7962413,-7.8962417,-7.3262415,-2.4662414,5.3737583,8.043758,8.713758,8.413758,8.1737585,8.213758,8.343759,9.153759,9.613758,9.823758,6.2437587,0.033758543,2.2937586,0.95375854,0.7237585,1.6337585,0.22375855,0.13375854,0.30375853,-0.14624146,0.07375854,0.50375855,5.4137588,4.2037587,2.2737586,0.68375856,-1.0662415,-3.7762415
4.2837586,4.2837586,3.5437586,1.6537585,-0.026241455,-1.9562415,-2.9362414,-0.47624147,2.2237585,1.8337586,1.9937586,0.25375855,-2.4962416,-3.4262414,-3.9162414,-3.3062415,-1.8362415,-0.7062414,0.063758545,-0.22624145,-1.1562414,-0.31624144,-0.62624145,2.3837585,-2.8362415,-6.0762415,-5.106241,-5.2362413,-5.5162416,3.6737585,10.373758,9.753758,8.843759,8.433759,7.9737587,6.1737585,8.043758,8.713758,9.083758,9.033758,7.0637584,1.1837585,2.2237585,2.3137586,1.4837586,0.70375854,0.39375854,-0.27624145,0.64375854,1.0337585,-0.60624146,0.023758546,5.5037584,4.5537586,2.9537585,0.42375854,-1.1762414,-3.2462416
