raw-data/2018101000.json
{"header": { "discipline":0, "disciplineName":"Meteorological products", "gribEdition":2, "gribLength":74867, "center":7, "centerName":"US National Weather Service - NCEP(WMC)", "subcenter":0, "refTime":"2018-10-10T00:00:00.000Z", "significanceOfRT":1, "significanceOfRTName":"Start of forecast", "productStatus":0, "productStatusName":"Operational products", "productType":1, "productTypeName":"Forecast products", "productDefinitionTemplate":0, "productDefinitionTemplateName":"Analysis/forecast at horizontal level/layer at a point in time", "parameterCategory":2, "parameterCategoryName":"Momentum", "parameterNumber":3, "parameterNumberName":"V-component_of_wind", "parameterUnit":"m.s-1", "genProcessType":2, "genProcessTypeName":"Forecast", "forecastTime":0, "surface1Type":103, "surface1TypeName":"Specified height level above ground", "surface1Value":10.0, "surface2Type":255, "surface2TypeName":"Missing", "surface2Value":0.0, "gridDefinitionTemplate":0, "gridDefinitionTemplateName":"Latitude_Longitude", "numberPoints":65160, "shape":6, "shapeName":"Earth spherical with radius of 6,371,229.0 m", "gridUnits":"degrees", "resolution":48, "winds":"true", "scanMode":0, "nx":360, "ny":181, "basicAngle":0, "lo1":0.0, "la1":90.0, "lo2":359.0, "la2":-90.0, "dx":1.0, "dy":1.0 }, "data":
[rows 78 to 103 of 181, columns 118 to 176 of 360]
-1.5569507,-2.2769506,-1.5369507,-3.4169507,-1.4069507,-1.8069507,-0.9369507,0.023049317,-0.7369507,-0.70695066,-0.5469507,-0.14695068,-0.12695068,-1.4869506,-1.4969506,-2.3769507,-1.2569507,-2.5269506,-1.7669507,-2.3269508,-2.0669508,-2.2669506,-2.5269506,-2.1269507,-2.1969507,-1.9469507,-2.3569508,-0.9969507,-0.57695067,-0.06695069,0.09304932,-0.6669507,-1.1069506,-0.71695065,0.4530493,0.85304934,0.23304932,-0.9269507,-0.6769507,-1.0669507,-0.17695068,0.19304931,-0.18695068,-0.6169507,-0.6769507,-0.70695066,-0.82695067,-0.9769507,-1.2869507,-2.1569507,-2.0269506,-1.5169507,-1.0269507,-0.5369507,-0.016950684,0.3530493,1.6830493,1.8330493,2.1730492
-1.3169507,-1.3669506,-3.4569507,-2.9969506,-0.89695066,-2.7169507,-0.95695066,-0.76695067,0.9930493,1.3230493,0.13304931,-0.5069507,-1.5569507,-2.3569508,-2.1969507,-2.4969506,-2.5969508,-1.9069507,-2.2169507,-2.1969507,-2.5869508,-3.2469506,-3.5369506,-1.2869507,-0.8669507,0.8430493,-0.6969507,0.7630493,0.53304935,-0.046950683,-0.9769507,-1.8669506,-1.2869507,-0.08695068,0.33304933,0.6130493,1.2330493,0.8330493,0.22304931,-1.1269507,0.34304932,1.5830493,1.2030493,0.17304932,-0.13695069,-1.4069507,-1.8069507,-1.8269507,-1.6669507,-1.4769506,-1.6569507,-0.6569507,-0.046950683,0.22304931,0.6830493,1.8830494,2.5130494,2.7030494,2.8130493
-0.9769507,-0.7369507,-2.8269508,-1.2869507,-3.4869506,-0.34695068,-0.34695068,-0.23695068,1.9430493,0.3830493,-1.1169506,-2.1669507,-2.9369507,-2.4269507,-2.2469506,-2.2669506,-2.3669508,-2.2569506,-2.3669508,-2.7169507,-2.9869506,-3.4469507,-3.7769506,-1.5269507,-0.31695068,0.6230493,0.97304934,1.1330494,1.1030493,0.5130493,0.2630493,-0.9269507,-1.1669507,-0.2969507,0.9330493,0.6330493,0.39304933,1.4030493,0.8330493,0.8030493,1.1430494,0.8330493,1.1230493,0.5630493,-0.38695067,-1.1469507,-1.2169507,-0.8869507,-0.95695066,-0.6169507,0.023049317,0.6930493,1.2730494,1.2230493,1.9530493,2.2630494,2.4930494,2.3830492,2.4430494
0.06304932,-0.8169507,-1.4969506,-3.3069506,0.3530493,-0.89695066,0.34304932,0.8330493,-0.08695068,-0.5669507,-1.5469507,-2.5269506,-0.9369507,-1.7169507,-2.3469508,-3.2269506,-3.0769508,-2.7569506,-2.9869506,-3.2269506,-2.5769508,-3.4769506,-3.0569506,-3.0269506,-1.6169506,0.42304933,0.6430493,1.1030493,0.54304934,0.34304932,0.7530493,-0.13695069,-0.43695068,-0.38695067,0.53304935,1.3130493,1.9130493,1.2430493,1.1130493,0.20304932,0.23304932,0.053049315,0.72304934,1.2730494,1.4230493,0.6930493,0.6230493,-0.106950685,-0.06695069,0.7430493,1.4430493,2.0230494,2.0530493,1.7130493,1.8030493,1.2630494,1.5630493,1.4130493,1.4730493
1.0130494,0.06304932,-0.8569507,-1.4369507,-1.9269507,-0.056950685,-0.6169507,-0.15695068,-1.0369507,-2.4469507,-2.3769507,-2.8169508,-2.1869507,-2.2069507,-2.1169508,-1.6269507,-1.7169507,-2.6069508,-3.0769508,-3.0269506,-3.0769508,-3.0869508,-2.5269506,-2.2269506,-2.5069506,-2.1969507,-0.38695067,-0.08695068,0.5030493,0.49304932,0.2630493,0.09304932,0.6330493,0.5830493,0.4730493,2.0230494,1.9430493,1.8330493,1.6530493,0.5530493,-0.106950685,0.8730493,1.6430494,1.1930493,1.5030494,1.1830493,1.1830493,0.28304932,-0.43695068,-0.17695068,1.3730493,1.9230493,1.6230493,1.3730493,1.7030493,0.9930493,1.1030493,0.8930493,0.8830493
2.2730494,0.6530493,-0.46695068,-0.8569507,-0.12695068,-0.7869507,-0.96695065,0.073049314,-0.5569507,-4.1269507,-3.3369508,-1.9469507,-1.5369507,-0.15695068,-1.1869507,-2.1069508,-2.5269506,-2.8169508,-2.6169508,-3.0069506,-2.8969507,-2.8069506,-2.4069507,-2.1369507,-1.6969507,-1.3569506,-1.1769507,-0.38695067,0.6330493,-0.76695067,-0.16695069,-0.20695068,-0.19695069,1.0230494,0.8030493,1.7730494,1.4430493,1.8230493,1.4730493,0.85304934,0.15304932,0.4430493,2.7630494,3.2430494,2.2830493,2.1930494,0.78304935,1.0830493,0.5130493,0.6230493,0.2930493,0.9530493,1.0230494,1.2130493,0.79304934,0.43304932,0.39304933,1.5230494,0.79304934
2.6830492,1.6530493,0.21304932,-0.44695067,-0.5469507,-0.016950684,-1.6269507,-2.1869507,-5.0769506,-3.8569508,-2.7969506,-2.5569506,-1.3069507,-1.3469507,-1.9469507,-2.5869508,-2.4069507,-3.1669507,-3.1469507,-2.9569507,-3.0669508,-2.9969506,-2.7169507,-2.5669508,-2.2169507,-1.6169506,-1.1169506,-0.06695069,-0.06695069,-0.28695068,-0.37695068,-0.2769507,0.2630493,1.3630493,1.5730493,1.4630493,1.2130493,1.4030493,2.0330493,1.4530493,1.6130493,1.8330493,1.0530493,-0.6169507,2.4830494,2.4130492,1.2130493,-0.3669507,-0.17695068,-0.056950685,1.1930493,0.6930493,0.72304934,-0.076950684,-0.9169507,0.92304933,1.1730493,0.85304934,0.22304931
0.5130493,-0.37695068,-0.3969507,-0.31695068,-0.4569507,0.4830493,-0.9069507,-2.8769507,-4.446951,-3.9469507,-2.7769506,-2.1069508,-2.9169507,-2.9069507,-1.9669507,-1.9769506,-2.2369506,-1.2969507,-2.3969507,-2.9069507,-3.3069506,-3.2769506,-3.2169507,-2.6169508,-1.6969507,-0.9969507,-0.64695066,-0.35695067,-0.37695068,-0.12695068,0.24304932,0.2930493,0.0030493164,0.5030493,1.2530494,1.9030493,1.9930493,2.3030493,1.4830493,1.6130493,1.2330493,1.7030493,2.2830493,2.4330492,2.1530492,1.7930493,1.1930493,0.6530493,0.6330493,0.8930493,0.3230493,0.073049314,-0.3069507,-0.37695068,0.2630493,0.97304934,0.67304933,0.0030493164,-0.6169507
-2.3669508,-1.5569507,-1.4369507,-1.2269506,-0.5669507,0.13304931,-0.35695067,-0.7369507,-1.8569506,-3.2769506,-3.2169507,-3.1069508,-3.1169508,-2.0169506,-1.8469507,-2.1069508,-2.3369508,-2.4369507,-2.4669507,-2.7569506,-2.5669508,-2.4369507,-1.4469507,-1.1069506,0.013049317,-0.35695067,-0.7869507,-0.6669507,-0.5469507,-0.2969507,0.09304932,0.5030493,0.7630493,-0.25695068,-0.12695068,1.3430493,1.5930493,0.5930493,1.8830494,1.8030493,1.9630493,2.0230494,1.6530493,1.0330493,0.49304932,-0.2669507,0.11304931,0.33304933,0.033049315,0.19304931,0.4530493,0.22304931,0.6230493,0.97304934,0.54304934,0.19304931,-0.5069507,-0.9469507,-1.5869507
-2.2169507,-1.1869507,-1.6169506,-1.4269507,-0.8869507,-0.4269507,0.06304932,0.023049317,-0.52695066,-1.5869507,-2.7869506,-3.6769507,-1.9269507,-2.8369508,-2.7169507,-2.3869507,-2.1869507,-2.0569506,-3.0269506,-3.1169508,-3.1869507,-2.7569506,-1.7169507,-0.5669507,-0.77695066,-0.9769507,-1.3369507,-1.0969507,-0.5369507,-0.37695068,-0.16695069,0.14304931,0.5730493,1.0730493,1.2430493,0.9030493,-0.3669507,0.8330493,1.0830493,0.98304933,1.1930493,1.0630493,0.5030493,-0.24695069,0.11304931,-0.34695068,-0.89695066,-0.4969507,0.5030493,0.21304932,-0.15695068,-0.3969507,-0.41695067,-0.3069507,-0.6169507,-1.1969507,-1.3469507,-1.6569507,-1.6869507
-1.3169507,-1.6369507,-1.1469507,-0.64695066,-1.1369507,-1.4269507,0.15304932,0.3530493,-0.5469507,-1.3069507,-1.3169507,-2.9469507,-3.5569506,-2.8469508,-2.3069506,-2.0669508,-2.8669508,-3.0569506,-1.8269507,-1.9569507,-2.2369506,-1.9269507,-1.5269507,-1.3069507,-1.6169506,-1.9169507,-1.2069507,-1.2169507,-0.7569507,-0.34695068,0.11304931,0.023049317,0.15304932,0.7630493,1.3730493,1.5830493,1.2830493,0.97304934,0.9630493,1.0830493,0.6230493,0.23304932,0.8330493,0.40304932,-0.046950683,0.3230493,0.023049317,-0.32695067,-0.6669507,-0.8769507,-0.9969507,-0.9269507,-0.82695067,-1.0469507,-1.5069507,-1.3569506,-1.4469507,-1.6369507,-2.1769507
-0.7569507,-1.0669507,-0.2969507,-0.6869507,-1.4869506,-0.6369507,-0.14695068,0.39304933,0.23304932,-0.37695068,-0.8069507,-2.5069506,-1.6269507,-3.0269506,-2.1369507,-1.8269507,-1.5169507,-2.0769508,-2.1969507,-2.5369506,-1.7769507,-1.0469507,-1.0169507,-1.4769506,-2.3569508,-2.7269506,-2.0469506,-0.9969507,-0.37695068,-0.2669507,-0.3069507,0.13304931,0.5030493,0.78304935,2.3330493,2.4330492,0.42304933,-0.2969507,0.21304932,0.14304931,0.16304931,0.28304932,0.33304933,0.5930493,0.2530493,-0.22695069,-0.5469507,-1.2169507,-1.4669507,-1.6369507,-1.5569507,-1.5269507,-1.5769507,-1.8869507,-1.0969507,-0.34695068,-0.9369507,-1.8069507,-2.4569507
0.033049315,1.2330493,-0.32695067,-2.5169506,-2.2069507,0.043049317,1.5830493,-0.9469507,0.7030493,0.23304932,-0.76695067,0.23304932,1.5730493,-0.18695068,-0.9069507,-0.82695067,-1.4769506,-1.9169507,-2.2569506,-2.2469506,-0.8169507,-1.4669507,-1.8269507,-3.4169507,-4.1169505,-3.6769507,-2.5569506,-1.3969507,-0.89695066,-0.2969507,0.043049317,0.20304932,0.22304931,0.33304933,2.6130493,2.1330492,-0.18695068,-0.8769507,-0.056950685,0.2530493,0.20304932,0.3530493,0.16304931,-0.25695068,-0.5569507,-1.1069506,-1.6569507,-2.0769508,-2.4369507,-2.6069508,-2.4469507,-2.0269506,-1.8669506,-1.4469507,-1.5469507,-1.4169507,-1.9069507,-2.0769508,-2.4269507
1.0230494,-0.18695068,-0.12695068,-0.8469507,-0.14695068,1.4230493,3.8530493,0.36304933,0.98304933,3.3930492,-1.2669507,3.4030492,2.8730493,1.3030493,0.4830493,-0.4969507,-1.9269507,-1.9869506,-0.7269507,0.14304931,1.7430493,0.9930493,-0.83695066,-1.2269506,-0.13695069,1.0030494,1.2830493,-0.15695068,-1.1069506,-0.20695068,-0.2669507,0.15304932,0.5630493,0.6330493,2.7230494,2.5330493,0.043049317,-1.0069507,-0.09695068,-0.2669507,-0.106950685,0.11304931,-0.23695068,-0.58695066,-0.8769507,-0.6869507,0.5130493,0.19304931,-0.25695068,-0.8869507,-1.8769507,-2.3869507,-1.7669507,-1.8869507,-2.2969506,-2.4269507,-2.5069506,-2.6369507,-2.7469506
2.3630493,-0.52695066,-0.046950683,-0.16695069,0.46304932,2.0230494,1.7530494,0.013049317,0.7130493,5.053049,1.2230493,-3.6269507,2.3330493,5.283049,-1.0869507,0.3230493,-0.026950683,-1.6769507,0.7030493,0.23304932,0.4530493,0.24304932,0.8730493,2.1830492,2.9130492,2.6530492,2.7630494,1.2430493,0.39304933,0.49304932,0.66304934,1.2130493,0.8430493,1.2230493,2.4030492,4.8230495,0.6130493,-1.7769507,-1.0769507,-0.6769507,-0.41695067,-0.6069507,-0.6269507,-0.34695068,-0.08695068,-0.6069507,-0.2669507,-0.17695068,-0.5969507,-1.4769506,-0.18695068,-0.6069507,-1.6169506,-2.0969508,-2.3869507,-2.7469506,-3.0669508,-3.2369506,-3.4969506
2.7430494,0.15304932,-0.24695069,-0.9269507,0.46304932,2.9530494,2.4730494,2.9230492,-2.4469507,4.1530495,2.7630494,0.9530493,2.2630494,4.473049,2.6230493,1.5330493,-0.43695068,1.2230493,-0.6769507,0.103049316,-0.7969507,0.79304934,0.33304933,0.8630493,0.18304932,2.9530494,4.163049,3.5330493,4.283049,3.4830494,3.8630493,3.4130492,0.78304935,2.9330492,2.1130493,6.0430493,2.3830492,-2.1269507,-1.4769506,-0.58695066,-0.6369507,-0.6269507,-0.7269507,-0.7369507,0.12304932,1.8930494,0.9030493,-0.57695067,-0.5369507,-0.0069506834,-0.89695066,-1.5069507,-2.2669506,-2.7369506,-2.6569507,-2.9669507,-3.3169508,-3.6269507,-3.7369506
-0.18695068,-1.2869507,1.8830494,0.5630493,0.23304932,1.5330493,4.263049,3.8830492,3.4930494,1.6130493,2.7430494,2.0530493,1.7530494,3.2930493,3.9830494,1.2130493,2.9930494,0.85304934,-0.24695069,-0.5569507,-1.1469507,-0.9369507,-0.7869507,0.6230493,0.4430493,0.5930493,0.8030493,3.0730493,3.9430494,4.9430494,5.6230493,4.5830493,2.7630494,1.8530493,4.183049,3.7030494,3.3930492,-1.6769507,-1.8869507,-0.83695066,-0.8769507,-0.9869507,-0.40695068,0.013049317,0.0030493164,0.2530493,0.31304932,-0.7269507,-0.2669507,-0.9469507,-1.1469507,-1.6469507,-1.8269507,-2.7169507,-3.1969507,-3.3469508,-3.6669507,-4.1669507,-4.6569505
1.4230493,2.6330492,0.5530493,1.5230494,0.2530493,1.8830494,3.0630493,2.9730494,2.6630492,2.2230494,2.2630494,2.1730492,1.8630493,2.7130494,2.3330493,2.1730492,3.0830493,4.013049,2.5230494,0.3830493,0.60304934,0.9630493,2.4030492,-0.3669507,-1.0469507,-1.8169507,-1.1669507,1.1530493,2.7030494,4.3830495,6.0230494,5.283049,4.4030495,-2.8869507,2.4730494,2.6930494,0.37304932,1.8830494,0.11304931,-1.3469507,-1.2969507,-0.8469507,-0.83695066,-0.4969507,0.33304933,0.4130493,-0.4569507,0.033049315,-0.7969507,-1.0769507,-1.4969506,-0.58695066,-1.5369507,-1.9469507,-2.5869508,-3.2569506,-2.9969506,-3.0469506,-3.3069506
2.8130493,2.2830493,-0.19695069,0.4430493,0.40304932,0.78304935,1.3730493,1.8930494,2.2630494,1.7130493,1.2930493,0.43304932,0.9630493,1.1530493,2.5530493,3.1130493,2.4130492,3.7130494,2.8430493,2.1730492,1.2130493,0.46304932,1.0430493,0.67304933,1.0930493,1.6430494,-0.8469507,-0.4569507,1.0330493,-2.3569508,6.5730495,4.7130494,2.5230494,2.0330493,-0.5669507,1.2830493,-0.9269507,-0.43695068,1.0230494,-0.5069507,-1.0669507,-1.1569507,-0.9869507,-0.95695066,0.22304931,0.53304935,0.3830493,-0.056950685,-1.0469507,-0.43695068,0.36304933,-0.51695067,0.06304932,-1.3469507,-1.9469507,-1.8369507,-2.0269506,-2.3169508,-2.7269506
2.3630493,1.9930493,0.5130493,-0.036950685,-0.17695068,-0.106950685,-0.106950685,0.5630493,1.7530494,2.1930494,1.6230493,0.8930493,0.7730493,1.3930494,3.0330493,3.2030494,3.4830494,2.8230493,2.1830492,1.0930493,1.4730493,0.7530493,0.7730493,0.8730493,1.4230493,1.5630493,1.4430493,1.4930493,-0.9169507,-0.13695069,3.1930494,5.283049,6.5430493,4.1930494,3.7830493,2.3330493,1.2930493,1.3930494,-2.0969508,-0.71695065,-0.19695069,-1.2769507,-0.06695069,0.2930493,-0.24695069,-0.09695068,-0.2969507,-0.14695068,1.5230494,1.5730493,0.17304932,0.24304932,0.17304932,-0.12695068,-0.7269507,-1.2869507,-0.9969507,-0.8869507,-2.5269506
0.34304932,3.3730493,0.67304933,0.67304933,-0.6669507,-1.0469507,-0.4869507,0.8630493,0.8030493,1.5230494,1.2130493,1.1830493,1.5230494,2.3030493,2.4030492,2.6530492,2.9530494,2.8630493,2.3930492,2.3030493,1.3730493,1.9030493,1.2630494,1.0630493,1.0930493,1.3730493,4.183049,4.7930493,1.4730493,-1.4269507,-0.83695066,4.6130495,4.5830493,4.9430494,3.9430494,3.0030494,1.9130493,0.8130493,-0.19695069,-0.24695069,0.2530493,-0.6369507,0.27304932,0.9530493,0.3230493,-0.09695068,0.24304932,0.8730493,1.1130493,1.7230493,3.4430494,0.9430493,-0.036950685,0.24304932,-0.18695068,0.5730493,-0.7869507,0.28304932,0.5230493
0.8330493,0.8830493,2.5630493,1.1430494,-0.076950684,-2.4669507,-0.95695066,-0.9069507,0.85304934,0.13304931,0.98304933,1.0430493,1.4330493,1.5830493,1.5030494,1.8430493,2.1430492,2.3430493,2.3130493,2.5030494,2.1230493,2.2830493,2.5230494,1.7030493,1.6630493,1.5330493,3.1430492,3.7630494,2.9730494,1.2630494,-2.2169507,-0.8769507,2.4530494,6.1130495,4.3930492,3.1230493,2.8330493,2.3530493,1.9530493,1.1730493,0.16304931,0.6930493,0.4830493,-0.25695068,0.5730493,0.4130493,0.2530493,0.8930493,0.5930493,1.6630493,2.8530493,0.7530493,0.6930493,0.3830493,0.78304935,0.33304933,0.8730493,1.1430494,1.4430493
-0.026950683,-0.20695068,0.6230493,0.42304933,-0.5669507,-3.7969506,-0.41695067,-1.7469506,-1.1669507,-0.41695067,0.42304933,0.3830493,0.6330493,1.2130493,0.92304933,0.5930493,0.97304934,1.1730493,1.1030493,1.4030493,1.8030493,1.9830493,1.9430493,1.4630493,1.3930494,2.0330493,2.4430494,2.7130494,3.4130492,3.8830492,2.2830493,1.6030493,-0.5669507,2.6230493,4.783049,4.1330495,3.8130493,4.0430493,2.7330494,1.8830494,1.9630493,2.5230494,2.6430492,-0.2969507,2.8130493,1.7730494,2.3730493,1.2430493,1.5730493,2.0830493,3.3630493,1.4830493,1.5730493,-0.43695068,-0.22695069,1.0430493,1.6030493,0.2630493,0.9530493
-0.06695069,-0.57695067,-0.8169507,0.4430493,0.15304932,-1.2269506,-3.2969506,-3.0569506,-2.4769506,-1.5569507,-0.9069507,-0.71695065,-0.4269507,0.2630493,0.023049317,0.5630493,0.13304931,0.21304932,0.043049317,0.033049315,0.8230493,1.3630493,1.5830493,1.3730493,-0.2669507,2.4730494,1.7230493,1.7430493,2.6530492,3.2430494,2.5930493,2.2330494,2.9630494,4.1730494,5.723049,5.0430493,4.453049,3.9130492,3.7130494,3.3730493,2.7730494,1.4530493,1.5730493,1.9630493,1.1030493,2.0230494,2.3130493,2.9030492,3.0630493,3.3630493,2.7430494,2.3130493,2.3130493,2.4130492,1.4030493,1.2230493,1.2430493,1.9330493,1.3330493
-0.3369507,-0.5369507,-1.1869507,-1.5469507,-1.8969507,-2.8869507,-3.6969507,-3.6269507,-3.1069508,-2.3869507,-1.8869507,-1.8169507,-0.7269507,0.4530493,0.49304932,-0.83695066,-0.6869507,-1.2369506,-1.1269507,-0.76695067,0.14304931,0.5230493,0.3530493,0.8130493,0.4430493,1.2830493,2.2730494,1.6730493,1.7730494,2.5830493,3.0830493,3.1030493,3.3530493,3.9730494,4.8730493,5.5630493,6.1930494,5.723049,4.5730495,4.263049,3.6130493,2.8430493,2.4130492,2.4430494,1.9930493,1.7630494,1.8830494,2.0330493,3.0030494,2.5330493,2.5030494,1.8230493,1.4430493,1.5530493,1.0430493,0.60304934,0.85304934,1.0030494,0.92304933
0.53304935,0.0030493164,-0.6069507,-1.1569507,-1.8469507,-2.3269508,-2.5369506,-2.6069508,-2.2569506,-1.9569507,-2.1869507,-2.5469506,-2.0269506,-0.6869507,-0.9269507,-1.2069507,-2.0269506,-2.1569507,-1.7269506,-3.2969506,-2.3469508,-1.3169507,-1.7969507,-0.43695068,0.15304932,0.20304932,2.3430493,2.2230494,2.0030494,1.9530493,2.1230493,2.6630492,3.5230494,4.1430492,4.8330493,5.263049,5.6230493,6.1130495,6.1130495,5.703049,5.3430495,4.9030495,4.283049,2.6330492,2.5230494,2.1730492,2.0130494,1.5330493,1.1830493,2.0830493,2.1130493,1.7930493,1.2030493,0.78304935,0.40304932,-0.0069506834,0.7530493,1.1130493,1.8030493
