raw-data/2018091500.json
{"header": { "discipline":0, "disciplineName":"Meteorological products", "gribEdition":2, "gribLength":74448, "center":7, "centerName":"US National Weather Service - NCEP(WMC)", "subcenter":0, "refTime":"2018-09-15T00:00:00.000Z", "significanceOfRT":1, "significanceOfRTName":"Start of forecast", "productStatus":0, "productStatusName":"Operational products", "productType":1, "productTypeName":"Forecast products", "productDefinitionTemplate":0, "productDefinitionTemplateName":"Analysis/forecast at horizontal level/layer at a point in time", "parameterCategory":2, "parameterCategoryName":"Momentum", "parameterNumber":3, "parameterNumberName":"V-component_of_wind", "parameterUnit":"m.s-1", "genProcessType":2, "genProcessTypeName":"Forecast", "forecastTime":0, "surface1Type":103, "surface1TypeName":"Specified height level above ground", "surface1Value":10.0, "surface2Type":255, "surface2TypeName":"Missing", "surface2Value":0.0, "gridDefinitionTemplate":0, "gridDefinitionTemplateName":"Latitude_Longitude", "numberPoints":65160, "shape":6, "shapeName":"Earth spherical with radius of 6,371,229.0 m", "gridUnits":"degrees", "resolution":48, "winds":"true", "scanMode":0, "nx":360, "ny":181, "basicAngle":0, "lo1":0.0, "la1":90.0, "lo2":359.0, "la2":-90.0, "dx":1.0, "dy":1.0 }, "data":
[rows 26 to 51 of 181, columns 295 to 353 of 360]
-1.0188965,-4.7188964,-5.2588964,-1.8488965,1.0111035,-2.3488965,-6.5688963,-8.6188965,-9.428897,-9.028896,-8.948896,-7.8788967,-5.9888964,-2.4288964,-1.1388965,-0.9988965,0.5011035,0.2711035,2.8411036,2.0711036,1.4711035,-1.2888964,-4.6888967,-4.9888964,-2.9388964,-6.2788963,-7.2888966,-2.9288964,-1.0488964,-1.4488965,-1.7888964,-1.9388965,-2.0088966,-2.3688965,-3.0588965,-3.6088965,-3.5788965,-2.6488965,-1.6788964,-2.0588965,-3.6488965,-4.8488965,-4.7288966,-2.3188965,-3.9788964,-1.8488965,0.16110352,-0.7488965,-2.1988964,-2.7388964,-2.5788965,-2.1088965,-3.8188965,-7.4888964,-8.678897,-7.5988965,-5.8788967,-4.1688967,-2.2488966
2.4911034,0.6211035,-3.7188964,-5.2888966,-4.8788967,-2.7088964,-4.8488965,-6.8088965,-7.8388963,-8.248897,-8.498897,-7.4488964,-5.2588964,-3.4488964,-2.2188964,0.23110351,-3.5188966,0.67110354,2.6311035,1.3311036,-0.30889648,-4.1188965,-3.6288965,-3.0988965,-7.0088964,-10.238896,-6.2288966,-0.9188965,-1.4388965,-1.9288964,-2.2988966,-2.4988966,-2.5688965,-2.5388966,-2.3688965,-1.5588965,-0.6788965,-0.28889647,-0.5288965,-1.7488965,-2.5888965,-1.5488964,0.60110354,1.5411035,2.3711035,3.1411035,2.3011036,2.6411035,2.5211036,1.0811036,0.3311035,-0.6788965,-1.4988965,-3.0188966,-4.6488967,-5.1088963,-4.3988967,-3.1888964,-1.8488965
0.19110352,-1.2388965,-3.3188965,-5.5988965,-5.7188964,-4.5088964,-3.8288965,-4.5788965,-5.4588966,-6.2488966,-6.5288963,-6.2088966,-5.4888964,-5.1188965,-5.2188964,-5.0188966,-0.7188965,-2.4188964,-1.2488965,-0.2988965,-1.6788964,-2.5788965,-2.2588966,-5.9388967,-10.448896,-9.188896,-3.7388964,-4.3188963,-3.8988965,-3.2188964,-2.9288964,-2.7988966,-2.3388965,-1.8288965,-1.1388965,-0.4888965,0.101103514,0.74110353,1.1711035,1.0511035,0.80110353,0.7211035,1.0711036,1.4711035,1.7711035,2.1011035,1.9511036,1.4511036,1.0411035,0.5611035,-0.06889649,-0.5888965,-0.7388965,-0.8788965,-0.7788965,-0.7488965,-0.40889648,-0.06889649,0.38110352
-2.2388964,-1.5888965,-1.5888965,-2.3188965,-2.8288965,-3.3688965,-3.7988966,-4.1988964,-4.4988966,-4.6988964,-4.8888965,-4.9788966,-5.3188963,-5.6788964,-5.8488965,-6.3688965,-7.6488967,-3.8988965,-6.0488963,-0.24889648,-0.13889648,-2.7988966,-1.9088964,-8.988896,-9.198896,-3.1488965,-2.8088965,-3.6788964,-3.1888964,-2.8488965,-2.5388966,-0.9888965,-0.33889648,-0.88889647,-0.75889647,-0.028896485,1.3511035,3.8111036,4.8911037,5.3611035,5.4611034,5.3511033,4.8711033,4.2811036,3.8811035,3.5911036,3.4811034,3.4511034,3.3611035,3.2011034,2.9411035,2.4611034,1.8311036,1.3311036,1.0811036,1.0411035,1.1411035,1.2011036,1.5011035
-1.1188965,2.4511034,1.7111036,1.4311035,0.25110352,-0.89889646,-1.7588965,-2.1088965,-2.6988964,-3.4588964,-4.0788965,-4.7688966,-5.3388963,-5.4988966,-5.8788967,-6.6388965,-7.0988965,-7.5788965,-6.0788965,-5.4088964,-3.6488965,-0.9688965,-1.4888965,-3.6988964,-7.8788967,-4.4788966,-2.6488965,-3.4188964,-2.5988965,-2.4588964,-1.7788965,-0.89889646,-1.7688965,-3.0088966,-3.2288964,-2.8088965,0.4811035,3.8511035,5.9611034,6.8811035,7.0711036,6.8911037,6.4711037,6.0011034,5.4911036,4.9811034,4.6211033,4.3611035,4.1511035,4.0811033,3.7611036,3.0711036,2.3511035,1.8911035,1.5511035,1.3911035,1.3411036,1.1611035,0.80110353
0.3911035,-0.6088965,1.6711035,0.25110352,-0.9888965,-0.9088965,-0.3588965,-0.3588965,-0.5688965,-1.2088965,-2.0288966,-2.7988966,-3.4488964,-4.1788964,-5.0188966,-5.4688964,-5.8788967,-6.4388967,-6.9588966,-7.2288966,-5.9288964,-6.2888966,-5.4688964,-5.5888963,-5.3388963,-5.9288964,-5.0888963,-3.8188965,-2.7788966,-2.1388965,-1.9688965,-2.4288964,-3.1288965,-3.0388966,-4.0588965,-0.8188965,8.351104,8.841104,8.581103,8.471104,8.691104,8.781103,8.661103,8.071103,7.4811034,6.8311033,6.1111035,5.2911034,4.6211033,4.1511035,3.7111034,3.3711035,2.9711034,2.4211035,1.9911035,1.7211035,1.4011035,1.1911035,0.7211035
1.3511035,-0.6688965,-1.5888965,0.5311035,-1.5888965,-1.1788964,-0.4788965,0.09110352,0.6311035,0.7711035,0.5111035,-0.24889648,-1.3288965,-2.0488966,-2.5988965,-3.3688965,-4.3288965,-5.1388965,-5.5088964,-5.7988963,-5.7788963,-6.2188964,-6.7888966,-6.8588963,-6.7288966,-6.2188964,-4.9988966,-3.7888966,-2.8088965,-2.3488965,-1.9688965,-1.4188964,-1.8388965,-2.9188964,-3.3888965,-1.5988965,2.8611035,6.3811035,8.531103,9.311104,10.181104,10.401104,9.641104,8.941104,8.761104,8.4211035,7.7411036,7.1711035,6.2911034,5.1911035,4.3711033,3.5711036,2.8711035,2.3711035,1.9911035,1.6811035,1.3611035,0.7211035,0.4811035
0.19110352,-0.3288965,-1.1888965,-1.4788965,-1.8888965,-0.058896486,0.86110353,1.9611036,3.3111036,3.6411035,3.4911034,3.1111035,2.6011035,1.7211035,0.60110354,-0.6288965,-1.6988965,-2.6988964,-4.0888963,-4.9088964,-5.6088963,-6.0288963,-5.9188967,-6.0288963,-6.1188965,-5.8788967,-5.8288965,-5.6488967,-4.8588963,-3.9088964,-2.8388965,-1.5788965,-1.4788965,-2.5688965,-3.2188964,-2.5688965,-0.048896484,3.8011036,6.6311035,8.151104,8.911103,8.941104,8.491103,7.8411036,7.4611034,7.9311037,8.911103,8.211103,7.0411034,6.2311034,5.2011037,4.3211036,3.5511036,2.6311035,1.7211035,1.0511035,0.54110354,0.18110351,-0.3888965
-1.9088964,-1.8688965,-2.6388965,-2.9788964,-4.6288967,-3.5188966,-1.1088965,1.6111035,4.3311033,6.7011037,7.7211037,7.5611033,6.8011036,5.5211034,3.9511034,2.2711036,0.4511035,-1.1188965,-2.2088964,-3.3388965,-4.3688965,-5.0688963,-5.4288964,-5.7088966,-5.8288965,-5.7688966,-5.8188963,-5.7888966,-5.5088964,-4.7288966,-3.5088966,-2.2888966,-2.2288964,-3.1188965,-3.4388964,-2.5888965,-0.118896484,2.9411035,5.5911036,7.5611033,8.481104,9.031103,8.591104,7.2511034,6.7711034,7.8511033,8.3811035,8.411103,7.7211037,5.8111033,4.3911037,3.6811035,3.2711036,2.8911035,2.5611036,2.0911036,1.3711035,0.5111035,-0.16889648
-0.048896484,0.31110352,-0.3588965,-1.2588965,-3.4088964,-2.8088965,-3.1588964,-2.7888966,0.7211035,4.4911036,9.261104,9.321103,10.011104,8.391104,6.1111035,3.9311035,1.7011036,0.021103516,-1.1288965,-2.0588965,-3.1188965,-3.9788964,-4.6988964,-5.2688966,-5.5588965,-5.5288963,-5.3788967,-5.2688966,-5.0288963,-4.4788966,-3.7288964,-3.3988965,-3.3888965,-3.6488965,-3.5388966,-2.3688965,-0.34889647,3.0011034,6.6711035,8.971104,9.451103,9.041103,8.501103,7.9511037,7.5211034,8.021104,8.561104,7.5811033,5.9711037,5.4211035,4.7611036,3.6511035,2.8511035,2.5211036,2.1311035,0.9611035,0.19110352,0.34110352,0.8911035
3.2611036,3.8011036,3.3911035,2.5511036,1.4811035,1.8711035,4.1411037,2.5111036,5.7211037,8.011104,11.731104,12.711103,11.531103,9.521104,7.3311033,5.0811033,2.9111035,1.0911036,-0.06889649,-1.0788965,-2.0388966,-3.0088966,-3.7488966,-4.3388963,-4.7988963,-5.0888963,-5.2088966,-5.2688966,-5.3288965,-5.1688967,-4.6888967,-4.3988967,-4.5488963,-4.6588964,-4.1488967,-2.6888964,1.4511036,6.4411035,7.9211035,7.9311037,7.9111037,7.8311033,7.6511035,7.4111037,7.5211034,7.9711037,7.8311033,6.8311033,5.6111035,4.5211034,3.6611035,3.2311034,2.8811035,2.4811034,2.0011034,1.4411035,1.4811035,0.73110354,0.9311035
3.7911036,3.9211035,3.4411035,4.3611035,5.0611033,5.2911034,5.0911036,5.9911036,4.6811037,4.8911037,10.071103,12.051104,10.701103,8.501103,6.8411036,4.8411036,3.0211036,1.5411035,0.2911035,-0.8688965,-1.7888964,-2.3688965,-2.8388965,-3.3988965,-4.1388965,-4.7688966,-5.1488967,-5.4188967,-5.6388965,-5.6088963,-5.6488967,-5.9888964,-6.4088964,-5.5888963,-3.1688964,2.5111036,5.2211037,5.4611034,5.7011037,6.7611036,7.6011033,7.6711035,7.2811036,6.7411036,6.2911034,6.0611033,5.8211036,5.4211035,4.6911035,3.4011035,2.6811035,2.3511035,2.1411035,2.1211035,1.9911035,1.3011035,1.5911036,2.1611035,2.0211036
4.9911036,4.9011035,4.8911037,3.9211035,4.9411035,4.4211035,3.9411035,4.8311033,6.4311037,5.1111035,8.611103,10.041103,10.341104,9.581103,7.7611036,5.5111036,3.3711035,1.6211035,0.12110352,-1.1688964,-1.8788965,-2.4288964,-2.7988966,-3.3688965,-4.0188966,-4.8488965,-5.5788965,-6.1588964,-6.5788965,-7.0188966,-7.2188964,-6.7488966,-5.2688966,-2.2888966,2.5611036,2.7511034,2.6111035,2.8611035,4.1411037,5.3311033,6.3411036,6.6411037,6.3911037,5.8611035,5.2511034,4.8011036,4.6711035,4.5711036,4.3211036,3.4411035,2.6211035,2.4011035,2.6311035,2.4111035,2.3111036,2.0111036,1.5711036,0.6811035,0.9711035
2.7311034,2.8211036,3.2711036,3.6611035,3.3711035,3.2711036,5.4611034,7.3611035,6.3511033,2.3311036,7.9011035,8.021104,8.291103,7.2911034,5.8411036,4.1011033,2.0711036,0.54110354,-0.9388965,-2.1188965,-2.7488966,-3.1888964,-3.7288964,-4.3988967,-5.1188965,-5.7488966,-6.5788965,-7.2488966,-7.2988963,-7.0388966,-5.8888965,-4.0688963,0.8911035,1.1311035,0.3611035,-0.64889646,-1.9888965,-1.4388965,-0.6688965,0.86110353,1.3211036,2.5611036,5.3111033,6.6711035,6.8411036,6.3311033,5.7311034,5.5211034,5.2211037,4.4711037,3.9211035,3.4211035,2.6911035,2.2311034,1.9211035,1.5411035,1.1711035,0.9311035,0.44110352
1.2411035,3.4311035,6.4611034,6.0311036,6.5211034,7.7311034,7.8211036,8.191104,1.2911035,3.1711035,7.1011033,7.2011037,6.8611035,5.2811036,3.6811035,1.8211036,0.09110352,-1.0688965,-2.2188964,-3.4688964,-3.6588964,-4.1288967,-4.8388963,-6.2388964,-6.3588963,-6.9488964,-7.1388965,-6.7888966,-5.8188963,-4.9188967,-2.1588964,2.2311034,0.23110351,-1.3888965,-3.1388965,-5.2588964,-5.2388964,-6.1388965,-8.568896,5.1211033,16.421104,16.111103,12.031103,9.821103,8.701103,7.7811036,7.1711035,6.4811034,6.1611037,5.6611037,4.9411035,4.2111034,3.7211034,3.4011035,2.7911036,2.7211034,2.6711035,1.8011035,0.60110354
3.3211036,8.111103,6.2611036,4.4811034,5.8211036,7.2511034,6.7511034,1.2511035,1.8911035,2.3411036,2.5511036,3.0111036,5.8411036,3.1111035,1.2611035,-0.63889647,-1.5888965,-2.7888966,-3.9188964,-4.2988963,-4.1788964,-4.6788964,-5.3288965,-5.8088965,-5.8188963,-5.9088964,-5.2688966,-4.6888967,-3.2488966,0.18110351,2.1211035,-1.0488964,-2.9088964,-4.5288963,-6.4288964,-7.3688965,-9.168897,-6.4488964,8.911103,13.301104,14.371103,12.891104,11.701103,10.771104,9.821103,8.8811035,7.6311035,6.7211037,6.1511035,5.7511034,5.4011035,4.8411036,4.3211036,3.8111036,3.3211036,2.9411035,2.4811034,1.6511035,0.6411035
4.1111035,6.9211035,5.4511037,4.1211033,4.2311034,7.7111034,2.9311035,3.3711035,2.6911035,2.3811035,3.7311034,2.2811036,2.5911036,0.2611035,-1.2588965,-2.1288965,-3.0288966,-4.0388966,-3.9388964,-3.9388964,-4.2088966,-4.7188964,-4.4688964,-4.6288967,-4.4188967,-3.9288964,-3.7288964,-2.7188964,0.5211035,0.25110352,-2.4288964,-4.0888963,-5.4688964,-6.7288966,-7.6588964,-9.058896,-7.8588963,5.0111036,11.601104,12.371103,12.1311035,11.181104,11.301104,10.851104,9.431104,8.111103,6.5711036,5.3311033,4.2911034,3.6811035,4.0811033,4.5111036,4.4511037,4.2611036,3.8711035,3.3211036,2.6111035,1.5211035,0.46110353
2.9111035,5.0311036,3.7511034,4.1811037,2.3611035,5.1811037,3.4111035,3.2711036,3.4211035,3.1411035,1.9011035,2.1711035,-0.24889648,-2.2188964,-2.5988965,-3.2788966,-4.1788964,-4.7288966,-4.8188963,-4.8488965,-4.6388965,-4.1688967,-3.6788964,-3.9488964,-4.0188966,-4.1588964,-3.7688966,-0.9688965,-1.7188965,-3.7188964,-5.1188965,-6.2988963,-6.9188967,-8.288897,-9.638897,-7.7088966,2.1911035,10.011104,10.851104,11.021104,11.321103,11.1311035,10.751103,9.961103,8.691104,6.5311036,4.4911036,2.4211035,1.5511035,3.9011035,5.8811035,6.3311033,5.8611035,4.5711036,3.5811036,2.5611036,1.6611035,0.6811035,-0.4788965
2.2111034,2.5911036,1.7611035,3.5211036,0.9411035,1.2011036,2.0411036,3.4611034,2.8911035,2.0711036,0.9611035,-0.5688965,-2.4588964,-3.3688965,-3.9788964,-4.2888966,-4.6688967,-4.8388963,-4.6188965,-4.6488967,-4.6588964,-4.7288966,-4.7688966,-4.8988967,-5.1788964,-4.4588966,-3.6988964,-4.3188963,-5.1788964,-5.9488964,-7.3488965,-8.678897,-9.378897,-8.888897,-6.0988965,3.8011036,7.8111033,9.9211035,9.741103,9.591104,9.811104,10.301104,10.251103,8.981104,7.4811034,4.4611034,1.4211035,-0.7388965,-0.058896486,4.2211037,8.561104,7.8311033,5.8511033,3.9111035,2.1811035,1.2211035,0.5211035,-0.28889647,-0.88889647
1.0011035,1.6811035,1.4011035,1.4311035,1.6211035,0.6211035,2.1611035,2.5311036,1.0811036,-0.4888965,-1.7088965,-2.4188964,-3.1888964,-3.7388964,-4.1788964,-4.1788964,-4.1188965,-4.3188963,-3.9788964,-4.2388964,-4.2388964,-4.8488965,-5.6588964,-5.7688966,-5.2188964,-5.4188967,-5.9388967,-6.1688967,-6.7888966,-7.9488964,-8.978896,-9.038897,-8.018896,-1.6888965,2.7111034,4.5711036,7.5211034,8.191104,9.011104,8.551104,8.021104,7.8311033,8.341104,7.9611034,6.6111035,3.6711035,-0.6788965,-1.8488965,2.4711034,5.6311035,6.3211036,7.3611035,4.5411034,1.6811035,-0.15889649,-0.33889648,0.041103516,-1.2688965,-2.1088965
1.0311035,2.2311034,1.7311035,1.0911036,-0.40889648,-0.018896485,0.40110353,-0.8488965,-1.8588965,-2.9088964,-3.7688966,-4.2288966,-4.2088966,-4.1788964,-3.6388965,-3.5088966,-3.7588966,-3.3088965,-3.4988966,-3.9088964,-4.4088964,-5.4988966,-6.1088963,-6.0488963,-6.1288967,-6.4488964,-6.7588964,-7.5288963,-8.178897,-8.428897,-8.508897,-5.2788963,-0.25889647,0.5111035,3.2311034,5.7011037,6.2511034,6.9311037,7.9811034,7.7311034,7.1211033,7.6311035,6.9511037,6.6511035,5.9711037,3.8811035,1.1711035,0.4811035,2.0211036,3.4111035,4.3011036,5.0311036,1.4411035,-1.4288964,-2.8188965,-2.9088964,-2.6088965,-2.2888966,-2.3988965
0.41110352,0.18110351,-0.4588965,-1.3388965,-2.0888965,-1.9688965,-2.1788964,-2.8688965,-3.9188964,-5.0788965,-5.4388967,-5.0188966,-3.7288964,-3.2388964,-3.4988966,-3.7688966,-4.2088966,-5.0688963,-5.8188963,-5.8388963,-4.9788966,-5.3488965,-6.0588965,-6.2188964,-6.1888967,-6.1788964,-6.8688965,-6.8988967,-8.1188965,-7.2388964,-3.7688966,-1.4188964,-0.49889648,1.9711035,4.0611033,4.4711037,5.5111036,6.1211033,7.4411035,7.4011035,6.0511036,8.1311035,6.6711035,5.9111037,4.3911037,3.6711035,2.5911036,1.7011036,1.8711035,2.3811035,3.2811036,1.7311035,-2.3888965,-4.4788966,-6.3788967,-8.178897,-1.9388965,-0.5388965,-0.63889647
-0.9188965,-1.6088965,-2.1388965,-3.1088965,-2.7788966,-3.3388965,-3.8688965,-4.9688964,-6.2288966,-6.1188965,-4.1888967,-2.5188966,-2.9688964,-3.3088965,-4.3088965,-5.1988964,-6.7688966,-7.8088965,-6.6688967,-5.0088964,-5.5088964,-6.5688963,-6.7888966,-6.6688967,-6.6288967,-6.3288965,-5.8988967,-5.5488963,-4.8588963,-4.1388965,-3.1188965,-0.5988965,1.4111035,1.9911035,3.4311035,5.0811033,4.8611035,5.6911035,6.4711037,6.9911036,7.1211033,6.3211036,6.9911036,5.9511037,3.3511035,2.9411035,2.9311035,2.4911034,1.8511035,0.7211035,0.031103516,-2.3788965,-5.4088964,-7.2488966,-9.8288965,-10.128897,-4.5788965,-0.08889648,-1.2688965
-1.0888965,-1.9288964,-2.8988965,-3.2588966,-3.6188965,-4.5688963,-5.1788964,-6.2988963,-7.0788965,-6.6088963,-5.1288967,-3.4188964,-4.4288964,-4.4188967,-5.2788963,-6.6888967,-7.1688967,-5.9088964,-5.1388965,-4.3788967,-5.4988966,-6.6988964,-7.4488964,-7.2488966,-6.0388966,-5.4088964,-5.4088964,-5.0888963,-3.7688966,-1.8288965,-0.008896484,0.3511035,1.2111036,2.9511034,4.7411036,5.4011035,6.3611035,5.9911036,6.2311034,6.3411036,6.3511033,6.6111035,7.0211034,5.5111036,2.0511036,3.3011036,4.2111034,2.2111034,0.23110351,-1.0688965,-2.5288966,-5.1488967,-7.0988965,-8.838897,-10.168897,-8.1188965,-0.88889647,-0.3588965,-0.8188965
-1.7688965,-2.4388964,-3.0188966,-3.4888964,-4.3788967,-4.9588966,-5.9188967,-6.7088966,-7.2588964,-6.8488965,-5.6288967,-4.9088964,-5.9188967,-4.6688967,-5.2588964,-5.4188967,-5.8588963,-5.2488966,-5.2388964,-5.2688966,-4.8988967,-4.2988963,-4.1288967,-4.7088966,-5.7388964,-4.8188963,-4.1788964,-3.3988965,-0.13889648,0.23110351,1.2011036,2.2711036,3.6011035,5.1811037,5.0411034,6.8811035,6.4211035,5.8411036,6.6011033,5.2011037,6.9211035,7.2211037,6.3111033,4.9711037,1.3711035,3.5511036,2.6311035,0.6911035,-1.1488965,-3.1088965,-4.5388966,-6.2988963,-7.4888964,-8.488896,-8.398896,-5.9688964,-0.25889647,-1.0388964,-0.9088965
-2.0088966,-2.8588965,-4.2188964,-4.0788965,-4.5488963,-5.2988963,-6.0188966,-6.9488964,-7.3688965,-7.3888965,-6.5988965,-6.1088963,-6.2788963,-5.6988964,-3.8888965,-4.4188967,-4.6188965,-5.1788964,-5.3488965,-5.1888967,-4.2288966,-3.4188964,-4.8688965,-5.2088966,-4.6788964,-4.4788966,-3.7488966,-0.7388965,-1.4588965,-0.4188965,1.4011035,3.2011034,5.0011034,6.3211036,6.6811037,7.3611035,6.2811036,5.2711034,6.3911037,6.0711036,7.2011037,6.8211036,6.0111036,5.2711034,2.3211036,0.85110354,1.9511036,-0.7988965,-2.5888965,-4.0988965,-5.5288963,-6.4588966,-7.2488966,-7.6788964,-7.1788964,-5.1588964,0.0111035155,1.6111035,1.0311035
