raw-data/2018091800.json
{"header": { "discipline":0, "disciplineName":"Meteorological products", "gribEdition":2, "gribLength":74587, "center":7, "centerName":"US National Weather Service - NCEP(WMC)", "subcenter":0, "refTime":"2018-09-18T00:00:00.000Z", "significanceOfRT":1, "significanceOfRTName":"Start of forecast", "productStatus":0, "productStatusName":"Operational products", "productType":1, "productTypeName":"Forecast products", "productDefinitionTemplate":0, "productDefinitionTemplateName":"Analysis/forecast at horizontal level/layer at a point in time", "parameterCategory":2, "parameterCategoryName":"Momentum", "parameterNumber":2, "parameterNumberName":"U-component_of_wind", "parameterUnit":"m.s-1", "genProcessType":2, "genProcessTypeName":"Forecast", "forecastTime":0, "surface1Type":103, "surface1TypeName":"Specified height level above ground", "surface1Value":10.0, "surface2Type":255, "surface2TypeName":"Missing", "surface2Value":0.0, "gridDefinitionTemplate":0, "gridDefinitionTemplateName":"Latitude_Longitude", "numberPoints":65160, "shape":6, "shapeName":"Earth spherical with radius of 6,371,229.0 m", "gridUnits":"degrees", "resolution":48, "winds":"true", "scanMode":0, "nx":360, "ny":181, "basicAngle":0, "lo1":0.0, "la1":90.0, "lo2":359.0, "la2":-90.0, "dx":1.0, "dy":1.0 }, "data":
[rows 26 to 51 of 181, columns 285 to 341 of 360]
5.473552,2.9535522,0.58355224,1.6035522,0.7335522,2.2935522,2.6135523,1.5135522,1.7235522,2.5935524,2.6535523,3.4335523,3.0335522,1.4335523,0.44355226,-0.9664478,-0.75644773,-0.61644775,-0.5164478,-0.30644774,0.22355224,0.89355224,1.0635523,0.37355223,-3.0664477,-1.2664478,-5.1264477,-5.306448,-7.616448,-7.256448,-9.596448,-11.106448,-9.286448,-5.076448,1.1035522,-2.2564478,-7.0164475,-10.936448,-12.956448,-12.756448,-12.596448,-12.886448,-12.816448,-12.936448,-12.136448,-10.876448,-9.846448,-9.136448,-8.596448,-7.9764476,-8.246448,-8.836448,-7.0464478,-2.7664478,-1.0364478,-0.98644775,-1.0864477
4.4835525,6.943552,4.3135524,-2.2764478,0.22355224,1.0235523,-0.036447752,0.8535522,4.6235523,2.6035523,1.2335522,0.16355224,-0.116447754,-0.15644775,-0.7664478,-1.2664478,-1.2664478,-1.1764477,-1.0664477,-0.85644776,-0.30644774,0.49355224,0.5335522,1.4935522,1.0935522,-2.0764477,-7.7464476,-4.5464478,-6.6264477,-6.1264477,-11.186448,-8.966448,-1.6764477,-0.28644776,-2.3464477,-5.7464476,-13.196447,-12.466448,-12.806448,-12.036448,-11.316448,-9.786448,-7.846448,-6.7464476,-6.2464476,-5.576448,-4.8964477,-3.9064476,-3.2064478,-2.5664477,-1.8464477,-1.8364477,-2.5364478,-2.5564477,-1.6964477,-1.4464477,-1.6464478
1.5935522,1.9235523,5.533552,7.9335523,3.3635523,1.1835523,-0.036447752,0.14355224,0.12355225,1.4335523,3.1735523,1.4235523,0.69355226,-0.34644777,-0.61644775,-2.0164478,-2.9864478,-2.8964477,-2.1264477,-1.1264478,-0.026447754,1.1535523,1.9835522,2.4035523,2.8535523,2.7635522,-1.0964477,-2.9164476,-7.4764476,-9.396448,-9.196447,-5.826448,-1.7364478,0.71355224,-3.5964477,-11.426448,-11.506448,-11.036448,-9.126448,-7.7964478,-7.2464476,-6.656448,-6.4964476,-6.366448,-6.0164475,-5.736448,-5.3764477,-4.9164476,-4.4964476,-4.096448,-3.9464478,-3.7564478,-3.4164476,-2.9264479,-2.4064476,-1.0164478,0.34355223
0.70355225,-0.08644775,1.3735522,1.4235523,3.0235522,5.133552,5.2535524,4.1235523,2.5235522,2.7835522,2.6735523,2.5835524,1.7035522,0.68355227,0.27355224,-2.2064478,-3.9464478,-4.1664476,-4.006448,-3.5964477,-2.6264477,-1.1864477,0.52355224,1.4035523,1.4635522,1.8035523,3.5335522,3.6935523,0.9735522,-1.3964478,1.1135522,-3.7264478,1.5935522,-1.0564477,-0.61644775,-3.9264479,-2.2664478,-2.0664477,0.34355223,2.2635522,3.9435523,4.993552,5.7735524,6.3335524,6.553552,6.903552,7.7035522,8.193552,8.553553,9.063552,9.313552,9.373552,9.153552,8.733552,8.073552,6.743552,5.693552
1.9235523,0.7335522,0.82355225,1.9735522,0.64355224,-0.56644773,0.71355224,2.1035523,1.6335522,1.3935523,1.7235522,4.4335523,5.1635523,4.2035522,3.3235521,-0.13644776,-0.69644773,-2.7464478,-2.8964477,-2.7364478,-2.0264478,-1.1264478,-0.56644773,-0.32644776,-0.47644776,-1.2164477,-1.1964477,1.9035523,4.553552,3.3635523,1.3435522,1.3035523,0.65355223,-2.2364478,0.28355226,0.053552248,2.8035522,3.7335522,4.0235524,4.4135523,4.6235523,4.723552,4.7335525,4.823552,5.613552,6.3135524,6.743552,7.0835524,7.3335524,7.403552,7.4635525,7.2935524,7.033552,6.7335525,6.473552,6.3335524,6.243552
1.5535523,1.5835522,2.0235522,2.2935522,3.0935524,0.25355226,-0.85644776,0.15355225,0.13355225,-0.43644774,1.9335523,2.1035523,4.343552,7.1635523,7.8535523,8.073552,5.533552,2.8735523,-0.006447754,-0.18644775,-1.4664477,-1.6364478,-0.14644775,1.5035522,3.1435523,4.363552,0.6135523,-4.276448,-1.5864477,-0.5264478,-0.98644775,-5.306448,-3.2064478,-1.6364478,0.41355225,2.3135521,3.0235522,2.8535523,2.6535523,2.4235523,2.1735523,2.5335522,3.0735521,3.2235522,3.4635522,4.0035524,4.743552,5.303552,5.5835524,6.1635523,6.473552,6.363552,6.033552,5.823552,5.783552,5.5235524,5.0835524
0.5335522,0.7835522,0.7835522,1.7435522,2.5435522,3.3235521,1.3835522,0.58355224,0.38355225,0.6635522,1.8635522,4.013552,0.9135522,3.1135523,7.2135525,8.513553,9.963552,10.413552,10.053553,7.363552,4.743552,3.5135522,1.9435523,2.6835523,3.8835523,4.7135525,6.513552,5.4835525,-1.7064477,-1.9064478,-5.1464477,-5.236448,-3.5464478,-2.9764478,-2.8664477,-1.7064477,-0.67644775,-0.7064478,-0.16644776,0.17355224,1.0535523,1.6035522,1.3635522,1.3735522,0.20355225,-0.99644774,0.62355226,2.4835522,3.2935522,4.033552,4.593552,4.973552,4.633552,4.303552,3.9835522,3.8235521,3.5435522
-1.8364477,-0.9564478,-0.6364477,-0.06644776,0.57355225,1.2935523,2.2035522,2.4135523,1.7435522,1.9535522,1.9035523,3.7835522,3.3235521,0.37355223,2.3835523,6.0435524,7.6235523,9.053553,10.353552,11.663552,11.793552,7.403552,5.423552,4.2535524,4.7335525,5.673552,6.5035524,6.8135524,11.163552,11.853552,5.3335524,1.2035522,-1.5164478,-1.8464477,-1.9664477,-2.3264477,-4.5364475,-4.8164477,-3.6464477,-0.55644774,0.9135522,1.5735523,2.2235522,2.5935524,2.5635521,1.9235523,-0.67644775,-1.3264477,0.57355225,1.4635522,1.9635522,2.6535523,3.2235522,3.0135522,2.2135522,1.9935522,2.1935523
-2.9264479,-3.8764477,-2.4364479,-2.5864477,-1.5464478,-0.74644774,-0.22644776,0.22355224,1.3235523,1.7835523,2.4935522,2.8735523,3.8535523,5.883552,1.9335523,1.3035523,5.4535522,7.0035524,8.033552,9.743552,10.893552,10.903552,8.353552,5.473552,5.7735524,6.473552,6.7735524,7.0235524,8.023552,8.683552,9.153552,11.063552,12.993552,13.313552,12.343553,9.943552,6.823552,6.613552,7.8735523,4.263552,-2.8164477,-1.0264478,1.1535523,1.9335523,2.1235523,1.0635523,0.45355225,-3.0964477,-1.1864477,-0.30644774,-0.35644776,0.26355225,0.65355223,1.6135522,1.4135523,0.69355226,0.81355226
-3.7364478,-3.4964478,-6.826448,-3.3564477,-3.0164478,-3.7664478,-3.1064477,-1.4664477,-1.3764478,-0.06644776,0.6735523,0.013552246,1.9435523,2.5535522,5.0635524,3.0435522,2.0735521,4.5235524,6.113552,7.113552,8.753552,10.003552,11.143552,10.793552,8.143552,6.973552,6.993552,6.8935523,7.013552,7.3735523,7.9635525,8.873552,9.933552,10.993552,11.943552,12.353552,11.963552,11.333552,10.403552,9.313552,8.143552,5.7735524,2.4735522,1.0635523,4.013552,5.383552,4.2135525,3.3835523,-1.3964478,-0.75644773,-0.81644773,-0.53644776,-0.15644775,-0.39644775,-0.79644775,-0.90644777,-1.0864477
-4.3164477,-4.326448,-5.2964478,-4.386448,-4.0864477,-5.5464478,-4.8564477,-3.4764478,-4.1664476,-2.7364478,-2.6764479,-2.3064477,0.44355226,1.9835522,1.3835522,1.0935522,-0.6464478,0.63355225,3.8735523,5.383552,6.5035524,7.383552,8.243552,8.253552,5.943552,4.113552,3.9735522,4.1635523,4.493552,4.903552,5.653552,6.593552,7.5435524,8.703552,9.703552,10.333552,11.093553,11.273552,11.163552,11.113552,10.873552,9.803553,7.4135523,5.1835523,3.6635523,5.033552,4.883552,3.7735522,2.2135522,1.5635523,0.15355225,-1.4464477,-1.8764478,-2.9064476,-3.7764478,-4.256448,-4.5664477
-4.8564477,-4.5864477,-4.2864475,-3.6764479,-3.3864477,-2.8564477,-2.6864479,-1.8264477,-1.9964478,-3.4564478,-2.6964478,-0.9664478,0.56355226,0.5435522,0.46355224,-0.5164478,0.93355227,0.07355224,0.24355225,1.3435522,4.3135524,4.7135525,5.513552,5.943552,6.423552,7.0035524,7.673552,7.383552,7.2035522,7.343552,8.233552,8.863552,9.193552,9.253552,9.1735525,9.4235525,10.013553,10.723553,11.483552,11.183552,11.203552,11.093553,10.373552,8.303553,5.693552,5.3735523,5.6635523,5.263552,4.5235524,3.7235522,-0.13644776,-2.6264477,-4.216448,-5.5164475,-6.5164475,-6.406448,-6.616448
-4.466448,-5.9164476,-7.276448,-7.2264476,-7.0464478,-5.5364475,-5.2264476,-5.866448,-4.0364475,-3.9264479,-2.4164476,-2.3664477,-1.4664477,-0.61644775,-0.8364478,-1.2564478,-0.29644775,-0.31644776,-0.46644774,-0.46644774,0.45355225,2.1335523,3.2535522,4.6435523,5.923552,7.263552,7.783552,7.423552,7.673552,6.403552,4.2935524,3.8735523,4.593552,6.3735523,7.613552,8.153552,9.123552,9.943552,10.873552,11.243552,11.283552,11.113552,10.603552,9.313552,6.3735523,5.4135523,5.7035522,5.633552,5.0235524,6.153552,4.2935524,0.68355227,-5.276448,-4.386448,-5.256448,-3.1164477,-1.5364478
-3.7464478,-4.176448,-5.0464478,-6.8364477,-6.3564477,-6.026448,-5.446448,-8.266448,-6.5164475,-5.7464476,-4.0864477,-4.2464476,-3.0164478,-1.3964478,-1.3464477,-0.9664478,-2.7364478,-3.9764478,-5.4964476,-2.1064477,-3.2064478,0.043552246,2.4935522,3.8535523,4.6835523,5.0235524,5.823552,6.113552,7.9135523,8.823552,7.5635524,8.503552,8.933552,7.6635523,7.783552,8.223553,8.503552,9.103552,9.973553,10.4235525,11.193552,11.163552,10.743552,9.403552,7.763552,6.763552,7.173552,6.7035522,5.743552,5.9835525,8.003552,13.693552,13.953552,11.783552,11.093553,9.993552,8.563552
0.013552246,-0.42644775,0.75355226,0.21355225,-3.5964477,-5.3764477,-4.716448,-4.736448,-6.0664477,-11.396448,-10.636448,-8.666448,-8.086448,-5.156448,-4.6064477,-5.3964477,-6.596448,-6.1264477,-1.4164478,-4.2264476,-5.846448,-3.1964478,-0.81644773,0.18355225,0.95355225,1.6935523,3.0535522,4.3135524,4.7335525,7.613552,9.263553,2.8335524,6.1835523,8.473553,7.903552,7.553552,7.493552,8.183552,8.763553,9.273552,10.243552,11.103552,11.623552,10.473553,8.443552,8.9235525,9.113552,9.903552,10.863552,10.773552,10.873552,11.6735525,12.183552,12.253552,11.793552,10.073552,8.533552
3.6135523,3.7535522,2.5735521,2.4435523,1.7435522,-4.506448,-4.556448,-12.216448,-5.866448,-1.9864478,-3.9464478,-9.716448,-9.926448,-8.236447,-9.176448,-9.136448,-7.556448,-4.1064477,-4.4364476,-2.6264477,-1.9264477,-1.5164478,-3.2264478,-1.7164477,-0.036447752,2.2435522,5.3135524,8.783552,12.203552,13.913552,12.823552,12.853552,3.4735522,5.4635525,7.923552,8.4235525,8.733552,9.133553,9.573552,9.333552,9.583552,10.793552,12.703552,13.413552,10.043552,9.573552,9.713552,9.663552,10.053553,10.473553,10.543552,10.533552,10.523552,10.263553,9.743552,8.663552,7.223552
2.8235521,2.4935522,2.2735522,2.5635521,4.513552,-2.1664476,-1.3464477,2.3335524,1.0135522,-9.026447,-7.3364477,-8.526447,-9.456448,-9.186448,-9.176448,-7.3564477,-2.4264479,-5.1664476,-8.226448,-7.216448,-6.9764476,-3.7564478,-3.7864478,-2.9064476,-1.1864477,0.90355223,3.4135523,5.7935524,7.923552,9.063552,9.453552,9.753552,8.433552,5.363552,7.153552,8.823552,10.093553,10.553553,10.633553,10.9235525,11.543552,12.853552,13.733552,11.553553,9.363552,8.823552,8.9235525,9.453552,10.143552,10.543552,10.353552,9.873552,9.493552,9.373552,9.543552,9.303553,9.513553
1.7735523,2.7535522,2.2235522,2.3635523,3.5735521,3.1935523,2.4535522,2.2135522,2.0135522,2.8735523,-0.046447754,1.8535522,5.6035523,6.093552,2.6635523,0.8535522,0.57355225,1.9635522,5.513552,8.133553,8.743552,8.643552,8.753552,11.483552,10.573552,9.303553,8.853552,8.093553,7.3335524,8.183552,9.203552,8.433552,8.6735525,9.993552,7.723552,7.8935523,9.253552,10.683552,12.153552,13.203552,13.613552,13.823552,13.333552,9.993552,6.1035523,6.403552,7.113552,8.163552,9.373552,10.233552,10.623552,10.773552,10.793552,10.723553,10.683552,10.213552,10.623552
0.99355227,3.0435522,3.5335522,1.8035523,2.1235523,1.7735523,1.1335522,1.9035523,1.4835522,1.1235522,2.5535522,4.9535522,6.2735524,6.3935523,1.3235523,2.1235523,7.473552,9.083552,9.893552,10.133553,10.623552,10.773552,10.9235525,10.883553,10.293552,9.4235525,8.893552,8.623552,8.563552,8.463552,10.233552,11.113552,10.213552,9.1735525,8.693552,8.6735525,9.093553,9.873552,10.573552,11.383553,11.983552,12.363552,12.873552,13.443552,12.873552,11.533552,9.643552,8.083552,8.783552,10.163552,10.513553,11.013553,10.983552,10.583552,10.463552,10.773552,8.813552
1.6635523,1.3335522,0.80355227,1.1735523,2.3235521,1.6835523,0.033552244,0.84355223,1.9935522,4.4135523,2.8635523,1.0835522,1.3835522,5.2935524,8.813552,8.713552,8.883553,9.193552,9.153552,9.083552,9.413552,9.543552,9.213552,8.743552,8.033552,7.073552,7.093552,7.743552,9.833552,8.863552,10.1735525,10.573552,9.223553,8.563552,7.863552,7.113552,7.9135523,8.843553,9.653552,10.063552,10.373552,10.953552,11.583552,12.403552,12.973553,12.703552,11.813552,10.363552,8.573552,8.433552,9.113552,9.243552,9.343553,10.333552,10.103552,8.813552,8.6735525
0.0035522461,0.9135522,0.84355223,0.013552246,1.5935522,2.6235523,4.823552,4.263552,3.4435523,0.76355225,1.9135523,8.863552,9.193552,9.033552,8.283552,7.8735523,8.253552,8.223553,8.093553,8.803553,8.103552,8.083552,8.123552,6.863552,5.653552,5.263552,5.533552,7.9335523,8.1735525,8.783552,9.123552,9.523552,8.563552,7.0835524,6.2035522,5.743552,6.2035522,7.263552,7.9535522,8.323552,8.793552,9.4235525,10.083552,10.593553,10.873552,10.853552,10.413552,9.383553,8.263553,7.903552,8.463552,9.1735525,10.023552,8.853552,8.413552,8.043552,8.523552
-0.55644774,0.15355225,0.81355226,1.4835522,1.2135522,4.423552,5.763552,4.7335525,4.693552,4.3535523,4.653552,5.1835523,7.7935524,8.053553,8.353552,8.603552,7.6835523,7.2735524,7.4335523,6.533552,8.243552,8.973553,8.313552,6.0235524,4.6635523,4.2135525,4.5835524,5.0435524,7.403552,8.203552,8.543552,7.8135524,7.323552,6.013552,5.223552,5.4135523,5.5835524,6.0635524,6.8335524,7.073552,7.173552,7.423552,7.8935523,8.4235525,8.863552,9.033552,8.613552,8.353552,8.783552,9.083552,9.023552,8.533552,8.163552,7.3135524,7.493552,7.823552,7.553552
-2.4164476,0.053552248,0.58355224,0.65355223,0.8535522,3.4735522,4.5835524,4.5235524,4.5235524,4.5635524,6.443552,5.7735524,6.3735523,5.153552,7.2735524,8.123552,8.143552,8.123552,8.283552,8.123552,7.9335523,7.7335525,7.2735524,6.7335525,4.513552,3.1735523,4.5435524,6.4835525,7.2935524,7.2935524,7.2935524,7.1835523,6.303552,5.3335524,4.9135523,5.4835525,5.423552,5.153552,5.5235524,5.993552,5.803552,5.9135523,6.223552,6.513552,6.633552,7.113552,7.6235523,8.053553,7.8935523,7.9835525,8.1735525,7.553552,6.763552,6.553552,6.803552,6.613552,6.263552
-2.2964478,-1.2264477,-0.90644777,0.62355226,1.8435522,3.2935522,2.9835522,2.8335524,3.2535522,5.2935524,5.2135525,5.633552,5.673552,5.3935523,6.073552,6.2135525,6.493552,6.4835525,6.1635523,6.4635525,6.383552,6.2735524,6.013552,5.8735523,5.783552,5.323552,2.9635522,3.0235522,6.0235524,5.9535522,6.4635525,6.843552,6.803552,3.6735523,2.5535522,3.0535522,3.0735521,3.0735521,3.4535522,3.6535523,3.9735522,4.2335525,4.823552,6.1635523,7.093552,7.1235523,6.883552,7.2535524,7.383552,7.113552,6.6235523,5.8935523,5.4535522,5.493552,5.4635525,5.8135524,5.5235524
-2.1064477,-1.8564477,-1.7764478,-0.78644776,0.64355224,1.1835523,0.29355225,-0.12644775,-0.116447754,0.80355227,2.2735522,3.5635521,3.7535522,3.7535522,4.0035524,3.6735523,3.8835523,4.0235524,3.4835522,4.093552,5.693552,5.8535523,4.823552,4.4635525,5.2135525,5.363552,4.7935524,3.8835523,3.4735522,4.343552,4.9135523,4.883552,5.093552,5.7335525,6.243552,6.4635525,6.2935524,6.323552,6.2535524,6.0235524,6.1235523,6.2935524,6.3135524,6.3935523,5.7335525,7.1835523,7.053552,6.193552,5.5635524,5.173552,4.8535523,4.553552,4.343552,4.3135524,3.1835523,2.8535523,2.9135523
-1.9764477,-1.5364478,-0.49644774,0.30355224,0.9835522,-0.53644776,-1.7064477,-1.8764478,-1.1564478,-0.6464478,0.20355225,-0.28644776,1.1035522,1.5535523,1.5835522,2.2235522,2.4735522,1.8535522,1.8535522,2.8135521,3.5635521,4.6435523,5.033552,3.9835522,3.5535522,3.7935522,3.5435522,3.7235522,3.1535523,2.8535523,3.9035523,4.723552,4.323552,4.1035523,4.1235523,4.363552,4.653552,4.843552,4.973552,4.923552,5.093552,5.2535524,5.8535523,5.783552,4.943552,4.7035522,4.3335524,3.9035523,3.0935524,2.5435522,1.7135522,1.3935523,0.15355225,1.6535523,1.5135522,-0.31644776,0.25355226
