raw-data/2018091712.json
{"header": { "discipline":0, "disciplineName":"Meteorological products", "gribEdition":2, "gribLength":74331, "center":7, "centerName":"US National Weather Service - NCEP(WMC)", "subcenter":0, "refTime":"2018-09-17T12:00:00.000Z", "significanceOfRT":1, "significanceOfRTName":"Start of forecast", "productStatus":0, "productStatusName":"Operational products", "productType":1, "productTypeName":"Forecast products", "productDefinitionTemplate":0, "productDefinitionTemplateName":"Analysis/forecast at horizontal level/layer at a point in time", "parameterCategory":2, "parameterCategoryName":"Momentum", "parameterNumber":3, "parameterNumberName":"V-component_of_wind", "parameterUnit":"m.s-1", "genProcessType":2, "genProcessTypeName":"Forecast", "forecastTime":0, "surface1Type":103, "surface1TypeName":"Specified height level above ground", "surface1Value":10.0, "surface2Type":255, "surface2TypeName":"Missing", "surface2Value":0.0, "gridDefinitionTemplate":0, "gridDefinitionTemplateName":"Latitude_Longitude", "numberPoints":65160, "shape":6, "shapeName":"Earth spherical with radius of 6,371,229.0 m", "gridUnits":"degrees", "resolution":48, "winds":"true", "scanMode":0, "nx":360, "ny":181, "basicAngle":0, "lo1":0.0, "la1":90.0, "lo2":359.0, "la2":-90.0, "dx":1.0, "dy":1.0 }, "data":
[rows 78 to 103 of 181, columns 236 to 294 of 360]
0.2892163,-0.64078367,-1.3407837,-1.0307837,-0.83078367,2.0692163,4.3692164,5.9892163,6.8292165,7.839216,7.899216,7.7192163,7.3292165,7.1592164,7.0492163,5.919216,5.419216,4.2192163,3.7892163,2.1592164,-0.4307837,-2.9907837,-3.5507836,-2.0307837,-2.1207838,-2.6207838,-1.7507837,-1.6907837,-2.0807836,-2.2007837,-2.4607837,-2.1807837,-1.3207837,0.05921631,0.8392163,0.3192163,1.1392163,-0.2207837,-0.5707837,-1.8407837,-0.58078367,-1.7107837,-1.0407836,-1.3907837,-2.3907838,-2.5807836,-1.7507837,-1.4307837,-1.5507836,-1.9307837,-1.6307837,-0.31078368,0.2892163,-0.15078369,1.9892163,1.4592164,0.27921632,0.6292163,-0.10078369
1.3392164,1.4792163,1.6492163,1.6492163,3.1792164,4.7892165,5.839216,6.8092165,8.279217,8.419216,8.519217,8.249216,8.109217,7.7992163,7.0792165,6.3892164,5.4692163,4.7892165,3.6892164,1.9392163,-0.09078369,-1.0707837,-2.7507837,-2.6207838,-2.2807837,-2.3407836,-2.0407836,-1.7607837,-2.5707836,-1.8207837,-1.7007837,-2.2107837,-1.3307837,-0.4007837,0.66921633,0.7092163,-0.15078369,-0.7907837,-1.5607837,1.5892164,0.029216308,-0.8607837,-0.70078367,-2.0907836,-3.4807837,-3.3507836,-2.7907836,-2.2707837,-2.7107837,-5.620784,0.2292163,0.5292163,-0.8807837,1.0792164,1.6392163,0.5792163,1.1892163,0.9392163,0.8792163
3.9092164,3.6892164,4.3092165,5.249216,5.459216,6.0592165,7.419216,8.389216,9.619216,9.739216,8.779217,7.8692164,7.2992163,6.709216,6.5492163,6.3492165,5.6992164,5.1192164,4.0792165,3.0492163,2.3992164,0.019216308,-3.2807837,-2.6807837,-2.5507836,-2.1307838,-0.15078369,-0.8407837,-2.6707838,-0.8707837,-1.0407836,-0.6707837,0.33921632,0.9992163,1.2692163,1.3292164,1.3692163,-0.5107837,-1.4307837,-0.05078369,0.79921633,1.8392164,-0.2707837,-0.83078367,-0.95078367,-0.3507837,-1.5407836,-1.5907837,-2.9207838,-0.44078368,-0.5407837,-0.23078369,-0.6507837,1.3092163,1.0292163,0.4292163,-0.3907837,-1.1507837,-0.31078368
7.3492165,6.5492163,6.9292164,7.3692164,7.629216,8.579216,9.449216,9.839216,9.539216,8.859217,8.469216,7.899216,7.2992163,6.5392165,5.939216,5.729216,5.4092164,4.9092164,3.9692163,2.4892163,1.2492163,0.9692163,0.029216308,-1.6907837,-2.7507837,-2.4607837,-0.9407837,-0.2707837,-0.18078369,-1.5607837,-1.3007836,0.7692163,1.8192163,2.6692164,2.7092164,2.5392163,1.5292163,1.2792163,0.1692163,0.8992163,2.7492163,-0.44078368,2.5192163,1.3492163,0.4092163,-1.1407837,0.17921631,-0.5907837,1.2692163,1.3592163,0.3292163,0.07921631,1.6992164,1.9892163,-0.41078368,-0.080783695,-0.24078369,-0.9907837,-0.77078366
8.529217,8.459216,8.299216,8.219216,8.459216,8.999216,9.169216,9.139216,8.849216,8.529217,7.609216,6.0192165,5.229216,5.459216,5.4692163,5.0592165,5.3492165,4.6192164,3.1892164,1.8792163,1.0692163,0.5792163,0.9392163,-0.23078369,-0.11078369,-0.8107837,-0.8207837,-0.77078366,-0.3507837,-0.3307837,0.2192163,1.2292163,1.9792163,3.1092162,3.4592164,3.0692163,2.8092163,2.3492162,3.1192162,2.8692162,2.3292162,-0.9307837,0.8092163,0.6992163,-2.1607838,-1.3907837,0.43921632,-7.836914E-4,0.4492163,0.7192163,0.3292163,0.8392163,0.60921633,-1.0307837,-2.7507837,-1.2407837,-0.47078368,-1.0107837,-0.24078369
7.419216,7.419216,7.2692165,7.3292165,7.5392165,7.839216,8.329216,8.259216,8.399217,7.7992163,6.5792165,6.4492164,6.709216,6.7592163,6.689216,5.939216,5.609216,4.5292163,3.1592164,1.6592163,1.0692163,1.9292163,2.6992164,3.7892163,2.3092163,0.6892163,0.05921631,-0.3407837,-0.5007837,0.12921631,0.66921633,1.3792163,2.3592162,3.2492163,6.0092163,6.7392163,6.979216,7.3092165,5.859216,4.5992165,3.7292163,1.7992163,1.4792163,-0.6307837,-0.5507837,0.4292163,-1.8907837,0.2292163,-0.4307837,1.1292163,0.4792163,-0.1907837,-0.6807837,-1.3007836,-2.8007836,-2.5707836,-3.0407836,-0.5607837,1.7792163
6.3092165,6.419216,6.3692164,6.209216,6.5492163,7.2892165,7.459216,7.919216,7.729216,6.8492165,6.899216,7.0192165,7.2592163,6.089216,5.8292165,5.8492165,5.2792163,3.8492162,2.5892162,3.9492164,5.499216,5.6192164,5.2992163,4.499216,4.2792163,3.9392164,4.3892164,3.9892163,3.7592163,2.6592164,3.2292163,4.6792164,6.8092165,7.3192163,8.349216,8.289216,7.6592164,7.169216,5.899216,6.0692163,4.9492164,4.109216,3.0892162,1.9892163,0.27921632,-0.6807837,-2.0207837,-0.15078369,0.46921632,-0.010783691,0.8192163,1.1392163,-0.5307837,-1.9307837,-1.4407837,-3.0007837,-0.4807837,1.0492163,0.7392163
6.209216,5.6792164,5.5092163,5.6192164,6.189216,6.7992163,7.1192164,6.8692164,6.4692163,6.4492164,6.5392165,7.2392163,6.379216,5.939216,4.6592164,4.1592164,4.5092163,4.609216,5.959216,7.169216,7.8292165,7.959216,7.2192163,6.5192165,6.5492163,6.8892164,7.499216,7.109216,6.9292164,6.1392164,6.5692163,7.1392164,8.279217,8.769217,8.319217,8.299216,7.959216,7.3492165,7.109216,6.5392165,6.0592165,5.1592164,4.169216,2.4292164,0.4192163,-0.77078366,-1.9307837,-0.47078368,-0.11078369,0.05921631,0.7092163,-1.4907837,-1.2307837,-1.5907837,-1.4207836,-0.9707837,-0.1907837,-0.2907837,-0.10078369
5.6592164,5.2392163,4.919216,4.879216,5.2892165,5.6992164,5.9892163,6.0192165,5.959216,6.0992165,6.399216,6.2592163,5.859216,5.1792164,4.4892163,5.7392163,6.0392165,6.8292165,7.899216,8.169216,8.219216,8.069217,8.089216,7.8092165,7.8892164,8.129216,8.209216,8.419216,8.8092165,8.989216,8.759216,8.529217,8.339216,8.679216,8.789216,7.8892164,7.9492164,7.8292165,7.2392163,7.1992164,6.689216,6.5792165,4.7392163,3.1992164,1.2992163,-0.4907837,-2.0807836,0.4092163,1.5492163,-0.38078368,-0.2707837,-0.24078369,-1.7707837,-1.0607837,-0.28078368,-0.2707837,-0.15078369,-1.0007837,-0.9307837
5.1392164,4.6192164,4.5092163,4.189216,4.3492165,4.7392163,5.339216,5.3892164,5.5592165,5.709216,5.459216,5.0692163,4.7992163,4.4692163,4.379216,4.7692165,6.089216,7.189216,7.9092164,8.009216,7.6592164,7.5592165,8.119216,8.479217,8.349216,8.299216,8.589216,8.709216,8.749216,8.939217,8.739216,8.189217,8.019217,7.9692163,7.5592165,7.399216,7.5692163,8.119216,8.179216,7.209216,6.879216,6.5592165,6.1792164,5.249216,3.5992162,1.2992163,2.5592163,0.8992163,-0.28078368,0.1692163,0.12921631,-0.9807837,-0.6607837,-0.10078369,-0.11078369,-0.3707837,-0.6107837,-0.5607837,-0.23078369
4.5192165,4.359216,4.0192165,3.9492164,4.0292163,4.1392164,4.6192164,4.689216,4.979216,4.899216,4.5692163,4.499216,4.1792164,3.5592163,4.379216,5.0092163,5.7892165,5.439216,4.7192163,4.8492165,6.0392165,7.109216,7.879216,8.049216,7.5792165,7.9892163,8.359217,8.759216,8.439217,8.339216,8.209216,8.449216,6.6792164,7.4692163,7.8692164,7.419216,7.4892163,7.2892165,7.419216,7.479216,6.8492165,6.499216,6.089216,5.5592165,5.0292163,4.359216,0.9692163,0.1992163,0.06921631,-0.64078367,-0.52078366,-0.8507837,-0.5007837,-0.5107837,-0.77078366,-0.8407837,-0.5107837,-0.58078367,-0.15078369
3.8092163,3.6692164,3.4792163,3.4592164,3.3492162,3.2992163,3.6692164,3.9992163,4.2892165,4.3092165,3.5392163,3.5992162,3.3392162,3.6692164,3.7792163,4.2692165,3.8492162,3.9192164,4.0692163,4.0792165,4.149216,4.899216,5.9892163,6.8692164,8.079216,7.2692165,6.419216,6.5292163,6.7692165,7.2692165,7.249216,7.4892163,4.7592163,6.8892164,7.249216,7.6592164,7.499216,7.359216,7.129216,6.5692163,6.7792163,6.1592164,5.419216,4.9492164,4.439216,0.7392163,1.2692163,-0.6507837,-0.6307837,-0.4807837,-0.95078367,0.019216308,-0.89078367,-0.7107837,-0.77078366,-0.7807837,-0.7107837,-0.8407837,0.009216309
3.2092164,3.1392164,3.1392164,2.9292164,2.7992163,2.5392163,2.6592164,3.3092163,3.2592163,3.4492164,3.3692162,2.5392163,2.9192164,2.2292163,1.9392163,2.8092163,3.3392162,3.6592164,3.8192163,3.7392163,3.2392163,3.0092163,3.0592163,3.1292162,3.1692164,3.8892164,4.209216,4.8892164,5.379216,5.6392164,5.899216,5.8492165,6.729216,6.339216,6.999216,7.959216,7.439216,7.7992163,7.4492164,7.5092163,7.7692165,7.339216,6.2792163,4.8892164,0.9592163,-0.24078369,0.6492163,-0.5007837,-0.5507837,-0.3707837,-0.4807837,-0.1707837,-0.77078366,-0.7107837,-0.8407837,-0.8407837,-0.8607837,-0.6507837,-0.7307837
2.3092163,2.8892164,3.0392163,2.9892163,2.5492163,2.4292164,2.2692163,2.2492163,2.5392163,2.0992162,2.6492164,2.5992162,2.0992162,2.8492162,3.1192162,2.3592162,3.3792162,3.8092163,4.0092163,3.8392162,3.4492164,3.1892164,3.4492164,3.3192163,3.7792163,4.149216,4.1592164,4.2192163,4.709216,4.939216,4.999216,6.0792165,6.0692163,4.499216,7.1392164,7.1792164,7.229216,7.3192163,7.5492163,7.7392163,7.8692164,7.669216,6.649216,5.4492164,-0.9207837,0.6592163,-0.3707837,0.1992163,-0.11078369,-0.6307837,-0.4907837,-0.1407837,-0.5607837,-0.64078367,-0.28078368,-0.080783695,-0.6307837,-0.5907837,-0.8707837
2.2992163,2.3892164,2.5792162,2.8792162,2.5092163,2.3192163,2.1492164,1.8592163,1.9992163,2.1992164,1.7192163,2.2392163,2.2192163,1.7392163,2.3192163,2.9792163,3.1292162,3.5592163,3.9192164,3.9392164,3.6192162,3.5092163,4.0692163,4.5592165,4.609216,4.9292164,4.8492165,4.979216,5.4692163,5.5392165,6.0492163,6.1392164,6.6392164,6.7592163,6.999216,7.2592163,7.0692163,6.609216,6.7592163,6.9892163,7.2592163,7.1592164,6.5492163,2.8292162,1.1392163,-0.7107837,-0.15078369,0.019216308,0.009216309,0.3592163,0.09921631,-0.4907837,-0.5107837,-0.4207837,-0.080783695,-0.24078369,0.10921631,0.06921631,0.66921633
1.8592163,2.4492164,2.7792163,2.6492164,2.7092164,2.2692163,2.0292163,2.0992162,1.8292164,1.9592164,1.9792163,1.5892164,1.7692163,1.9192163,1.8592163,1.9892163,2.2792163,2.4492164,2.8992164,3.0592163,3.4992163,4.689216,5.2592163,5.1992164,5.4892163,5.5092163,5.7692165,5.8092165,5.6792164,6.1792164,6.5992165,6.7792163,7.3292165,7.709216,7.7792163,7.7592163,7.2592163,6.9892163,6.589216,6.9292164,7.4292164,7.9692163,8.599216,4.839216,-2.6507838,-0.1607837,-0.38078368,0.20921631,0.2492163,0.3192163,0.03921631,0.3592163,-0.09078369,-0.10078369,-0.3607837,-0.4007837,-0.20078368,-0.010783691,0.3192163
1.2492163,1.8792163,2.0692163,2.1492164,2.3692162,2.2092164,2.1692164,2.1892164,1.9792163,1.9192163,1.9092163,1.8192163,1.3992163,0.9592163,0.8792163,1.4792163,1.8692163,2.3292162,2.6292162,3.3892164,4.0292163,4.5692163,4.5492163,4.839216,5.0692163,5.2692165,5.5092163,5.7192163,5.7692165,6.0592165,6.379216,6.359216,6.8692164,7.3692164,7.0592165,6.9092164,6.709216,6.5592165,6.5692163,6.749216,6.879216,8.159216,9.949216,2.6892164,0.7892163,-0.03078369,0.2292163,0.10921631,0.1692163,-0.1707837,0.049216308,0.4192163,0.09921631,0.2292163,0.15921631,-0.09078369,-0.15078369,-0.18078369,-0.11078369
2.8492162,2.0492163,2.2192163,1.8192163,1.7692163,2.1592164,2.1392164,1.8592163,1.7292163,1.6892163,1.6792163,1.6492163,1.6092163,1.6292163,1.2592163,1.1692163,1.6992164,2.4592164,3.1392164,3.3992164,3.4892163,4.149216,4.5092163,5.1392164,5.149216,5.2592163,5.5692163,5.7692165,6.0192165,6.109216,6.249216,6.229216,6.379216,6.1392164,6.189216,6.399216,6.1192164,5.999216,6.0192165,6.149216,5.609216,6.0592165,6.8492165,4.4692163,-0.24078369,-0.3407837,0.6592163,-0.120783694,-0.3207837,-0.040783692,-0.120783694,0.18921632,0.05921631,-0.11078369,-0.25078368,-7.836914E-4,-0.1907837,-0.1707837,0.009216309
2.4592164,2.3592162,2.0892162,2.1392164,1.9292163,1.4392163,1.4292163,1.6992164,1.6692163,1.5392163,1.5392163,1.3792163,1.1092163,1.0092163,1.2792163,1.4692163,1.3792163,1.6992164,2.6392164,3.4192164,3.7292163,3.4292164,3.9592164,4.3692164,4.999216,5.0392165,5.2192163,5.7592163,6.1192164,6.129216,6.1192164,5.8492165,5.7392163,5.499216,5.7392163,5.689216,5.8092165,5.6792164,5.649216,5.7892165,5.6992164,5.7892165,5.749216,5.5292163,2.5092163,0.14921631,0.43921632,0.08921631,0.2292163,-0.15078369,0.2292163,-0.10078369,0.03921631,0.17921631,0.14921631,-0.24078369,-0.15078369,0.3292163,0.3892163
2.1492164,2.3092163,2.2692163,2.0092163,1.6992164,1.8592163,1.5692163,1.5392163,1.4092163,1.2892163,1.0692163,0.9092163,0.7592163,0.8392163,1.0292163,1.0292163,1.3292164,1.4892163,1.9692163,2.6292162,2.8392162,3.1092162,3.2592163,3.2692163,4.0492163,4.5692163,4.709216,4.939216,5.2992163,5.669216,5.6992164,5.9092164,5.8892164,6.169216,5.609216,5.689216,5.859216,5.879216,5.7192163,5.7392163,5.4892163,5.9092164,6.2192163,5.0492163,5.2592163,0.08921631,-1.4207836,-0.5307837,-0.25078368,-0.1607837,-0.2207837,-0.4207837,-0.3507837,0.009216309,-0.09078369,-0.2707837,-0.20078368,0.14921631,0.6192163
1.9692163,1.9292163,1.8092163,1.8792163,2.2892163,2.0492163,1.8492163,1.8292164,1.7692163,1.7292163,1.5892164,1.0892164,0.9692163,0.6292163,0.33921632,0.3792163,1.0092163,1.5892164,1.8292164,2.2092164,2.5692163,2.6492164,2.6192162,2.4792163,2.8892164,3.5492163,3.9592164,4.379216,4.5492163,4.7692165,4.999216,5.0992165,5.609216,5.3692164,5.2592163,5.5592165,5.7392163,5.7992163,5.7592163,5.5792165,5.6392164,6.2392163,7.0292163,7.1192164,5.5492163,1.9592164,0.3992163,0.2192163,0.2192163,0.12921631,-0.6307837,-0.6307837,-0.4807837,-0.5407837,-0.4607837,-0.6307837,-0.23078369,-0.11078369,0.05921631
1.8992163,1.6792163,1.5992163,1.4192163,2.1292162,2.2392163,1.8392164,1.6592163,1.0692163,0.9292163,0.97921634,0.91921633,0.9392163,0.6992163,0.5292163,0.5192163,0.7192163,0.79921633,1.2192163,1.4292163,1.6492163,1.8592163,2.0492163,2.2792163,2.4792163,2.5892162,3.0292163,3.6392164,3.9992163,4.089216,4.459216,4.8492165,4.939216,5.1592164,5.2392163,5.3892164,5.379216,5.7792163,5.7992163,5.8192163,5.9292164,6.669216,6.7792163,7.0092163,7.2992163,6.999216,-2.1107836,-0.4507837,-0.20078368,0.2892163,-0.120783694,-0.1407837,-0.47078368,-0.7307837,-0.8507837,-0.89078367,-0.9807837,-0.5507837,-0.4507837
1.4892163,1.5792164,1.7292163,1.9792163,1.5592163,1.5592163,1.1292163,0.79921633,0.6992163,0.6592163,0.54921633,0.36921632,0.5192163,1.0092163,1.2392163,1.1592163,0.97921634,0.8492163,0.8492163,1.1092163,1.2292163,1.5492163,1.7592163,2.0392163,2.2092164,2.4992163,2.7892163,2.9392164,3.3192163,3.7992163,4.0592165,4.209216,4.3292165,4.6392164,4.879216,5.0792165,5.2992163,5.4692163,5.859216,6.149216,6.2792163,6.649216,7.0792165,7.2892165,7.4692163,7.4292164,0.49921632,-1.4707837,1.2492163,0.019216308,0.08921631,0.36921632,-0.4207837,-1.0307837,-0.8507837,-0.8507837,-1.6207837,-1.1407837,-0.6007837
0.9592163,1.0292163,1.7892163,1.9892163,1.5892164,1.6392163,1.4392163,1.0892164,0.9992163,1.0892164,1.3192163,1.5692163,1.7392163,2.2792163,2.2092164,1.6192163,1.0092163,0.9892163,0.72921634,0.9592163,1.2192163,1.2892163,1.4892163,1.6092163,2.0492163,2.3892164,2.7192163,2.8792162,2.8992164,3.3992164,3.7192163,3.8692162,4.0792165,4.3192163,4.859216,5.0592165,5.3092165,5.5592165,5.7792163,5.899216,6.5192165,6.7392163,7.0592165,7.2592163,7.479216,7.339216,7.2392163,-1.0907837,-1.1707836,0.97921634,0.14921631,-0.9307837,-0.4207837,-1.1807837,-1.3907837,-1.6407837,-1.3607837,-1.4607837,-1.3407837
0.5992163,1.1892163,1.2792163,0.6792163,0.72921634,1.2992163,1.9092163,1.4192163,1.1692163,1.4792163,2.1192162,2.4992163,2.2992163,1.9992163,1.6592163,1.6192163,1.3492163,1.1692163,0.9892163,1.0192163,0.9592163,1.1892163,1.3992163,1.7192163,2.0792162,2.4092164,2.6292162,2.7292163,2.9292164,2.8692162,3.4492164,3.7392163,3.9692163,4.249216,4.5292163,4.8292165,5.2692165,5.4492164,5.669216,5.9492164,6.2192163,6.7792163,7.0092163,7.2692165,7.2592163,7.0692163,6.5292163,2.4792163,1.1992164,-0.6707837,0.09921631,0.10921631,-0.05078369,-0.4207837,-1.0807837,-1.5607837,-1.6907837,-1.9907837,-1.7307837
0.009216309,0.2492163,-0.15078369,0.2892163,0.79921633,0.9292163,1.7892163,2.1592164,1.7792163,1.4492164,1.1592163,1.0992163,1.3692163,1.6092163,1.5192163,1.1692163,1.1892163,1.2892163,1.3292164,1.2192163,1.2592163,1.1592163,1.0892164,1.1592163,1.4692163,1.7992163,2.1292162,2.3692162,2.6592164,2.9292164,3.2592163,3.3292162,3.8492162,4.1792164,4.3192163,4.6192164,4.9692163,5.109216,5.5292163,5.859216,6.129216,6.5692163,7.0192165,7.169216,7.0992165,6.9892163,6.5392165,6.339216,-1.2907836,-0.06078369,0.8692163,1.0192163,0.23921631,0.5592163,-0.080783695,-0.70078367,-2.4107838,-2.9107838,-3.9307837
