raw-data/2018100806.json
{"header": { "discipline":0, "disciplineName":"Meteorological products", "gribEdition":2, "gribLength":74936, "center":7, "centerName":"US National Weather Service - NCEP(WMC)", "subcenter":0, "refTime":"2018-10-08T06:00:00.000Z", "significanceOfRT":1, "significanceOfRTName":"Start of forecast", "productStatus":0, "productStatusName":"Operational products", "productType":1, "productTypeName":"Forecast products", "productDefinitionTemplate":0, "productDefinitionTemplateName":"Analysis/forecast at horizontal level/layer at a point in time", "parameterCategory":2, "parameterCategoryName":"Momentum", "parameterNumber":2, "parameterNumberName":"U-component_of_wind", "parameterUnit":"m.s-1", "genProcessType":2, "genProcessTypeName":"Forecast", "forecastTime":0, "surface1Type":103, "surface1TypeName":"Specified height level above ground", "surface1Value":10.0, "surface2Type":255, "surface2TypeName":"Missing", "surface2Value":0.0, "gridDefinitionTemplate":0, "gridDefinitionTemplateName":"Latitude_Longitude", "numberPoints":65160, "shape":6, "shapeName":"Earth spherical with radius of 6,371,229.0 m", "gridUnits":"degrees", "resolution":48, "winds":"true", "scanMode":0, "nx":360, "ny":181, "basicAngle":0, "lo1":0.0, "la1":90.0, "lo2":359.0, "la2":-90.0, "dx":1.0, "dy":1.0 }, "data":
[rows 75 to 99 of 181, columns 285 to 341 of 360]
-3.9038477,-4.5838475,-5.6038475,-6.0038476,-6.3738475,-6.6238475,-7.1538477,-7.2538476,-7.3738475,-7.203848,-7.5038476,-7.8138475,-8.033848,-7.3138475,-7.3538475,-7.5038476,-7.2138476,-7.0438476,-6.8338475,-6.783848,-6.3838477,-5.953848,-5.6738477,-5.4238477,-5.6938477,-5.8138475,-6.283848,-6.0938478,-5.723848,-6.6138477,-7.4138474,-7.9038477,-8.253848,-8.8538475,-8.383847,-8.483848,-8.053847,-8.453848,-8.1038475,-7.4238477,-7.4638476,-7.5638475,-7.0038476,-7.0638475,-6.803848,-6.803848,-5.9238477,-5.953848,-6.033848,-6.6038475,-5.4038477,-2.6038477,-2.8638477,-0.8038477,0.8261523,2.3661523,3.7661524
-3.6938477,-4.743848,-5.9838476,-6.3638477,-7.1438475,-7.5038476,-7.6838474,-7.6138477,-7.8438478,-8.063848,-8.163848,-7.803848,-8.023848,-8.223847,-5.9338474,-7.6338477,-7.4438477,-6.8738475,-7.3338475,-7.0438476,-7.0638475,-6.5938478,-6.3438478,-5.993848,-5.723848,-5.4838476,-5.743848,-5.513848,-5.3638477,-5.573848,-6.323848,-7.4338474,-8.003848,-8.433847,-8.623848,-8.543848,-9.173847,-8.833848,-8.213848,-7.0238476,-7.0438476,-6.8738475,-6.473848,-6.743848,-6.3138475,-6.283848,-5.9838476,-5.9838476,-5.6538477,-5.6638474,-5.9438477,-4.6138477,-2.9338477,-0.96384764,1.1461524,3.0061524,3.8461523
-4.053848,-5.263848,-6.6138477,-6.8638477,-7.5638475,-8.593847,-7.9838476,-7.8738475,-7.6138477,-7.5238476,-7.203848,-7.0638475,-7.3538475,-7.3738475,-7.2938476,-7.7138476,-7.4038477,-7.0438476,-6.9138474,-7.2338476,-7.0038476,-6.7738476,-6.573848,-6.073848,-6.053848,-6.1838474,-5.5838475,-5.033848,-4.5438476,-4.5038476,-4.5938478,-5.1738477,-5.823848,-6.4338474,-6.6038475,-5.243848,-8.063848,-8.543848,-6.8438478,-6.513848,-6.3538475,-5.9338474,-5.7338476,-5.973848,-5.8338475,-5.6138477,-5.7338476,-6.0838475,-6.4238477,-6.9638476,-6.4038477,-5.7938476,-4.4038477,-2.3938477,-0.46384767,1.4961524,2.7161524
-3.5738478,-4.9638476,-5.6938477,-4.0838475,-7.8638477,-7.303848,-8.783848,-8.523848,-7.8538475,-7.1038475,-6.9038477,-6.3538475,-6.513848,-7.6938477,-7.7538476,-7.243848,-7.013848,-7.1638474,-6.7938476,-6.4438477,-7.0038476,-6.743848,-6.9338474,-7.203848,-6.6838474,-6.013848,-4.9238477,-4.0638475,-3.5138476,-2.9238477,-3.0138476,-2.1138477,-1.1238476,-1.9138477,-0.52384764,-1.3738476,-2.5938478,-4.783848,-6.0238476,-5.4238477,-5.2938476,-4.8438478,-5.0238476,-5.3438478,-5.3738475,-5.303848,-5.5638475,-6.763848,-7.6838474,-8.3538475,-8.083848,-7.2338476,-5.7538476,-3.7938476,-2.0538476,0.22615235,1.7461524
-1.7138476,-1.4038477,0.35615236,0.66615236,-4.303848,-3.2138476,-0.35384765,-9.613848,-7.8338475,-5.0938478,-5.6038475,-4.6538477,-4.3738475,-5.3738475,-6.5938478,-6.5238476,-6.1738477,-6.573848,-5.223848,-6.033848,-6.033848,-6.4838476,-6.3538475,-6.073848,-5.6038475,-5.1238475,-3.8838477,-2.7838476,-1.3438476,-0.6038477,-1.0738477,-0.0038476563,1.1161523,3.4461524,4.3661523,3.0561523,3.4961524,-0.52384764,-4.223848,-3.7838476,-4.1038475,-3.8538477,-3.6638477,-4.8938475,-4.9138474,-4.9138474,-5.763848,-7.5238476,-8.213848,-8.273848,-7.533848,-6.1238475,-4.4838476,-2.4538476,-0.9138477,0.43615234,1.4661523
1.0861523,0.056152344,-0.95384765,1.4061524,-1.6838477,-1.5338477,-0.33384764,0.06615234,-0.39384764,0.5761523,-0.71384764,-0.90384763,0.19615234,-4.9238477,-6.1938477,-5.723848,-5.1938477,-4.6538477,-4.5238476,-4.1438475,-5.0638475,-4.533848,-4.3538475,-3.9938476,-4.6838474,-3.4338477,-2.0838478,-0.74384767,0.56615233,1.8561523,2.2361524,2.3561523,3.6461523,5.446152,4.756152,3.4961524,3.5161524,0.7761524,-1.6938477,-2.9938476,-2.2138476,-2.0238476,-3.2238476,-3.6038477,-4.2738476,-3.5638475,-3.6238477,-6.453848,-8.723847,-6.9438477,-3.9138477,-3.8138475,-2.3638477,-0.47384766,1.0661523,2.2461524,3.1861525
0.7061523,0.90615237,0.9461523,2.1061523,-0.31384766,0.78615236,0.37615234,-0.8538477,-1.5738477,-1.3138477,-1.2038476,-2.9938476,-1.9338477,-0.94384766,-1.3438476,-6.0938478,-5.263848,-4.743848,-4.1738477,-3.6438477,-3.6538477,-3.1138477,-2.2038476,-0.8538477,-2.8438478,-3.6738477,-2.4938476,-1.0838476,0.18615234,2.1661522,2.9261522,3.4961524,4.0661526,3.7861524,4.0361524,2.4061522,1.9561523,1.9961524,-0.45384765,-1.6538477,-1.8738476,-1.2338476,-1.2338476,-2.4238477,-2.8238478,-1.9638476,-1.4638476,-3.0438476,-3.7438476,-3.3338478,-1.0238477,1.2461524,1.8861524,3.0461524,2.5161524,2.3961523,2.8361523
0.54615235,1.0561523,0.016152345,-1.2038476,0.6461523,0.056152344,-0.20384766,-0.77384764,-0.82384765,-2.6238477,-1.9738476,-2.5138476,-1.6538477,-1.3138477,-0.59384763,-0.7938477,-4.3638477,-4.8438478,-4.6738477,-4.3338475,-4.4038477,-4.2138476,-3.8038476,-3.3838477,-3.0838478,-2.8738477,-2.2338476,-1.6638477,-0.44384766,1.3161523,1.9961524,1.7261523,1.7961524,2.0461524,1.8461523,1.3461523,0.66615236,0.98615235,0.68615234,-1.6738477,-0.48384765,-0.8038477,-0.023847656,-0.7238476,-1.1138476,-0.28384766,-0.10384765,-0.44384766,-0.93384767,0.61615235,2.0161524,3.9561524,4.1861525,3.1061523,2.8361523,3.0761523,3.3061523
0.96615237,-0.19384766,-0.76384765,1.1761523,0.66615236,-0.96384764,-0.20384766,-1.2838477,-1.5338477,0.28615233,0.15615234,0.026152344,-1.3338476,-0.69384766,-0.81384766,-0.22384766,-0.8038477,-4.763848,-4.743848,-4.9838476,-5.2738476,-5.283848,-4.723848,-4.3338475,-4.1638474,-3.6638477,-2.8738477,-2.2038476,-1.2638477,-0.19384766,-0.38384765,-0.11384766,0.22615235,0.54615235,0.34615234,-0.56384766,-0.7338477,-0.27384767,0.40615234,0.15615234,-0.123847656,1.1161523,0.5161523,0.46615234,1.4561523,1.8361523,3.1561522,3.7561524,3.3861523,4.216152,2.4661524,3.0461524,3.6061523,2.3461523,2.5261524,3.1261523,3.7861524
1.1061523,-1.0538477,-1.1638477,1.3361523,0.99615234,-0.49384767,-0.123847656,-2.1238477,-1.0438477,-0.17384766,0.92615235,-0.14384766,-0.65384763,-0.6138477,-0.123847656,0.036152344,0.116152346,-0.42384765,-3.3938477,-4.823848,-3.6038477,-6.1038475,-5.973848,-5.323848,-4.8838477,-4.3738475,-3.9738476,-3.2338476,-2.7138476,-2.1838477,-1.5838476,-1.3438476,-1.1438477,-0.71384764,-1.0538477,-1.7138476,-2.0938478,-1.3638476,-0.44384766,0.72615236,1.8861524,0.056152344,1.0161524,2.4261522,2.7961524,3.1961524,4.1461525,4.2861524,3.2261524,2.4661524,2.5561523,2.0061524,1.9661523,0.98615235,1.9461523,2.6261523,4.0361524
1.1961523,-1.2538476,0.7661523,0.60615236,0.16615234,-0.07384766,-0.053847656,-0.95384765,-0.6638477,-0.7238476,0.23615235,0.036152344,-0.5538477,-0.093847655,-0.9138477,-1.2838477,0.96615237,0.18615234,-1.0038476,-0.8638477,-1.8938477,-0.9138477,-0.47384766,-6.2738476,-5.6338477,-5.053848,-4.6138477,-4.1838474,-3.6838477,-3.2538476,-3.1738477,-2.8238478,-2.1138477,-1.6638477,-2.0538476,-1.6638477,-1.8638476,-2.7838476,-1.2838477,0.18615234,0.56615233,0.32615235,0.98615235,2.2361524,1.8861524,1.9561523,2.1461523,1.7261523,1.5161524,1.2061523,0.86615235,0.93615234,0.40615234,0.80615234,1.3661523,1.8561523,2.1961524
0.25615233,1.7961524,0.8961523,0.24615234,-0.47384766,-0.19384766,0.036152344,-0.123847656,-0.71384764,-0.34384766,-0.34384766,0.66615236,0.046152342,-0.18384765,-1.0338477,-0.78384763,-0.49384767,-0.41384766,-1.0338477,0.016152345,-1.1138476,-0.9138477,-0.9838477,-0.8538477,-5.533848,-5.5938478,-5.1738477,-4.823848,-4.5238476,-4.4138474,-4.3538475,-4.1238475,-3.8538477,-3.8738477,-3.7738476,-3.3438478,-2.7738476,-3.5738478,-2.1438477,-0.30384767,-0.34384766,-0.28384766,-0.31384766,-0.093847655,0.25615233,0.20615235,0.18615234,0.68615234,-0.19384766,-0.56384766,-0.46384767,-0.64384764,-0.39384764,0.17615235,0.39615235,0.98615235,1.0561523
-0.5438477,-1.3738476,1.1761523,-0.42384765,-0.13384765,0.016152345,-0.31384766,0.53615236,0.5861523,-0.21384765,-0.37384766,-0.14384766,0.62615234,-0.093847655,-0.06384765,-2.7638476,-0.7238476,-0.24384765,-0.7338477,-0.35384765,-0.78384763,-0.56384766,-1.4238477,-0.99384767,-2.0338476,-6.1238475,-5.9238477,-5.453848,-5.203848,-4.9338474,-4.723848,-4.7138476,-4.3938475,-5.573848,-4.9638476,-4.5638475,-4.4138474,-4.243848,-3.2838476,-2.2738476,-1.2238476,-1.7538476,-1.2438476,-1.5638477,-1.1638477,-0.94384766,-0.30384767,-0.30384767,-1.5638477,-1.8438476,-1.3538476,-1.8338476,-1.2038476,-0.8038477,-0.14384766,0.20615235,-0.49384767
0.6461523,0.56615233,0.28615233,-0.27384767,-0.25384766,-0.48384765,-0.19384766,0.54615235,0.40615234,0.33615234,-0.78384763,-0.49384767,-0.18384765,-0.043847658,-0.49384767,-0.64384764,-0.76384765,-0.07384766,-0.8638477,-1.6038476,-0.81384766,-0.5438477,-1.1938477,-1.1738477,-0.36384764,-6.573848,-6.2738476,-5.7138476,-5.553848,-5.453848,-5.3638477,-5.9138474,-6.6138477,-6.6538477,-6.223848,-5.6538477,-5.4838476,-5.073848,-4.3738475,-3.6238477,-2.9038477,-2.4938476,-2.3138475,-2.0338476,-1.7838477,-1.5138477,-1.6038476,-1.8238477,-1.8538476,-2.8438478,-2.3938477,-2.3338478,-1.2238476,-1.5638477,-0.7338477,-0.43384767,-0.88384765
0.48615235,-0.23384766,-0.52384764,0.10615234,-0.69384766,-0.23384766,-0.06384765,0.16615234,0.35615236,-1.2738477,-0.58384764,-0.0038476563,-0.40384766,0.32615235,-0.7338477,-0.43384767,-0.27384767,-0.46384767,-0.62384766,-0.7938477,-0.8638477,-0.88384765,-2.0638475,-1.2138476,-1.0238477,-4.0938478,-6.263848,-5.703848,-5.7538476,-5.7738476,-6.1238475,-7.1038475,-7.6838474,-7.9238477,-7.1738477,-6.6438475,-6.573848,-5.993848,-5.2538476,-4.743848,-4.2138476,-3.5338476,-2.7638476,-2.3738477,-2.4938476,-2.8438478,-2.4538476,-3.0638475,-2.9738476,-3.2038476,-3.0538476,-2.8238478,-1.5138477,-1.3938477,-1.6938477,-1.3638476,-1.1438477
0.79615235,-0.07384766,0.046152342,0.116152346,-0.40384766,-0.56384766,-0.20384766,-0.033847656,0.15615234,-0.6638477,0.26615235,0.45615235,-0.77384764,-0.053847656,-0.41384766,-0.26384765,-0.06384765,-0.95384765,-0.6638477,-0.93384767,-1.0338477,-0.81384766,-1.0438477,-0.71384764,-4.0838475,-3.2238476,-6.2738476,-5.8638477,-5.993848,-6.6638474,-6.9838476,-7.6038475,-8.813848,-8.773848,-8.523848,-8.163848,-7.6738477,-6.7738476,-5.763848,-5.6438475,-5.203848,-3.9938476,-3.4038477,-3.2138476,-3.1538477,-3.7338476,-3.5538476,-3.7938476,-4.1338477,-3.7038476,-3.2238476,-2.7938476,-2.2338476,-1.8538476,-2.4838476,-2.7138476,-2.0238476
0.23615235,0.6361523,0.27615234,-0.15384765,0.016152345,-0.14384766,-0.43384767,-0.093847655,0.22615235,0.23615235,-0.17384766,0.036152344,-0.69384766,0.116152346,0.056152344,0.15615234,-0.24384765,-1.0738477,-1.3138477,-1.1238476,-0.78384763,-1.3038477,-1.3238477,-0.88384765,-1.1538477,-0.83384764,-1.1838477,-0.7938477,-0.89384764,-6.3938475,-6.953848,-7.203848,-8.963848,-9.563848,-9.593847,-9.343847,-9.063848,-7.6838474,-6.473848,-6.203848,-5.1638474,-4.0638475,-4.0238476,-4.073848,-4.073848,-4.4338474,-4.4638476,-4.9638476,-4.743848,-4.3338475,-4.0038476,-3.4238477,-3.3138475,-2.9038477,-3.3438478,-3.4438477,-2.7038476
0.41615236,0.68615234,0.31615233,-0.11384766,-0.19384766,0.15615234,0.44615233,-0.44384766,0.43615234,0.6961523,-0.20384766,-0.40384766,-0.62384766,-0.38384765,-0.08384766,0.06615234,-0.42384765,-1.1638477,-0.65384763,-1.1838477,-2.0738478,-1.9238477,-1.1838477,-1.0238477,-0.81384766,-1.1238476,-1.1838477,-0.62384766,-1.1338477,-0.84384763,-0.6638477,-7.1338477,-8.003848,-11.093847,-10.463848,-10.413848,-9.553847,-9.123848,-7.6738477,-6.473848,-5.223848,-4.6638474,-5.0038476,-5.243848,-5.1638474,-4.8938475,-5.1438475,-5.5038476,-5.1638474,-4.8938475,-4.703848,-4.6638474,-4.573848,-3.9038477,-3.8338478,-3.6838477,-2.9938476
0.25615233,0.49615234,0.27615234,0.13615234,0.36615235,0.5261524,0.50615233,-0.29384765,0.54615235,0.47615233,-0.34384766,-0.70384765,-0.49384767,-0.06384765,-0.33384764,-0.013847657,-0.58384764,-1.1438477,-0.9838477,-0.9738476,-0.99384767,-0.89384764,-1.1238476,-0.94384766,-0.70384765,-0.46384767,-0.8638477,-0.6038477,-0.51384765,-0.44384766,-0.013847657,-0.51384765,-1.1638477,-2.6538477,-5.0938478,-5.223848,-10.413848,-9.533848,-8.393847,-6.533848,-5.723848,-5.453848,-5.9438477,-6.1138477,-5.5038476,-5.0938478,-5.823848,-6.2938476,-6.1538477,-5.8838477,-4.9038477,-5.033848,-5.053848,-4.4638476,-3.5338476,-3.5438476,-3.7238476
0.44615233,0.5861523,0.29615235,0.22615235,0.37615234,0.22615235,0.39615235,0.19615234,0.23615235,0.21615234,-0.39384764,-0.19384766,-0.6638477,0.016152345,-0.29384765,-0.68384767,-0.5438477,-0.65384763,-1.1838477,-0.9238477,-0.9738476,-0.70384765,-0.75384766,-0.68384767,-0.71384764,0.036152344,-0.47384766,-0.31384766,-0.38384765,-0.35384765,-0.21384765,-0.27384767,-0.093847655,-0.16384766,-5.803848,-4.453848,-2.5438476,-9.583848,-9.063848,-6.973848,-6.1438475,-6.1438475,-6.573848,-6.4438477,-5.803848,-5.7538476,-6.2138476,-6.6638474,-6.5638475,-5.9438477,-5.0238476,-5.2738476,-5.3138475,-5.1938477,-4.4338474,-4.203848,-4.1138477
0.12615234,0.48615235,-0.06384765,0.25615233,0.20615235,0.38615236,0.55615234,0.29615235,0.07615235,-0.41384766,0.33615234,-0.24384765,-0.65384763,-0.40384766,-0.8038477,-0.44384766,-0.7338477,-1.0038476,-0.87384766,-1.1038476,-1.0038476,-0.69384766,-0.46384767,-0.07384766,-0.64384764,0.29615235,-0.33384764,-0.29384765,0.25615233,-0.08384766,-0.123847656,0.37615234,0.66615236,0.22615235,-5.0238476,-4.6038475,-3.6138477,-2.6838477,-6.2338476,-5.0638475,-6.2538476,-6.0438476,-6.6938477,-6.3638477,-6.2938476,-6.053848,-6.2938476,-6.8438478,-6.4338474,-6.2738476,-5.7538476,-5.763848,-5.7338476,-5.533848,-5.053848,-4.8138475,-4.1638474
0.17615235,0.18615234,0.016152345,-0.013847657,0.13615234,0.31615233,0.056152344,0.16615234,0.116152346,-0.29384765,0.41615236,0.27615234,-0.69384766,-0.13384765,-0.76384765,-0.8038477,-0.69384766,-0.94384766,-0.9738476,-0.70384765,-1.0538477,-0.95384765,-0.36384764,0.026152344,-0.06384765,0.8961523,0.19615234,0.62615234,0.27615234,0.23615235,0.24615234,0.15615234,0.14615235,-0.88384765,-5.1638474,-4.5838475,-2.8638477,-4.473848,-3.3538477,-2.2938476,-5.493848,-5.973848,-6.7338476,-7.073848,-6.2738476,-7.223848,-6.973848,-6.6938477,-7.1938477,-6.953848,-6.3438478,-6.3338475,-6.3138475,-5.553848,-5.1938477,-5.033848,-4.6838474
0.18615234,-0.16384766,0.19615234,0.5861523,0.026152344,0.13615234,0.046152342,0.046152342,0.22615235,0.62615234,0.056152344,0.55615234,-0.83384764,-0.37384766,-0.23384766,-0.70384765,-0.45384765,-1.4938476,-1.1038476,-0.33384764,-0.023847656,-0.71384764,-0.25384766,0.23615235,0.53615236,1.3861524,-0.043847658,0.8361523,0.72615236,0.33615234,-0.44384766,-0.023847656,-0.9838477,-3.8938477,-3.5838478,-1.6738477,-1.0338477,-1.9738476,-6.6038475,-3.0238476,-1.8538476,-5.783848,-6.6038475,-7.513848,-7.1038475,-7.1138477,-7.6938477,-7.5438476,-7.4838476,-7.303848,-6.953848,-6.6538477,-6.1438475,-5.7738476,-5.453848,-5.4138474,-5.2738476
1.1061523,-0.31384766,0.07615235,0.44615233,0.17615235,0.036152344,0.38615236,0.26615235,0.5261524,0.33615234,0.68615234,0.81615233,-0.71384764,-0.31384766,-0.013847657,-0.75384766,-0.24384765,-1.1538477,-1.8338476,-0.48384765,-0.18384765,-0.14384766,0.116152346,0.15615234,0.9461523,2.0261524,-0.5438477,-0.24384765,0.06615234,1.8061523,-0.50384766,-1.3338476,-2.5838478,-4.203848,-5.3338475,-3.2638476,-4.5038476,-3.5338476,-2.4938476,-1.2338476,-1.3838477,-6.1938477,-6.763848,-7.283848,-7.6038475,-7.6938477,-7.743848,-8.083848,-7.7138476,-7.3838477,-7.223848,-6.953848,-6.5838475,-6.2938476,-6.1738477,-5.8338475,-5.5638475
0.50615233,1.1361524,0.056152344,0.056152344,0.27615234,-0.0038476563,0.31615233,0.49615234,0.7661523,0.41615236,0.6961523,0.34615234,-0.44384766,-0.39384764,-0.27384767,-0.88384765,0.116152346,-1.1038476,-0.7338477,-1.1038476,-0.21384765,0.72615236,0.29615235,0.07615235,1.0161524,1.1961523,1.3861524,-1.0938476,-0.20384766,-0.053847656,-1.5338477,-3.1338477,-4.1138477,-6.1638474,-7.5638475,-6.6538477,-6.9438477,-2.8838477,-2.0638475,-0.90384763,-5.3338475,-6.2738476,-6.7738476,-7.0938478,-7.5938478,-8.033848,-8.123848,-8.133847,-7.8538475,-7.6538477,-7.3838477,-7.1038475,-6.9138474,-6.6738477,-6.5238476,-6.4138474,-6.2538476
