raw-data/2018101000.json
{"header": { "discipline":0, "disciplineName":"Meteorological products", "gribEdition":2, "gribLength":74867, "center":7, "centerName":"US National Weather Service - NCEP(WMC)", "subcenter":0, "refTime":"2018-10-10T00:00:00.000Z", "significanceOfRT":1, "significanceOfRTName":"Start of forecast", "productStatus":0, "productStatusName":"Operational products", "productType":1, "productTypeName":"Forecast products", "productDefinitionTemplate":0, "productDefinitionTemplateName":"Analysis/forecast at horizontal level/layer at a point in time", "parameterCategory":2, "parameterCategoryName":"Momentum", "parameterNumber":3, "parameterNumberName":"V-component_of_wind", "parameterUnit":"m.s-1", "genProcessType":2, "genProcessTypeName":"Forecast", "forecastTime":0, "surface1Type":103, "surface1TypeName":"Specified height level above ground", "surface1Value":10.0, "surface2Type":255, "surface2TypeName":"Missing", "surface2Value":0.0, "gridDefinitionTemplate":0, "gridDefinitionTemplateName":"Latitude_Longitude", "numberPoints":65160, "shape":6, "shapeName":"Earth spherical with radius of 6,371,229.0 m", "gridUnits":"degrees", "resolution":48, "winds":"true", "scanMode":0, "nx":360, "ny":181, "basicAngle":0, "lo1":0.0, "la1":90.0, "lo2":359.0, "la2":-90.0, "dx":1.0, "dy":1.0 }, "data":
[rows 78 to 103 of 181, columns 0 to 58 of 360]
2.7830493,2.5630493,1.9930493,3.0730493,3.8930492,3.1030493,3.7930493,4.163049,2.7930493,2.5630493,1.6730493,3.8130493,3.5930493,1.8830494,1.7630494,2.4530494,2.0230494,1.7530494,1.8130493,0.43304932,-0.056950685,-1.1369507,-0.8169507,-1.4769506,-3.3969507,-5.0769506,-2.3069506,0.103049316,-0.12695068,2.8530493,2.8030493,1.4830493,2.6930494,3.2630494,2.9030492,2.8430493,0.66304934,1.8230493,0.2530493,0.23304932,-0.5069507,0.8930493,1.6630493,0.39304933,0.5230493,-0.9769507,-1.4269507,-2.8869507,-3.0269506,-2.2469506,-4.1169505,-2.4169507,4.533049,2.3630493,1.1230493,1.7830493,0.6830493,1.1730493,5.2930493
2.7830493,2.0930493,1.5130494,1.6830493,2.2830493,1.7630494,1.0530493,1.6830493,1.3830494,1.1530493,2.4530494,3.0830493,2.4230492,2.4030492,0.073049314,0.6530493,1.7130493,1.3530493,-0.28695068,0.78304935,1.4930493,0.67304933,-0.32695067,0.36304933,-0.08695068,2.3930492,0.78304935,1.2830493,1.9930493,1.7830493,1.3930494,1.2430493,0.8630493,1.9130493,0.73304933,1.5330493,1.5630493,0.11304931,1.2930493,-0.47695068,0.79304934,0.053049315,0.12304932,-0.6869507,-1.9369507,-2.8069506,-2.3269508,-0.5969507,2.0230494,3.1030493,0.66304934,1.3930494,5.5030494,4.2530494,3.0730493,3.0130494,3.6630492,4.243049,6.0630493
2.2330494,1.3730493,1.5830493,2.4730494,1.9330493,2.4730494,1.2230493,0.85304934,1.7930493,0.7430493,1.9430493,4.663049,1.1730493,0.2930493,0.72304934,3.9430494,1.7930493,1.3430493,1.5930493,1.1130493,1.4430493,1.8930494,2.0230494,1.8730493,2.1930494,2.3030493,3.5630493,2.4030492,2.8630493,2.1730492,1.0530493,-0.82695067,-0.23695068,0.37304932,0.5130493,2.1130493,0.8030493,1.2630494,-1.3569506,1.2630494,-1.3969507,-0.28695068,0.46304932,1.5930493,0.8230493,0.2930493,1.7530494,-0.106950685,1.5730493,-1.5369507,2.6230493,5.7930493,7.263049,5.6030493,4.8730493,5.1530495,5.1430492,5.933049,6.9230494
1.5830493,1.3130493,1.3130493,1.6430494,2.1430492,2.1830492,1.8630493,1.4830493,-0.0069506834,-1.2569507,2.3630493,1.3630493,1.4330493,1.1330494,0.98304933,0.06304932,2.9730494,3.0530493,0.97304934,1.7830493,3.2830493,2.5330493,2.9730494,2.5730493,2.6330492,2.3230493,1.0530493,2.4030492,1.9630493,0.39304933,-1.5969507,-1.3269507,0.043049317,1.4930493,-0.19695069,0.98304933,0.6130493,-1.0769507,0.7530493,-1.6569507,0.103049316,0.7130493,1.1230493,2.4530494,1.9730493,2.6330492,4.3130493,3.2730494,2.7630494,3.8430493,4.0830493,8.49305,6.2730494,5.6030493,5.953049,6.263049,7.0930495,6.9230494,7.033049
2.2230494,1.0130494,1.4730493,1.3830494,1.6130493,2.1730492,2.3030493,1.3030493,0.9030493,1.0930493,1.6130493,1.5330493,0.5230493,1.2730494,1.9730493,2.0630493,3.1530492,2.4130492,2.6230493,2.7930493,2.5530493,1.7930493,1.6830493,1.9730493,1.4930493,1.4430493,2.6130493,2.8430493,2.0330493,2.1830492,1.7730494,0.6230493,0.023049317,0.5930493,0.4130493,0.13304931,0.33304933,0.8630493,1.1230493,0.17304932,0.13304931,0.2630493,-0.23695068,2.1530492,2.3530493,2.3230493,5.1930494,6.783049,7.053049,8.273049,7.3430495,6.5830493,6.1430492,6.6330495,6.8730493,6.683049,6.6930494,6.913049,7.1430492
1.7030493,0.46304932,1.0830493,0.53304935,0.0030493164,-0.21695068,0.24304932,1.3330493,1.6530493,3.3330493,0.79304934,0.23304932,-1.4269507,-0.83695066,-1.7869507,0.72304934,1.7230493,2.9230492,3.5130494,3.2730494,2.4030492,1.6330494,1.1730493,1.1430494,1.1130493,1.2330493,1.5330493,0.4130493,0.6430493,1.1330494,0.6930493,0.7530493,1.3530493,-0.2969507,1.5030494,1.0330493,-1.4369507,-0.6869507,0.15304932,0.4130493,0.073049314,2.9230492,3.4330492,2.9830494,4.683049,6.553049,8.133049,8.633049,7.8130493,6.4430494,8.8630495,7.8630495,7.9430494,7.6730494,6.9030495,6.3730493,6.263049,6.223049,5.743049
0.9530493,2.1930494,3.3930492,2.7930493,2.9930494,1.1930493,0.5130493,0.8830493,1.2330493,-0.016950684,-0.7869507,-0.5469507,-0.16695069,-0.38695067,0.39304933,0.37304932,0.8330493,2.3430493,1.6630493,1.1530493,2.0030494,1.5130494,0.7430493,0.9930493,0.7730493,1.2530494,0.5230493,0.92304933,0.92304933,1.1530493,0.9630493,1.0130494,1.5730493,0.5930493,0.8330493,1.0630493,-1.2969507,0.31304932,1.7130493,-0.83695066,-0.3669507,1.1530493,6.4430494,7.7530494,6.3930492,8.593049,8.053049,7.1930494,6.6530495,9.943049,9.443049,9.58305,8.713049,7.6030493,6.743049,6.0230494,5.4030495,4.8930492,5.3530493
3.0530493,3.6430492,3.8130493,3.3430493,2.7430494,2.5530493,0.043049317,0.3230493,-0.13695069,-1.2769507,-0.9969507,-0.31695068,-0.16695069,-0.19695069,-1.0669507,-1.0269507,-0.9069507,-0.21695068,0.13304931,1.3130493,0.15304932,0.8030493,1.4530493,0.60304934,0.54304934,0.53304935,0.46304932,0.5230493,0.6530493,0.9630493,1.2330493,1.9430493,0.2530493,1.5230494,1.5030494,-0.7269507,-1.3569506,-2.2369506,-1.3469507,-0.95695066,2.3030493,4.783049,8.773049,7.8930492,7.8830495,9.003049,8.1130495,8.16305,7.993049,7.933049,8.403049,8.523049,8.08305,7.1730494,6.1930494,5.1730494,4.8930492,4.8530493,5.1030493
3.0930493,3.2930493,3.4530494,3.4030492,3.7830493,3.5030494,2.3930492,1.1030493,-0.7869507,-3.9569507,-0.58695066,-0.23695068,-0.6269507,-0.18695068,-0.34695068,-0.5469507,-0.106950685,-0.19695069,0.30304933,-0.41695067,-0.18695068,-0.0069506834,0.53304935,0.4430493,0.17304932,-0.0069506834,0.21304932,0.023049317,-0.09695068,0.16304931,1.1930493,-0.08695068,2.0330493,0.4430493,-0.046950683,1.0130494,0.4830493,3.0030494,4.1730494,3.2830493,6.3230495,7.1030493,8.053049,7.9830494,7.3230495,7.1430492,6.9430494,7.5030494,8.603049,8.263049,8.053049,7.8630495,7.3330493,6.683049,6.0430493,5.6130495,5.1930494,4.803049,4.663049
3.3630493,3.1930494,3.2430494,3.7330494,3.8230493,3.5230494,2.9130492,1.9930493,0.53304935,0.043049317,-0.83695066,-0.8869507,-0.8769507,-0.4569507,-0.5569507,-0.28695068,-0.25695068,-0.076950684,-0.6869507,-0.5669507,-0.6669507,-0.6669507,-0.7569507,-0.31695068,-0.32695067,-0.57695067,0.2930493,0.14304931,0.34304932,0.78304935,1.2530494,0.7630493,0.20304932,-0.4569507,-1.9069507,0.8230493,0.97304934,8.723049,8.16305,8.70305,7.183049,7.1530495,8.223049,8.023049,4.8530493,5.723049,4.913049,6.7130494,7.3230495,7.803049,8.03305,7.6430492,6.8230495,6.6130495,6.0230494,5.7130494,5.553049,4.683049,4.7930493
3.5330493,3.7230494,4.0030494,4.3230495,4.0930495,3.6330492,3.2830493,2.6230493,1.4330493,0.42304933,-0.24695069,-0.6169507,-0.6669507,-0.6669507,-0.44695067,-0.06695069,-0.5569507,-0.7569507,-1.0869507,-0.8169507,-0.4969507,-0.4269507,-1.0569507,-0.4869507,-0.016950684,-0.40695068,-0.4869507,-0.16695069,0.073049314,0.6230493,0.3830493,0.92304933,-0.24695069,0.43304932,1.4130493,-0.056950685,3.5830493,2.2630494,6.5230494,8.973049,7.7330494,6.913049,7.5930495,4.6530495,2.2330494,5.203049,6.9430494,7.513049,7.1130495,7.6730494,7.303049,6.6130495,5.9430494,5.4230494,5.3730493,5.663049,4.8630495,4.663049,4.0230494
3.9930494,3.8230493,4.2330494,4.4230494,4.203049,4.0730495,3.0130494,0.6530493,2.3030493,1.5830493,0.033049315,-0.7869507,-0.5069507,0.103049316,-0.22695069,-0.3069507,-0.71695065,-0.7969507,-0.57695067,-0.58695066,-0.5069507,-0.5369507,-0.46695068,-0.7569507,-0.5969507,-0.14695068,-0.12695068,-0.15695068,0.40304932,0.73304933,-0.25695068,0.60304934,-0.70695066,-0.8669507,-1.1169506,-0.0069506834,0.5130493,0.06304932,8.003049,9.423049,7.7330494,6.8630495,4.8130493,1.7530494,6.8830495,7.6230493,7.5930495,7.453049,7.413049,7.283049,6.6530495,6.3130493,5.6730494,5.473049,5.1130495,4.703049,4.433049,4.0830493,3.8630493
4.263049,4.703049,4.8230495,4.953049,5.1030493,4.9630494,4.2930493,5.1330495,4.453049,2.7930493,0.4830493,0.7730493,-0.44695067,-0.046950683,-0.46695068,-0.43695068,-0.4969507,-0.8469507,-0.4869507,-0.7869507,-0.77695066,0.4430493,0.5030493,0.22304931,0.19304931,-0.08695068,-0.14695068,-0.19695069,-0.0069506834,1.1530493,-0.32695067,-0.22695069,-1.1569507,-0.6669507,0.9330493,-1.2669507,2.4330492,4.993049,2.0030494,6.5930495,6.9230494,5.3630495,1.8030493,7.1330495,7.3330493,7.013049,7.223049,7.0830493,6.7530494,6.2730494,5.8130493,5.6730494,5.2930493,4.9230494,4.973049,4.553049,4.1730494,4.1230493,3.6930494
4.803049,5.1230493,5.6430492,6.1130495,6.0830493,5.433049,5.5730495,5.493049,5.1230493,2.6130493,1.8730493,0.22304931,0.7630493,-0.18695068,-0.8469507,-0.46695068,-0.5569507,-0.9369507,-0.46695068,0.023049317,0.3530493,0.3530493,0.60304934,0.36304933,0.13304931,-0.32695067,-0.9869507,-0.6569507,-0.056950685,0.073049314,0.37304932,-0.19695069,0.6330493,0.4430493,0.9030493,0.42304933,0.6230493,-0.8769507,3.0630493,5.8530493,5.8430495,3.0130494,5.2330494,7.8530493,7.7530494,7.8730493,7.3930492,6.8230495,6.2930493,5.803049,5.683049,5.243049,5.1730494,5.3430495,5.3930492,5.0030494,4.8430495,4.703049,4.223049
5.1030493,5.433049,5.9030495,6.0930495,6.223049,6.1430492,5.763049,5.6130495,5.7130494,5.8330493,0.9030493,1.0130494,-0.37695068,0.4130493,0.8730493,1.1930493,0.0030493164,0.60304934,-0.2669507,-0.41695067,-0.046950683,-0.106950685,-0.106950685,-0.25695068,-0.18695068,-0.24695069,-0.43695068,-0.9369507,-0.7569507,2.0530493,-0.18695068,0.5630493,2.1930494,0.30304933,-0.31695068,0.2630493,-1.4269507,0.3830493,1.4130493,5.303049,4.5730495,3.2830493,8.08305,8.24305,8.12305,7.8730493,7.2930493,6.5430493,5.5830493,5.3430495,5.473049,5.5030494,5.6030493,5.533049,5.763049,5.663049,5.0830493,4.553049,4.6930494
5.4830494,5.7130494,5.8930492,5.7730494,6.0430493,6.203049,6.3830495,6.163049,5.953049,5.803049,5.3130493,0.6530493,1.0230494,1.8630493,0.8130493,0.4830493,0.073049314,0.013049317,-0.34695068,-0.15695068,-0.5369507,-0.6569507,-1.0369507,-0.9969507,-0.76695067,-0.2769507,0.18304932,-0.18695068,-0.0069506834,0.043049317,0.8130493,1.4630493,2.1430492,1.7230493,2.1930494,2.6630492,4.7330494,3.9730494,2.6530492,5.473049,3.3030493,7.3330493,7.743049,7.7930493,7.2330494,6.9430494,6.6930494,5.8330493,5.9230494,5.8630495,5.8530493,6.1030493,5.9630494,6.2130494,6.4230494,6.223049,6.013049,6.2730494,5.2530494
5.223049,5.3130493,5.1930494,5.473049,5.6930494,5.9030495,6.1130495,6.243049,6.0630493,5.0730495,4.703049,2.6030493,1.8430493,1.0830493,0.4530493,0.2630493,0.66304934,0.5530493,0.40304932,0.15304932,-0.9869507,-1.0569507,-1.0469507,-0.9069507,0.033049315,-0.14695068,-0.3069507,0.27304932,-0.8469507,-2.5969508,1.0930493,1.5430493,1.4430493,1.3730493,0.5130493,-0.046950683,1.0330493,2.6630492,0.4430493,2.6530492,6.783049,6.513049,6.9230494,6.913049,6.663049,6.413049,6.2930493,6.5830493,6.8730493,7.0930495,6.9430494,6.8730493,6.8230495,6.553049,7.1130495,7.5430493,6.5930495,5.453049,4.433049
4.5430493,4.513049,4.6930494,4.9830494,5.3430495,5.7130494,5.973049,5.473049,4.993049,4.033049,3.4530494,3.4930494,2.2630494,0.8730493,1.0030494,1.2430493,0.36304933,0.3830493,0.20304932,-0.4569507,0.043049317,-0.24695069,0.023049317,0.3530493,-0.38695067,-0.18695068,0.19304931,-0.11695068,-0.4569507,-0.8869507,-0.57695067,1.1830493,2.4630494,1.5030494,1.8030493,0.33304933,-0.5569507,1.1430494,0.8330493,1.9330493,5.3330493,5.263049,6.1930494,6.5730495,6.973049,7.183049,6.473049,6.5930495,7.0830493,7.243049,7.0730495,6.9630494,7.2330494,7.3730493,7.263049,6.243049,5.4630494,4.8630495,4.2530494
4.3830495,4.223049,4.6430492,4.913049,4.993049,4.553049,4.3330493,4.1930494,3.8230493,3.0530493,2.5430493,2.5130494,2.9330492,1.4630493,0.66304934,0.9630493,0.22304931,-0.64695066,-0.4869507,-0.5969507,-0.70695066,-0.77695066,-0.9869507,-0.8869507,-1.0969507,0.49304932,0.3230493,-0.3669507,-0.06695069,-0.106950685,0.49304932,1.6130493,1.7730494,0.97304934,1.7630494,0.3530493,0.24304932,0.53304935,0.103049316,2.8130493,4.6930494,4.013049,5.0730495,5.6930494,6.5030494,7.1230493,7.3730493,7.0630493,6.7730494,7.3930492,7.283049,7.183049,7.8930492,8.133049,7.5030494,6.053049,5.1930494,5.5930495,5.9230494
4.6430492,4.7530494,4.803049,4.203049,3.7630494,3.3830492,3.1230493,2.6930494,2.4230492,2.3130493,2.4030492,2.4530494,2.6130493,1.6230493,1.4130493,0.13304931,-0.5069507,-0.82695067,-1.6069506,-0.5569507,-0.4269507,-0.6769507,-0.8169507,-0.89695066,-0.47695068,-0.6869507,-0.6869507,-0.25695068,-0.12695068,0.15304932,2.6930494,-0.5369507,1.1230493,1.6930493,1.1730493,0.9330493,0.37304932,-0.24695069,0.34304932,0.8430493,3.5030494,3.4330492,3.7230494,4.6530495,5.1130495,5.7530494,6.8630495,7.0830493,6.973049,7.3330493,8.153049,7.913049,8.353049,8.57305,7.4230494,5.8130493,5.7730494,5.5930495,6.3830495
4.4030495,4.2130494,3.8030493,3.3030493,2.7530494,2.5430493,1.7930493,1.4230493,1.9430493,2.2230494,2.3230493,2.1630492,2.0830493,2.1530492,0.8830493,0.8630493,0.36304933,-0.31695068,-0.37695068,-1.2969507,-0.76695067,-0.7869507,-0.82695067,-0.8669507,-0.9469507,-1.0069507,-1.1669507,-0.046950683,0.5530493,-0.23695068,-1.2269506,-0.2769507,0.97304934,0.043049317,2.0230494,0.34304932,1.0030494,-1.7369506,-0.6069507,0.4830493,2.1930494,3.4430494,2.2230494,3.2830493,4.0230494,5.033049,6.3230495,6.7530494,7.8830495,8.313049,8.673049,8.633049,8.763049,9.32305,8.263049,6.553049,6.4230494,6.413049,6.5830493
4.413049,4.053049,3.5530493,2.9430494,2.0830493,1.4630493,1.0930493,1.3230493,1.2830493,1.2830493,1.3930494,1.3330493,1.7730494,2.4130492,0.6430493,0.8330493,1.1230493,0.23304932,-1.0969507,-1.0969507,-1.3869507,-0.9169507,-0.8669507,-1.2669507,-1.0569507,-1.3269507,-0.6969507,-0.44695067,0.2530493,-0.20695068,1.4530493,1.7830493,1.5430493,1.7230493,1.8630493,0.43304932,-1.1969507,-1.7269506,-0.14695068,0.28304932,1.9330493,2.1030493,0.7730493,1.4730493,2.2530494,3.3630493,5.3930492,6.3630495,7.4030495,8.24305,8.58305,8.62305,8.963049,9.03305,8.723049,6.803049,6.703049,6.5730495,6.683049
4.723049,4.3130493,3.7930493,3.0730493,2.2530494,1.8530493,1.6530493,1.6230493,1.5530493,1.2930493,1.7930493,2.2130494,2.6230493,3.1430492,1.7830493,-0.2769507,-1.4469507,-1.2869507,-0.6969507,0.16304931,-0.016950684,0.043049317,0.2630493,0.09304932,0.67304933,-0.056950685,-0.106950685,-1.3069507,0.33304933,1.0330493,0.8430493,-0.06695069,0.16304931,-0.5669507,5.1430492,-0.82695067,0.43304932,0.08304932,-0.6169507,0.4530493,2.9830494,0.73304933,0.6830493,-0.4969507,0.7430493,0.8330493,3.2630494,6.433049,7.473049,8.653049,9.093049,8.603049,8.293049,8.483049,8.343049,7.0430493,6.5930495,6.7930493,6.553049
5.0430493,4.7330494,4.3630495,3.8130493,3.1730492,2.8930492,2.6130493,2.5130494,2.6630492,2.8030493,3.1430492,3.2730494,2.9830494,2.8030493,1.4630493,-0.076950684,0.2930493,-0.83695066,-0.6369507,0.72304934,1.4530493,0.97304934,0.79304934,0.2930493,-0.026950683,0.37304932,1.6130493,1.6030493,0.49304932,0.7130493,1.7830493,0.43304932,1.0130494,0.4830493,-0.3969507,0.103049316,-0.3969507,-1.1869507,-0.8469507,-0.7869507,0.85304934,0.6930493,-0.38695067,-1.4069507,-1.6669507,-0.5369507,1.0730493,3.1930494,7.433049,9.943049,10.41305,9.08305,8.03305,8.08305,8.273049,7.163049,6.4430494,6.3830495,5.953049
5.553049,5.0730495,4.4830494,4.3630495,3.9330492,3.6830492,3.9230492,3.6930494,3.8930492,4.0630493,4.1530495,3.5730493,2.9730494,3.9030492,-0.076950684,0.6230493,0.3230493,1.3030493,-0.0069506834,-0.4869507,1.8830494,3.5030494,3.6130493,-0.046950683,1.7330493,0.98304933,2.8230493,2.1330492,2.4930494,1.3230493,1.4730493,1.9430493,-0.22695069,0.79304934,-0.0069506834,0.4130493,1.2630494,0.5230493,-0.7269507,0.9530493,-0.13695069,0.4730493,-0.6369507,-1.4169507,-2.1069508,-1.4169507,-0.76695067,1.1330494,4.2530494,7.4430494,11.473049,11.103049,7.5730495,7.6030493,7.8430495,6.533049,5.7930493,5.723049,5.1230493
5.973049,5.6430492,5.0830493,4.723049,4.5830493,4.223049,3.9130492,4.263049,4.803049,4.933049,5.033049,4.6430492,3.6030493,0.13304931,0.033049315,0.2530493,0.5830493,0.22304931,0.9530493,0.5830493,0.85304934,1.7430493,1.5430493,-0.08695068,0.3230493,0.8430493,1.5030494,1.6530493,1.3130493,1.4530493,2.0730493,1.3130493,0.9930493,0.36304933,1.2630494,-0.046950683,0.14304931,1.3330493,0.22304931,0.4130493,0.6330493,0.97304934,-0.13695069,0.5130493,1.7230493,2.6930494,3.5330493,2.3430493,-2.5669508,0.9630493,11.91305,10.753049,8.053049,7.053049,7.4030495,6.1230493,5.5230494,5.203049,4.9030495
