raw-data/2018091500.json
{"header": { "discipline":0, "disciplineName":"Meteorological products", "gribEdition":2, "gribLength":74538, "center":7, "centerName":"US National Weather Service - NCEP(WMC)", "subcenter":0, "refTime":"2018-09-15T00:00:00.000Z", "significanceOfRT":1, "significanceOfRTName":"Start of forecast", "productStatus":0, "productStatusName":"Operational products", "productType":1, "productTypeName":"Forecast products", "productDefinitionTemplate":0, "productDefinitionTemplateName":"Analysis/forecast at horizontal level/layer at a point in time", "parameterCategory":2, "parameterCategoryName":"Momentum", "parameterNumber":2, "parameterNumberName":"U-component_of_wind", "parameterUnit":"m.s-1", "genProcessType":2, "genProcessTypeName":"Forecast", "forecastTime":0, "surface1Type":103, "surface1TypeName":"Specified height level above ground", "surface1Value":10.0, "surface2Type":255, "surface2TypeName":"Missing", "surface2Value":0.0, "gridDefinitionTemplate":0, "gridDefinitionTemplateName":"Latitude_Longitude", "numberPoints":65160, "shape":6, "shapeName":"Earth spherical with radius of 6,371,229.0 m", "gridUnits":"degrees", "resolution":48, "winds":"true", "scanMode":0, "nx":360, "ny":181, "basicAngle":0, "lo1":0.0, "la1":90.0, "lo2":359.0, "la2":-90.0, "dx":1.0, "dy":1.0 }, "data":
[rows 78 to 103 of 181, columns 0 to 56 of 360]
1.2674633,0.7674634,0.7074634,1.2274634,0.22746338,-1.5025367,0.31746337,-0.6125366,1.0674634,-0.8125366,-2.3125367,-0.4525366,-0.31253663,0.24746338,-0.5425366,0.2674634,1.4274634,1.9474634,1.6174634,2.6574633,2.6674633,-3.7125366,2.2674634,2.0374634,2.1174634,4.1074634,3.5874634,3.1374633,1.9474634,0.43746337,1.2274634,-0.32253662,-1.7125366,-2.5325365,3.2374635,1.7374634,-1.3825366,-1.8125366,-0.16253662,-1.1425366,3.0674634,3.0374634,-1.6325366,-1.1025367,-3.1025367,-4.982537,-5.2725368,-4.3125367,-4.1825366,-3.5625367,-2.0425367,-1.8325366,2.6674633,3.0774634,3.1374633,4.3174634,3.9774635
0.42746338,0.6374634,0.61746335,0.59746337,0.12746339,-1.3525367,-0.21253662,-0.012536621,-0.04253662,0.5574634,-0.7925366,-0.96253663,-1.3025366,0.16746338,-0.12253662,0.8274634,0.6374634,0.7674634,1.0674634,1.2874634,1.5974634,-1.6925366,1.9474634,2.2274635,3.8474634,3.4074633,2.1674633,1.6674634,0.8874634,0.03746338,-0.26253662,-0.20253663,-0.5325366,-2.7025366,-0.5025366,0.49746338,-0.9325366,-0.46253663,1.1574634,-1.5525366,4.267463,1.9674634,-3.5325365,-1.9025366,-2.3125367,-5.3225365,-4.2925367,-2.9625366,1.3474634,-1.7525367,0.54746336,1.0974634,3.3274634,3.2174635,2.9974635,3.1874633,3.1774633
0.33746338,-0.15253662,1.0574634,0.31746337,0.84746337,0.04746338,-0.95253664,-0.8125366,-0.34253663,0.3274634,0.15746337,-0.52253664,-0.90253663,-0.41253662,0.12746339,0.8074634,0.54746336,0.8274634,1.3074634,1.8774633,2.0174634,2.1774633,0.3274634,0.9974634,2.0874634,1.4974633,1.4374634,1.6174634,0.09746338,-0.34253663,-0.3025366,-1.4925367,-1.1125367,-1.6225367,-1.7825366,1.2274634,-1.1025367,-0.26253662,0.30746338,0.04746338,2.5074635,4.6874633,-0.12253662,-0.46253663,2.7974634,2.3774633,4.0474634,0.067463376,4.3474636,1.6674634,3.5474634,3.0974634,3.9574633,3.0674634,2.7574635,2.5174634,2.3974633
-0.032536622,0.11746338,0.057463378,0.057463378,0.9974634,0.3574634,-1.1525366,-0.89253664,0.067463376,0.3574634,1.5374634,0.22746338,0.98746336,-0.23253661,-0.95253664,-1.0825366,0.017463379,0.7474634,1.6274633,1.5074633,1.4374634,1.3674634,0.73746336,-0.7325366,1.5374634,0.85746336,0.9674634,1.1274633,0.16746338,-0.46253663,-1.1625366,-0.41253662,-1.0325366,-1.8125366,-2.2225366,1.0774634,1.1574634,-0.6925366,-0.46253663,-0.47253662,1.4474634,-1.3525367,0.7574634,4.287463,4.0974636,4.5974636,3.4874635,1.6174634,0.61746335,2.7974634,3.9774635,5.3474636,4.1774635,3.0674634,2.3074634,1.9774634,1.9474634
-0.22253662,1.1974634,0.7074634,0.007463379,0.8074634,0.84746337,0.98746336,0.08746338,-0.14253663,0.9974634,0.5174634,0.25746337,0.86746335,0.48746338,-0.23253661,0.7574634,0.007463379,0.3874634,1.0474634,1.4374634,1.3174634,0.86746335,-0.7425366,1.0274634,1.0074633,-0.3325366,0.78746337,0.9974634,0.25746337,-0.5025366,-1.1725366,-0.112536624,-0.43253663,-1.3325366,-1.7725366,-1.4125366,-0.4225366,-0.77253664,-0.3625366,0.24746338,2.4274633,1.4174634,1.6174634,3.2674634,4.5874634,1.0874634,1.6374633,1.0274634,2.4374633,4.6774635,5.3574634,4.8874636,3.7974634,2.7974634,2.1674633,2.3774633,2.4974635
-0.35253662,1.5374634,1.0774634,0.79746336,0.2674634,0.60746336,1.2974634,0.22746338,0.91746336,1.9874634,-0.25253662,-0.7925366,0.7174634,-0.31253663,-0.3625366,0.67746335,1.2174634,0.34746337,0.8274634,1.2574633,1.6174634,0.91746336,0.60746336,0.20746338,1.2574633,0.5674634,0.8274634,0.3874634,0.6374634,-0.31253663,-0.3625366,0.007463379,0.6274634,-1.5125366,-1.6025367,-1.3425366,0.37746337,-0.57253665,0.43746337,-0.5325366,0.9374634,2.5774634,2.2174635,2.7074633,1.7374634,2.8374634,1.6174634,2.2474635,3.3474634,3.5374634,4.537463,3.6574633,3.3874633,2.7274635,2.7874634,3.1774633,3.3774633
1.8674634,2.8574634,4.1674633,3.8974633,3.9574633,1.5574634,0.7674634,1.2674633,0.7674634,0.20746338,-0.3025366,0.85746336,-0.7825366,-0.7925366,0.67746335,1.0874634,0.98746336,0.45746338,0.7174634,0.86746335,0.66746336,0.9974634,1.3474634,0.73746336,1.4274634,1.2674633,-0.0025366212,-0.5325366,-0.57253665,-0.15253662,0.3574634,0.6274634,0.54746336,-0.8525366,-1.0025367,-1.5225366,0.007463379,-0.06253662,-0.57253665,0.92746335,1.0074633,1.7274634,2.9174633,2.0674634,0.66746336,1.7674633,1.9074634,2.8574634,3.1474633,4.3974633,3.6774633,3.4874635,3.0074635,2.8874633,3.4974635,3.7474635,4.1074634
3.6574633,3.4074633,3.2074633,3.5074635,4.2074633,3.2074633,1.3074634,1.7074634,0.78746337,0.5174634,0.30746338,1.0074633,-0.10253662,-0.44253662,0.7774634,1.2874634,0.07746338,-0.0025366212,0.7174634,-0.112536624,1.0574634,1.1874634,0.27746338,0.61746335,1.5374634,-0.3625366,-0.5025366,-1.3125366,-0.5425366,-0.63253665,-0.05253662,0.9674634,0.057463378,1.4274634,1.6974634,-2.8725367,-3.2025366,-1.1225367,-3.0625367,-1.0225366,-0.26253662,1.6874634,-0.41253662,1.2574633,1.4974633,0.73746336,2.1074634,2.5374634,2.6974633,3.5774634,3.3374634,3.3174634,3.2274635,2.9474633,3.6174634,4.3474636,3.9974635
3.5074635,3.7574635,3.1174634,2.8474634,3.3574634,2.4074633,2.6474633,3.0474634,4.3674636,2.9974635,-0.18253662,0.36746338,-0.012536621,-0.13253662,0.9374634,1.2674633,0.15746337,0.23746338,0.15746337,0.2674634,0.3574634,0.39746338,0.40746337,0.60746336,1.1474633,0.15746337,-0.82253665,-1.2825366,-1.3625367,-1.1025367,-0.35253662,0.78746337,-0.9925366,0.3274634,-0.77253664,-5.7925367,-6.9025364,-7.252537,-6.5625367,-2.0825367,-1.0825366,-0.65253663,-0.6925366,-0.24253662,0.31746337,2.1674633,2.9774635,1.8174634,3.7074633,3.0274634,2.3874633,3.0974634,3.4474633,3.1274633,3.3374634,3.4274633,3.1874633
3.0774634,2.6974633,2.9974635,2.7574635,2.8274634,3.7774634,1.7874634,1.4074634,2.4574633,4.6474633,-0.3025366,0.54746336,0.057463378,0.2974634,0.5774634,1.6074634,0.5074634,-0.31253663,0.03746338,0.2974634,0.7174634,0.5874634,0.84746337,0.27746338,0.6974634,0.47746336,-0.5925366,-0.8725366,-0.9225366,-0.64253664,-0.9325366,1.9574634,0.7574634,0.09746338,0.42746338,-1.8025366,-6.942537,-9.482536,-6.982537,-4.462537,-2.1425366,-1.6825366,-0.64253664,-1.4025366,0.9074634,2.2874634,1.1274633,2.6774633,2.8374634,1.8274634,2.0574634,2.5774634,2.7874634,2.8574634,2.5974634,2.0074635,2.7674634
2.9674635,2.5074635,2.6474633,2.6774633,2.6474633,3.4174633,2.7474635,2.4274633,1.9374634,2.7774634,0.73746336,0.6874634,0.19746338,0.36746338,0.6274634,1.1174634,0.6474634,0.28746337,0.04746338,0.28746337,1.3374634,0.07746338,0.5674634,0.7474634,0.8274634,0.7674634,0.5774634,-0.6725366,-1.4425366,-0.8425366,-1.4025366,1.3074634,0.7774634,0.53746337,0.11746338,1.0174633,-4.0925364,-3.9525366,-5.672537,-3.8825366,-3.6725366,-1.7925366,-1.1225367,0.21746337,1.0174633,0.8074634,1.1274633,0.8774634,1.7374634,1.5574634,1.7874634,1.8874633,1.5674634,1.2174634,1.9274634,1.9774634,1.6974634
2.7774634,2.6074634,2.3874633,2.3874633,2.3374634,2.5674634,3.3874633,1.4674634,3.0274634,2.3374634,0.7674634,0.5674634,0.28746337,0.45746338,0.24746338,0.92746335,0.8074634,0.9074634,0.04746338,0.6474634,-0.16253662,0.067463376,0.61746335,0.9474634,1.0174633,0.7474634,0.7174634,-0.82253665,-0.96253663,-0.7325366,-0.41253662,0.42746338,0.7474634,0.12746339,-1.8225366,0.8174634,0.8974634,-1.7225366,-5.0325365,-3.1525366,-2.5125365,-1.5825366,0.067463376,0.43746337,0.60746336,0.12746339,-0.05253662,-0.46253663,0.72746336,0.98746336,0.31746337,0.14746338,-0.06253662,-0.22253662,0.24746338,1.4574634,1.6974634
1.8374634,1.9474634,1.9474634,2.0474634,2.1474633,2.3974633,2.3974633,3.0074635,3.0774634,3.1974633,0.8074634,1.3574634,0.5774634,0.4474634,0.72746336,0.91746336,1.1574634,0.7074634,-0.05253662,-0.17253663,0.21746337,0.08746338,0.66746336,0.85746336,1.1974634,0.8974634,-0.012536621,-0.95253664,-0.29253662,-0.8525366,0.36746338,1.0874634,1.5474634,-0.04253662,-2.1825366,-1.1425366,0.20746338,-0.44253662,-0.38253662,-1.4225366,-1.6525366,-0.95253664,-0.02253662,-0.9925366,-0.8125366,-0.83253664,-0.83253664,-0.9925366,-0.20253663,-0.41253662,-0.9925366,-1.6325366,-1.8125366,-1.5025367,-0.88253665,-0.95253664,0.09746338
0.6274634,0.8374634,1.0074633,1.3674634,1.6174634,2.1674633,2.1774633,2.8174634,3.2274635,1.4874634,1.1574634,0.8374634,0.97746336,0.66746336,0.8874634,1.7674633,1.2374634,0.60746336,0.24746338,-0.02253662,0.18746337,-0.13253662,0.5674634,0.8374634,0.92746335,1.0974634,-0.37253663,-0.7525366,-1.1025367,-0.37253663,0.9674634,1.3874633,2.2174635,-1.5425366,-3.5725367,-2.7025366,-1.7425367,-1.5325366,-0.4525366,-1.5325366,-1.3825366,-0.3025366,-1.4425366,-2.1625366,-2.3225367,-2.2725365,-2.0725367,-1.5925366,-1.4925367,-1.7325367,-1.5925366,-2.1825366,-3.3925366,-2.3025367,-1.7325367,-1.7225366,-2.1725366
-0.29253662,-0.06253662,0.45746338,0.73746336,1.0674634,1.4474634,1.9174634,2.4274633,2.8674634,2.1374633,0.18746337,0.84746337,0.61746335,1.0274634,0.98746336,2.0874634,1.4574634,0.5174634,0.72746336,-0.0025366212,-0.57253665,-0.22253662,0.30746338,0.6874634,1.1774634,-0.112536624,-0.10253662,-0.16253662,0.027463378,1.3474634,0.92746335,1.0974634,0.60746336,-1.5725366,-0.7825366,-1.9825367,-1.2825366,-3.5225365,-1.7125366,-1.2225366,-0.24253662,-1.0325366,-3.2725365,-3.5825367,-3.5325365,-3.4325366,-3.1125367,-2.8025367,-2.7025366,-2.5625367,-2.1925366,-2.4125366,-4.0325365,-2.1725366,-2.5825367,-2.1425366,-1.9625366
-1.0725366,-0.7225366,-0.4225366,-0.23253661,0.057463378,0.46746337,1.0474634,1.7074634,2.3974633,1.5474634,0.2674634,0.6874634,0.5574634,0.8074634,1.2574633,1.6574634,1.2874634,0.9674634,0.11746338,0.33746338,0.48746338,-0.28253663,0.5274634,0.33746338,0.92746335,-0.112536624,-0.112536624,-0.10253662,-0.5525366,1.1274633,1.3674634,1.4174634,-1.7225366,-0.3625366,-2.6325366,-2.7625365,1.0174633,0.39746338,0.12746339,-1.3825366,-0.64253664,-3.4225366,-4.212537,-4.692537,-4.7025366,-4.5325365,-4.4125366,-4.172537,-3.5625367,-3.5125365,-3.2625365,-3.1225367,-3.1025367,-2.3725367,-2.9625366,-2.7325366,-1.8025366
-1.6125367,-1.3725367,-1.2425367,-1.0325366,-0.7425366,-0.27253664,0.30746338,0.9574634,1.4174634,1.5874634,0.8174634,0.6474634,1.3074634,1.6874634,3.6074634,1.7674633,1.3574634,1.0374634,1.0774634,0.47746336,0.3574634,0.3274634,0.23746338,-0.05253662,0.8174634,0.59746337,-0.02253662,-0.8025366,-0.3925366,0.8874634,1.8474634,0.5674634,-1.4825367,-2.4425366,-3.0225365,-2.3625367,-0.4825366,-2.8525367,-1.5325366,-0.08253662,-2.2725365,-4.212537,-5.1325364,-5.3625364,-5.3525367,-5.2225366,-4.9325366,-4.6125364,-4.3625364,-4.3825364,-4.3525367,-3.2525365,-2.8625367,-3.1025367,-2.8025367,-3.0825367,-3.1425366
-2.2325366,-1.8925366,-1.9125366,-1.7225366,-1.3125366,-0.8725366,-0.35253662,0.34746337,0.9474634,1.2274634,1.6574634,1.5774634,0.9574634,1.1574634,1.8874633,2.0574634,2.4474633,0.91746336,0.59746337,0.3574634,0.3274634,0.5874634,-0.26253662,0.46746337,0.19746338,1.4674634,1.4574634,-0.14253663,0.08746338,-0.32253662,0.85746336,0.98746336,-2.1225367,-4.0925364,-2.6525366,-3.2025366,-2.0725367,-2.7025366,-0.96253663,0.6974634,-3.3325367,-5.1525364,-5.9725366,-6.0625367,-6.1625366,-5.9725366,-5.5925364,-4.8925366,-4.5725365,-5.1525364,-4.8425364,-3.6125367,-2.9625366,-3.5325365,-3.4225366,-3.4425366,-4.0425367
-2.7525365,-2.2025366,-2.0725367,-1.9925367,-1.6725366,-1.2425367,-0.6925366,0.18746337,0.7074634,0.9674634,1.8574634,2.2474635,1.2474633,1.6174634,1.9774634,2.3174634,1.2574633,1.2074634,0.47746336,1.2374634,0.67746335,-0.47253662,0.30746338,0.85746336,0.45746338,1.7774634,1.3374634,1.3674634,-1.0825366,-0.5025366,-0.41253662,0.34746337,-1.5125366,-2.7425365,-4.0525365,-1.2125366,-2.4825366,-1.2025366,-0.77253664,-2.7025366,-4.712537,-6.0725365,-6.8325367,-6.962537,-6.8725367,-6.6125364,-6.2425365,-5.8925366,-5.3625364,-5.3225365,-5.8325367,-4.3525367,-3.6025367,-3.7325366,-4.0225368,-4.3525367,-4.8425364
-3.0025365,-2.5525367,-2.1525366,-2.0725367,-2.0025365,-1.5825366,-0.96253663,0.20746338,0.8374634,1.2774634,2.0874634,2.0374634,1.2674633,1.0174633,1.6374633,1.3474634,1.4574634,1.2274634,-1.0325366,1.2074634,0.20746338,0.98746336,0.027463378,0.79746336,0.79746336,1.3074634,1.9474634,1.0374634,-0.28253663,-0.82253665,0.067463376,-0.89253664,-2.0125365,-4.1125364,-2.9525366,-1.5625366,-1.7125366,-0.19253662,-0.20253663,-0.5925366,-5.3425364,-6.4725366,-7.3825364,-7.5925364,-7.6625366,-7.2825365,-6.8025365,-6.3225365,-6.3025365,-6.3825364,-6.192537,-5.692537,-4.3625364,-4.3525367,-4.6425366,-5.3525367,-5.8325367
-3.2825365,-2.9225366,-2.3325367,-2.4725366,-1.9325366,-1.5825366,-1.0125366,-0.04253662,0.7674634,1.4974633,2.2674634,2.3174634,1.5274634,0.11746338,1.1274633,1.0174633,1.2774634,0.37746337,0.027463378,-0.4225366,-0.032536622,0.3874634,0.40746337,0.8274634,0.5674634,1.6274633,0.7174634,0.057463378,0.22746338,-1.2525367,0.22746338,-0.8725366,-2.3625367,-3.8825366,-1.5125366,-1.5925366,-0.77253664,-0.76253664,-1.9025366,-0.8425366,-5.3325367,-6.692537,-7.3825364,-7.8525367,-7.962537,-7.8225365,-7.3725367,-6.9125366,-6.5225368,-6.4325366,-6.692537,-6.0825367,-5.8125367,-4.9325366,-5.2825365,-5.6425366,-5.8725367
-3.5525367,-3.2025366,-2.6125367,-2.6625366,-2.4025366,-1.8225366,-0.9925366,-0.43253663,0.2674634,1.2674633,2.0474634,2.2774634,1.8374634,1.3574634,1.4574634,2.1874633,2.7974634,1.4474634,-0.40253663,-0.4525366,0.42746338,-0.23253661,0.8774634,0.45746338,0.7074634,1.2474633,0.16746338,-0.6825366,0.6974634,-0.57253665,-0.3625366,-2.5925367,-1.0025367,-2.2025366,-0.83253664,-2.2825365,0.36746338,-0.77253664,-2.0825367,-1.3125366,-5.0625367,-6.4025364,-7.0125365,-7.422537,-8.012537,-7.922537,-8.162537,-8.092537,-7.6125364,-6.9125366,-6.672537,-6.712537,-6.2925367,-5.7825365,-5.5525365,-5.8125367,-5.6825366
-3.8825366,-3.4425366,-2.8825366,-2.8025367,-2.5425367,-2.1225367,-1.3525367,-0.5425366,-0.34253663,0.7474634,1.4474634,1.9874634,2.2674634,1.0574634,1.3774633,1.5474634,2.1174634,1.3774633,0.6374634,-0.49253663,0.10746338,0.2674634,0.91746336,1.1374633,0.30746338,0.11746338,-0.09253662,0.34746337,0.9374634,-0.96253663,-1.4625366,-1.6725366,-1.6425366,-2.2625365,0.08746338,-0.3025366,-0.88253665,-1.5225366,-1.3525367,-2.3725367,-3.7525365,-5.1325364,-6.0625367,-6.3425364,-7.502537,-8.332537,-8.732536,-8.922537,-8.922537,-8.082537,-7.2825365,-6.5325365,-6.2425365,-5.732537,-5.6625366,-5.712537,-5.3825364
-4.1625366,-3.7125366,-3.2325366,-2.9325366,-2.6925366,-2.3225367,-1.8225366,-1.1325366,-0.5325366,-0.06253662,0.7174634,1.4474634,1.9074634,1.3574634,2.1374633,0.6374634,1.3174634,0.66746336,-0.10253662,0.23746338,1.0274634,1.2574633,0.3274634,0.24746338,-0.6625366,-0.5925366,-0.6925366,-0.18253662,-0.31253663,-2.9125366,-2.6225367,-1.2325367,-2.7025366,-1.5925366,-2.1725366,-1.1125367,-0.40253663,-1.0125366,-1.9925367,-2.1925366,0.48746338,-3.3425367,-4.5825367,-4.8625364,-5.4325366,-7.4725366,-8.932537,-10.292537,-10.192536,-8.852536,-7.3625364,-6.9325366,-5.7825365,-5.692537,-5.7925367,-5.3825364,-5.3625364
-4.2725368,-3.8925366,-3.4925365,-3.1025367,-2.9825366,-2.7125366,-2.1925366,-1.5825366,-0.89253664,0.007463379,-0.17253663,0.33746338,1.2074634,2.5374634,0.5574634,1.6674634,0.92746335,1.7874634,-0.23253661,0.72746336,0.9474634,1.5874634,0.25746337,-0.4225366,-1.1025367,-1.2025366,-2.3125367,-0.8025366,-0.7225366,-1.1325366,-1.8425366,-2.5225365,-0.37253663,-1.9025366,1.4174634,-1.8825366,-1.1025367,-2.4925365,-1.9625366,-1.4725366,-0.4825366,-1.7125366,-2.4425366,-0.112536624,-2.2925367,-3.0725367,-4.1825366,-7.3025365,-7.5825367,-9.242537,-7.6125364,-6.3025365,-6.3225365,-5.732537,-5.9925365,-5.1225367,-5.672537
-4.2925367,-3.9625366,-3.6925366,-3.3925366,-2.8125367,-2.9325366,-2.5925367,-2.0225365,-1.1925366,-0.20253663,0.10746338,-0.09253662,1.1474633,2.4774635,0.5774634,1.4074634,1.3674634,0.8974634,-0.7925366,0.22746338,-0.06253662,0.21746337,-0.4225366,-1.8025366,-0.90253663,-2.3125367,-2.5125365,-2.0125365,-1.3325366,-1.6325366,-1.4025366,-1.4025366,-1.2525367,-3.2325366,0.16746338,-1.8525367,0.36746338,-1.9825367,-2.4325366,-1.8225366,-0.58253664,-1.1725366,-0.96253663,0.027463378,-0.35253662,-0.10253662,0.8274634,1.0674634,-3.9625366,-4.4325366,-4.172537,-5.442537,-5.8425364,-5.3725367,-5.6525364,-5.2925367,-5.8325367
